,Request Id,request_model_execution_time_normalized,cdf
15994,15991,0.009467662330327234,6.25e-05
15999,15877,0.009555094282730523,0.000125
15936,15978,0.009683526254034331,0.0001875
15985,15971,0.009721851384851954,0.00025
15943,15804,0.00980604690433715,0.0003125
15946,15872,0.009816268694614242,0.000375
15971,15773,0.010155681366743875,0.0004375
15967,15656,0.010670547227749452,0.0005
15979,15288,0.010989387358745674,0.0005625
15974,15364,0.011019231121839857,0.000625
15969,15414,0.011058563630070826,0.0006875
15952,15550,0.01108620739615874,0.00075
15945,15584,0.011103191230861089,0.0008125
15997,15647,0.011302839177795291,0.000875
15929,15771,0.01140097722956928,0.0009375
15993,15661,0.01151992590969699,0.001
15984,15655,0.011854035926242653,0.0010625
15996,15055,0.012482079361411364,0.001125
15981,15449,0.012527614575667237,0.0011875
15892,15476,0.012562797747828834,0.00125
15978,15473,0.012587766234930362,0.0013125
15964,15625,0.012599664333732153,0.001375
15995,14807,0.01280249989047726,0.0014375
15915,15781,0.012807276627730634,0.0015
15680,15912,0.012926124158738728,0.0015625
15990,15005,0.013079684705445451,0.001625
15686,15754,0.013148411297056543,0.0016875
15991,14911,0.013150872776667872,0.00175
15982,14883,0.013565283931666103,0.0018125
15983,14763,0.013696554595452236,0.001875
15954,15353,0.013744857636344579,0.0019375
15956,15309,0.01383734033728396,0.002
15640,15832,0.014036840289964688,0.0020625
15679,15436,0.014525775493129984,0.002125
15611,15988,0.014552360363773286,0.0021875
15670,15460,0.014686778925400523,0.00225
15972,14774,0.014733281725370315,0.0023125
15614,15934,0.01486555451556291,0.002375
15998,14577,0.014943142456963146,0.0024375
15886,15987,0.01504565366514518,0.0025
15888,15979,0.015086033312882653,0.0025625
15594,15960,0.015245720940280543,0.002625
15589,15982,0.015254619587111494,0.0026875
15881,15997,0.01539750095576516,0.00275
15959,14786,0.015534141015599743,0.0028125
15608,15878,0.015562068131378197,0.002875
15961,14526,0.01563748347424658,0.0029375
15912,15649,0.015673015188530516,0.003
15884,15951,0.01569966331490537,0.0030625
15955,14510,0.015811195627225303,0.003125
15992,14187,0.01609269902787867,0.0031875
15989,14615,0.016205947208054714,0.00325
15567,15858,0.016244193344293528,0.0033125
15876,15839,0.01624669117090276,0.003375
15568,15846,0.01627075941603816,0.0034375
15575,15928,0.016319370134071955,0.0035
15872,15855,0.016331240542036343,0.0035625
15880,15907,0.01641650746322942,0.003625
15577,15778,0.01642710084214316,0.0036875
15564,15692,0.016546482627317446,0.00375
15924,14695,0.016551457237830275,0.0038125
15906,15529,0.016632505505859065,0.003875
15988,14237,0.01663853779166108,0.0039375
15866,15843,0.01673895623837385,0.004
15987,13949,0.01687758935191708,0.0040625
15939,13866,0.016893627853660595,0.004125
15986,14025,0.016924840069048097,0.0041875
15560,15930,0.017034580759667458,0.00425
15864,15827,0.017078351259700843,0.0043125
15882,15695,0.017173548198341528,0.004375
15861,15967,0.017216281726205963,0.0044375
15867,15935,0.01723837138493094,0.0045
15541,15860,0.01725370799815996,0.0045625
15976,14509,0.01726680478791072,0.004625
15858,15811,0.01726756053872327,0.0046875
15980,14193,0.01727244081112351,0.00475
15559,15900,0.017339106712495337,0.0048125
15856,15831,0.01734393621839856,0.004875
15934,13596,0.01735687376282312,0.0049375
15975,14465,0.017359415181426942,0.005
15553,15810,0.01737323615596641,0.0050625
15859,15975,0.01737533628536055,0.005125
15926,14132,0.017392612176095817,0.0051875
15932,13784,0.017406520153677742,0.00525
15927,14006,0.01742673844704215,0.0053125
15890,15611,0.01743329432990105,0.005375
15854,15989,0.017434688668966036,0.0054375
15572,15398,0.017446255868991654,0.0055
15869,15895,0.017463096514174742,0.0055625
15558,15540,0.017467164959415724,0.005625
15870,15889,0.01747737445224624,0.0056875
15540,15822,0.01751418701360147,0.00575
15857,15963,0.017576933557795396,0.0058125
15549,15986,0.0175821902925894,0.005875
15874,15713,0.01760346361975368,0.0059375
15922,13986,0.017672698701244164,0.006
15897,15443,0.017686687245257356,0.0060625
15977,13567,0.017743855561856293,0.006125
15855,15949,0.017750123537786246,0.0061875
15544,15962,0.01775168517221489,0.00625
15973,14513,0.017758697533727996,0.0063125
15862,15911,0.017775244394502208,0.006375
15925,13290,0.017860852092281734,0.0064375
15970,14349,0.01793407064549623,0.0065
15920,13954,0.01793624448005033,0.0065625
15535,15944,0.017961604411111852,0.006625
15894,15469,0.017993493884207398,0.0066875
15847,15973,0.018029080591522372,0.00675
15538,15752,0.018068484937268547,0.0068125
15548,15924,0.018093154362776396,0.006875
15524,15994,0.018147511177332903,0.0069375
15852,15775,0.018225035902795884,0.007
15853,15755,0.01830441541548394,0.0070625
15966,14341,0.018352727603027794,0.007125
15841,15863,0.01837071199889226,0.0071875
15539,15896,0.018373761613521757,0.00725
15968,13827,0.018378898573635807,0.0073125
15519,15852,0.01845367723218221,0.007375
15528,15946,0.018479858169142556,0.0074375
15835,15955,0.018561018203023166,0.0075
15962,14461,0.018587396938091087,0.0075625
15843,15943,0.018590812420964154,0.007625
15533,15762,0.018594103212468693,0.0076875
15511,15996,0.018603617991155296,0.00775
15522,15976,0.018618361597948684,0.0078125
15849,15753,0.018631363653373034,0.007875
15957,14445,0.018692379792483182,0.0079375
15839,15931,0.018736471754612356,0.008
15505,15696,0.018756147686067537,0.0080625
15960,14221,0.018781012860560074,0.008125
15504,15716,0.01880859150749711,0.0081875
15844,15881,0.018813196341417232,0.00825
15842,15705,0.018824059151009872,0.0083125
15525,15728,0.01883818389792743,0.008375
15812,15993,0.018853682295522308,0.0084375
15965,13119,0.018889409855586438,0.0085
15910,14698,0.018896325288810342,0.0085625
15913,13804,0.018904727312021478,0.008625
15840,15659,0.018929170331306814,0.0086875
15909,13728,0.018978590998185777,0.00875
15900,14268,0.018980569203415773,0.0088125
15963,12945,0.019014157531921955,0.008875
15878,15419,0.019021660052497027,0.0089375
15905,13696,0.0190625749091344,0.009
15828,15903,0.019068409727705377,0.0090625
15509,15984,0.019073462560505242,0.009125
15902,13736,0.01907551974260666,0.0091875
15885,15198,0.019086318709490204,0.00925
15947,14191,0.01909730977835083,0.0093125
15953,13331,0.01910463673620188,0.009375
15838,15797,0.019120712089074184,0.0094375
15898,13812,0.019135042893782497,0.0095
3920,1205,0.0191603399976891,0.0095625
3292,1251,0.019164082383980187,0.009625
15908,13398,0.019165607165074584,0.0096875
3794,1273,0.019175365985978157,0.00975
15834,15663,0.019182256350293594,0.0098125
15836,15789,0.019198390431138468,0.009875
15518,15882,0.019211301491959498,0.0099375
15948,13477,0.019212687619748314,0.01
15823,15937,0.0192230829664057,0.0100625
15837,15793,0.01922810353786089,0.010125
3513,1281,0.01923535351874202,0.0101875
15901,13258,0.019241224151636524,0.01025
15951,12863,0.01928942720092359,0.0103125
3658,699,0.019300785801573638,0.010375
4016,651,0.0193182691186638,0.0104375
15949,12807,0.01933668663789166,0.0105
15944,12955,0.019338876203717263,0.0105625
15503,15850,0.019356760936267165,0.010625
3783,1611,0.01937180136755771,0.0106875
15883,13894,0.019373884018522358,0.01075
3629,827,0.01937877208262812,0.0108125
15496,15990,0.01938102207416529,0.010875
15889,14694,0.019387557407422356,0.0109375
3346,741,0.019401109283273977,0.011
15942,12991,0.019414376093362936,0.0110625
15820,15941,0.019419451230938377,0.011125
15831,15635,0.019438367176358003,0.0111875
15958,12293,0.01945497826750136,0.01125
3862,295,0.019457735536095866,0.0113125
15507,15546,0.019466830485339676,0.011375
15911,12598,0.019468665527253837,0.0114375
15825,15849,0.019473609558686027,0.0115
4345,1852,0.019497562895908028,0.0115625
15938,13937,0.019502784101143218,0.011625
15826,15813,0.019513806519297478,0.0116875
15950,12383,0.01953045912466289,0.01175
15887,13168,0.01953176703705688,0.0118125
4342,2034,0.019537803012280978,0.011875
15830,15791,0.01955764832746703,0.0119375
4394,1861,0.0195705608614885,0.012
15850,15517,0.019577910685080975,0.0120625
4860,1986,0.019580052308500587,0.012125
15499,15854,0.019580701302724005,0.0121875
4570,563,0.01958569636863185,0.01225
15940,12637,0.01958896698778609,0.0123125
15895,12786,0.019590638839485683,0.012375
15508,15784,0.019598863413613093,0.0124375
15871,13862,0.019602276218636444,0.0125
4626,925,0.019611842690864332,0.0125625
4410,1871,0.01961346143789281,0.012625
15860,15431,0.01962735152154754,0.0126875
15937,14057,0.019629564295028535,0.01275
3924,1790,0.01963152406296913,0.0128125
5012,1970,0.01963988097314044,0.012875
4753,643,0.01964058172327858,0.0129375
15865,14192,0.019648251217783665,0.013
4302,187,0.01965170892562847,0.0130625
4312,223,0.019657674371500216,0.013125
4550,471,0.019658198033284956,0.0131875
15829,15651,0.019679632818458817,0.01325
15822,15883,0.019680628074278724,0.0133125
5109,1992,0.019681449135116696,0.013375
15817,15707,0.019681517710316388,0.0134375
15935,13435,0.019683161361117266,0.0135
15879,13182,0.01969159749205045,0.0135625
15931,14521,0.019700301872868562,0.013625
15848,13910,0.019714280685894797,0.0136875
4701,2624,0.019716556480210815,0.01375
4065,1654,0.019723846271754025,0.0138125
15845,14074,0.019727142187950415,0.013875
15811,15869,0.019729632827961148,0.0139375
4257,1504,0.019729825701584467,0.014
2551,1147,0.019740752458829853,0.0140625
15821,15801,0.019749047275159845,0.014125
15814,15691,0.019751161653711418,0.0141875
15907,11938,0.019777000900302176,0.01425
3910,2404,0.019777396435560736,0.0143125
15930,13625,0.01978391574397919,0.014375
4810,1785,0.019812055758143616,0.0144375
4178,1032,0.019812907901496275,0.0145
5115,2068,0.019817707039839205,0.0145625
15877,12952,0.019823888161859475,0.014625
15933,13303,0.019825937814430778,0.0146875
5167,4613,0.019827576711876765,0.01475
15923,12881,0.01983550316685983,0.0148125
3725,2500,0.019844398631213074,0.014875
4936,397,0.019845065091665774,0.0149375
5177,2608,0.0198498370961652,0.015
15928,14077,0.019850526631978598,0.0150625
15941,11831,0.019859443166368222,0.015125
4917,2716,0.019860411658168004,0.0151875
3565,2286,0.019861881039228074,0.01525
5092,4495,0.019871202585064977,0.0153125
2591,1533,0.01987389075334615,0.015375
4854,231,0.019894843562915536,0.0154375
4830,846,0.01990073916570147,0.0155
15480,15702,0.01991565506691176,0.0155625
2258,645,0.019916384515290878,0.015625
15919,13019,0.019923999794048967,0.0156875
15818,15759,0.01993374113905741,0.01575
2564,881,0.01993437978684177,0.0158125
15815,15757,0.019936043356837043,0.015875
15495,15808,0.019938676296870423,0.0159375
15851,14516,0.019950655900983934,0.016
5053,790,0.01995631929579349,0.0160625
5543,4823,0.019957089924671052,0.016125
15917,13621,0.01996334623003714,0.0161875
5206,487,0.01996874946864333,0.01625
5076,1170,0.019971272302337622,0.0163125
15918,12747,0.019981227686794747,0.016375
4948,4573,0.019984803364505088,0.0164375
6204,1994,0.01998541314887112,0.0165
5000,4589,0.019987783180263972,0.0165625
5269,377,0.019990468892754833,0.016625
5133,1589,0.019990806879040496,0.0166875
5302,337,0.019993063637029924,0.01675
5414,1269,0.020001471947146642,0.0168125
15846,12958,0.020002236045021257,0.016875
5870,1678,0.020003851267101736,0.0169375
3391,2122,0.02001030025764924,0.017
5091,169,0.020011311953973557,0.0170625
5755,988,0.020014723886972435,0.017125
4650,624,0.02001586236619066,0.0171875
3238,2061,0.0200174217431014,0.01725
15782,13104,0.020018979390126708,0.0173125
5130,75,0.0200334952556939,0.017375
4392,598,0.02003756443624602,0.0174375
3382,2592,0.020038360363114488,0.0175
15494,15796,0.020046256858630332,0.0175625
6470,1900,0.020046796672059032,0.017625
15807,15667,0.020058564261130743,0.0176875
6025,2074,0.020058867334987185,0.01775
3262,982,0.020062006411601795,0.0178125
15810,15923,0.020062900971392607,0.017875
5614,1229,0.02006608579852512,0.0179375
2235,693,0.0200664427685964,0.018
15819,15735,0.020072630209542752,0.0180625
6038,960,0.020078937302197227,0.018125
5918,828,0.020079611262407742,0.0181875
6099,924,0.02009061022255725,0.01825
5009,1929,0.02009221306168934,0.0183125
5329,39,0.020108177403698465,0.018375
4997,576,0.02011277864083427,0.0184375
5706,545,0.02011328821065629,0.0185
2162,707,0.02012184681494617,0.0185625
3860,2796,0.020122865815265734,0.018625
6492,2050,0.020128174634656548,0.0186875
5781,1133,0.020135759339366423,0.01875
3780,626,0.020142218747093345,0.0188125
5575,1487,0.020145823158004346,0.018875
15809,15835,0.020148262197959666,0.0189375
6312,1016,0.020157744267708326,0.019
6209,5067,0.020162733052845078,0.0190625
3205,2584,0.020162902251100758,0.019125
15914,13215,0.020178110404788906,0.0191875
6357,2388,0.020188343746977554,0.01925
4829,4531,0.02018862513860732,0.0193125
15805,15709,0.020189336413037738,0.019375
10121,8726,0.02019117901720433,0.0194375
7260,1882,0.020199074119042773,0.0195
6416,4749,0.020203017623088973,0.0195625
15921,12133,0.020207145059322508,0.019625
15808,15795,0.0202119489646381,0.0196875
6596,2106,0.020212203333206228,0.01975
15916,11589,0.020222234644197437,0.0198125
6554,2548,0.020222324977624287,0.019875
6544,782,0.02022642657869,0.0199375
5178,2019,0.02023082644919438,0.02
5038,4343,0.020236202602461527,0.0200625
2604,1729,0.020239245840549102,0.020125
15824,15587,0.02024183740845369,0.0201875
10548,8662,0.02025189531830325,0.02025
15684,14434,0.020257599211736213,0.0203125
6004,1027,0.020257788340779202,0.020375
15868,12204,0.020263803678316126,0.0204375
5581,218,0.02027558519567129,0.0205
5854,1577,0.02028001817101413,0.0205625
5668,1853,0.02028380518364626,0.020625
6849,2686,0.020283934496833887,0.0206875
6005,1345,0.020286311450716025,0.02075
6033,435,0.02028941318438467,0.0208125
11148,8754,0.020295755857196736,0.020875
6235,1211,0.020303188500349345,0.0209375
5714,5021,0.02031182550189455,0.021
3886,342,0.02031252755282666,0.0210625
10943,9080,0.020313522835758147,0.021125
15806,15925,0.020315431434263967,0.0211875
5434,2960,0.02032161611507369,0.02125
6126,2834,0.020326328949632752,0.0213125
3652,518,0.02032650969070729,0.021375
5766,5055,0.02032759532888714,0.0214375
3179,2574,0.02032816624557756,0.0215
15481,15950,0.020331295830621352,0.0215625
6801,2774,0.020338359706919402,0.021625
9532,8706,0.020341006499947457,0.0216875
15471,15834,0.020341307389239876,0.02175
15665,13066,0.020343689820952915,0.0218125
6513,1189,0.020344756738411757,0.021875
6285,1109,0.02034635386351186,0.0219375
15903,13673,0.0203465376712219,0.022
3157,2403,0.02035121137415097,0.0220625
15899,13391,0.02035169181724508,0.022125
11064,8650,0.020352193877842255,0.0221875
2112,1291,0.020352425448248137,0.02225
2517,1721,0.02035371147497652,0.0223125
6860,590,0.02035728021297085,0.022375
15707,12514,0.020362667235510102,0.0224375
5995,48,0.020362958463971948,0.0225
12007,8724,0.02036477555525011,0.0225625
4989,4711,0.020366145787165318,0.022625
7872,2498,0.020373709329967602,0.0226875
5127,2295,0.020379404679785395,0.02275
7350,2728,0.020379969771020457,0.0228125
3197,2642,0.020382286303447246,0.022875
4805,4505,0.020384041970590978,0.0229375
1970,687,0.020386139671545088,0.023
7455,2786,0.020392601059792792,0.0230625
6503,2820,0.020394388740059832,0.023125
10439,9132,0.020394554748818468,0.0231875
12036,9050,0.02040001761511104,0.02325
3905,2940,0.020409768928966943,0.0233125
6916,4677,0.020410258714365435,0.023375
15476,15648,0.020411535068926085,0.0234375
9420,9064,0.020417338624152622,0.0235
1935,1215,0.020418319596793882,0.0235625
4777,4475,0.02042197648281555,0.023625
12566,7709,0.02042655658298163,0.0236875
5707,3865,0.02042844853314234,0.02375
12308,8780,0.020430370797756826,0.0238125
10816,9194,0.020430557598486377,0.023875
11789,7483,0.020444501849438773,0.0239375
5715,5149,0.020444689436954776,0.024
6488,4479,0.020445257186736142,0.0240625
5319,2391,0.020447109255695352,0.024125
6117,1751,0.02045095293319529,0.0241875
11778,8620,0.02045180599814967,0.02425
11141,7677,0.020458745631438242,0.0243125
9533,8958,0.020460784786429317,0.024375
12644,7399,0.02046094285012423,0.0244375
11425,7177,0.020461978894899056,0.0245
3486,234,0.020464060372390645,0.0245625
15800,15645,0.0204674826764788,0.024625
15484,15500,0.020469000541782405,0.0246875
15803,15765,0.020471273410591836,0.02475
4958,4721,0.020471825024286565,0.0248125
12505,8876,0.020474210391999908,0.024875
13225,7507,0.020475790082197742,0.0249375
12446,8818,0.020478581341621373,0.025
11793,7739,0.020483149482020072,0.0250625
7010,2848,0.020491621748121375,0.025125
11979,7369,0.020492546276885158,0.0251875
10993,8488,0.020496857004263916,0.02525
15904,11413,0.020497657240916105,0.0253125
15488,15736,0.020498568941109664,0.025375
3816,2906,0.020499616707921112,0.0254375
6957,2866,0.02050202413285847,0.0255
6871,1441,0.02050479993540049,0.0255625
4174,3463,0.02050903110756174,0.025625
10528,7141,0.020511111821972728,0.0256875
12653,9032,0.020512545660928406,0.02575
9351,8992,0.020513102413595823,0.0258125
5361,5049,0.020519328400422636,0.025875
11144,7281,0.020520394906481342,0.0259375
5468,2331,0.02052194825970845,0.026
15752,11414,0.020525080682269933,0.0260625
11181,7267,0.0205282858551811,0.026125
10202,8482,0.02053104402033203,0.0261875
9122,8966,0.020531231081992743,0.02625
15804,15743,0.020538418335831334,0.0263125
9662,9116,0.02053890934496029,0.026375
10497,7679,0.020540297462933746,0.0264375
12185,9503,0.020540572468662806,0.0265
13272,9239,0.020541081997078908,0.0265625
15489,15914,0.02054377412219165,0.026625
6116,1911,0.020548569881571936,0.0266875
11092,6743,0.020549343039098906,0.02675
12063,6525,0.020558784455728406,0.0268125
10373,6989,0.02056087091979443,0.026875
6528,4327,0.020560959007848864,0.0269375
11582,6187,0.02056177159224179,0.027
15607,13916,0.020562142136136108,0.0270625
12086,7969,0.020562443528448004,0.027125
6646,1765,0.020565868494940253,0.0271875
4510,3819,0.020570454729395133,0.02725
13101,9499,0.020570856235087396,0.0273125
3115,2504,0.020571162396413732,0.027375
10458,7239,0.020572956034235066,0.0274375
12904,9539,0.0205745050720436,0.0275
10117,7173,0.020576375324070403,0.0275625
10958,7871,0.020577878643978146,0.027625
15129,9551,0.020582626094417692,0.0276875
11043,6203,0.020582931159600814,0.02775
10293,7429,0.02058598092312791,0.0278125
13254,9261,0.02058704173038294,0.027875
6895,1679,0.020589767665638845,0.0279375
15718,11040,0.020590126624128804,0.028
11939,9274,0.020592015840531653,0.0280625
10384,6927,0.020597953418889602,0.028125
14203,9225,0.02060203878695819,0.0281875
9899,7537,0.020605152205596382,0.02825
10810,6375,0.02060575207484155,0.0283125
15896,11755,0.02060679060962227,0.028375
13062,9099,0.020606921535292175,0.0284375
4698,4549,0.020607824378972458,0.0285
8846,8696,0.0206080039842777,0.0285625
10637,6707,0.0206085333365076,0.028625
11040,9432,0.020609068512383727,0.0286875
13896,9169,0.020611540566722583,0.02875
14556,9068,0.020612179324805555,0.0288125
15893,11667,0.020613156691692305,0.028875
14229,9177,0.02061402194462649,0.0289375
4402,4127,0.020616346109781834,0.029
15801,15737,0.02062076873336531,0.0290625
12155,8043,0.02062182348433476,0.029125
15833,13449,0.0206219393077713,0.0291875
13271,8672,0.02062237871748109,0.02925
10150,4841,0.02062264989288263,0.0293125
13179,8986,0.020623403956219952,0.029375
15482,15892,0.020626022459463537,0.0294375
6593,3088,0.020626384587845974,0.0295
7517,4675,0.020635282140387793,0.0295625
15798,15985,0.020635362691347522,0.029625
13680,9259,0.020638198714427156,0.0296875
11549,7862,0.020638768716415137,0.02975
14550,9617,0.020641023273304644,0.0298125
7368,2976,0.020641486461836635,0.029875
15463,15646,0.02064180583251971,0.0299375
10705,9372,0.02064390232764758,0.03
15526,12841,0.020644576611510056,0.0300625
15408,13514,0.020644799273615958,0.030125
13860,9475,0.02064621673432474,0.0301875
10655,7856,0.02064638181959487,0.03025
10767,5877,0.02064653188224459,0.0303125
15799,13559,0.020650088554409713,0.030375
9203,9106,0.020651415725459567,0.0304375
14274,9020,0.0206515782173459,0.0305
13758,8890,0.020652812617986,0.0305625
15891,13811,0.02065378507184796,0.030625
5912,5299,0.02066405842676298,0.0306875
11470,6806,0.02066527780082059,0.03075
4702,4289,0.020665513163535116,0.0308125
12696,9715,0.020665940963229795,0.030875
6619,4139,0.02066633878054072,0.0309375
11689,9049,0.020666639919984915,0.031
8822,8718,0.020667013251291506,0.0310625
6900,5317,0.020667878187778047,0.031125
5865,5269,0.020667886650071934,0.0311875
5027,4845,0.020668950145374225,0.03125
13707,8982,0.020671412263545127,0.0313125
14104,9425,0.020671730054451307,0.031375
13360,8721,0.020672807126081476,0.0314375
4427,3603,0.020673315935044855,0.0315
10982,9406,0.02067410579849811,0.0315625
9529,4977,0.02067447958077634,0.031625
11335,6019,0.020674500242017294,0.0316875
13484,9037,0.020676034958791358,0.03175
11696,8817,0.02067821613785251,0.0318125
6388,5579,0.020680008628725148,0.031875
4784,4597,0.020680784340632814,0.0319375
15813,10661,0.02068117934433558,0.032
11325,7758,0.02068134512004958,0.0320625
13728,8638,0.02068217470330858,0.032125
10089,6273,0.02068341595005104,0.0321875
11801,8915,0.02068414658970177,0.03225
14364,8737,0.0206849363254045,0.0323125
10854,7756,0.020685596031084028,0.032375
12067,8337,0.020687089233889365,0.0324375
13625,9065,0.020687589538735132,0.0325
11419,6984,0.020689612926550485,0.0325625
2065,85,0.020690496823988495,0.032625
5986,2229,0.020690956200343488,0.0326875
2333,1647,0.020691213185238973,0.03275
10690,7768,0.02069147163341792,0.0328125
15603,12631,0.020695358301462456,0.032875
13950,8933,0.02069564489933987,0.0329375
15710,11621,0.020698713017428958,0.033
11201,7726,0.020699573614866525,0.0330625
14186,9559,0.020702331258999476,0.033125
11088,7430,0.02070282823442676,0.0331875
5052,4837,0.020703582383169022,0.03325
11815,9001,0.020703786686157355,0.0333125
9886,9208,0.020704256882688055,0.033375
10565,6145,0.020704981966999436,0.0334375
10574,5683,0.020706061928946036,0.0335
13702,9603,0.020706930745205937,0.0335625
9963,6859,0.02070736143948343,0.033625
15832,14371,0.020707667932415057,0.0336875
10677,6744,0.020708091701046132,0.03375
11767,7432,0.02070846118655974,0.0338125
13587,8657,0.020708808466897297,0.033875
12210,8133,0.02070893278489789,0.0339375
11129,9473,0.020709153780809283,0.034
12078,6846,0.020710432748398504,0.0340625
6281,2053,0.020710950757023353,0.034125
14874,9947,0.02071125920209064,0.0341875
4684,4509,0.020711283266753068,0.03425
2618,1788,0.020711871202240887,0.0343125
9020,4971,0.020712242056495665,0.034375
10590,6748,0.020715912840267886,0.0344375
11798,9635,0.02071831036451569,0.0345
12608,7872,0.020719784924889545,0.0345625
13224,8506,0.02072054336015946,0.034625
11880,8296,0.02072144632106736,0.0346875
9080,8952,0.02072395908435827,0.03475
15733,12509,0.020726042314926973,0.0348125
15863,11295,0.020726127352069246,0.034875
14047,8523,0.020726476354929784,0.0349375
11550,8089,0.020726808471497712,0.035
13600,8521,0.02072733642660665,0.0350625
9033,4547,0.020728178381446888,0.035125
13599,8540,0.02072880805430971,0.0351875
13529,9110,0.020729137730560367,0.03525
5207,4983,0.020730162849222845,0.0353125
15783,11741,0.02073129207372478,0.035375
4469,2997,0.020733405824792696,0.0354375
4004,3031,0.02073364047170474,0.0355
4048,3107,0.020733814377919317,0.0355625
12779,9350,0.0207362588754432,0.035625
9394,5187,0.020736336637064604,0.0356875
4395,4155,0.020736505649441107,0.03575
9074,9022,0.02073818878997815,0.0358125
14966,13512,0.02074042261741839,0.035875
11852,8100,0.020740566358747728,0.0359375
4495,2851,0.020741493959993734,0.036
12551,7000,0.02074209002718572,0.0360625
8848,8782,0.02074384461963811,0.036125
8492,3274,0.02074553694913145,0.0361875
15762,14437,0.02074597192109748,0.03625
8973,8556,0.02074744391007483,0.0363125
4411,4173,0.0207477987127626,0.036375
7507,5161,0.020749418835822597,0.0364375
8835,8758,0.02074971868502028,0.0365
12034,9788,0.02075122615815495,0.0365625
4703,4333,0.02075175807127625,0.036625
15469,15592,0.020751974007071832,0.0366875
9016,8914,0.020754124994359083,0.03675
15457,15868,0.02075517747024141,0.0368125
8037,3214,0.020757015299764214,0.036875
3560,2589,0.02075744934318913,0.0369375
5798,3527,0.020759537521980863,0.037
11965,9748,0.020760359934433315,0.0370625
4154,3118,0.020760422511426752,0.037125
11039,7484,0.020760546971912933,0.0371875
10013,5705,0.020760729840234513,0.03725
9164,4539,0.020761657741127964,0.0373125
15873,10953,0.020762898451434496,0.037375
12346,7146,0.020763044400749914,0.0374375
10200,9310,0.02076385403068128,0.0375
12350,7288,0.02076428120171502,0.0375625
11411,6524,0.020764655630017406,0.037625
9987,5723,0.0207649867150237,0.0376875
14395,9813,0.020766301725665987,0.03775
8940,4647,0.020766461570812713,0.0378125
13373,9172,0.020766573824845518,0.037875
9968,6814,0.020766896682179042,0.0379375
10326,7120,0.02076714595906577,0.038
9153,7605,0.020767630341716463,0.0380625
15304,10164,0.020767694892952146,0.038125
2407,1841,0.020768375369068687,0.0381875
9587,6213,0.02076862675941986,0.03825
10303,7124,0.02076910627965283,0.0383125
6720,3230,0.020769120106485187,0.038375
7848,4791,0.020769303450327688,0.0384375
15483,15904,0.0207695963774834,0.0385
15460,15652,0.020770754332707878,0.0385625
11697,6278,0.020773620408081853,0.038625
10492,6616,0.020774269639038768,0.0386875
15779,15683,0.020776047206421365,0.03875
8187,4731,0.02077806158625581,0.0388125
9806,5415,0.02078018131097673,0.038875
15601,13277,0.020780551462882144,0.0389375
9023,7009,0.02078141322722239,0.039
8796,8722,0.020783424368676178,0.0390625
2339,1902,0.020784218058726385,0.039125
13394,8440,0.020784424169188614,0.0391875
9204,9142,0.02078463291344795,0.03925
7969,5005,0.02078617007591036,0.0393125
15146,14056,0.020786575564090224,0.039375
9892,5717,0.02078676988379505,0.0394375
15095,9816,0.020787243716653456,0.0395
15790,15845,0.020787324375162123,0.0395625
4798,3288,0.020787972282945256,0.039625
10799,8138,0.02078894345876962,0.0396875
9022,8836,0.020789879942390746,0.03975
9784,4147,0.020790962437901878,0.0398125
8920,8882,0.02079292997829657,0.039875
3771,3034,0.020794503194669346,0.0399375
9581,5423,0.02079676334511376,0.04
8414,4883,0.020798762456672008,0.0400625
14249,9903,0.020800613468756834,0.040125
15532,10480,0.02080102181735069,0.0401875
4709,4371,0.020802531318869118,0.04025
2361,1795,0.020803084702252755,0.0403125
15024,10435,0.020804369319890575,0.040375
8358,4543,0.020805744329253466,0.0404375
4097,2991,0.02080711279503046,0.0405
9117,5227,0.0208086535776134,0.0405625
15172,11657,0.020810146347245255,0.040625
15066,11559,0.02081043015044381,0.0406875
15569,11281,0.02081152067990112,0.04075
9659,5829,0.020811618804549986,0.0408125
15443,12788,0.02081402511293132,0.040875
15728,13963,0.02081480770485196,0.0409375
9453,6177,0.020815333659308603,0.041
7993,4859,0.020815463032157002,0.0410625
1880,869,0.02081563542629374,0.041125
11005,9351,0.020816640811248656,0.0411875
15875,11975,0.0208166460886269,0.04125
9147,4407,0.02081741070457001,0.0413125
6326,5817,0.02081756057505193,0.041375
2471,2024,0.020817684958883014,0.0414375
2504,1814,0.020818003188783834,0.0415
15291,12928,0.020818318732102586,0.0415625
8307,4927,0.020819112669076687,0.041625
3953,3137,0.020822512476508834,0.0416875
4372,4167,0.0208234588398013,0.04175
8880,8888,0.020826053659515308,0.0418125
8944,3716,0.020827148610456942,0.041875
9517,8454,0.020827841152768256,0.0419375
3291,2798,0.02082862525863653,0.042
12999,10069,0.020831308671194315,0.0420625
10045,5957,0.020832162722948095,0.042125
6374,2523,0.020833565971647015,0.0421875
10937,9381,0.02083467911499956,0.04225
9173,4145,0.020836159932922184,0.0423125
15645,11024,0.02083654899764306,0.042375
14767,9984,0.020837262487180104,0.0424375
9134,3558,0.02083774164629662,0.0425
3029,2694,0.020841631103377837,0.0425625
9465,5573,0.02084177405453809,0.042625
13145,7894,0.020842096311535028,0.0426875
13253,8360,0.02084274052084986,0.04275
6314,2529,0.02084718776890925,0.0428125
7095,2093,0.02084764960025625,0.042875
15827,14493,0.020848757290102743,0.0429375
8155,4525,0.020850016815967504,0.043
9076,6781,0.020851938321698325,0.0430625
15127,12852,0.020852286087568565,0.043125
8560,5179,0.020853276807666937,0.0431875
7792,4157,0.020855268937962457,0.04325
7841,3290,0.02085533945477566,0.0433125
13479,9931,0.020855542455657943,0.043375
14366,9518,0.020855606758641322,0.0434375
6396,3789,0.020855816429869146,0.0435
9709,6135,0.020856168011171836,0.0435625
4947,3035,0.020856423949083783,0.043625
12304,10236,0.020856545185315274,0.0436875
8802,8812,0.020860302895555325,0.04375
15455,15372,0.02086207629279736,0.0438125
7522,5325,0.020862907707375054,0.043875
15630,12436,0.020863863609028612,0.0439375
14365,10111,0.020865367384411058,0.044
9560,9246,0.020865688016325688,0.0440625
4224,4125,0.02086620675116613,0.044125
11747,10250,0.02086892458740342,0.0441875
9256,5895,0.020869183927077293,0.04425
10339,5212,0.02086972325754612,0.0443125
13718,9466,0.020870319903099233,0.044375
10113,6344,0.02087218499365252,0.0444375
3766,3421,0.020876443277269032,0.0445
9064,9074,0.020876599231687932,0.0445625
15475,15926,0.02087770400207442,0.044625
6672,3951,0.02087891048391207,0.0446875
4637,4527,0.020879577051049973,0.04475
9576,6597,0.020880277196325663,0.0448125
9743,9244,0.02088374357805264,0.044875
4435,4207,0.020885737968275683,0.0449375
8922,5301,0.0208871116746235,0.045
14700,10314,0.020889049090137904,0.0450625
2981,2494,0.020892251463214797,0.045125
9654,6990,0.020893600508581547,0.0451875
6910,3841,0.02089507469863055,0.04525
2939,2190,0.020895180278080176,0.0453125
15641,11914,0.02089555475327513,0.045375
8079,4197,0.020899015926921186,0.0454375
2987,2488,0.020899393304672255,0.0455
10068,4974,0.02089967404761341,0.0455625
15788,15815,0.020903847473621184,0.045625
14411,10178,0.020905204762780828,0.0456875
12632,9982,0.020910675549854013,0.04575
15223,10542,0.02091142853777651,0.0458125
3724,3419,0.020912442697989315,0.045875
8711,3994,0.02091258754989081,0.0459375
4376,3965,0.02091346507061598,0.046
15629,12011,0.020913476240244196,0.0460625
1743,1129,0.02091376998860748,0.046125
2342,1895,0.020914968038359946,0.0461875
8659,3936,0.02091546762777399,0.04625
14501,10304,0.02091880799791187,0.0463125
9869,4972,0.020919508849117766,0.046375
15133,12650,0.0209208847630052,0.0464375
13036,9750,0.020921780378165507,0.0465
9765,4324,0.02092180719034136,0.0465625
2208,1964,0.020922608552874446,0.046625
2242,1868,0.02092429432800966,0.0466875
15636,12088,0.020928171461669053,0.04675
15796,15777,0.020928253136882354,0.0468125
15634,11970,0.020928934764733037,0.046875
9500,4674,0.020929765341523767,0.0469375
15323,10782,0.020930369434400575,0.047
10345,5528,0.02093197104530688,0.0470625
7982,3742,0.020933037934981722,0.047125
7647,3340,0.020933545235729052,0.0471875
9356,4648,0.020934327079280786,0.04725
8491,5287,0.02093497443493876,0.0473125
2537,1566,0.020935723712679603,0.047375
15442,10888,0.020935946653482383,0.0474375
8612,8702,0.02093607809719784,0.0475
6205,5693,0.020937599880489197,0.0475625
4818,4685,0.020938467421378976,0.047625
8263,4403,0.020938652510534565,0.0476875
13384,9806,0.020940368203095156,0.04775
7391,4005,0.020941057011401965,0.0478125
9593,4296,0.020942219678267877,0.047875
7842,5307,0.02094283570884857,0.0479375
9310,7805,0.020942899503398022,0.048
8019,3396,0.020942980263981826,0.0480625
14197,10228,0.020943415024895617,0.048125
6779,5901,0.02094342466087855,0.0481875
6378,2581,0.0209438051493529,0.04825
7414,2413,0.020943842773317154,0.0483125
5620,5223,0.02094404185677459,0.048375
15792,15939,0.02094519071065594,0.0484375
10704,8447,0.020945267084612418,0.0485
15314,12185,0.020945747358818958,0.0485625
4968,4809,0.020946286126073393,0.048625
15083,11765,0.020946781017142566,0.0486875
9616,4404,0.020947651092869307,0.04875
7887,4097,0.020948169159162797,0.0488125
10679,9319,0.020948770388139994,0.048875
7568,6225,0.020949763389360127,0.0489375
14927,11221,0.0209509282561566,0.049
13668,9776,0.02095303922303262,0.0490625
14354,10292,0.020953147425929117,0.049125
11090,9948,0.020954323343355334,0.0491875
9126,9160,0.020957485355783234,0.04925
14303,10397,0.020958594069931426,0.0493125
3857,3503,0.020958853709995444,0.049375
9328,9210,0.020960837225731402,0.0494375
9095,6834,0.020961926082452387,0.0495
15313,12021,0.02096376311517099,0.0495625
2286,1817,0.020966707493288033,0.049625
10407,8107,0.020968549651609103,0.0496875
7373,3961,0.020969292703171067,0.04975
13982,10563,0.02096964546373335,0.0498125
9430,4330,0.02097022942227254,0.049875
10354,9526,0.020970469792118838,0.0499375
9853,6070,0.020972087379069543,0.05
11958,10007,0.020972456232546035,0.0500625
5369,5125,0.020972518688976798,0.050125
1846,9,0.020972602035729405,0.0501875
4529,4245,0.020972705102833764,0.05025
10599,9015,0.02097470819046946,0.0503125
7268,6373,0.020976998320193726,0.050375
13081,9926,0.020978616598539477,0.0504375
15477,15902,0.020981438162864435,0.0505
3602,3411,0.02098170147476061,0.0505625
15681,13979,0.02098266428429505,0.050625
15444,15290,0.020983323005317404,0.0506875
14696,10775,0.0209844446753568,0.05075
7463,2467,0.02098521356996363,0.0508125
4559,4501,0.020985518847394483,0.050875
9854,6164,0.020987565630668732,0.0509375
9883,5788,0.020989353017050804,0.051
7582,6333,0.020989562327418613,0.0510625
14823,10931,0.02099032423063195,0.051125
8253,4200,0.020993695410999852,0.0511875
10073,8055,0.020995744320940094,0.05125
4855,4739,0.02099603687408955,0.0513125
8939,9098,0.02100056933239028,0.051375
9843,8094,0.02100206011413518,0.0514375
12757,10583,0.021003379130694222,0.0515
4927,4817,0.021003746022571077,0.0515625
5070,2867,0.0210054949122902,0.051625
9729,8032,0.02100589714503305,0.0516875
15555,11422,0.021010162430801227,0.05175
7811,2563,0.021010928543135608,0.0518125
9181,5154,0.02101297472097679,0.051875
7088,3648,0.021013861276661827,0.0519375
6261,3481,0.021014131160216665,0.052
15816,15487,0.021015435898282437,0.0520625
8163,4034,0.021015886588906203,0.052125
9771,8031,0.021017952908871575,0.0521875
3630,3002,0.021018621998068733,0.05225
4246,3887,0.021021229734149,0.0523125
13582,10120,0.021022661900160982,0.052375
2223,1844,0.021024926813425226,0.0524375
8409,5615,0.021025008050745683,0.0525
13678,9972,0.021025416880701222,0.0525625
7200,3787,0.021026223995157516,0.052625
7994,5763,0.02102756953228617,0.0526875
9536,6034,0.0210286841212722,0.05275
4720,4621,0.021029018907116708,0.0528125
8104,2499,0.02102924624496203,0.052875
8997,9002,0.02103065579231928,0.0529375
8097,2489,0.021031327465513113,0.053
15464,15816,0.02103411361026121,0.0530625
5228,5047,0.021037444912002417,0.053125
9384,7242,0.021037546943840604,0.0531875
8303,4596,0.021041577812180225,0.05325
3570,3453,0.021045039180693566,0.0533125
7394,3752,0.02104534223089944,0.053375
2815,2262,0.021047286528702126,0.0534375
13433,10629,0.02105216239625657,0.0535
2185,840,0.021052553536196436,0.0535625
4230,4153,0.02105269504559662,0.053625
15794,15745,0.021052707156152494,0.0536875
7847,6711,0.0210532178318786,0.05375
15428,15718,0.021054042844904294,0.0538125
3567,3429,0.021055088933849667,0.053875
8473,3833,0.02105679836307398,0.0539375
15620,11692,0.0210574877924039,0.054
9466,5262,0.021062233435501253,0.0540625
14362,10514,0.02106263910442564,0.054125
3516,3399,0.021062836167376125,0.0541875
8916,9000,0.02106385705182514,0.05425
12258,10145,0.021066994906318602,0.0543125
2518,1334,0.02106783480821846,0.054375
7174,3695,0.021070350494255204,0.0544375
9321,6218,0.021070596250754397,0.0545
15411,12392,0.021071222102280303,0.0545625
8655,8688,0.021072369050489967,0.054625
4601,4489,0.021075124848557055,0.0546875
2837,50,0.021075321145074124,0.05475
4011,3585,0.021075529625141518,0.0548125
4907,4793,0.021076022506602024,0.054875
15436,15410,0.02107751657875598,0.0549375
14350,10721,0.021077795859680098,0.055
14887,12518,0.021078182551405304,0.0550625
8785,6031,0.021078275258647344,0.055125
6958,6103,0.021079965382188297,0.0551875
14497,10827,0.021083216488027436,0.05525
13099,10334,0.021083337793448394,0.0553125
4546,4559,0.02108494146820725,0.055375
7548,3862,0.021085082579109824,0.0554375
8933,5196,0.02108514750388597,0.0555
10197,8857,0.021087254428597123,0.0555625
15262,13767,0.02108762662973643,0.055625
9150,5422,0.021088531582905017,0.0556875
15450,15544,0.021090223595418133,0.05575
15595,11698,0.02109181843408935,0.0558125
9225,5482,0.021093134155638765,0.055875
7489,3591,0.021095956958651043,0.0559375
4839,4745,0.021099767377020944,0.056
14993,12508,0.021104042003934932,0.0560625
3596,3431,0.02110613230692139,0.056125
15182,14310,0.02110629062401184,0.0561875
8669,8624,0.02110956426896638,0.05625
10270,8479,0.021111173256107063,0.0563125
15465,15974,0.02111152300308477,0.056375
15461,15790,0.021113302944781333,0.0564375
3683,3479,0.02111954962448478,0.0565
3790,3525,0.02112047504298984,0.0565625
5647,2773,0.021121003561293067,0.056625
7348,3549,0.02112123986861582,0.0566875
10264,9782,0.021123391540918086,0.05675
1897,1349,0.02112511171054298,0.0568125
6079,5651,0.021126822454928987,0.056875
5297,5143,0.021128061103641623,0.0569375
7961,7603,0.021131707581958165,0.057
14074,11739,0.021133118430921832,0.0570625
8795,8820,0.02113368944018384,0.057125
2498,606,0.02113479355924617,0.0571875
14552,11787,0.021135912855073272,0.05725
15468,15932,0.02113600137539112,0.0573125
8269,4970,0.021136295960717318,0.057375
14092,11693,0.021137406816578233,0.0574375
7516,7051,0.021140478213502147,0.0575
8927,6020,0.021141168711478527,0.0575625
15781,15779,0.02114286826502759,0.057625
9087,9198,0.021143251161845882,0.0576875
2083,1982,0.021144312100186156,0.05775
8585,7683,0.021145281122135248,0.0578125
10223,9954,0.02114561716214311,0.057875
12953,10502,0.021145726522845038,0.0579375
13355,10416,0.02114585781455474,0.058
2086,1948,0.02114672411319878,0.0580625
9435,9318,0.021146843920713435,0.058125
4558,4441,0.021146859914797752,0.0581875
8783,5786,0.021147738646144915,0.05825
13501,10486,0.021147997420877074,0.0583125
15797,15887,0.02114825637380957,0.058375
4846,3630,0.021149264460722784,0.0584375
4673,4631,0.021151800793816244,0.0585
8734,3385,0.021152622572155326,0.0585625
3551,3331,0.02115267461705502,0.058625
5972,2689,0.02115318958000575,0.0586875
2383,1164,0.021153644430484796,0.05875
4196,3847,0.02115810905212643,0.0588125
1604,947,0.02115844169474004,0.058875
15802,15921,0.02116027385049975,0.0589375
4536,4369,0.02116158208374195,0.059
8756,8870,0.021165148756603944,0.0590625
9925,9497,0.02116903657504135,0.059125
3731,3529,0.021170160917585522,0.0591875
9534,9492,0.021171970145565374,0.05925
14283,11339,0.021172733272132514,0.0593125
15448,15836,0.021179998690513704,0.059375
6411,6185,0.021180684262189376,0.0594375
3674,3491,0.021181198869116326,0.0595
9523,8176,0.021183414771031018,0.0595625
10506,9531,0.021184815015012164,0.059625
8340,7545,0.021185940937930185,0.0596875
7601,7035,0.02118904376210726,0.05975
10362,10136,0.021196030156551894,0.0598125
14143,10979,0.021196333007643467,0.059875
15445,15862,0.02119838450428353,0.0599375
15416,15332,0.02120111317045517,0.06
7749,6559,0.021203797132559755,0.0600625
3635,3513,0.02120436928754002,0.060125
6792,2681,0.021205709676174217,0.0601875
8417,3387,0.02120777780642237,0.06025
5099,4995,0.021209618200067108,0.0603125
15437,15642,0.021210450097226007,0.060375
8635,5372,0.02121062797254028,0.0604375
8547,5750,0.02121065128786254,0.0605
9428,9418,0.021210866560946725,0.0605625
10383,9361,0.021210877836160373,0.060625
2406,2036,0.021212371520437052,0.0606875
1915,1409,0.021212441085502114,0.06075
4566,3362,0.021213175653649517,0.0608125
4273,3957,0.021215299261354816,0.060875
3496,3011,0.021217139870342627,0.0609375
5004,4881,0.021218699205806716,0.061
14124,11025,0.02122194669371697,0.0610625
5265,5123,0.02122233158378386,0.061125
6771,3321,0.021225688838944358,0.0611875
10198,9633,0.021229553346186956,0.06125
4352,4213,0.02122972642833341,0.0613125
3433,3449,0.021229893327885146,0.061375
7325,4626,0.021230825842812613,0.0614375
9363,9440,0.021231109250100074,0.0615
8345,3383,0.02123161089173714,0.0615625
6183,3047,0.02123612842245891,0.061625
1997,892,0.021237445439687464,0.0616875
8696,8796,0.021237516702581494,0.06175
10473,10206,0.021240307731466537,0.0618125
9034,9174,0.021242984578548434,0.061875
3675,3499,0.021244055100155132,0.0619375
15772,15847,0.02124615654365568,0.062
15418,15280,0.02124951987678507,0.0620625
6707,2761,0.021250168479453702,0.062125
10324,10278,0.02125213135761334,0.0621875
9358,9276,0.021252181143722904,0.06225
8446,5344,0.021252249147639242,0.0623125
7429,7085,0.021252621268858483,0.062375
3676,3515,0.021253034736021824,0.0624375
2921,2575,0.021254132755338936,0.0625
14317,13408,0.02125420143943529,0.0625625
14256,13056,0.02125761647184186,0.062625
15769,15817,0.021258021171696447,0.0626875
4144,3723,0.021262451867487014,0.06275
13117,11629,0.02126491279800365,0.0628125
8549,8658,0.02126648683278171,0.062875
6793,3141,0.021266544012301502,0.0629375
7637,7137,0.02126710670930144,0.063
6277,2815,0.02126788389948145,0.0630625
5055,4911,0.02126857346512355,0.063125
13379,10927,0.021268759774929775,0.0631875
5919,5563,0.021269060898475693,0.06325
7983,7619,0.02126995891043536,0.0633125
8877,9056,0.02127007368484379,0.063375
8804,8834,0.021270446382382745,0.0634375
10295,10022,0.021270794560355993,0.0635
4139,4087,0.021272417261896017,0.0635625
8256,3325,0.021274989450384234,0.063625
6630,6291,0.02127696405388095,0.0636875
7559,4836,0.021278728799906894,0.06375
4785,4719,0.02128097857845833,0.0638125
15240,14367,0.02128397648594475,0.063875
4778,4735,0.02128516266936389,0.0639375
3004,2748,0.02128680956179322,0.064
1492,235,0.021289997947020373,0.0640625
14378,10952,0.021290883091486308,0.064125
12023,10605,0.021293552398030942,0.0641875
1766,1327,0.021294159859279085,0.06425
7868,7611,0.021294275934968156,0.0643125
10119,9647,0.021294888545406728,0.064375
9025,9190,0.021297626566996217,0.0644375
4083,3861,0.021300058859356878,0.0645
8542,8684,0.021300730441287066,0.0645625
3412,3423,0.02130124882932836,0.064625
3535,3295,0.021301289089159736,0.0646875
5699,5411,0.02130383164238283,0.06475
8852,9038,0.02130533562684417,0.0648125
14271,13614,0.021305418157508096,0.064875
10301,10040,0.021308295180499273,0.0649375
13662,10610,0.02131079445718809,0.065
12883,10852,0.02131170206529723,0.0650625
12002,10453,0.021311869387138343,0.065125
5253,5127,0.02131315480986084,0.0651875
8445,2849,0.02131336394579823,0.06525
9289,9352,0.021314494970984317,0.0653125
9696,9587,0.021315599889964548,0.065375
3489,2783,0.021315656644025533,0.0654375
15776,15837,0.02131568295946043,0.0655
8628,8608,0.02131728374262887,0.0655625
2802,2420,0.02132304392416718,0.065625
14902,13925,0.021323362420980534,0.0656875
7015,3003,0.021323573137133258,0.06575
13674,11211,0.021323939288660762,0.0658125
14064,12635,0.021323959248803412,0.065875
14936,14421,0.02132443537592118,0.0659375
10100,9874,0.021325580006537732,0.066
9381,9460,0.02132613745240484,0.0660625
15786,15915,0.021327375503001046,0.066125
3573,3471,0.02132861111819316,0.0661875
9789,9651,0.021329929688658284,0.06625
6697,2873,0.021330213751388653,0.0663125
9193,9238,0.021333395971144455,0.066375
4458,4257,0.02133455292918259,0.0664375
2056,1980,0.021338720624576583,0.0665
15438,15820,0.02134187457729465,0.0665625
13879,12989,0.021342077987957796,0.066625
1544,883,0.02134237445731511,0.0666875
3527,3293,0.02134304677671392,0.06675
5235,5113,0.02134361028028862,0.0668125
15470,15910,0.021343842495905832,0.066875
4572,4581,0.021344913543335387,0.0669375
4123,3889,0.02134495298723183,0.067
6941,4684,0.021345394833907818,0.0670625
15022,14519,0.021346643303035696,0.067125
8625,8750,0.021347008070063678,0.0671875
14686,14188,0.021347977686837844,0.06725
6708,6339,0.021348306155564198,0.0673125
15420,15714,0.021349510573835922,0.067375
7949,3243,0.021350505147037215,0.0674375
14747,11808,0.021351154259281382,0.0675
1206,579,0.021352673081090612,0.0675625
15766,15749,0.021353108310836057,0.067625
7351,7079,0.02135380906294705,0.0676875
7830,7615,0.02135429804530602,0.06775
10254,10202,0.02135881696180498,0.0678125
15775,15809,0.021359123312067654,0.067875
13170,11013,0.021359637930423253,0.0679375
10830,10454,0.02135981349372623,0.068
14289,13049,0.021359921396422465,0.0680625
6069,5883,0.021360140749633293,0.068125
5967,5777,0.021365077928871212,0.0681875
7832,2951,0.02136543333719346,0.06825
8634,8600,0.02136558841724989,0.0683125
8831,8944,0.021365766386612143,0.068375
8177,5494,0.02136819506106793,0.0684375
2279,1228,0.02137033491324367,0.0685
1628,1259,0.02137044531749734,0.0685625
2097,1890,0.021370596546600087,0.068625
9737,9563,0.02137118092867096,0.0686875
15791,15501,0.021371754410394867,0.06875
3435,3361,0.021371820357060853,0.0688125
4475,4301,0.021372277726502995,0.068875
6286,4238,0.021372396335622098,0.0689375
8173,7587,0.021374456808280203,0.069
4530,4561,0.021376624489279263,0.0690625
15793,15919,0.021377442616554825,0.069125
10424,10308,0.021378275248073265,0.0691875
994,553,0.02137865927682542,0.06925
5613,5391,0.021380074810444412,0.0693125
5049,4935,0.021381577800573096,0.069375
10573,10310,0.021382524496065973,0.0694375
15441,15870,0.021383679203009025,0.0695
14095,11018,0.02138474107117137,0.0695625
15787,15929,0.021384869578408978,0.069625
14281,13738,0.021386219202022064,0.0696875
15573,14638,0.02138728812401002,0.06975
3012,2782,0.021389373819401373,0.0698125
14302,13884,0.0213897891043021,0.069875
3392,3405,0.021392059691156356,0.0699375
1103,347,0.021392743897641054,0.07
10032,9461,0.021393550003944765,0.0700625
13851,13164,0.021394195437769083,0.070125
15785,14935,0.02139478582476069,0.0701875
14443,14014,0.02139494680339085,0.07025
6068,5867,0.02139538092759251,0.0703125
5953,5803,0.021395482337682428,0.070375
4535,4473,0.02139687640413132,0.0704375
15765,15853,0.02139718602222084,0.0705
9825,9507,0.02139748571096196,0.0705625
1453,950,0.02139797890893044,0.070625
909,593,0.02139867026646462,0.0706875
11740,10579,0.021398957631043623,0.07075
4542,4429,0.021402749977953515,0.0708125
9714,9589,0.021403805668864455,0.070875
11754,10385,0.02140429372697172,0.0709375
6375,6003,0.021406133801072025,0.071
1452,940,0.021406500609606752,0.0710625
15467,15894,0.021408136640670965,0.071125
9313,9338,0.021408971296324242,0.0711875
8281,7293,0.02140934006781473,0.07125
4105,3941,0.02140937042162193,0.0713125
6464,6073,0.021409937876069384,0.071375
9307,9434,0.021412639183802876,0.0714375
2155,1835,0.021416436359339833,0.0715
2736,2099,0.021416674440676076,0.0715625
15588,14918,0.021416705337016194,0.071625
15122,14547,0.02141692081342337,0.0716875
3426,3467,0.02141773710686209,0.07175
2967,2754,0.021418667726258157,0.0718125
8889,8400,0.02141932118327796,0.071875
8167,5976,0.02142031165084957,0.0719375
7871,7539,0.021421265385066578,0.072
9829,9653,0.021421277596455884,0.0720625
6048,5857,0.021422037775253363,0.072125
6107,5897,0.021424831827213144,0.0721875
7345,6977,0.02142521791572898,0.07225
14096,12584,0.021425775326053647,0.0723125
11014,10476,0.021425820288818852,0.072375
2104,2006,0.021427215812649555,0.0724375
4018,3801,0.021428602598679094,0.0725
2168,1240,0.021428791437660858,0.0725625
4067,3725,0.021429359381471707,0.072625
8813,8926,0.021430197040030175,0.0726875
7858,7601,0.02143476847075548,0.07275
6332,6197,0.021435509090105803,0.0728125
2085,1396,0.02143951229283092,0.072875
12429,11577,0.02144078553129829,0.0729375
1889,1523,0.02144284638440593,0.073
9730,9599,0.02144375802191371,0.0730625
4175,4163,0.02144523008962805,0.073125
9650,9540,0.021446897663724474,0.0731875
2490,1967,0.02144801641301674,0.07325
4543,4493,0.021448323219630767,0.0733125
8581,8616,0.02145066227609961,0.073375
7907,7431,0.021451363581441764,0.0734375
4060,3763,0.021452810105943756,0.0735
2778,2610,0.021454247278978086,0.0735625
1022,617,0.021455097832838492,0.073625
7865,7643,0.02145641539172382,0.0736875
15759,15711,0.021459443160638567,0.07375
15059,14019,0.02145966032557534,0.0738125
5285,5177,0.021461090541194928,0.073875
9260,9360,0.021462005457118464,0.0739375
5457,5283,0.021468307146657532,0.074
4094,3945,0.021468469545783204,0.0740625
1185,529,0.021468499551759786,0.074125
15453,15788,0.021468893819199714,0.0741875
7512,7169,0.021471702843448518,0.07425
4850,4819,0.02147221278631884,0.0743125
15106,14340,0.02147282573438734,0.074375
10152,9622,0.02147376569065193,0.0744375
6822,6441,0.021474681228970335,0.0745
4896,4831,0.021475785116282706,0.0745625
13476,10950,0.02147776761901168,0.074625
6799,6393,0.021478774162767073,0.0746875
7346,7069,0.021478834579194764,0.07475
4862,4829,0.021478990828831982,0.0748125
5247,4056,0.02148303450964043,0.074875
15795,15885,0.02148386948556652,0.0749375
6407,6115,0.02148401112565805,0.075
931,541,0.02148534311518743,0.0750625
9783,9595,0.021485768419283603,0.075125
9826,9565,0.02148584612991253,0.0751875
14279,13948,0.021487407231189373,0.07525
13673,13220,0.02148935704002051,0.0753125
4191,3967,0.021489548851239715,0.075375
14295,11524,0.021489679302819264,0.0754375
7316,6751,0.021491248745162287,0.0755
3455,3301,0.021492319329338507,0.0755625
9620,9591,0.02149293340739888,0.075625
5209,5097,0.021494363020177112,0.0756875
10906,10029,0.0214948995912003,0.07575
7279,7115,0.0214963294763655,0.0758125
4868,4815,0.021497347939939685,0.075875
7950,7381,0.02149890539302032,0.0759375
10244,9655,0.021500044446060153,0.076
7288,7045,0.02150139071927543,0.0760625
2072,1124,0.021504368926719964,0.076125
1199,289,0.02150593064472903,0.0761875
10800,10536,0.021507397333549953,0.07625
14970,14403,0.02150838489936818,0.0763125
4032,3877,0.021509890047501753,0.076375
14958,13973,0.021510768475865617,0.0764375
4166,4021,0.02151312063669103,0.0765
1251,920,0.021514058040986408,0.0765625
7716,7613,0.021514185653895998,0.076625
4939,4891,0.021514806784540735,0.0766875
8494,8676,0.021514864684979124,0.07675
8692,8824,0.02151560128618411,0.0768125
8589,8774,0.021516422022695828,0.076875
2934,2736,0.02151669565495786,0.0769375
1353,914,0.02151685953883965,0.077
3430,3339,0.02151787943434199,0.0770625
4474,4499,0.021518291266628246,0.077125
10078,10180,0.0215202679329232,0.0771875
9157,9282,0.021523209176923477,0.07725
4061,4115,0.021523239905779673,0.0773125
15789,15917,0.02152339915485553,0.077375
9259,9334,0.021523830462586654,0.0774375
1465,1213,0.021526633396648346,0.0775
14027,13666,0.021528659914178704,0.0775625
5804,4834,0.021528930233275897,0.077625
4554,4575,0.021529878453687396,0.0776875
10535,10356,0.021530905369257166,0.07775
2774,2480,0.02153214198937475,0.0778125
5743,5447,0.021532367361686545,0.077875
8621,8828,0.02153408607458242,0.0779375
10396,10360,0.021534312687722292,0.078
13932,12608,0.02153511761234539,0.0780625
1300,874,0.021535659329050796,0.078125
8887,9102,0.021535691901310924,0.0781875
4124,4081,0.02153581306339268,0.07825
7456,6905,0.021536814668630815,0.0783125
14327,11962,0.021537583943874065,0.078375
1475,1217,0.021537759626975357,0.0784375
3718,3547,0.021539323517663144,0.0785
5341,4202,0.021542908108156903,0.0785625
2121,1725,0.02154347222894924,0.078625
8608,7924,0.021543489266417745,0.0786875
10005,9930,0.021544257165579516,0.07875
3603,3531,0.021544742157386273,0.0788125
12401,11625,0.02154508473027183,0.078875
11032,10830,0.021546330935104822,0.0789375
14006,13662,0.02154655738333306,0.079
4081,4089,0.02154792172170693,0.0790625
8593,8530,0.02154895428114229,0.079125
8967,9178,0.021549715470150464,0.0791875
3458,3080,0.02155002045064097,0.07925
9163,9316,0.021553949873327042,0.0793125
9656,9543,0.021554252588698603,0.079375
4044,3781,0.021554371755001394,0.0794375
1339,966,0.021555174057457025,0.0795
13294,13009,0.021555255903438618,0.0795625
7829,7579,0.021556093386018375,0.079625
13377,13228,0.021556511726637955,0.0796875
15459,15918,0.02155756071522724,0.07975
9794,9657,0.021560383211122535,0.0798125
10009,9754,0.021560739459170527,0.079875
2470,1961,0.021560782522520174,0.0799375
4960,4180,0.02156227458345176,0.08
15770,15821,0.021563501950477692,0.0800625
9748,9573,0.02156390600253541,0.080125
8878,8124,0.021564274662462045,0.0801875
9035,9200,0.02156456613401202,0.08025
1466,1223,0.021565985115236157,0.0803125
14141,13790,0.021567345456594483,0.080375
5517,5351,0.021567377493088954,0.0804375
7359,6773,0.021567498810088088,0.0805
7726,7635,0.021568326986806226,0.0805625
3358,3117,0.02157095704445109,0.080625
15750,15725,0.02157095889011895,0.0806875
8981,9202,0.021571654172381896,0.08075
5903,5789,0.021572069984960546,0.0808125
7892,6538,0.02157303931686442,0.080875
6373,6109,0.021574028256274302,0.0809375
14896,14449,0.021575426928687504,0.081
5880,5715,0.02157546601383255,0.0810625
5249,5167,0.02157581147227732,0.081125
4952,4901,0.021576223817378646,0.0811875
3460,3445,0.021577243436141674,0.08125
8463,8720,0.021577551425463828,0.0813125
6439,6305,0.021581713321539645,0.081375
13213,12969,0.02158344367599599,0.0814375
9761,9619,0.021587271322903574,0.0815
10897,10802,0.02158740544014311,0.0815625
8609,8794,0.021588429460913907,0.081625
3312,2963,0.021589669950719783,0.0816875
1408,945,0.021589844581206323,0.08175
5045,4989,0.021591953357182593,0.0818125
5954,5875,0.021592770378928716,0.081875
3418,3447,0.02159278971037883,0.0819375
8488,7775,0.02159332272791028,0.082
8437,8636,0.021595289759527875,0.0820625
6290,6155,0.02159553445424601,0.082125
6576,6351,0.02159767386887719,0.0821875
1080,493,0.02159804847094865,0.08225
1958,1990,0.02159842289598232,0.0823125
2128,1803,0.02159862278435505,0.082375
5881,5727,0.02159882428351707,0.0824375
3781,3206,0.021598884028937927,0.0825
5372,4634,0.02159927484534081,0.0825625
9664,9601,0.02159939442414908,0.082625
10094,9707,0.021599414225866972,0.0826875
14017,13870,0.02159999248298791,0.08275
1472,1141,0.02160072751452997,0.0828125
2038,1858,0.021603337224966834,0.082875
1737,1403,0.021603350636482156,0.0829375
15784,15959,0.02160471747116678,0.083
11640,10573,0.021605264630796234,0.0830625
13274,13206,0.021605550018464786,0.083125
3402,3443,0.0216081576811687,0.0831875
10114,10216,0.021608803143582114,0.08325
13878,13320,0.02160886378743006,0.0833125
1725,772,0.021609036997310902,0.083375
9736,8547,0.021611742658502884,0.0834375
10296,10306,0.021612501343581312,0.0835
13198,12959,0.021613172562697586,0.0835625
5309,4258,0.021617463398036718,0.083625
4496,4587,0.021620406102688186,0.0836875
4088,3947,0.021621558602634067,0.08375
13148,12923,0.02162217772179879,0.0838125
7123,6565,0.02162254960648939,0.083875
4447,4295,0.02162277793860556,0.0839375
8620,8788,0.021624149623705544,0.084
9049,9220,0.02162464119655705,0.0840625
3359,3343,0.021624851146288843,0.084125
10726,10566,0.021625804058118397,0.0841875
4669,4671,0.021626048023652474,0.08425
6534,6321,0.021629268358557444,0.0843125
6329,6269,0.021629533000338486,0.084375
9603,9217,0.021630237509946953,0.0844375
15578,14571,0.021630695581403986,0.0845
10030,9908,0.021630987099465745,0.0845625
3253,3013,0.02163200882787619,0.084625
7877,7693,0.021632799446856938,0.0846875
14973,14241,0.021634324706201278,0.08475
13694,12101,0.021635743212419456,0.0848125
1439,977,0.021636159724556698,0.084875
6404,6313,0.021638124014929302,0.0849375
8449,8698,0.02163835834104996,0.085
5332,5207,0.021638672004144002,0.0850625
10186,10246,0.021639546027839244,0.085125
14465,14150,0.02164010028209926,0.0851875
7584,7257,0.02164123627626586,0.08525
1383,1024,0.021642113871945843,0.0853125
5536,5375,0.021642365322852672,0.085375
9206,9438,0.021645441117575354,0.0854375
9731,9451,0.021645860323557756,0.0855
13810,13952,0.021647559291024698,0.0855625
8647,8826,0.021647571366340018,0.085625
4921,4148,0.021648463938337956,0.0856875
4888,4865,0.021648773134950113,0.08575
9026,9224,0.021649115555704167,0.0858125
13976,14020,0.02164973642030879,0.085875
8881,8232,0.021650132483807275,0.0859375
13025,13200,0.021650302522039193,0.086
13187,12899,0.02165156843751741,0.0860625
7826,7365,0.021653946637479552,0.086125
3945,3837,0.021654606556334725,0.0861875
5641,5421,0.02165566489074944,0.08625
9827,9675,0.021655705850234908,0.0863125
13132,12711,0.0216558696321361,0.086375
4468,4453,0.02165608783336374,0.0864375
8500,8590,0.021657122650925866,0.0865
5062,5017,0.021657194971216338,0.0865625
9695,9149,0.021657195906837245,0.086625
13324,12755,0.02165872567163101,0.0866875
10044,10138,0.021659132342432007,0.08675
7651,7503,0.021660276269171372,0.0868125
2827,2632,0.02166048308028212,0.086875
6316,6075,0.021661546335150564,0.0869375
7244,7049,0.021663426594324846,0.087
13110,12903,0.021663781658744097,0.0870625
4455,4459,0.0216643309626551,0.087125
15774,15799,0.021665096382561148,0.0871875
4436,4335,0.021665320084979692,0.08725
10389,9731,0.02166555167510194,0.0873125
9584,9572,0.02166835944402819,0.087375
15747,15657,0.0216687376775539,0.0874375
1464,1171,0.021669002509444573,0.0875
5175,5145,0.021669674528467235,0.0875625
3997,3907,0.02167105567301198,0.087625
1455,865,0.021671083900669075,0.0876875
7297,7149,0.02167122202344884,0.08775
9912,9840,0.02167183035410029,0.0878125
10909,10900,0.02167208469167856,0.087875
7430,7157,0.021672706586639893,0.0879375
10570,10444,0.02167270875574533,0.088
7217,7023,0.021672969549509088,0.0880625
5888,5771,0.021673222283545693,0.088125
5292,5189,0.021673471232521432,0.0881875
8791,8998,0.021673490203756248,0.08825
4899,4851,0.021674640116018468,0.0883125
4484,4425,0.021674656100621914,0.088375
15414,15486,0.02167611949154816,0.0884375
14648,13771,0.02167649386022137,0.0885
8763,8956,0.02167663244899602,0.0885625
937,623,0.021677274491338074,0.088625
4699,4695,0.021677883989351502,0.0886875
8805,8326,0.021677980149437042,0.08875
7722,7527,0.02167806583122056,0.0888125
15716,14617,0.02167855757866067,0.088875
13549,13262,0.021682504556828578,0.0889375
7228,7091,0.02168321036158639,0.089
15388,15298,0.021683422243148117,0.0890625
13391,13025,0.02168366920299016,0.089125
8715,8912,0.021684044386793007,0.0891875
811,577,0.021685048315072283,0.08925
8014,7735,0.021685396678155968,0.0893125
7384,7161,0.021687455937275526,0.089375
13562,12589,0.021689487776271173,0.0894375
11179,10708,0.021691557141629465,0.0895
3965,3741,0.02169220617515686,0.0895625
6047,4942,0.021692550131809984,0.089625
4561,4593,0.02169322218688533,0.0896875
6128,5913,0.021694723453920647,0.08975
4051,4133,0.021695758036628612,0.0898125
13526,12776,0.0216969126717514,0.089875
1181,830,0.021696998814887437,0.0899375
950,279,0.021697652074406243,0.09
9238,9396,0.021698727030624042,0.0900625
8789,9048,0.02169883230822175,0.090125
9165,9422,0.021701227126107867,0.0901875
15777,15223,0.0217031325061805,0.09025
2797,2361,0.021703737571058774,0.0903125
12198,11613,0.02170466028511813,0.090375
15136,14685,0.021705050346204194,0.0904375
10043,10126,0.021706065572473808,0.0905
1431,1185,0.021706659240072156,0.0905625
1166,816,0.02170667795604183,0.090625
10792,10742,0.021707218551832736,0.0906875
15430,15954,0.021707501531381602,0.09075
9700,9267,0.021709721669045057,0.0908125
6253,6201,0.021710293779287692,0.090875
8799,9014,0.021710698815400303,0.0909375
9738,9645,0.021711858594712734,0.091
13402,13150,0.021712405597559898,0.0910625
8430,8732,0.021712419806701876,0.091125
7747,7575,0.021713114050224986,0.0911875
6258,6161,0.021714822907131073,0.09125
13465,12773,0.02171491852231479,0.0913125
4098,3500,0.021715487568055004,0.091375
8412,8648,0.021716080772521986,0.0914375
701,313,0.021716091627506075,0.0915
12572,11030,0.021717427024668622,0.0915625
13913,13424,0.0217177416162614,0.091625
14239,13249,0.021721168864864842,0.0916875
9169,9380,0.021722991189308025,0.09175
10516,10484,0.021723793432602775,0.0918125
13282,12739,0.021723918919375713,0.091875
4185,4203,0.021725054746845038,0.0919375
3380,3157,0.021725188890377757,0.092
9213,9426,0.021725203629350195,0.0920625
8586,8808,0.02172559667868543,0.092125
7836,7715,0.021726389942437672,0.0921875
10889,10818,0.02172687619822904,0.09225
1346,1020,0.021727647131028992,0.0923125
10858,10762,0.021727889112922866,0.092375
6300,6083,0.021727909194855205,0.0924375
7141,6721,0.021728201821557755,0.0925
9608,9453,0.021729685601034283,0.0925625
10050,9721,0.021729777315521743,0.092625
10886,10882,0.021730233399654957,0.0926875
14987,14637,0.02173131367482652,0.09275
9679,9579,0.02173136270324526,0.0928125
12969,13214,0.021732075103783784,0.092875
13753,12285,0.02173280884593768,0.0929375
13068,12891,0.021734174994274144,0.093
14375,14174,0.0217344195077302,0.0930625
4162,4161,0.02173460411538027,0.093125
8772,8978,0.02173488816970858,0.0931875
7129,7065,0.021735901868449856,0.09325
4482,4401,0.02173620038426365,0.0933125
15748,15687,0.021736502772190098,0.093375
13169,13208,0.021736551052030758,0.0934375
10431,10448,0.02173850149685795,0.0935
2780,2407,0.021739744902120117,0.0935625
13287,13272,0.021740165552589757,0.093625
10581,10472,0.021741261581294673,0.0936875
4415,4311,0.02174236139908464,0.09375
13892,13934,0.02174240339684196,0.0938125
13435,11506,0.021743521696158438,0.093875
13565,13053,0.021743933803267033,0.0939375
14177,14010,0.02174434530611007,0.094
13109,12883,0.0217443834681487,0.0940625
13113,12867,0.021744805499864232,0.094125
8917,9144,0.021744978407391907,0.0941875
15415,15580,0.021747322540271213,0.09425
8892,9136,0.0217481359263633,0.0943125
13131,13238,0.021748948840317597,0.094375
1602,1880,0.021750334671325353,0.0944375
10811,10636,0.021750993739793577,0.0945
9265,9446,0.02175165500191973,0.0945625
9751,9679,0.021752066529518093,0.094625
2057,1715,0.02175330060091407,0.0946875
679,549,0.02175508783123648,0.09475
10377,10424,0.021756656935435232,0.0948125
6301,6267,0.021757008440974973,0.094875
12276,11323,0.02175866614075945,0.0949375
2725,2283,0.021759037650191375,0.095
5481,5385,0.02175922102499329,0.0950625
1491,1888,0.021760145448445692,0.095125
7680,7517,0.021760298614654783,0.0951875
8663,8856,0.021760337315696796,0.09525
7117,7059,0.021761821898371718,0.0953125
12974,13196,0.021762185595809592,0.095375
6925,6533,0.021762614642106347,0.0954375
4902,4875,0.02176348819857502,0.0955
7668,7531,0.021763744550648566,0.0955625
3476,3507,0.021765920061847317,0.095625
12985,11080,0.02176598376899468,0.0956875
12995,12931,0.02176717313066486,0.09575
8697,8832,0.021767641486697825,0.0958125
8674,8842,0.021768093751799018,0.095875
11461,10890,0.02176952747465517,0.0959375
3272,2915,0.021769680264310098,0.096
1530,716,0.021770102514460706,0.0960625
7670,7581,0.021770256253987617,0.096125
8518,8742,0.021771044578812584,0.0961875
3607,3543,0.021771091969329505,0.09625
9300,9486,0.02177206230741436,0.0963125
3343,3123,0.02177343407571791,0.096375
6333,6277,0.021773504218832392,0.0964375
6427,6331,0.021774739018756366,0.0965
13788,13047,0.0217749727833768,0.0965625
7694,7557,0.021775679017800417,0.096625
9454,9538,0.02177607451616189,0.0966875
15773,15995,0.021776790096052615,0.09675
5786,5571,0.021777705832430383,0.0968125
15768,15969,0.02177777147478728,0.096875
3206,3043,0.02177852901229221,0.0969375
6295,6069,0.021779118204982906,0.097
4564,4609,0.02177948636636761,0.0970625
1366,750,0.02177953649472651,0.097125
796,557,0.02177998877873348,0.0971875
8749,8988,0.021781641954627645,0.09725
13191,12757,0.021782017113186055,0.0973125
5257,5848,0.02178215338075939,0.097375
14865,14385,0.021782798778867508,0.0974375
6517,6335,0.021784245852675826,0.0975
5271,4582,0.021785153513913816,0.0975625
7163,7095,0.021785438329922295,0.097625
3485,3509,0.021785572943742417,0.0976875
1357,813,0.02178560800605339,0.09775
8820,9092,0.021791462434002703,0.0978125
6540,6347,0.021792744771180626,0.097875
1802,1459,0.021793476326774572,0.0979375
3728,4222,0.021794908344960645,0.098
8351,7819,0.021795223200840822,0.0980625
8771,9028,0.021795347194372053,0.098125
14314,14248,0.021795504916930556,0.0981875
9927,9880,0.021795614392234566,0.09825
5461,5337,0.02179594890731442,0.0983125
7016,6589,0.021796201675124655,0.098375
7299,6879,0.02179634291765627,0.0984375
8590,8798,0.02179702635279991,0.0985
15440,15764,0.021797715085538735,0.0985625
1086,934,0.02179861561601118,0.098625
13444,13246,0.021800305676270518,0.0986875
9612,9778,0.021801843145458997,0.09875
4199,4187,0.02180524398597979,0.0988125
7176,6987,0.021806335571619068,0.098875
3438,3263,0.02180810874160214,0.0989375
4786,4797,0.021808201386223785,0.099
15422,15856,0.021808437043394736,0.0990625
9411,9510,0.02180863207095446,0.099125
7708,7345,0.021809340065849957,0.0991875
9712,9686,0.021809708862973346,0.09925
15381,15268,0.021810131759247096,0.0993125
4977,4937,0.021810361569815882,0.099375
13945,14018,0.02181207430490414,0.0994375
15044,14849,0.021812647105305855,0.0995
2186,1901,0.02181284858735706,0.0995625
9955,9934,0.02181333237564764,0.099625
10693,10736,0.02181398954360655,0.0996875
9873,9692,0.021814311219106177,0.09975
15449,15948,0.02181516817445559,0.0998125
7219,6822,0.021815801106100218,0.099875
9767,9704,0.0218158579169938,0.0999375
4408,4365,0.021816253579155433,0.1
1371,917,0.021816335661606557,0.1000625
1803,1511,0.021816696584533547,0.100125
980,938,0.021817155021880513,0.1001875
4172,4175,0.021818274948600724,0.10025
9776,9720,0.02181872887048915,0.1003125
9993,10072,0.021819781451043765,0.100375
4034,3903,0.021820322371145912,0.1004375
9837,9377,0.021821028731613935,0.1005
1281,1036,0.021821133841454336,0.1005625
5291,4644,0.02182211734016293,0.100625
4313,4513,0.02182357117393065,0.1006875
4429,4563,0.021823710808439412,0.10075
9567,9521,0.021825026258092156,0.1008125
7843,7731,0.02182510006550512,0.100875
9786,9822,0.021826632253395283,0.1009375
9052,9226,0.021826917663482995,0.101
14033,14060,0.02182729605637095,0.1010625
8461,8692,0.021827411010660654,0.101125
5336,5231,0.02182759095107573,0.1011875
5121,5081,0.021827890339957363,0.10125
2744,2339,0.02182806944459469,0.1013125
5423,5333,0.021828313983658313,0.101375
9998,10044,0.021828602977394702,0.1014375
8566,8410,0.02182884192300145,0.1015
13032,12653,0.021829225624493645,0.1015625
9984,9729,0.02182944882922582,0.101625
8421,8704,0.0218296140365868,0.1016875
1201,786,0.021829885362915115,0.10175
7112,7093,0.021830736804340684,0.1018125
3858,3711,0.021831590059345284,0.101875
3604,3553,0.02183207770696836,0.1019375
1217,755,0.021832762588163933,0.102
7319,7167,0.021832907566859825,0.1020625
5856,5753,0.021833084337836924,0.102125
3853,3715,0.021834187096574524,0.1021875
1978,1820,0.021834417045563707,0.10225
9651,9624,0.0218350709316556,0.1023125
13466,13029,0.021835248535598536,0.102375
13164,12975,0.021836842786308295,0.1024375
5920,5873,0.021836911803441744,0.1025
7193,6330,0.021836940957438794,0.1025625
1224,121,0.02183775059587041,0.102625
13724,13928,0.021838672862950118,0.1026875
1534,1916,0.021840724397008272,0.10275
9619,9780,0.02184090745919526,0.1028125
13880,13864,0.021840996312702803,0.102875
7730,7385,0.02184247360253854,0.1029375
3938,3747,0.021843327153853856,0.103
7700,7351,0.02184473945572212,0.1030625
8284,7829,0.02184474906185971,0.103125
15778,15879,0.021845166083026852,0.1031875
8406,7981,0.02184594800423919,0.10325
6230,6193,0.021846180783554645,0.1033125
1358,1083,0.02184970011483064,0.103375
13103,12721,0.021850294157407895,0.1034375
12962,13204,0.021851031465343333,0.1035
6239,6181,0.02185121916764649,0.1035625
3374,3311,0.021852201176799018,0.103625
10105,10238,0.021852676736127827,0.1036875
4064,4029,0.021852732223679745,0.10375
4085,4149,0.021853069610431305,0.1038125
10650,9991,0.02185413922756893,0.103875
4451,4485,0.021856609934122192,0.1039375
8529,8786,0.021856977057272454,0.104
15413,15682,0.02185790139925198,0.1040625
5011,5003,0.02185829697190186,0.104125
3335,3425,0.02185994511713807,0.1041875
684,543,0.02185997609942948,0.10425
3909,3863,0.021860923851624536,0.1043125
15451,15966,0.0218615872314405,0.104375
8686,8908,0.021861833866753146,0.1044375
14454,14166,0.021862014576043743,0.1045
8638,8902,0.021862155325061295,0.1045625
9621,9625,0.021864490202538393,0.104625
6634,6469,0.021864545611038746,0.1046875
15780,15909,0.021865703080522308,0.10475
2046,1776,0.021866104016424283,0.1048125
1965,1878,0.0218672289597323,0.104875
777,415,0.021867269795845388,0.1049375
13226,13108,0.021867312531995795,0.105
12050,11671,0.021868471701266563,0.1050625
9710,9683,0.021868527468667725,0.105125
9613,9529,0.021868773068120465,0.1051875
726,653,0.021869260944037613,0.10525
8507,8444,0.021869503115646265,0.1053125
14635,14491,0.021869653617766528,0.105375
9144,9346,0.02187092611621513,0.1054375
9636,8897,0.02187120436112572,0.1055
8234,8670,0.0218713145961659,0.1055625
5001,4979,0.02187253660023843,0.105625
1213,37,0.02187313979632464,0.1056875
6664,6465,0.021873264182648865,0.10575
6766,6551,0.021873920806430032,0.1058125
13926,13369,0.02187456206887746,0.105875
8904,9148,0.021874762685678197,0.1059375
7180,7061,0.021874820191976667,0.106
3345,3317,0.021874820564437125,0.1060625
6279,6219,0.021874867820601263,0.106125
14745,14409,0.02187612098329256,0.1061875
3232,3027,0.021876397677964735,0.10625
4367,4519,0.021876692797082903,0.1063125
3227,2969,0.021876870148315745,0.106375
4689,4729,0.02187708739386987,0.1064375
13088,13132,0.021879284822031123,0.1065
2615,2607,0.021879924189639566,0.1065625
9618,9676,0.021880870785402993,0.106625
2745,2429,0.021881940598453237,0.1066875
1720,1423,0.02188242508652001,0.10675
4225,4223,0.021883108456344464,0.1068125
13863,13940,0.021884755907254458,0.106875
13049,12819,0.021885364708373795,0.1069375
3328,3403,0.021885593085956136,0.107
1713,1405,0.02188619126539198,0.1070625
13061,13190,0.021886652873794744,0.107125
961,896,0.021888022260858002,0.1071875
9625,9585,0.021888382327465906,0.10725
9626,9615,0.021889733814282518,0.1073125
14777,14337,0.021889780841154356,0.107375
13799,13930,0.021891351926627507,0.1074375
2750,2649,0.02189325165318233,0.1075
15088,14871,0.02189485816467929,0.1075625
15452,15880,0.021895600539519906,0.107625
2737,2397,0.021896522730718307,0.1076875
6206,6195,0.0218968829755115,0.10775
13716,13912,0.021897688295995907,0.1078125
7835,7745,0.021898996491735722,0.107875
6866,6569,0.021899804082865303,0.1079375
4069,4033,0.021899836956858914,0.108
7150,7025,0.021901870467517508,0.1080625
15149,14759,0.02190207925195823,0.108125
13051,12853,0.02190279019580922,0.1081875
14851,14535,0.021903189438178813,0.10825
15404,15586,0.021903240104568192,0.1083125
5818,5773,0.021904664467077978,0.108375
10721,10628,0.021905376294228618,0.1084375
10777,10766,0.021905689994182322,0.1085
693,595,0.021906083294532277,0.1085625
3331,3313,0.02190614541901946,0.108625
13731,13892,0.021906698237907116,0.1086875
15458,15888,0.021907987479270682,0.10875
6231,6239,0.021909876032676044,0.1088125
8744,9086,0.0219101390677188,0.108875
13807,13734,0.02191087810955885,0.1089375
9632,8935,0.021911190519512805,0.109
5857,5779,0.021911284062815093,0.1090625
10892,10918,0.021912419447488403,0.109125
8592,7921,0.021912894724229304,0.1091875
754,661,0.021913002493624337,0.10925
13666,13433,0.021914101377118748,0.1093125
9802,9902,0.02191534942260663,0.109375
13825,13956,0.02191544897546996,0.1094375
9774,9741,0.021917047834317225,0.1095
5458,5359,0.02191710002296379,0.1095625
769,629,0.021917105262395587,0.109625
2823,2447,0.021917347582332786,0.1096875
13309,12978,0.02191782215777231,0.10975
11017,10928,0.02191802843837382,0.1098125
1120,711,0.021918238805308524,0.109875
14220,14240,0.0219190989446566,0.1099375
4608,4629,0.021919178686927724,0.11
1195,167,0.021919548133178552,0.1100625
13139,13232,0.021919960291355456,0.110125
9589,9804,0.021922555372019762,0.1101875
14130,14108,0.021922595560992734,0.11025
3066,3073,0.021922913311904314,0.1103125
4368,3978,0.021923304102163713,0.110375
3159,3007,0.021924937332626987,0.1104375
5943,5891,0.02192537862482902,0.1105
15432,15760,0.021925467419117165,0.1105625
9951,10188,0.02192569004938159,0.110625
3509,3150,0.021926326808181105,0.1106875
15447,15972,0.021926476078616492,0.11075
1768,1924,0.021926874344195265,0.1108125
4396,4393,0.021926914024087325,0.110875
1562,1299,0.021928330229276972,0.1109375
15040,14739,0.021928895347619274,0.111
4390,4569,0.02192901715304576,0.1110625
9577,9557,0.021929325377903673,0.111125
13663,13097,0.021929501523678268,0.1111875
14764,14497,0.021929653128785316,0.11125
3893,3881,0.021930919370046972,0.1113125
9597,9583,0.02193104614436214,0.111375
2700,2554,0.02193108453818966,0.1114375
4398,4541,0.021931208547858873,0.1115
15379,15378,0.021931340287686958,0.1115625
59,299,0.021931660350212115,0.111625
13033,12957,0.021932976446325882,0.1116875
6567,6445,0.021933412239674294,0.11175
966,906,0.021935506517386783,0.1118125
5426,5371,0.02193590679927964,0.111875
13125,13236,0.02193592166954186,0.1119375
2014,2020,0.02193654798755963,0.112
12246,11645,0.021936615934967964,0.1120625
9701,9812,0.02193663200888428,0.112125
10600,10544,0.0219375205288985,0.1121875
13831,13896,0.02193755614660534,0.11225
13126,13248,0.021938405748472455,0.1123125
7192,6851,0.02193917133144213,0.112375
9693,9656,0.0219392914516269,0.1124375
15052,15336,0.021939980295056078,0.1125
4127,4179,0.02194110785813532,0.1125625
5601,5461,0.021941606511590706,0.112625
9590,9607,0.02194186492745361,0.1126875
14379,14320,0.021942253036881767,0.11275
5724,5565,0.021942482580679063,0.1128125
13086,12829,0.021942814613043437,0.112875
12161,11775,0.02194424175139494,0.1129375
3427,3493,0.021944890252256946,0.113
8468,7911,0.021945749465513763,0.1130625
5424,5373,0.02194580328152859,0.113125
13094,12985,0.02194591440446055,0.1131875
14230,14148,0.02194608843896878,0.11325
9604,9515,0.021947007244746842,0.1133125
7742,7685,0.02194748999667646,0.113375
9605,9724,0.02194824842994315,0.1134375
15034,14889,0.02194853174977075,0.1135
13105,13389,0.021949721800565803,0.1135625
2399,2104,0.02195064538493279,0.113625
13090,13003,0.02195085394340589,0.1136875
14943,14500,0.021951185252184667,0.11375
3069,3023,0.021951283262046054,0.1138125
9542,8855,0.0219516529420769,0.113875
10051,9781,0.021953266422878537,0.1139375
8476,8116,0.02195347734131459,0.114
4359,4533,0.021953521179502333,0.1140625
15433,14851,0.021953844393536752,0.114125
6268,6251,0.0219538964924468,0.1141875
6187,5983,0.02195417372377412,0.11425
13162,12473,0.021954412432838574,0.1143125
1649,1359,0.02195442624946494,0.114375
13636,13498,0.02195461212889916,0.1144375
10786,10912,0.021954704957571545,0.1145
4443,4535,0.021955104713734276,0.1145625
4339,4291,0.02195523558963868,0.114625
5789,5645,0.021956067551770597,0.1146875
10122,10288,0.02195705910531873,0.11475
1759,1495,0.021957597667350785,0.1148125
7252,6254,0.021959627552199386,0.114875
12234,11801,0.021960446934433563,0.1149375
7589,7525,0.021960591104185086,0.115
15625,14769,0.02196067546583307,0.1150625
13763,13994,0.02196081687425771,0.115125
1404,1151,0.021961669435677667,0.1151875
4763,4777,0.021961942947352837,0.11525
13661,13828,0.021962892383958075,0.1153125
9580,9752,0.021963539408305786,0.115375
9732,9673,0.021964960340616128,0.1154375
14769,14412,0.02196517244368821,0.1155
2308,2078,0.02196586967030377,0.1155625
14705,14433,0.0219664016467496,0.115625
15353,14773,0.02196641966938447,0.1156875
4073,3983,0.02196647920837313,0.11575
12221,11773,0.021967323517869623,0.1158125
13844,13984,0.021967816984185904,0.115875
7433,6902,0.021967957482971295,0.1159375
9734,9900,0.021968024130289754,0.116
14681,14427,0.021969010146622628,0.1160625
3125,2695,0.021971020361698727,0.116125
6272,6243,0.021971239885049204,0.1161875
3142,2931,0.021972773025765797,0.11625
7597,7521,0.02197313708429753,0.1163125
4704,4755,0.02197325113820415,0.116375
7683,7567,0.021973463219620192,0.1164375
13257,12197,0.021974040814241588,0.1165
3189,3059,0.021974049331821368,0.1165625
13156,13126,0.021974327164659867,0.116625
6477,6383,0.021974530386118928,0.1166875
1110,784,0.021974624273394656,0.11675
9919,10092,0.021975673778676996,0.1168125
6246,6217,0.021975707462533706,0.116875
3913,3831,0.02197645323846719,0.1169375
1972,1856,0.021976498436576418,0.117
11961,11757,0.021976555569093538,0.1170625
669,615,0.021976758488573986,0.117125
2711,2617,0.021976897274441697,0.1171875
8773,9096,0.021977518443990346,0.11725
1160,1008,0.02197753729715838,0.1173125
13692,13323,0.021977782317291295,0.117375
9961,10076,0.02197779449874562,0.1174375
14791,14279,0.021978140987978068,0.1175
8425,8668,0.021978569299124513,0.1175625
720,671,0.02197958579619814,0.117625
347,637,0.021980390347112178,0.1176875
9431,9191,0.02198052239798026,0.11775
13040,13116,0.021981024652610037,0.1178125
15330,15328,0.021981701951237023,0.117875
1684,1962,0.02198180381853149,0.1179375
2601,2579,0.021982262625680263,0.118
9578,9710,0.021982384461953598,0.1180625
9471,9501,0.021985708233918672,0.118125
12917,13216,0.021985782273161922,0.1181875
3323,3177,0.02198607062961236,0.11825
9675,9810,0.021986855988552417,0.1183125
9821,9886,0.021987531751138916,0.118375
4416,4391,0.02198777471162616,0.1184375
3198,2825,0.02198820581457691,0.1185
4391,4463,0.02198863756649656,0.1185625
14714,14505,0.021988785057731407,0.118625
12775,13226,0.021989817657694765,0.1186875
10781,10842,0.021989858283828486,0.11875
13742,13974,0.021989901734730834,0.1188125
9365,8679,0.02199005458191688,0.118875
15412,15054,0.02199025814517349,0.1189375
1372,1183,0.02199039331618583,0.119
14668,14517,0.021991197787756992,0.1190625
15431,15980,0.021991228002996358,0.119125
7653,7631,0.02199142268530137,0.1191875
13729,13415,0.021991764830743155,0.11925
8551,8065,0.021992137132745844,0.1193125
14213,14296,0.021992200802196465,0.119375
4627,4663,0.021992552008476052,0.1194375
5181,5193,0.021992632583808295,0.1195
7860,7160,0.021994821700157874,0.1195625
2022,1676,0.02199502351745684,0.119625
617,379,0.021995373907973237,0.1196875
3775,3693,0.021996793726669416,0.11975
15157,15300,0.0219988722336846,0.1198125
13554,13313,0.021998914041424022,0.119875
13008,12889,0.021999971864390476,0.1199375
3741,4212,0.022000151164574207,0.12
14614,14429,0.022000280549346683,0.1200625
12170,11641,0.02200058430529968,0.120125
13696,13882,0.022001533217374625,0.1201875
8457,8580,0.022002436389482148,0.12025
731,533,0.022002438474311967,0.1203125
4310,4537,0.02200245602995627,0.120375
6478,6401,0.02200261311893729,0.1204375
3981,4181,0.022003429861706447,0.1205
9697,9659,0.022003462927782394,0.1205625
3636,3581,0.022003663771495225,0.120625
730,475,0.02200387920177966,0.1206875
13483,13381,0.022003944779656896,0.12075
13505,14052,0.022004566804782362,0.1208125
14609,14499,0.0220054978836427,0.120875
4690,4743,0.022005959506161358,0.1209375
15755,15751,0.022006534593763304,0.121
13624,12370,0.02200760135061548,0.1210625
14918,15326,0.022008535693401443,0.121125
9510,9485,0.022008660243865573,0.1211875
15236,15320,0.022008804555608653,0.12125
9849,9751,0.02200893597397364,0.1213125
5389,5297,0.022010797408841012,0.121375
13847,13431,0.022011158319240717,0.1214375
915,685,0.02201130279714878,0.1215
13691,13890,0.022011383153160632,0.1215625
15562,14945,0.022013285456568523,0.121625
6263,6223,0.022013290403794464,0.1216875
9614,9569,0.02201341153795793,0.12175
13262,13292,0.02201376555777126,0.1218125
14840,14563,0.022015010976042294,0.121875
14087,14232,0.022015206798413758,0.1219375
15011,15276,0.022015678470304716,0.122
9941,10140,0.02201606434341995,0.1220625
15389,14857,0.02201611302396486,0.122125
14403,13665,0.022017465122506654,0.1221875
12424,11192,0.022018484440893837,0.12225
14216,14302,0.02201942695292545,0.1223125
5660,5467,0.02201956638082019,0.122375
10789,10864,0.02202014844435349,0.1224375
5413,5381,0.022020629918346416,0.1225
12968,13176,0.022021616378585955,0.1225625
10743,10664,0.02202274007742434,0.122625
8121,7811,0.022022757295682205,0.1226875
6620,6459,0.022023623876069855,0.12275
3370,3485,0.022023654768583794,0.1228125
9629,9842,0.022023873936306046,0.122875
15390,15446,0.022023914461683485,0.1229375
7138,7101,0.02202429797773052,0.123
14728,14539,0.02202561670008234,0.1230625
10687,10582,0.022025796265071267,0.123125
15771,15875,0.022026157899787218,0.1231875
13654,13944,0.02202648955938909,0.12325
13135,12999,0.022026797341450376,0.1233125
14183,14264,0.022027064916777642,0.123375
5690,5555,0.02202797578425973,0.1234375
8860,9120,0.022028066034319175,0.1235
1841,1928,0.02202837366868888,0.1235625
4000,3949,0.0220286537485009,0.123625
13122,13367,0.022029254623155886,0.1236875
13761,13405,0.022029513302920654,0.12375
590,355,0.02202955874123491,0.1238125
13765,13383,0.022029803993205147,0.123875
15049,14731,0.022029965842392703,0.1239375
7467,6896,0.022031328116778725,0.124
6991,6639,0.02203139014082652,0.1240625
3381,3209,0.02203167830224949,0.124125
3006,3065,0.02203198305475611,0.1241875
647,571,0.022032164570865043,0.12425
9967,10148,0.022032384661898045,0.1243125
6559,6473,0.022032611300774156,0.124375
13714,13475,0.022032842691334088,0.1244375
5254,5203,0.022033628528406155,0.1245
9795,9904,0.02203416379685655,0.1245625
4426,4567,0.02203480441051173,0.124625
2991,3021,0.022036097600554676,0.1246875
13719,13253,0.022036831314950024,0.12475
13063,13242,0.02203744584330392,0.1248125
2227,2583,0.022037890754493077,0.124875
9548,9159,0.022038112976697864,0.1249375
8548,8142,0.022039139415147305,0.125
718,587,0.022040140688283225,0.1250625
1810,1565,0.022040199466997982,0.125125
2949,2621,0.02204027804790963,0.1251875
15199,15324,0.02204046656496015,0.12525
4320,4523,0.02204048158402881,0.1253125
2644,2571,0.022042284626082403,0.125375
7554,7509,0.022042391483189473,0.1254375
13509,13321,0.022043593343903264,0.1255
3274,3357,0.022045103372615196,0.1255625
2639,2605,0.02204514241650989,0.125625
1883,1938,0.02204594219805031,0.1256875
15749,15551,0.02204610267997862,0.12575
13648,13548,0.022046238829542777,0.1258125
2784,2696,0.0220467417345131,0.125875
546,307,0.022047444792085886,0.1259375
7769,7703,0.02204790875763871,0.126
3952,4171,0.02204869621278664,0.1260625
7053,6973,0.0220495128597187,0.126125
1481,588,0.022049748341835616,0.1261875
8495,8760,0.022049979677306594,0.12625
4581,4625,0.022050217886886835,0.1263125
8402,8053,0.02205091183784204,0.126375
3557,3565,0.022051067009359226,0.1264375
620,559,0.02205161403193834,0.1265
13019,12933,0.022051763944130904,0.1265625
15325,15254,0.022051987427551465,0.126625
12006,11637,0.02205210967981162,0.1266875
1386,1062,0.022053270068183094,0.12675
1330,1053,0.022053354012323355,0.1268125
12936,13212,0.02205441061579419,0.126875
4356,4321,0.022054530579094872,0.1269375
9586,9465,0.022054815602004712,0.127
8288,7985,0.02205516543673297,0.1270625
1043,872,0.022056051023091956,0.127125
4450,4497,0.022056426398295255,0.1271875
4267,4579,0.0220569694083738,0.12725
7750,7721,0.022057067357599974,0.1273125
14979,14805,0.022057337029123467,0.127375
9570,9672,0.022058979731435214,0.1274375
1017,810,0.022059104304310496,0.1275
14947,14839,0.022060223308481713,0.1275625
9538,9433,0.022060953037404612,0.127625
8213,8690,0.022060978643128178,0.1276875
10010,10192,0.022061229952220016,0.12775
13695,13800,0.022061787483744762,0.1278125
15732,15723,0.0220628068937762,0.127875
7151,7071,0.022062833946200514,0.1279375
14952,14737,0.022062865119353386,0.128
8309,8694,0.022062970428849416,0.1280625
7282,7193,0.02206418466894233,0.128125
6155,5967,0.02206426152572206,0.1281875
13931,13257,0.022064808524677713,0.12825
7128,6853,0.02206486372186241,0.1283125
15041,14847,0.022064933722525108,0.128375
4897,4909,0.022065296948709553,0.1284375
2629,2406,0.022065872113188126,0.1285
7170,7155,0.022066425252942813,0.1285625
2719,2669,0.022066453852820165,0.128625
9893,9745,0.02206666687758133,0.1286875
3194,3105,0.022066998262440084,0.12875
14094,14266,0.022067145614614113,0.1288125
9572,9487,0.02206718018586854,0.128875
13083,12987,0.022067181974981847,0.1289375
9937,10078,0.02206775589517173,0.129
1884,1854,0.022067974006996397,0.1290625
4100,4165,0.022068117588154548,0.129125
1041,824,0.022069113052805962,0.1291875
3056,2903,0.022069667747800475,0.12925
9698,9852,0.02206972453958254,0.1293125
8418,8606,0.022069813840991142,0.129375
3098,2787,0.022070945601918846,0.1294375
14248,14318,0.02207288243110238,0.1295
3605,3601,0.022072943121017208,0.1295625
9969,10208,0.022073138752986048,0.129625
3378,3465,0.022073285675741218,0.1296875
13722,13439,0.02207335074635382,0.12975
1259,1038,0.022074753799894358,0.1298125
8312,7965,0.022075044440536623,0.129875
2002,2016,0.022076211550047447,0.1299375
9595,9341,0.022076643591380486,0.13
6188,6173,0.02207690915534211,0.1300625
680,451,0.02207701607061236,0.130125
10371,10470,0.0220782502777443,0.1301875
13606,13758,0.022080180631921447,0.13025
9403,9593,0.022080208816197225,0.1303125
14632,14329,0.022080317802501623,0.130375
3365,3439,0.022080491247511026,0.1304375
3148,3045,0.022080625107805712,0.1305
9511,9649,0.02208075987805278,0.1305625
4374,4545,0.022082225419556185,0.130625
12157,11441,0.022082890411760748,0.1306875
3021,2953,0.022083822014674754,0.13075
1036,798,0.022084039652026353,0.1308125
3357,3215,0.022084118072991692,0.130875
1615,1343,0.02208429469123853,0.1309375
9980,10096,0.022084377241300343,0.131
13392,13538,0.02208443543587278,0.1310625
1749,1960,0.022085587300852905,0.131125
13762,13988,0.022085710779811935,0.1311875
4370,4577,0.02208635553221487,0.13125
654,633,0.0220876671068075,0.1313125
9547,9800,0.022087690452028685,0.131375
13623,14024,0.022087815915348624,0.1314375
13596,13886,0.02208799126987238,0.1315
13146,13296,0.022088697342350354,0.1315625
13209,13286,0.022088827457098306,0.131625
986,806,0.022089854160654305,0.1316875
14232,14314,0.0220898569352564,0.13175
534,303,0.022089967682333386,0.1318125
6636,6519,0.02209107252051888,0.131875
9429,9605,0.02209164078374677,0.1319375
14058,14202,0.022092920124467882,0.132
9606,9623,0.022093230951072157,0.1320625
2491,2569,0.022094378799968777,0.132125
636,551,0.022094747380877158,0.1321875
14541,14511,0.022095077628693945,0.13225
4521,4605,0.022095679044721917,0.1323125
992,842,0.02209689361940834,0.132375
15162,14600,0.022097663713056763,0.1324375
8523,8810,0.02209847370774129,0.1325
1523,1331,0.022098484277052303,0.1325625
2611,2659,0.022098833692713492,0.132625
2723,2587,0.022099178019383502,0.1326875
13583,13742,0.022099495662272605,0.13275
2821,2619,0.02210030053877232,0.1328125
3155,3015,0.022100309721109483,0.132875
8295,8678,0.02210043499076578,0.1329375
9294,9858,0.02210248732755327,0.133
1961,1665,0.022103251184173025,0.1330625
8385,8714,0.02210353169253003,0.133125
14307,14515,0.02210513002787419,0.1331875
6323,6299,0.02210524550036132,0.13325
7754,7880,0.022105402916554533,0.1333125
4346,4529,0.022105552366868748,0.133375
1200,927,0.022105962675974162,0.1334375
15329,15312,0.022107197786114197,0.1335
3175,2871,0.022107454547448637,0.1335625
8389,8644,0.02210780658799732,0.133625
15030,15272,0.022108041708976844,0.1336875
9487,10002,0.022108549671531707,0.13375
13591,13632,0.022108637440810926,0.1338125
13751,13686,0.02210901025176899,0.133875
8390,8075,0.022109993129163084,0.1339375
2768,2656,0.0221101809419067,0.134
15715,15739,0.022110419194922792,0.1340625
13725,14008,0.0221106792547975,0.134125
13431,13496,0.02211158343905132,0.1341875
4417,4583,0.022111867425310815,0.13425
3744,3645,0.022111940838789153,0.1343125
15033,14855,0.022111964368018704,0.134375
8020,7797,0.02211207204117773,0.1344375
13905,14042,0.022112716274451147,0.1345
3289,3355,0.022114555558976377,0.1345625
8387,8664,0.022114595811606925,0.134625
2647,2627,0.02211480110924813,0.1346875
10416,10518,0.022116174888992826,0.13475
153,275,0.02211624658127441,0.1348125
13543,13868,0.022116425040018154,0.134875
15110,14915,0.022116838414190897,0.1349375
15102,15282,0.022117372768511542,0.135
6609,6523,0.022117418124650755,0.1350625
15515,14923,0.02211770772837641,0.135125
5378,5305,0.022118012743990317,0.1351875
470,657,0.022119153858662137,0.13525
14584,14489,0.02211934689856788,0.1353125
529,679,0.022120223662104976,0.135375
8601,8840,0.022120892739820906,0.1354375
9596,9455,0.022121013314505857,0.1355
14877,14641,0.022121020579244748,0.1355625
3807,3759,0.02212102604113016,0.135625
9592,9674,0.02212118455000414,0.1356875
9148,9442,0.022121261970196673,0.13575
15295,14648,0.022121476919360852,0.1358125
4028,4117,0.022121718869170016,0.135875
5071,5101,0.02212180282054809,0.1359375
9947,10162,0.02212196805491759,0.136
13736,13932,0.022122622164331224,0.1360625
5824,5793,0.02212279529198508,0.136125
967,956,0.022122836547638,0.1361875
1817,1978,0.02212361388803638,0.13625
438,665,0.022123633884670143,0.1363125
7160,7135,0.0221237307670236,0.136375
4019,4013,0.022124362962079883,0.1364375
3552,3579,0.022124391012738668,0.1365
4733,4620,0.022124682253941878,0.1365625
3236,3139,0.02212470554474127,0.136625
582,663,0.02212520535131136,0.1366875
9781,10190,0.022125413942911558,0.13675
1344,1071,0.022125502661020664,0.1368125
1162,760,0.022126753130182007,0.136875
13419,13532,0.02212879078505093,0.1369375
9338,9500,0.0221293480637,0.137
13071,12559,0.022129798493875637,0.1370625
936,155,0.02213055545736031,0.137125
4594,4687,0.02213067913498914,0.1371875
587,561,0.022131100710583614,0.13725
9550,9828,0.022131669292583492,0.1373125
13771,13978,0.02213177341578385,0.137375
3276,3375,0.022132784120853736,0.1374375
747,269,0.02213312096063177,0.1375
3267,3389,0.022133497689081183,0.1375625
7765,7836,0.02213352636047263,0.137625
3283,3415,0.022133568425332328,0.1376875
10465,10045,0.02213376733417045,0.13775
9344,9561,0.022134352836771034,0.1378125
5656,5549,0.022134447180251038,0.137875
13774,14040,0.02213471361862071,0.1379375
1932,1904,0.02213505082203284,0.138
14912,15322,0.022135559391035366,0.1380625
10080,9829,0.02213610775005995,0.138125
707,437,0.022136494868376117,0.1381875
1917,1934,0.02213667615088734,0.13825
13137,13067,0.022137061442386946,0.1383125
4459,4555,0.022138450438700174,0.138375
14347,14380,0.02213882074812493,0.1384375
10188,9855,0.022139942670283706,0.1385
664,511,0.0221400451271827,0.1385625
781,673,0.022140048346129235,0.138625
13760,13201,0.02214029324401554,0.1386875
9924,10124,0.022140443575768408,0.13875
14034,14156,0.022140477672097553,0.1388125
8515,8814,0.02214050604150602,0.138875
2143,2052,0.022143247517791304,0.1389375
9713,9922,0.022143482708763252,0.139
9950,10094,0.02214418618086474,0.1390625
5191,5195,0.022145287532411635,0.139125
2676,2618,0.022145654400144554,0.1391875
11387,11034,0.022146041463113605,0.13925
7035,7001,0.0221467299320881,0.1393125
11257,11044,0.022146843695087477,0.139375
13021,13266,0.02214711907828912,0.1394375
15150,15240,0.022147265880917626,0.1395
604,607,0.02214763445027219,0.1395625
14999,14859,0.02214817070902974,0.139625
13058,13021,0.02214839268385715,0.1396875
10378,10510,0.022148453444780582,0.13975
1896,1898,0.022148472970227154,0.1398125
8221,8744,0.02214856103251531,0.139875
14905,15334,0.022148956806511258,0.1399375
9764,10170,0.022150032824395618,0.14
13350,13302,0.022151090908378652,0.1400625
14107,14218,0.022152903761023288,0.140125
3038,2879,0.022153110738527715,0.1401875
7846,7876,0.022153151826019662,0.14025
11948,11677,0.022153488742395054,0.1403125
725,948,0.022153722786824315,0.140375
7401,7687,0.022155361568940723,0.1404375
13864,14038,0.02215630946128419,0.1405
2988,3025,0.022156450312027398,0.1405625
5611,5489,0.022157335729380098,0.140625
8298,8710,0.022157430340246417,0.1406875
894,81,0.022157680887941955,0.14075
10805,10942,0.022157909456941457,0.1408125
12758,11875,0.022158556809660602,0.140875
1680,1936,0.02215892392364192,0.1409375
3351,3461,0.022158965340778315,0.141
15020,15340,0.02215955036017137,0.1410625
6761,6571,0.022159706113509325,0.141125
15308,15358,0.022159873480724197,0.1411875
13872,13569,0.022160052103691083,0.14125
15038,15342,0.022160512780583036,0.1413125
1892,1886,0.022161604463083826,0.141375
7623,7467,0.022161854336491395,0.1414375
14933,14887,0.022161924920086014,0.1415
14591,14477,0.022163272826193417,0.1415625
2656,2637,0.022163284044693993,0.141625
5750,5617,0.02216340099125557,0.1416875
2828,2740,0.022163475926959,0.14175
15046,15296,0.022164788265509935,0.1418125
3810,3705,0.022164893060039714,0.141875
4831,4654,0.02216493599961847,0.1419375
14570,14507,0.02216496405668912,0.142
834,898,0.02216546754446192,0.1420625
1325,1041,0.022166091267781823,0.142125
3870,4218,0.022166339821938077,0.1421875
5542,5455,0.02216765732709117,0.14225
13452,13898,0.02216789899428001,0.1423125
8348,8109,0.02216845762518578,0.142375
3872,3885,0.02216887409554513,0.1424375
3166,3069,0.02216906880553114,0.1425
13532,13289,0.022169918167248833,0.1425625
13675,13816,0.022169936171970894,0.142625
13964,14140,0.022170584858247966,0.1426875
3969,3921,0.022170595531333437,0.14275
567,369,0.02217188677276659,0.1428125
13555,13423,0.022172446972678693,0.142875
10610,10704,0.02217291159699898,0.1429375
13594,13880,0.02217462991474871,0.143
7719,7852,0.022174674654597895,0.1430625
2689,2588,0.022175464523251434,0.143125
3831,3767,0.02217546674089975,0.1431875
13499,13440,0.022175717331773495,0.14325
8267,7959,0.02217598796539377,0.1433125
7833,7804,0.022176800332775453,0.143375
12948,12935,0.022177131346043294,0.1434375
15753,15823,0.022177152422097158,0.1435
544,649,0.022178059171507968,0.1435625
13013,12942,0.022179246650811908,0.143625
7610,7571,0.022179279165868544,0.1436875
7050,7053,0.022179310129157814,0.14375
9722,9713,0.02217932369988726,0.1438125
13067,12938,0.022179338334421442,0.143875
12983,12977,0.022179646249419045,0.1439375
15764,15901,0.022179666408760734,0.144
10745,10914,0.02217990708496805,0.1440625
13550,13730,0.022180206271496403,0.144125
5436,5399,0.02218125043972292,0.1441875
194,367,0.022181285799445526,0.14425
2577,2609,0.022181602075549058,0.1443125
8321,8059,0.022181796327251004,0.144375
2659,2496,0.0221820468925394,0.1444375
9155,9472,0.0221820782504368,0.1445
8331,8622,0.02218273893577918,0.1445625
10935,10998,0.022183487585166573,0.144625
5314,5251,0.022183667929820825,0.1446875
8438,8740,0.02218395923227436,0.14475
12973,12967,0.022184671709978912,0.1448125
10128,10047,0.02218536264280146,0.144875
7580,7305,0.022185431563921318,0.1449375
13216,13045,0.022186719112342802,0.145
328,327,0.022187323884973305,0.1450625
496,395,0.02218763437248211,0.145125
12020,11231,0.022188278972982634,0.1451875
690,425,0.022189207752980143,0.14525
1988,1704,0.022190280648633716,0.1453125
6614,6511,0.022190332221656627,0.145375
7056,6832,0.02219065815929228,0.1454375
7989,7854,0.022190814544671485,0.1455
13956,14298,0.022190896858008066,0.1455625
9846,9743,0.022190900992921977,0.145625
14418,14411,0.022192398316044488,0.1456875
1862,1966,0.02219264308010412,0.14575
5435,5397,0.022192743183206166,0.1458125
15007,15244,0.02219276389462187,0.145875
3574,3561,0.02219290863572086,0.1459375
7446,7623,0.022193322848238415,0.146
9549,9403,0.022193785288906753,0.1460625
8082,7708,0.02219449633372717,0.146125
8735,9018,0.022195169300331406,0.1461875
3490,3535,0.0221953367291236,0.14625
1662,1988,0.022195447595389176,0.1463125
10648,10626,0.022196023558608016,0.146375
7334,7251,0.022196057192355862,0.1464375
13980,14254,0.0221963954666612,0.1465
7576,7485,0.022197147634332143,0.1465625
495,323,0.02219716206327646,0.146625
14662,14543,0.022197843777059606,0.1466875
2704,2626,0.022197851704398624,0.14675
537,659,0.02219801331575958,0.1468125
10163,10509,0.02219821966129876,0.146875
4764,4789,0.022198338039894155,0.1469375
3864,4119,0.02219862906754389,0.147
10732,10896,0.022199051096304802,0.1470625
14963,14873,0.022199311720106453,0.147125
9011,9236,0.02219971026510625,0.1471875
2642,2577,0.022199777077471426,0.14725
12751,11925,0.022200164658631474,0.1473125
15386,15124,0.02220051880356364,0.147375
11943,11611,0.02220069783810768,0.1474375
1904,1613,0.022201228012522976,0.1475
15061,15362,0.022201720030190313,0.1475625
11973,11719,0.0222018984478843,0.147625
9486,9527,0.02220196206604946,0.1476875
13677,13920,0.022201975704742215,0.14775
882,910,0.022202195818669408,0.1478125
9530,9808,0.02220248225393996,0.147875
7628,7595,0.022202493380905193,0.1479375
14718,14281,0.02220254857313216,0.148
3841,3829,0.02220273060200431,0.1480625
1207,724,0.02220326742387611,0.148125
946,904,0.022203324055875148,0.1481875
4318,4571,0.022203578905782832,0.14825
4692,4757,0.0222040958467793,0.1483125
7618,7363,0.022204353473587866,0.148375
5360,4890,0.022204705495127465,0.1484375
5500,5417,0.02220518090879103,0.1485
6667,6561,0.022205208049827167,0.1485625
8038,7794,0.02220576463961345,0.148625
14481,14457,0.022206891778848912,0.1486875
13959,14236,0.022206901846680435,0.14875
11909,11725,0.022207122905540753,0.1488125
9100,9382,0.022207387850166793,0.148875
13685,13906,0.022207671223767395,0.1489375
13029,12778,0.022207837796362772,0.149
13098,11694,0.022207979514715225,0.1490625
7611,7627,0.022208401167499725,0.149125
8533,8830,0.022208915047897775,0.1491875
3934,3899,0.02220911836535075,0.14925
4906,4642,0.022209670024346418,0.1493125
10454,10548,0.022210157405040107,0.149375
925,918,0.022210292546052283,0.1494375
8827,9140,0.022210373086972348,0.1495
13866,13529,0.022211804791083433,0.1495625
6611,6517,0.022213552904736655,0.149625
2552,2593,0.022214486163469837,0.1496875
651,611,0.022214669364318845,0.14975
9541,9541,0.022215598957860686,0.1498125
7904,7779,0.022216422583461074,0.149875
1941,1618,0.022216803935974853,0.1499375
2831,3238,0.022217121891795033,0.15
12949,13178,0.022217871921051652,0.1500625
7804,7352,0.022217934006789793,0.150125
13793,14048,0.022217973573085217,0.1501875
13712,13966,0.02221813418839827,0.15025
4551,4639,0.02221845731232388,0.1503125
10538,10075,0.022218866321371867,0.150375
15377,15512,0.022219412691419457,0.1504375
8498,8434,0.022219768486924293,0.1505
14985,15302,0.022219852033257912,0.1505625
15147,14955,0.022220006384083255,0.150625
14848,15262,0.022220309221842663,0.1506875
963,139,0.022220789419064853,0.15075
13382,13522,0.02222104267801311,0.1508125
15725,15715,0.02222126717438375,0.150875
8648,8946,0.022221290461213863,0.1509375
5212,5197,0.022221428991540393,0.151
10375,10049,0.022221559103224577,0.1510625
1851,1864,0.022221648304296668,0.151125
13633,13491,0.022222224080056602,0.1511875
2427,2585,0.02222239512342173,0.15125
2907,3286,0.022223152788572943,0.1513125
4350,4603,0.022223182300669844,0.151375
12492,11899,0.022223218667920527,0.1514375
910,808,0.022223556798241156,0.1515
12851,13180,0.0222237321804998,0.1515625
14917,15304,0.022223898698064896,0.151625
2692,2611,0.022224445065234043,0.1516875
10127,10326,0.022224464239836296,0.15175
5042,4416,0.022224501690658014,0.1518125
1825,1906,0.02222456395442826,0.151875
10219,10005,0.0222251562824483,0.1519375
9104,9428,0.02222537953996905,0.152
6401,6385,0.02222571831391117,0.1520625
13593,13838,0.022225811634743322,0.152125
7659,7637,0.022226236956311093,0.1521875
9684,9884,0.0222262920942009,0.15225
11093,10253,0.022227384916022164,0.1523125
2127,2058,0.022227477259946688,0.152375
1309,1076,0.022227668064430186,0.1524375
1592,1919,0.022228291216584577,0.1525
12993,13078,0.022228514338791246,0.1525625
15119,15238,0.0222290539819464,0.152625
130,393,0.02222928657238037,0.1526875
5388,5369,0.02222945855683626,0.15275
9964,9799,0.022230994321853503,0.1528125
4926,4919,0.022231040788231723,0.152875
727,1000,0.022231406954048804,0.1529375
6232,6257,0.02223198201807217,0.153
9186,9478,0.022232003565306687,0.1530625
7071,7057,0.022232304515004696,0.153125
3079,2803,0.022232823781074062,0.1531875
14003,13579,0.022233064443222792,0.15325
13531,13183,0.022233468990477696,0.1533125
14983,14861,0.022233621305934995,0.153375
2519,2290,0.022234110862904225,0.1534375
2497,2603,0.022235289504819154,0.1535
1957,1717,0.022235307602922368,0.1535625
2972,2899,0.022235718057694764,0.153625
6989,6364,0.022237904202448783,0.1536875
1731,1930,0.022238038608135353,0.15375
9525,9680,0.022238308413502,0.1538125
15426,15726,0.022238401946090145,0.153875
10181,10358,0.02223844984284525,0.1539375
11922,11713,0.022238486702532537,0.154
15685,15763,0.02223858924806398,0.1540625
13045,13270,0.022239281806112694,0.154125
2761,2481,0.022240160190917808,0.1541875
2209,2533,0.022240634039968787,0.15425
14981,15308,0.022240698638541674,0.1543125
3985,4077,0.022240701413099657,0.154375
768,191,0.022240993591972694,0.1544375
7103,6865,0.022241816866907748,0.1545
3013,3067,0.022242323172733357,0.1545625
2250,2096,0.022242854434935646,0.154625
13640,13872,0.02224286729785822,0.1546875
2630,2537,0.022243256898430194,0.15475
9293,9846,0.02224361478327592,0.1548125
7724,7822,0.022243773415594234,0.154875
12282,11903,0.02224412559861541,0.1549375
1633,156,0.022244761012797338,0.155
13766,14026,0.02224540662439914,0.1550625
200,375,0.02224540834917967,0.155125
9904,10084,0.022245611280513763,0.1551875
9566,9415,0.02224583230315102,0.15525
15023,15346,0.022246156807806415,0.1553125
7562,7864,0.022246248779637805,0.155375
1888,1588,0.02224697040733852,0.1554375
13300,13534,0.022247173334751038,0.1555
4569,4653,0.02224735050524771,0.1555625
6151,6439,0.022248323358407724,0.155625
12861,13210,0.022248809783455822,0.1556875
592,635,0.022249412519021836,0.15575
4388,4439,0.0222495996231863,0.1558125
13686,13924,0.022249673694587795,0.155875
9376,9233,0.02225025340594456,0.1559375
3897,3883,0.02225041093267068,0.156
3896,4192,0.022250557849095735,0.1560625
7925,8060,0.02225061150504018,0.156125
8743,9094,0.022250816553758383,0.1561875
13584,13780,0.02225117058133005,0.15625
14770,14169,0.02225175605089624,0.1563125
8787,8211,0.022251928721595367,0.156375
2603,2623,0.022252695473153256,0.1564375
10155,9859,0.02225285106517982,0.1565
12906,12609,0.02225297409734986,0.1565625
11872,11815,0.022253281703162674,0.156625
13459,13544,0.022253403894959424,0.1566875
2645,2558,0.022254149570224924,0.15675
10125,10015,0.022254208414550385,0.1568125
13438,13341,0.02225423750261429,0.156875
1318,1195,0.02225439343128893,0.1569375
6995,6769,0.022255347866653848,0.157
12080,11835,0.02225546945508352,0.1570625
8270,8674,0.02225549662255494,0.157125
5561,5475,0.022256437844154577,0.1571875
6443,6431,0.02225655685696846,0.15725
9726,9946,0.022256855549945165,0.1573125
13616,13457,0.022257941075630134,0.157375
14597,14483,0.022258475937268277,0.1574375
13406,13520,0.022259029009131147,0.1575
12896,13230,0.02225904417061147,0.1575625
10280,9995,0.022259550947648737,0.157625
831,916,0.02225979818857507,0.1576875
7927,7800,0.02225988054136663,0.15775
12899,12679,0.022260358248608576,0.1578125
7624,7599,0.022260950228423892,0.157875
4045,4135,0.0222614191181936,0.1579375
13690,13904,0.02226185212412936,0.158
228,383,0.022262131664194957,0.1580625
3005,3063,0.02226270052653053,0.158125
1398,1267,0.022263866911965247,0.1581875
8174,7907,0.022264121017742944,0.15825
14559,14469,0.02226432736425543,0.1583125
12911,13218,0.02226466132860693,0.158375
2583,2667,0.02226566187667002,0.1584375
13047,12992,0.02226692886011258,0.1585
10156,10003,0.022267149742454685,0.1585625
3307,3247,0.02226723258701107,0.158625
9439,9663,0.022267493435384287,0.1586875
14055,14304,0.022267648120911407,0.15875
15307,15274,0.02226764972357313,0.1588125
15708,15701,0.022267791909201366,0.158875
13739,13992,0.022268181635305126,0.1589375
10831,10968,0.022268248068367528,0.159
14164,14346,0.022268273321688598,0.1590625
3792,4109,0.02226847610236926,0.159125
9857,10168,0.022268537995708604,0.1591875
15073,15236,0.022268540872027485,0.15925
13713,13982,0.022268605953370966,0.1593125
11976,11271,0.02226879153900008,0.159375
13502,13355,0.022269379945992377,0.1594375
14315,14453,0.022269410524766477,0.1595
2434,2597,0.022269644364522397,0.1595625
13451,13137,0.02226991946991419,0.159625
1660,1896,0.02227013277937908,0.1596875
4635,4697,0.02227016512744504,0.15975
10284,10458,0.022270250775358765,0.1598125
15746,15761,0.022270287737791918,0.159875
13849,14086,0.022270439755224428,0.1599375
12016,11857,0.02227125198619936,0.16
14978,15266,0.022271405323878626,0.1600625
9405,9209,0.022271620255844116,0.160125
9042,9254,0.022271770103413694,0.1601875
14404,14471,0.022272967990707094,0.16025
14011,13571,0.02227362652816744,0.1603125
7935,8082,0.022273697406984688,0.160375
9317,8927,0.02227385643626314,0.1604375
4725,4773,0.022275808188197684,0.1605
14669,14541,0.02227650847372863,0.1605625
8870,8241,0.0222769939892267,0.160625
2961,3226,0.022277465389925602,0.1606875
11734,11176,0.02227750860732338,0.16075
3914,3933,0.02227753624437064,0.1608125
1920,1850,0.02227828060908986,0.160875
14974,15286,0.022278599851522692,0.1609375
9383,9137,0.02227865745367469,0.161
14004,14152,0.02227866889720389,0.1610625
11321,11084,0.022278826663317583,0.161125
4335,4325,0.02227903186088905,0.1611875
4672,4747,0.022279294754632476,0.16125
7418,7870,0.022279350117491575,0.1613125
9660,9850,0.02228006173287258,0.161375
12907,13138,0.02228053706105691,0.1614375
6457,6419,0.022280577325503825,0.1615
13558,13429,0.02228062776345908,0.1615625
2624,2510,0.022280835619589778,0.161625
10153,10346,0.02228105160836294,0.1616875
15439,15908,0.022281107627873647,0.16175
9475,9523,0.02228129463467393,0.1618125
8726,9088,0.022281718034606626,0.161875
13508,13307,0.02228187774155255,0.1619375
7815,7850,0.022282978260846905,0.162
9935,10196,0.02228306446299887,0.1620625
10131,10320,0.022283875616490357,0.162125
13841,14106,0.022284019220127505,0.1621875
2886,3001,0.022284270492670018,0.16225
15086,15220,0.022284818158105256,0.1623125
12996,12990,0.0222853671968152,0.162375
9928,10240,0.022285387335744464,0.1624375
13491,13291,0.02228611574372064,0.1625
9407,9171,0.02228658616999114,0.1625625
10159,10348,0.022286629306652365,0.162625
14445,14487,0.02228725394446509,0.1626875
835,926,0.022287279650054368,0.16275
9231,8619,0.022287291017235034,0.1628125
13492,13365,0.02228778366873845,0.162875
3769,3815,0.022287806491058396,0.1629375
6450,6435,0.022287822634005715,0.163
501,639,0.02228789492690583,0.1630625
4054,4159,0.022287982801958765,0.163125
5193,5183,0.02228833930268279,0.1631875
14960,15294,0.022288512636276184,0.16325
10164,10380,0.022288892899399643,0.1633125
2998,2981,0.02228895491895853,0.163375
14810,15366,0.02228973918211902,0.1634375
6162,6033,0.022289782391728234,0.1635
6331,5774,0.022289953809313017,0.1635625
14778,14593,0.02229026752074917,0.163625
3001,3212,0.022291649218595857,0.1636875
6500,6471,0.022291674633140274,0.16375
7529,7533,0.0222921857967935,0.1638125
6264,6307,0.02229281413705674,0.163875
8204,8068,0.022293592833409,0.1639375
9880,10172,0.022294003530214084,0.164
5831,5831,0.022294435492527534,0.1640625
2566,2732,0.02229448011387785,0.164125
4513,4623,0.022294546770982214,0.1641875
7643,7824,0.022294638661013392,0.16425
578,421,0.022295082007072337,0.1643125
9235,8765,0.022295539143374805,0.164375
13527,13962,0.022296941054839953,0.1644375
14431,14524,0.022297024366833663,0.1645
13563,13436,0.02229705118394654,0.1645625
15760,15851,0.022297211753355972,0.164625
1400,1116,0.022297639646035337,0.1646875
12923,12784,0.022298411109195553,0.16475
13818,13553,0.02229853820552867,0.1648125
1690,1950,0.022298823574434586,0.164875
979,970,0.022300296428165733,0.1649375
9494,9271,0.022300303400494666,0.165
462,603,0.022300400389973635,0.1650625
6592,6547,0.02230068356216889,0.165125
8379,8470,0.022300858135324623,0.1651875
12676,13254,0.022301115166848087,0.16525
15206,15228,0.022301241656459456,0.1653125
6506,6461,0.02230134559760757,0.165375
916,942,0.022301665211663442,0.1654375
1155,853,0.02230175424739405,0.1655
15284,14960,0.022302582522721433,0.1655625
4522,4615,0.022302609807615534,0.165625
12954,12804,0.02230279093629545,0.1656875
635,447,0.022302849409058148,0.16575
5544,5487,0.022303597183587858,0.1658125
9643,9701,0.022303679541522643,0.165875
6942,7038,0.02230370254724963,0.1659375
13954,14164,0.02230450617146497,0.166
9371,9548,0.02230460050271288,0.1660625
12956,12911,0.022304652260977508,0.166125
13556,13708,0.02230504712741811,0.1661875
851,954,0.02230539664969306,0.16625
1640,1897,0.022305605327113977,0.1663125
13579,13844,0.022306097972053927,0.166375
8724,9044,0.022306870852900104,0.1664375
6983,6736,0.022306905657614468,0.1665
8698,8974,0.02230702886370673,0.1665625
448,331,0.022307066116621397,0.166625
7527,7299,0.022308093829330237,0.1666875
14549,14501,0.02230813815924733,0.16675
1607,1976,0.02230821622405617,0.1668125
13812,14104,0.022308326120900328,0.166875
1764,1946,0.022309001826308395,0.1669375
13448,13470,0.022309183035829384,0.167
13544,13968,0.022309844914212926,0.1670625
10260,10061,0.022309863782874004,0.167125
6298,6371,0.022310306331893275,0.1671875
7631,7790,0.0223111191135046,0.16725
2610,2534,0.022311199951898036,0.1673125
12817,13224,0.022311556223614113,0.167375
13941,14184,0.022312023519764072,0.1674375
13789,14016,0.0223121679128288,0.1675
1611,1445,0.02231222706673638,0.1675625
7250,7165,0.022312381636232902,0.167625
13147,13343,0.022312588799968513,0.1676875
9478,9924,0.022313036264852336,0.16775
11066,10309,0.022313158362571004,0.1678125
458,385,0.022313237831889907,0.167875
8224,7984,0.022313968442147992,0.1679375
15249,15344,0.022314476922532477,0.168
13548,13756,0.022314511687802636,0.1680625
13545,13938,0.022315014962217807,0.168125
1524,1138,0.022315132954327063,0.1681875
2440,2653,0.02231518059189969,0.16825
14802,14607,0.02231561351963179,0.1683125
14678,14498,0.022316256037376348,0.168375
15557,14963,0.022316342247600502,0.1684375
12922,12897,0.022316443059626035,0.1685
4020,4043,0.022316743206576735,0.1685625
9623,9830,0.022316784968569113,0.168625
13901,14088,0.022316829314407448,0.1686875
9630,9952,0.02231706906493424,0.16875
9936,10224,0.022317097567621007,0.1688125
4656,4737,0.022317099586944184,0.168875
717,936,0.02231715661873889,0.1689375
4129,4286,0.022318224262359326,0.169
7498,7541,0.02231839920504904,0.1690625
2513,2645,0.02231877290563555,0.169125
9628,9703,0.022318778860926425,0.1691875
7607,7609,0.022318915582590394,0.16925
2925,2961,0.02231918505714968,0.1693125
522,287,0.02231932123200495,0.169375
1677,1956,0.022319442141287015,0.1694375
1010,757,0.022319541823702736,0.1695
491,655,0.022319809488871686,0.1695625
15446,15876,0.0223198870627531,0.169625
7555,7561,0.022320665003559097,0.1696875
4329,4551,0.022321036422612742,0.16975
14007,14272,0.02232155144045356,0.1698125
3643,3633,0.02232201992361354,0.169875
9366,9910,0.022322069902894835,0.1699375
2845,2863,0.02232213556531517,0.17
15574,15041,0.022322799819103033,0.1700625
1566,1339,0.022323124178416753,0.170125
8286,8036,0.022323326708517482,0.1701875
2853,3196,0.02232372161186128,0.17025
6875,6677,0.02232382550000794,0.1703125
637,609,0.022323965241204585,0.170375
13570,13826,0.02232438429472143,0.1704375
13535,13834,0.022324423535052373,0.1705
1496,204,0.022325366962346115,0.1705625
12062,11921,0.02232572387593426,0.170625
7677,7858,0.02232595194736462,0.1706875
1856,2026,0.022326174700240793,0.17075
9447,9491,0.022326490028936795,0.1708125
5226,4856,0.022326917727162075,0.170875
7079,6907,0.022326983003884436,0.1709375
9705,9932,0.022327400650674106,0.171
15217,15250,0.022327429428754163,0.1710625
9323,9229,0.02232810497157987,0.171125
14527,14528,0.022328289300451706,0.1711875
8347,8588,0.02232832115881135,0.17125
3003,2945,0.022329253219099027,0.1713125
7903,8098,0.022329399694209034,0.171375
7208,7104,0.022329682967038297,0.1714375
10157,10073,0.0223305030102102,0.1715
2291,2724,0.02233073408763093,0.1715625
13589,13778,0.022331053234585976,0.171625
598,527,0.022331111480581554,0.1716875
4821,4480,0.02233115738496367,0.17175
9089,9354,0.022331810496888708,0.1718125
3275,3365,0.022332839192566907,0.171875
9509,9445,0.022332879067644664,0.1719375
12841,13188,0.022333306688059145,0.172
8404,8534,0.022333529503916847,0.1720625
14477,14463,0.022333595435205005,0.172125
15745,15729,0.02233360275116426,0.1721875
884,962,0.022334107251318437,0.17225
3700,3673,0.02233427098949918,0.1723125
4386,4521,0.02233430060378852,0.172375
15668,15681,0.022334384934741214,0.1724375
548,575,0.02233442816439965,0.1725
1951,1772,0.02233446432815738,0.1725625
2838,3061,0.022334974800714006,0.172625
1267,1065,0.02233529048374419,0.1726875
9839,10012,0.022335388893898585,0.17275
2572,2756,0.022335647719083793,0.1728125
4593,4667,0.022335903786593208,0.172875
7276,7215,0.02233603783630618,0.1729375
8359,8231,0.022336054007822178,0.173
14297,14419,0.022336099737633473,0.1730625
9715,9970,0.02233674219216156,0.173125
15072,15204,0.02233689487925987,0.1731875
13559,13996,0.022337555231044023,0.17325
10266,10464,0.022337604573150358,0.1733125
4848,4903,0.02233766036805851,0.173375
12987,12827,0.02233848787804388,0.1734375
11896,11709,0.022338627930805283,0.1735
15001,14907,0.0223387462299479,0.1735625
2705,2525,0.02233879797150676,0.173625
7506,7329,0.022339317416720395,0.1736875
6892,6685,0.02233960095089007,0.17375
849,862,0.022339819807830386,0.1738125
13612,13888,0.02234003091908043,0.173875
7991,8096,0.02234004411094745,0.1739375
9667,9854,0.022340440022185503,0.174
2653,2541,0.022340467180215845,0.1740625
13214,13316,0.022340930883941602,0.174125
6840,7006,0.0223412998358412,0.1741875
5138,5165,0.022341366676364625,0.17425
1761,1494,0.02234165239547827,0.1743125
4780,4278,0.02234219865006338,0.174375
7751,7737,0.022343569635939607,0.1744375
3322,3433,0.022343851487085023,0.1745
14510,14351,0.022343869643176147,0.1745625
9640,9709,0.022343939398269116,0.174625
466,305,0.02234396167876149,0.1746875
2516,2539,0.022344755141725122,0.17475
7929,8058,0.022345480090893988,0.1748125
9807,9998,0.02234574824231117,0.174875
14631,14458,0.022345748512436668,0.1749375
7919,8106,0.02234577340118318,0.175
739,683,0.022346013005018716,0.1750625
1765,1932,0.022346222809920477,0.175125
9263,8819,0.022346524665470723,0.1751875
7158,7139,0.022346714238552653,0.17525
4084,4252,0.022347360222529398,0.1753125
4913,4987,0.022347865426324314,0.175375
11855,11691,0.022347957070147015,0.1754375
9290,9528,0.02234874979888952,0.1755
13443,13407,0.0223490864960762,0.1755625
5015,5029,0.022349408363783727,0.175625
8034,7962,0.022349511119687467,0.1756875
12958,12871,0.022349658923179812,0.17575
13534,13810,0.022349787452872978,0.1758125
1784,1404,0.022350049793071137,0.175875
2620,2613,0.02235008247159168,0.1759375
12066,11859,0.022350403733901562,0.176
14701,14482,0.022350497509739227,0.1760625
7776,7767,0.022351826208141395,0.176125
1922,1675,0.022352026507464907,0.1761875
9555,9711,0.022352151416325038,0.17625
4131,4198,0.02235234467788915,0.1763125
14702,14549,0.02235277189643694,0.176375
2964,3204,0.02235319312568343,0.1764375
2876,2841,0.022353219124887108,0.1765
7021,7039,0.022353691485200212,0.1765625
2024,2022,0.022353772825387436,0.176625
8478,8263,0.022354858625983794,0.1766875
15393,15838,0.02235539879826397,0.17675
15736,15589,0.022355426504798645,0.1768125
10134,9975,0.022355638522084116,0.176875
6320,5670,0.022356186834001687,0.1769375
9896,10142,0.022357246940052925,0.177
2674,2505,0.022357491071197222,0.1770625
9868,9759,0.022357593693744907,0.177125
7606,7890,0.022357761529372553,0.1771875
13432,13578,0.022357870217024102,0.17725
8343,8576,0.02235802913533123,0.1773125
9551,9912,0.02235856777986451,0.177375
6805,6641,0.022359599676177982,0.1774375
6391,6411,0.022359827430263362,0.1775
2540,2633,0.022359954590861528,0.1775625
3046,3051,0.022360156744953362,0.177625
4731,4759,0.02236032689029324,0.1776875
8377,8748,0.022360476587194245,0.17775
8195,8630,0.0223605187672436,0.1778125
8490,8800,0.02236069994400567,0.177875
9433,9127,0.02236085395155446,0.1779375
1151,1044,0.02236170736719535,0.178
2607,2714,0.022361810499379353,0.1780625
848,944,0.022362919229316602,0.178125
11827,11683,0.022363339107011892,0.1781875
8105,8029,0.022363626948197848,0.17825
9229,9512,0.0223639776539073,0.1783125
12087,11905,0.022365500725834007,0.178375
2556,2822,0.02236552459957997,0.1784375
9427,9511,0.022365678268768993,0.1785
469,381,0.022366641549331948,0.1785625
8244,8746,0.022366857043787967,0.178625
6414,5630,0.022366968484398227,0.1786875
4248,4269,0.02236735561596237,0.17875
13803,14064,0.02236739140295972,0.1788125
2775,2755,0.022367575535431682,0.178875
788,826,0.02236775522685899,0.1789375
3698,3661,0.02236789511171818,0.179
1292,1115,0.02236813683059342,0.1790625
9733,9747,0.022368229183709402,0.179125
12944,13110,0.0223684598050087,0.1791875
13537,13503,0.022368620464400326,0.17925
1283,1197,0.02236862214835466,0.1793125
2899,2839,0.022368623338916375,0.179375
12950,13234,0.02236897744779453,0.1794375
5346,5840,0.02236949252314049,0.1795
15754,15871,0.022369495971471125,0.1795625
12909,12951,0.022369793344332797,0.179625
8152,8642,0.02237046005133545,0.1796875
8146,8054,0.022371031706746727,0.17975
13907,14244,0.022371201174877797,0.1798125
10623,10676,0.022371668643179615,0.179875
1367,1247,0.022371782547098373,0.1799375
608,619,0.022371885154532728,0.18
9504,9690,0.022371911617761003,0.1800625
9067,9348,0.022372103805600563,0.180125
1928,2000,0.02237215536886747,0.1801875
2431,2812,0.02237254842283382,0.18025
9561,9297,0.02237275453949873,0.1803125
13642,13976,0.02237285211817442,0.180375
12947,12875,0.022372909540465426,0.1804375
14470,14439,0.022373841700096223,0.1805
14152,14312,0.02237398359948855,0.1805625
3014,3113,0.02237402305598748,0.180625
4787,4734,0.022374355247768263,0.1806875
11967,11887,0.022374518656049693,0.18075
9224,9494,0.022374529896656337,0.1808125
15706,15767,0.02237454239447513,0.180875
8656,8954,0.022374547953700998,0.1809375
798,195,0.022374735792080352,0.181
12957,12861,0.022374991222918958,0.1810625
10663,10866,0.022375236249992558,0.181125
15421,15782,0.022375291217161107,0.1811875
355,297,0.022375438497810332,0.18125
8665,8139,0.022375826856577706,0.1813125
8842,9154,0.022375855215432276,0.181375
9895,10232,0.02237588020745594,0.1814375
800,780,0.02237604669676243,0.1815
10300,10055,0.022376203838532886,0.1815625
2456,2758,0.022376205172642376,0.181625
12790,12983,0.02237632657613854,0.1816875
213,547,0.02237665886811313,0.18175
6308,6345,0.022376786384355914,0.1818125
7047,6975,0.02237700093710846,0.181875
1806,1972,0.022377584844999486,0.1819375
922,729,0.022377661231605867,0.182
13430,13419,0.02237767807685107,0.1820625
3420,3521,0.022377778263567013,0.182125
12967,12529,0.02237789087859057,0.1821875
9897,9827,0.02237814999939059,0.18225
9128,9444,0.022378171384802307,0.1823125
15123,14957,0.022378277911771882,0.182375
14976,14863,0.02237846480658778,0.1824375
3919,4103,0.022378605790511857,0.1825
5284,4896,0.022378943863339523,0.1825625
3385,3487,0.022379415203888857,0.182625
8615,8910,0.022379415368396827,0.1826875
9370,9243,0.022379479785785146,0.18275
8695,9130,0.022379515868911803,0.1828125
7038,7089,0.022379799902698564,0.182875
9940,9771,0.022380407478839525,0.1829375
8388,8313,0.022380509623942044,0.183
15741,15323,0.02238111871419729,0.1830625
5577,5511,0.02238118898277894,0.183125
2638,2601,0.02238138082877423,0.1831875
8896,9204,0.022381705647207657,0.18325
1026,1026,0.02238195083190152,0.1833125
6170,6163,0.022382041271719156,0.183375
4674,4753,0.022382126473550153,0.1834375
481,613,0.022382697686598604,0.1835
13149,13063,0.02238276551232385,0.1835625
9459,9621,0.022383206275639157,0.183625
2920,3252,0.022383444775754234,0.1836875
1538,1860,0.022383718446039248,0.18375
8725,9066,0.02238390252831461,0.1838125
1697,1968,0.02238431113109332,0.183875
450,669,0.022384674933976327,0.1839375
14612,14542,0.02238476424983406,0.184
7965,7684,0.022384818873011744,0.1840625
1879,1918,0.022385022303974846,0.184125
2358,2638,0.022385113584945774,0.1841875
7543,7433,0.02238597549319825,0.18425
14156,14348,0.022386109781047412,0.1843125
6228,6467,0.02238613104926213,0.184375
7552,7830,0.022386132345153024,0.1844375
475,373,0.022386618812789836,0.1845
2887,3005,0.02238681924974204,0.1845625
14018,14350,0.022386977541971113,0.184625
14184,14338,0.022387487882391845,0.1846875
4937,4997,0.022387592748987828,0.18475
10380,10560,0.02238822648226376,0.1848125
13518,13830,0.022388258813812914,0.184875
15015,15316,0.02238854397032671,0.1849375
6924,6988,0.02238886680303807,0.185
728,928,0.02238903049453321,0.1850625
15191,15206,0.022389125661637567,0.185125
10035,9847,0.022389365048312373,0.1851875
2863,3268,0.02238974624627646,0.18525
2940,2743,0.022390217825953997,0.1853125
13188,13083,0.022390231857608526,0.185375
13238,13506,0.022390276468815,0.1854375
1641,1958,0.02239036505557077,0.1855
9498,9639,0.022390766454406453,0.1855625
1816,1876,0.022390786172467102,0.185625
794,990,0.02239122766347624,0.1856875
7997,7912,0.02239171241565879,0.18575
5293,5289,0.022392073257104444,0.1858125
3124,3278,0.02239258367141972,0.185875
7930,8112,0.022392691941266814,0.1859375
10716,10930,0.02239300067481701,0.186
9440,9279,0.022393009635612943,0.1860625
13052,13055,0.022393547912515858,0.186125
13682,14030,0.02239357757274866,0.1861875
6339,6355,0.022393594699626308,0.18625
1197,1082,0.02239360393628284,0.1863125
1916,1671,0.022393638478489745,0.186375
2408,2188,0.02239433678967238,0.1864375
7617,7892,0.022394624640596668,0.1865
15170,14973,0.02239463343260726,0.1865625
8661,8972,0.02239479079429047,0.186625
9773,10150,0.022394927880777564,0.1866875
3737,3709,0.022395596505601283,0.18675
11060,10415,0.02239560291470585,0.1868125
6627,6549,0.022395895071576133,0.186875
12982,12210,0.022395915618018528,0.1869375
6070,5987,0.022396428051336157,0.187
8067,8050,0.02239645053511457,0.1870625
7600,7874,0.022396628589605994,0.187125
9545,9631,0.022396898893246246,0.1871875
6163,6211,0.022397312802743267,0.18725
14086,13889,0.02239781552177578,0.1873125
10022,9997,0.022397827009409045,0.187375
9452,9581,0.022397980011223652,0.1874375
1661,1908,0.02239803376798719,0.1875
2530,2778,0.022398846167909846,0.1875625
7502,7142,0.022398999283822465,0.187625
2388,2602,0.02239911263051723,0.1876875
437,555,0.02239914459349943,0.18775
840,715,0.022399145778652728,0.1878125
13338,13337,0.02239927973441709,0.187875
12867,12554,0.022399324152053233,0.1879375
15702,15819,0.022399378283455333,0.188
9489,9545,0.022399479308187756,0.1880625
9676,10112,0.02239978209349677,0.188125
14400,14946,0.022400328712268127,0.1881875
6138,6011,0.022400507092623666,0.18825
2919,3216,0.02240054667413765,0.1883125
3966,3999,0.022400580251677658,0.188375
13316,13332,0.02240120601883466,0.1884375
3764,3821,0.02240126404986995,0.1885
4950,4934,0.022401450135288978,0.1885625
2606,2676,0.022401681046861504,0.188625
10750,10934,0.02240169000452261,0.1886875
11457,11394,0.022401885877662668,0.18875
3030,3351,0.022402156757326763,0.1888125
11906,11317,0.022402200220497857,0.188875
8670,9016,0.022402268562427326,0.1889375
9463,9629,0.02240242211952496,0.189
15055,14602,0.022403199673892992,0.1890625
81,387,0.022403250915173107,0.189125
783,894,0.022403285968801416,0.1891875
2600,2661,0.022403518518175465,0.18925
9400,9125,0.022403781072559987,0.1893125
6746,6298,0.02240393901983081,0.189375
10942,11066,0.022404033371833262,0.1894375
10761,10922,0.02240443476522418,0.1895
8208,8736,0.022404671520194937,0.1895625
2597,2273,0.0224048980890873,0.189625
2569,2752,0.022404982605461723,0.1896875
12895,12920,0.022405165094161895,0.18975
4473,4612,0.022405603765919078,0.1898125
7787,7810,0.02240573539412353,0.189875
4492,4606,0.022405972413412863,0.1899375
13734,14068,0.02240598663819264,0.19
15116,14959,0.022406559347824418,0.1900625
10059,9917,0.022406766408692047,0.190125
15714,15671,0.02240734041117792,0.1901875
8434,8295,0.022407390627027925,0.19025
6882,6667,0.022407570185323692,0.1903125
13573,13493,0.02240767349156377,0.190375
9891,10176,0.022407758874519183,0.1904375
7649,7649,0.022407819961037422,0.1905
1089,676,0.022408020584430272,0.1905625
14897,14787,0.02240802398092504,0.190625
10071,9849,0.02240816015937879,0.1906875
13643,13551,0.022408303068768416,0.19075
13553,13958,0.022408956722222578,0.1908125
516,391,0.022408961663914765,0.190875
15600,15037,0.022409021401716987,0.1909375
4574,4602,0.022409305781289877,0.191
11563,11396,0.022409369904008575,0.1910625
15211,14967,0.022410320735030707,0.191125
3976,3975,0.022410326990974044,0.1911875
8557,8896,0.022410334951998907,0.19125
8411,8528,0.02241057965983601,0.1913125
1656,1894,0.022410890747820683,0.191375
13321,13604,0.02241093252902618,0.1914375
4404,4666,0.022410953189298217,0.1915
4253,4557,0.02241102828566575,0.1915625
3286,3427,0.02241117235767645,0.191625
13227,13540,0.022411291409882014,0.1916875
12855,13170,0.022411872439830154,0.19175
11022,10463,0.022411877478848378,0.1918125
14996,15370,0.022411983926293396,0.191875
1861,1615,0.022412093159611363,0.1919375
621,465,0.022412303730079363,0.192
14938,15318,0.022412372687498332,0.1920625
12856,12761,0.022412446598670453,0.192125
9336,9173,0.022412741778295022,0.1921875
6250,6479,0.022412932135689113,0.19225
13506,13624,0.022413376097613773,0.1923125
1263,1043,0.022413498590698556,0.192375
15074,15352,0.02241368110221594,0.1924375
14409,14415,0.02241459423913146,0.1925
13671,14054,0.02241479979508753,0.1925625
10343,10562,0.022414913873474884,0.192625
9522,9393,0.022414958495593308,0.1926875
7375,7259,0.0224152336128874,0.19275
1735,1922,0.02241526235068702,0.1928125
7648,7898,0.02241537265144845,0.192875
4809,4852,0.022415747519427844,0.1929375
9860,10134,0.022416256741346157,0.193
13440,13315,0.022416386856603195,0.1930625
6853,6623,0.022416434818182965,0.193125
11575,11224,0.022416447805917953,0.1931875
14407,14432,0.022416714208512968,0.19325
2953,2887,0.022416879088701956,0.1933125
5168,5199,0.022417150765946494,0.193375
1790,1940,0.022417429617932232,0.1934375
3171,3236,0.02241762048050944,0.1935
2150,2060,0.02241808239660769,0.1935625
2398,2591,0.02241826694174154,0.193625
13538,13513,0.02241827571420794,0.1936875
433,293,0.022418415457947795,0.19375
13990,14284,0.022418635909711278,0.1938125
4824,4888,0.022418949796017877,0.193875
821,836,0.022419329935342014,0.1939375
14928,14779,0.022419369544932642,0.194
828,848,0.022419945820145688,0.1940625
14576,14195,0.02242047591128515,0.194125
14002,14214,0.02242073874267188,0.1941875
793,922,0.022420825446624756,0.19425
15131,14951,0.022420887062299555,0.1943125
2847,3044,0.02242091339525639,0.194375
6344,6387,0.022420924232939107,0.1944375
8127,8618,0.022421512114946862,0.1945
8333,8181,0.02242157280262936,0.1945625
13745,14034,0.022422309351906727,0.194625
8386,8321,0.02242234457915369,0.1946875
6385,6443,0.022422379418020246,0.19475
9677,9962,0.022422429667293724,0.1948125
13426,13387,0.022422916287827374,0.194875
5576,5501,0.022423441192761833,0.1949375
6911,6842,0.022423479730334536,0.195
9720,10158,0.022423913511361592,0.1950625
3224,3545,0.02242414163431235,0.195125
9526,9295,0.022424188493632213,0.1951875
151,285,0.02242514056143872,0.19525
12905,13130,0.02242523767090955,0.1953125
1006,1315,0.022425266300217322,0.195375
887,958,0.022425435082683774,0.1954375
1772,1914,0.02242581413313448,0.1955
14131,14322,0.02242584021195983,0.1955625
10006,9923,0.022426022385985005,0.195625
12888,13198,0.022426196422719848,0.1956875
14511,14359,0.02242644836844881,0.19575
291,585,0.02242666070857469,0.1958125
755,794,0.022426970426926218,0.195875
7898,8090,0.02242697886314415,0.1959375
13018,13274,0.022427035206915278,0.196
8251,8091,0.02242714342376938,0.1960625
7030,6971,0.022427150559697396,0.196125
12961,13100,0.02242750697026395,0.1961875
7134,7123,0.022427571055574146,0.19625
309,333,0.022427606544243184,0.1963125
3195,3222,0.02242806986272928,0.196375
6850,6992,0.022428349605775038,0.1964375
7487,7834,0.02242841618845031,0.1965
9859,9791,0.022429074158160856,0.1965625
809,930,0.022429140315861337,0.196625
2819,2855,0.022429197947948596,0.1966875
7967,7847,0.022429458689389642,0.19675
8248,8652,0.022429745332188264,0.1968125
13644,13539,0.022429952287810872,0.196875
14849,15374,0.022430436045086304,0.1969375
627,677,0.022430713233679574,0.197
3247,3341,0.02243073964697995,0.1970625
6985,6552,0.022431460499416685,0.197125
8499,8257,0.022431617001042424,0.1971875
9554,9567,0.02243209848529962,0.19725
15097,14872,0.022432204565034777,0.1973125
15399,14993,0.0224325916869035,0.197375
13304,13510,0.022432600061283677,0.1974375
13906,14128,0.022432637229671,0.1975
8672,9062,0.02243279565150497,0.1975625
3094,3272,0.022432939868276856,0.197625
15254,15388,0.022433220904391874,0.1976875
5201,5211,0.02243409474182256,0.19775
10851,10982,0.022434183788671742,0.1978125
2877,3017,0.022434334924463388,0.197875
7495,7377,0.0224346818532993,0.1979375
721,886,0.022434792215344553,0.198
12396,11981,0.022434861583159153,0.1980625
8349,8281,0.022435096048550943,0.198125
386,329,0.02243516530680159,0.1981875
2544,2762,0.02243525609849993,0.19825
6896,7018,0.022435380351514465,0.1983125
601,647,0.022435480164023233,0.198375
3950,4085,0.02243555818053666,0.1984375
8480,8768,0.0224359650807561,0.1985
9426,9269,0.02243612764247263,0.1985625
8394,8550,0.0224363261954931,0.198625
14189,13905,0.022436593293900273,0.1986875
6093,6319,0.022436683088023015,0.19875
7169,7151,0.02243701645407609,0.1988125
9617,9689,0.022437411580248656,0.198875
14334,14529,0.022437426748987993,0.1989375
2985,3200,0.02243747619170971,0.199
3956,4224,0.022437692051275736,0.1990625
4696,4544,0.0224378284292711,0.199125
13353,13133,0.02243818927231701,0.1991875
2594,2452,0.022438262176759736,0.19925
12811,13222,0.02243844599993901,0.1993125
13542,13700,0.02243846813828643,0.199375
8778,9134,0.022438872813747943,0.1994375
1084,1056,0.022438940854630697,0.1995
9889,10198,0.022438983281426614,0.1995625
7187,6886,0.022439098437861345,0.199625
1432,1275,0.022439186090168553,0.1996875
2865,3093,0.02243919108136358,0.19975
13413,13335,0.022439717143427778,0.1998125
9804,10214,0.02244004469894609,0.199875
904,802,0.022440149671568984,0.1999375
13441,13329,0.022440471264878956,0.2
14437,14431,0.02244089653122083,0.2000625
7962,8118,0.022441226935127026,0.200125
4722,4740,0.022441347563875766,0.2001875
8323,8682,0.022441629861084837,0.20025
6051,5949,0.022442091732422877,0.2003125
1716,1557,0.02244293709389801,0.200375
8011,8136,0.022443517790365717,0.2004375
2562,2648,0.02244353062859831,0.2005
3849,4131,0.022443620410561048,0.2005625
7979,7648,0.022444000197233364,0.200625
3881,3931,0.022444151944354146,0.2006875
2363,2594,0.022444220406043644,0.20075
817,968,0.022444235233435042,0.2008125
515,277,0.02244436919009067,0.200875
3804,3793,0.022444603058354703,0.2009375
4336,4565,0.022445144762857284,0.201
3978,4177,0.02244523729412859,0.2010625
8327,8233,0.02244541074667996,0.201125
9497,9577,0.02244549178246186,0.2011875
13276,13351,0.022445932131830614,0.20125
4808,4855,0.022446046812379876,0.2013125
6926,6819,0.022446464315428665,0.201375
8214,8057,0.02244712494513818,0.2014375
12099,11909,0.02244716944316076,0.2015
8816,9158,0.022447180465833157,0.2015625
7605,7577,0.022447508302664104,0.201625
6174,6297,0.02244752570462248,0.2016875
15424,15940,0.022447647120837605,0.20175
13482,13752,0.022447675953548532,0.2018125
878,1006,0.0224479497777325,0.201875
12101,11919,0.022448286133361313,0.2019375
10115,10374,0.022448438946636652,0.202
2290,2112,0.022448759667636587,0.2020625
15695,15101,0.02244882086547564,0.202125
7488,7617,0.022449315319967054,0.2021875
2683,2634,0.02244966765897912,0.20225
5982,5927,0.022450706647307386,0.2023125
14367,13931,0.02245092848833014,0.202375
13836,14090,0.02245102686129466,0.2024375
13192,13111,0.02245105011003392,0.2025
12252,11999,0.022451104428073566,0.2025625
13326,13363,0.02245147185705445,0.202625
5833,5881,0.022452217568017938,0.2026875
8636,8984,0.022452485470637214,0.20275
695,854,0.022452792960717127,0.2028125
2993,3282,0.02245293863323328,0.202875
3099,3101,0.022453117934464892,0.2029375
13536,13876,0.022453279309130405,0.203
3245,3228,0.022453339468419816,0.2030625
2999,2893,0.022453489219888954,0.203125
11842,11703,0.02245362413835674,0.2031875
2789,2790,0.022454167693154985,0.20325
14720,14591,0.022454420208822184,0.2033125
9513,9439,0.022454424209450916,0.203375
418,573,0.02245443412129633,0.2034375
10099,9905,0.022454578822257203,0.2035
95,351,0.02245485111194435,0.2035625
13528,13796,0.022455023224949994,0.203625
4866,4752,0.02245517377945763,0.2036875
2619,2806,0.02245520039636961,0.20375
1795,1942,0.022455231236621364,0.2038125
12894,12878,0.022455254461231266,0.203875
12920,12862,0.022455399434157867,0.2039375
8371,8251,0.02245545895524049,0.204
15423,15884,0.02245585637102579,0.2040625
4203,4220,0.022455883694251253,0.204125
9744,10014,0.0224561344391698,0.2041875
2536,2764,0.02245614697242289,0.20425
4560,4574,0.02245618901437343,0.2043125
13966,14176,0.022456206126345475,0.204375
9757,10152,0.02245632189011124,0.2044375
2118,2054,0.022456460563835417,0.2045
11779,11749,0.022457007124804366,0.2045625
12921,12785,0.02245710598337671,0.204625
13572,13856,0.02245711843570569,0.2046875
7535,7553,0.02245728099205267,0.20475
8185,8041,0.022457402258290834,0.2048125
4884,4961,0.022457479164747742,0.204875
5325,5295,0.02245757452676312,0.2049375
12309,12025,0.022458054965265557,0.205
4383,4487,0.0224590090904121,0.2050625
10240,10091,0.022459492109962963,0.205125
1893,1770,0.02245961356934342,0.2051875
2724,2747,0.022460242094716965,0.20525
8283,8728,0.0224611265585967,0.2053125
1222,1167,0.022461213726515546,0.205375
7676,7651,0.022461365529069917,0.2054375
13780,14300,0.022461410773684087,0.2055
9803,10160,0.022461540745519384,0.2055625
12897,12483,0.02246185409375397,0.205625
13437,13776,0.02246243291076348,0.2056875
8703,9108,0.02246273768647235,0.20575
2958,2799,0.022463089200959453,0.2058125
897,984,0.02246342853273614,0.205875
7952,8070,0.02246379813552069,0.2059375
14535,14478,0.022464581665238563,0.206
12833,12655,0.0224648693356117,0.2060625
12825,13202,0.02246489538316338,0.206125
8510,8301,0.022465055099295136,0.2061875
4463,4651,0.022465463461417614,0.20625
4638,4736,0.022465867106563935,0.2063125
246,359,0.02246605849657992,0.206375
10713,10948,0.022466077792419794,0.2064375
13439,13417,0.02246660895734322,0.2065
10592,10826,0.022466632303726097,0.2065625
13998,14230,0.022466866134665458,0.206625
13403,13588,0.022466898077991074,0.2066875
13971,14170,0.02246746067010051,0.20675
12916,13018,0.022467556097728887,0.2068125
2560,2412,0.02246763302648882,0.206875
7911,7837,0.022467849950504083,0.2069375
2510,2565,0.022468030543916145,0.207
3974,4151,0.022468106698606445,0.2070625
13378,13732,0.022468195329860677,0.207125
3268,3397,0.02246855890813541,0.2071875
14679,14559,0.022468641381879897,0.20725
6140,6255,0.022468903146047985,0.2073125
5777,5791,0.022469389461532187,0.207375
1282,1153,0.022469500682746422,0.2074375
9484,9443,0.022469633750747772,0.2075
12279,11961,0.02246970170709656,0.2075625
8126,8092,0.022470252464294422,0.207625
13571,13656,0.02247025667441665,0.2076875
10554,10598,0.022470647598942524,0.20775
8304,8628,0.022471165921768566,0.2078125
8122,7937,0.022471193153850013,0.207875
8101,7935,0.022471233104797376,0.2079375
12930,12917,0.022471499627793556,0.208
9177,9482,0.022471679655190452,0.2080625
8824,9162,0.02247221832250166,0.208125
6557,5970,0.022472221335533785,0.2081875
519,796,0.022472337951485212,0.20825
15696,15721,0.02247288611888716,0.2083125
10666,10129,0.022473806401499506,0.208375
3901,4083,0.022473816400456374,0.2084375
2721,3108,0.02247401509667667,0.2085
9885,10174,0.022474016254462444,0.2085625
8006,7946,0.022474249982129962,0.208625
11527,11430,0.02247438185497209,0.2086875
12177,12009,0.022474423131057714,0.20875
7534,7818,0.02247473502282814,0.2088125
4333,4341,0.022474952589936523,0.208875
14457,14484,0.022475092836235833,0.2089375
12946,12779,0.022475248056029906,0.209
10116,10019,0.022475642746050493,0.2090625
2965,2919,0.022475840681116938,0.209125
12030,11873,0.02247584419618016,0.2091875
7444,7922,0.022476003241038937,0.20925
6943,7058,0.02247618227661481,0.2093125
1987,1747,0.02247628458415653,0.209375
4218,4186,0.022476441895774933,0.2094375
1558,1216,0.02247660826337429,0.2095
14014,14344,0.022476647666905915,0.2095625
14871,15224,0.022476977908547826,0.209625
15709,15747,0.022477046657746337,0.2096875
10865,11004,0.022477123299393626,0.20975
7629,7641,0.022477376113112523,0.2098125
6956,7070,0.022477581238098746,0.209875
12840,13194,0.022477593478805395,0.2099375
4106,4232,0.022478055267807454,0.21
8257,8167,0.02247822122806755,0.2100625
1101,654,0.022478652948141876,0.210125
13383,13598,0.02247923937492541,0.2101875
10947,10559,0.022479785179129477,0.21025
4923,4444,0.022480094692462368,0.2103125
2974,2814,0.02248026864869899,0.210375
4005,4191,0.022480494041624145,0.2104375
9746,10156,0.02248068157705152,0.2105
1210,1221,0.022480845512569944,0.2105625
13308,13333,0.022481364902806576,0.210625
2805,2725,0.02248153496087671,0.2106875
13349,13371,0.022481550678762667,0.21075
10201,10394,0.02248167464980325,0.2108125
14426,14455,0.022481684457866354,0.210875
14441,14467,0.022482196902876637,0.2109375
8643,8259,0.022482932994035396,0.211
14567,14271,0.02248328335729064,0.2110625
4995,5063,0.022483327640832138,0.211125
14333,14417,0.022483567804495876,0.2111875
13359,13269,0.022483605070761383,0.21125
9166,9480,0.022483698063337856,0.2113125
4540,4640,0.022483972026573228,0.211375
4405,4627,0.022484244156203134,0.2114375
6157,6221,0.02248425383663133,0.2115
822,727,0.022484542889231504,0.2115625
4882,4939,0.022484686167777584,0.211625
7721,7725,0.022484980640177864,0.2116875
8546,8325,0.022485152836054238,0.21175
9422,9519,0.022485608949747018,0.2118125
13445,13774,0.022485818918078344,0.211875
4744,4807,0.02248593075359907,0.2119375
9140,8839,0.022486172843597874,0.212
4677,4492,0.02248621813972645,0.2120625
5772,5775,0.022486282842403612,0.212125
9602,9691,0.022486365543244805,0.2121875
12822,13268,0.02248640720835233,0.21225
10507,10131,0.022486884012998948,0.2123125
9836,10106,0.022487137233204533,0.212375
6512,6491,0.022487345784255493,0.2124375
4125,4290,0.022487690623111133,0.2125
14388,14466,0.022487728562915754,0.2125625
14451,14560,0.02248779627109763,0.212625
1741,1912,0.02248801417020191,0.2126875
3964,4206,0.02248834326574373,0.21275
9791,10154,0.02248887665276075,0.2128125
4163,4308,0.022489108659582646,0.212875
2707,2802,0.022489160687027852,0.2129375
10062,9971,0.02248924178039056,0.213
3712,3703,0.02248947871101638,0.2130625
7619,7639,0.02248993686847738,0.213125
9531,9549,0.02249009619310603,0.2131875
9527,9681,0.022490458825063855,0.21325
4147,4225,0.022490664867766363,0.2133125
14520,14479,0.022491250859260743,0.213375
12871,12929,0.022491378168589232,0.2134375
12747,12158,0.022491618816950325,0.2135
13368,13193,0.022491650834539887,0.2135625
1653,1984,0.022491872821599777,0.213625
3877,4306,0.02249200856153142,0.2136875
13173,13075,0.022492014775587633,0.21375
13517,13509,0.02249217597301235,0.2138125
13000,13027,0.02249258087051758,0.213875
6243,6341,0.02249308927897719,0.2139375
14891,14853,0.022493206561032316,0.214
3016,3162,0.02249326180378032,0.2140625
5046,4928,0.02249370741108022,0.214125
9503,9671,0.022493721996754625,0.2141875
11641,11486,0.0224940514088402,0.21425
9543,9693,0.022494129303795837,0.2143125
15638,15689,0.02249422172842268,0.214375
8959,9264,0.02249471455211627,0.2144375
4663,4756,0.022494985382821502,0.2145
11838,11721,0.02249500210397189,0.2145625
2935,2837,0.02249524506858348,0.214625
4891,4943,0.022495289588759872,0.2146875
886,902,0.022495372805047355,0.21475
15669,15727,0.022495412966047547,0.2148125
13515,13970,0.022495753914410225,0.214875
11293,11380,0.022495814558688716,0.2149375
650,856,0.022496078598836303,0.215
13211,13359,0.02249609650706078,0.2150625
11514,11444,0.022497113331459526,0.215125
10019,9869,0.02249722603249328,0.2151875
8383,8492,0.022497341744693054,0.21525
6306,6423,0.022497714910089815,0.2153125
14909,15212,0.02249790405183079,0.215375
2984,3087,0.022497916458147835,0.2154375
1107,1048,0.02249809314910852,0.2155
7353,7132,0.02249816742800107,0.2155625
12902,13256,0.022498188932414877,0.215625
5089,4842,0.02249824564632461,0.2156875
10644,10874,0.022498303485163865,0.21575
9648,9685,0.02249837861108849,0.2158125
8354,8564,0.022498515448811717,0.215875
929,980,0.022498717979729292,0.2159375
7549,7543,0.0224990654586003,0.216
9582,9697,0.02249912557474936,0.2160625
6060,5979,0.022499125799691457,0.216125
13311,13488,0.0224996352097984,0.2161875
13361,13490,0.02249971007850967,0.21625
4501,4624,0.0225001342870342,0.2163125
786,709,0.022500826889553533,0.216375
3102,3166,0.022500880666201414,0.2164375
15158,15029,0.022501080591364082,0.2165
8112,7987,0.022501110509331346,0.2165625
7579,7886,0.02250150475465586,0.216625
6776,7040,0.02250154560641276,0.2166875
2938,3266,0.02250178345963202,0.21675
9571,10048,0.02250199517204461,0.2168125
13512,13858,0.0225020317354351,0.216875
13647,14116,0.02250211348226526,0.2169375
10025,10284,0.022502260955422324,0.217
6845,6727,0.022502408714145928,0.2170625
591,521,0.022502652892299913,0.217125
13566,13547,0.022502848382840435,0.2171875
2769,2739,0.02250297813094151,0.21725
9209,9495,0.022503309677463237,0.2173125
1104,839,0.022503390106211767,0.217375
1852,1996,0.02250342683620331,0.2174375
13834,13607,0.02250346781307869,0.2175
1341,432,0.02250423018340668,0.2175625
8708,8289,0.022504259724114815,0.217625
5754,5739,0.02250432674199032,0.2176875
8714,9046,0.02250440985549449,0.21775
9568,9609,0.022504773567627336,0.2178125
13843,14290,0.02250503880910274,0.217875
8003,8062,0.02250590491845814,0.2179375
11944,11823,0.022506245072075232,0.218
7590,7629,0.022506602714007284,0.2180625
4371,4599,0.02250664246154499,0.218125
5111,5169,0.02250688066046265,0.2181875
3051,3210,0.022507471127126543,0.21825
350,353,0.022507669652502862,0.2183125
4611,4700,0.022507691111086713,0.218375
570,583,0.02250769169319372,0.2184375
15767,15947,0.02250770415296334,0.2185
8472,8894,0.022508613430819814,0.2185625
2858,2925,0.02250914218538742,0.218625
7975,7893,0.022509576522317745,0.2186875
2271,2630,0.02251018570614309,0.21875
13288,13311,0.022510946426170523,0.2188125
875,1022,0.022510972418385428,0.218875
14538,14315,0.022511026813814436,0.2189375
2364,2644,0.022511060440218868,0.219
3845,3891,0.022511238224004443,0.2190625
5486,5441,0.02251181809209974,0.219125
2834,3218,0.02251198758972734,0.2191875
1673,1954,0.022512163271785623,0.21925
7178,6884,0.022512172310981616,0.2193125
123,371,0.022512808670505115,0.219375
9960,9823,0.022512841339531065,0.2194375
2959,3037,0.022512863387377152,0.2195
14498,14327,0.022513679111446545,0.2195625
9913,10222,0.022513681787541966,0.219625
8142,8660,0.022513873655706042,0.2196875
1652,1937,0.02251390697102304,0.21975
9865,10204,0.022514112416383562,0.2198125
7558,7904,0.022514132571731536,0.219875
8306,8712,0.022514351609503998,0.2199375
173,291,0.02251455874817601,0.22
6692,6605,0.022514562977078476,0.2200625
5841,5756,0.022514612199557044,0.220125
13590,13922,0.02251464262223961,0.2201875
7042,7078,0.022514746413103123,0.22025
745,1002,0.022514800460678344,0.2203125
1769,1590,0.022514967916243054,0.220375
13533,13485,0.02251507278192639,0.2204375
4022,4294,0.022515195749138184,0.2205
12544,12117,0.022515581286227854,0.2205625
10741,10938,0.02251572968211023,0.220625
14286,14518,0.022515730141821188,0.2206875
14243,13971,0.022515817638089262,0.22075
9094,9398,0.02251581887297199,0.2208125
15355,15668,0.02251586333254751,0.220875
12797,12157,0.02251609280313331,0.2209375
13811,14098,0.022516613726970173,0.221
290,349,0.022516650883378148,0.2210625
2400,2176,0.022516693916105217,0.221125
1299,150,0.022516954019009505,0.2211875
7044,6893,0.022517103589755255,0.22125
2918,3184,0.02251752313393593,0.2213125
8384,8500,0.022517942075407558,0.221375
13960,14242,0.022518265309373193,0.2214375
13955,13645,0.02251838745216639,0.2215
2810,2843,0.022518458905017635,0.2215625
2584,2700,0.022518861652383385,0.221625
892,1030,0.022519176760013256,0.2216875
3802,3871,0.0225193105653773,0.22175
9639,9725,0.022519724193037306,0.2218125
14262,13721,0.022519852387770083,0.221875
14384,14435,0.02252003393765372,0.2219375
15591,15145,0.022520259448912002,0.222
2377,2643,0.02252056812794881,0.2220625
7262,7136,0.022520879159221536,0.222125
8541,8838,0.022520985777862657,0.2221875
401,317,0.022521050538028647,0.22225
5835,5865,0.02252132950327168,0.2223125
5428,5172,0.022521554847584384,0.222375
13916,14224,0.022521559395073356,0.2224375
9812,10146,0.02252175016315976,0.2225
843,858,0.022522002480943295,0.2225625
13507,13802,0.022522183158464732,0.222625
13333,13626,0.02252226175242851,0.2226875
7987,8108,0.02252238086631296,0.22275
3991,4183,0.022523272250428168,0.2228125
7806,8056,0.022523466286018385,0.222875
15756,15867,0.022523598648590687,0.2229375
15326,15418,0.02252362251433898,0.223
13857,14364,0.022523626177427168,0.2230625
1671,1561,0.022524115759916138,0.223125
12891,12919,0.02252421997098479,0.2231875
10241,10522,0.02252426019519617,0.22325
656,961,0.022524314669522913,0.2233125
2910,3008,0.02252472414874735,0.223375
253,321,0.022524782678522034,0.2234375
11850,11811,0.022524822973075054,0.2235
6905,6799,0.022525006953351433,0.2235625
7782,7769,0.022525443861601678,0.223625
3235,3116,0.022525511704745104,0.2236875
13293,13384,0.022525622270630718,0.22375
13372,13560,0.022525650622066417,0.2238125
6029,5796,0.022526146735925047,0.223875
6847,6715,0.022526205429899308,0.2239375
3876,4214,0.022526494126031266,0.224
14312,14443,0.022526727581730892,0.2240625
7914,8088,0.02252689543633681,0.224125
7684,7844,0.02252705596394517,0.2241875
8610,8271,0.022527206846943343,0.22425
2625,2708,0.022527818965478997,0.2243125
14397,14485,0.022528056585974853,0.224375
3196,3234,0.022528110515334012,0.2244375
5650,5752,0.022528136555293524,0.2245
14492,14357,0.022528779527216936,0.2245625
9627,10114,0.022529081872017718,0.224625
4970,4904,0.02252929658987119,0.2246875
3647,3679,0.02252934148472367,0.22475
9461,9792,0.022529717144756826,0.2248125
3061,3260,0.02252988756989049,0.224875
2393,2555,0.022530172279130126,0.2249375
9601,10050,0.022530814678024123,0.225
13560,13878,0.022531010556779838,0.2250625
4001,4141,0.022531079851263732,0.225125
9112,8811,0.02253123041501954,0.2251875
15631,15107,0.02253125810752596,0.22525
2813,3024,0.022531338597049415,0.2253125
14148,13849,0.022532089696830866,0.225375
2849,2957,0.022532664399774312,0.2254375
11758,11745,0.02253275601405597,0.2255
8342,8562,0.022532928394159338,0.2255625
467,768,0.022533376835647302,0.225625
13425,13225,0.022533403799409244,0.2256875
11146,10595,0.022533734885045387,0.22575
4200,4247,0.02253405707667061,0.2258125
4066,4272,0.02253409345493852,0.225875
15763,15961,0.022534103471144734,0.2259375
13632,14004,0.02253447659375763,0.226
2864,2833,0.022534753003999628,0.2260625
368,419,0.02253479484266475,0.226125
14324,14448,0.02253481098536618,0.2261875
13602,13964,0.022534852919867406,0.22625
8350,8450,0.02253485847135019,0.2263125
6276,6433,0.022535180140427553,0.226375
3266,3291,0.02253543847270794,0.2264375
3213,3240,0.022535637868617762,0.2265
2948,3242,0.02253573211803453,0.2265625
7550,7481,0.022535879855846822,0.226625
749,884,0.022535997576993035,0.2266875
12739,12748,0.022536276239557132,0.22675
8318,8716,0.022536303455839655,0.2268125
5112,5171,0.022536355493471844,0.226875
4737,4811,0.022536416685138262,0.2269375
4245,4262,0.022536875984708587,0.227
13947,14280,0.022537186630924397,0.2270625
3210,3192,0.022537244932538527,0.227125
3324,3475,0.022537333664709003,0.2271875
14252,14414,0.022538149668518512,0.22725
6398,6415,0.02253827869388251,0.2273125
13577,13972,0.02253842541744237,0.227375
8099,7956,0.022538550531642162,0.2274375
13472,13393,0.022538712539025504,0.2275
903,788,0.02253895981338793,0.2275625
14594,14572,0.02253923438557068,0.227625
2384,2547,0.022539561634611252,0.2276875
3902,3925,0.02253984728403925,0.22775
9553,9367,0.022539968587779596,0.2278125
8050,8122,0.02254000013547612,0.227875
13552,13517,0.02254005305222672,0.2279375
6997,6821,0.022540067946349527,0.228
6089,6249,0.022540266055305427,0.2280625
9655,9958,0.0225406954885314,0.228125
9988,10009,0.02254072408716228,0.2281875
9832,10062,0.022540871413298958,0.22825
5558,5497,0.02254137998280549,0.2283125
14167,13723,0.022541413377109965,0.228375
9408,9467,0.02254142926202709,0.2284375
2729,2792,0.022541456476260095,0.2285
9367,9568,0.022541612943416233,0.2285625
801,818,0.022541759250891732,0.228625
7692,7778,0.022541889606537826,0.2286875
14386,14545,0.02254212110929745,0.22875
12857,13001,0.022542376841529217,0.2288125
9281,9183,0.022542395173927556,0.228875
12767,12652,0.02254251047648914,0.2289375
9519,9553,0.02254258997473535,0.229
9245,9241,0.02254302544716247,0.2290625
13629,14002,0.02254317800405998,0.229125
11454,11420,0.022543678793586496,0.2291875
4959,5015,0.02254397464471581,0.22925
14856,15356,0.022543997172027447,0.2293125
2816,2757,0.022544364543390105,0.229375
138,339,0.022545242788118952,0.2294375
13977,14282,0.02254563334542456,0.2295
7886,7817,0.022546244135519262,0.2295625
14659,14561,0.022546256980015465,0.229625
13228,13113,0.022546375691164904,0.2296875
12496,12113,0.022546506645330002,0.22975
9711,9755,0.022546898684576266,0.2298125
394,335,0.022547588619767477,0.229875
10046,10001,0.022547816225522557,0.2299375
7674,7884,0.02254789459860946,0.23
15427,15958,0.022547943508378798,0.2300625
14875,15260,0.022548087709022776,0.230125
1831,1594,0.022548325746909008,0.2301875
2539,2599,0.022548446845506054,0.23025
7017,6938,0.02254857228238442,0.2303125
1836,1920,0.022548622695179984,0.230375
5851,5893,0.022548759413192798,0.2304375
10918,11076,0.02254891989351643,0.2305
939,976,0.022549098797596197,0.2305625
2521,2606,0.02254912736601968,0.230625
3547,3599,0.022549303433770526,0.2306875
1707,1358,0.02254943184293662,0.23075
1231,1285,0.02255004772134435,0.2308125
8118,8003,0.022550208802954497,0.230875
9922,9811,0.02255036401452994,0.2309375
9258,9211,0.022550694593431498,0.231
13258,13345,0.022550799017786716,0.2310625
3031,3134,0.022550877140920397,0.231125
8212,8604,0.022550972034036568,0.2311875
8252,8560,0.022551318739923092,0.23125
6454,6455,0.022551540252283803,0.2313125
13421,13375,0.022552091755217153,0.231375
14723,14589,0.022552493259706412,0.2314375
117,301,0.02255285924109112,0.2315
7182,7174,0.02255305856728102,0.2315625
1714,1862,0.022553767130360624,0.231625
6714,6818,0.022554027874787802,0.2316875
4115,4316,0.02255489861333898,0.23175
13614,14046,0.02255502560498755,0.2318125
6966,6937,0.022555160603716266,0.231875
14759,14643,0.022555238650439763,0.2319375
2840,3039,0.022555443897942246,0.232
1525,1234,0.02255561053021016,0.2320625
13670,14028,0.022555757223861793,0.232125
3216,3459,0.022556092716889197,0.2321875
13929,14276,0.02255622098413209,0.23225
2401,2641,0.02255649718424501,0.2323125
8652,8303,0.022556629732271263,0.232375
10347,10564,0.02255664170589749,0.2324375
10187,10404,0.02255675366852868,0.2325
9445,9419,0.022556824057213935,0.2325625
3271,3457,0.022557204140272503,0.232625
7092,7117,0.022557227633462622,0.2326875
3084,3082,0.02255748704291422,0.23275
12903,12817,0.022557664257933156,0.2328125
1705,1549,0.022557739109562307,0.232875
11918,11889,0.022559334151550755,0.2329375
6935,7008,0.022559587883603707,0.233
3899,4069,0.022559808611072707,0.2330625
15658,15665,0.022560083859150024,0.233125
4804,4922,0.02256024666374663,0.2331875
13746,14058,0.02256030781308403,0.23325
593,900,0.022560470108776702,0.2333125
2728,2713,0.02256050866673426,0.233375
1139,1287,0.02256053193178071,0.2334375
4153,4298,0.022560792243636385,0.2335
12322,12111,0.02256096570952949,0.2335625
7477,7513,0.022561013641890934,0.233625
6804,7076,0.022561126141659147,0.2336875
8517,8928,0.022561458711076787,0.23375
12898,13140,0.02256150766955515,0.2338125
10033,10043,0.022561718338104206,0.233875
14689,14601,0.022561790454762004,0.2339375
13646,14062,0.022561851360694166,0.234
667,834,0.022561865378539853,0.2340625
6455,6457,0.0225620852979589,0.234125
13249,13340,0.022562097077752107,0.2341875
2599,2718,0.022562326539755637,0.23425
8189,8073,0.02256243198260041,0.2343125
6914,7108,0.0225627535880888,0.234375
1860,1632,0.02256289762194125,0.2344375
10969,11072,0.022563093159590545,0.2345
3992,4196,0.022563283304699328,0.2345625
9389,9571,0.022563328065482214,0.234625
1030,644,0.022563442935929243,0.2346875
13568,13998,0.02256346912006496,0.23475
15094,15023,0.02256348721194256,0.2348125
2735,2707,0.02256362383850453,0.234875
9311,9469,0.022563697893530518,0.2349375
12984,13023,0.02256381449393802,0.235
1676,1843,0.022563895887143973,0.2350625
3049,2892,0.022564007599654386,0.235125
13138,13586,0.022564050516596174,0.2351875
13251,13379,0.02256417318645038,0.23525
682,860,0.022564272155054726,0.2353125
11112,11106,0.02256453392830695,0.235375
472,589,0.0225645801339169,0.2354375
6280,6327,0.022565036151119367,0.2355
7370,7860,0.0225651481412546,0.2355625
9564,9968,0.02256520301859195,0.235625
14602,14592,0.022565268411148625,0.2356875
15618,15675,0.02256541433476873,0.23575
12780,12643,0.02256553451216477,0.2358125
8055,7899,0.022565623060981914,0.235875
2489,2374,0.022565674440665064,0.2359375
5834,5861,0.02256580856799589,0.236
8630,9118,0.022566068589106956,0.2360625
10421,10632,0.022566100090956717,0.236125
9110,8861,0.022566228483816907,0.2361875
9611,10144,0.022566370655138154,0.23625
383,667,0.02256639463194762,0.2363125
5524,5780,0.02256642659200942,0.236375
4620,4362,0.022566546183074104,0.2364375
12149,12071,0.022566661859405823,0.2365
3680,3689,0.02256733003490153,0.2365625
8219,8131,0.022567846543584274,0.236625
7608,7416,0.022567861126424022,0.2366875
15429,15898,0.02256789510721126,0.23675
7249,7199,0.022567957829116105,0.2368125
776,852,0.022568047745609533,0.236875
12752,12582,0.022568741558132807,0.2369375
2990,3244,0.02256922699673032,0.237
13427,13395,0.022569896153338976,0.2370625
9192,9520,0.022570412566458534,0.237125
8798,8323,0.022570489652620204,0.2371875
7536,7669,0.022570541722023614,0.23725
6701,6617,0.022571096604322494,0.2373125
8664,8976,0.02257110313435415,0.237375
10224,10512,0.02257128084467067,0.2374375
14093,13939,0.02257136938708893,0.2375
6675,6613,0.022571412124270253,0.2375625
13481,13900,0.022571900845851357,0.237625
7888,8074,0.02257191270743978,0.2376875
7422,7287,0.022572004738040986,0.23775
11730,11753,0.0225726362963029,0.2378125
1711,1884,0.022572717530709368,0.237875
5097,5155,0.022572831889114638,0.2379375
632,932,0.022573025377798126,0.238
6962,7083,0.02257306322650609,0.2380625
14895,15246,0.022573535594136135,0.238125
4876,4905,0.022573708161072376,0.2381875
1847,1883,0.022573757286802585,0.23825
4041,4185,0.022573831553076587,0.2383125
10636,10840,0.02257411424816713,0.238375
5779,5762,0.022574650513274598,0.2384375
9030,8757,0.022574835802364614,0.2385
7867,7972,0.022574879866458602,0.2385625
10585,10790,0.022575256890387297,0.238625
7957,8120,0.022575331830471054,0.2386875
10542,10678,0.022575457284586955,0.23875
14462,15002,0.022575605448609808,0.2388125
10460,10596,0.02257618655835046,0.238875
12878,13136,0.022576450568741625,0.2389375
13005,13007,0.022577287129846618,0.239
13721,14032,0.022577584653239065,0.2390625
7403,7814,0.02257764599121969,0.239125
807,804,0.02257793335728569,0.2391875
484,497,0.02257801159304292,0.23925
14521,14527,0.02257843210444297,0.2393125
1646,1486,0.022578707044684253,0.239375
9175,9221,0.02257872704554967,0.2394375
2529,2586,0.022578756499466116,0.2395
12943,12941,0.02257882513795026,0.2395625
13362,13283,0.022578905761272736,0.239625
5773,5799,0.022579313927082643,0.2396875
741,1018,0.02257943816866811,0.23975
9109,9450,0.022579450605661956,0.2398125
9495,9547,0.022579797654989575,0.239875
2809,2823,0.02257989894153747,0.2399375
8192,8077,0.022580335544659574,0.24
4023,3674,0.022581198227375,0.2400625
10261,10115,0.022581456669848562,0.240125
1895,1828,0.02258168121226233,0.2401875
5362,5387,0.022581822520327352,0.24025
2663,2772,0.022581958466515912,0.2403125
6529,6800,0.022582094765357216,0.240375
9285,9213,0.022582186202776796,0.2404375
9877,9793,0.022582678540529928,0.2405
1620,1974,0.022582970013983163,0.2405625
7638,7655,0.022583292607663764,0.240625
13557,13960,0.02258356961554818,0.2406875
13645,13585,0.022583601152065196,0.24075
4618,4558,0.022584144498699773,0.2408125
5794,5839,0.022584620320990553,0.240875
3058,3144,0.022584683140646114,0.2409375
9215,9496,0.022584953612602796,0.241
11475,11699,0.022585317761952974,0.2410625
13995,14326,0.022585528449121876,0.241125
8041,7983,0.0225856040977097,0.2411875
4924,4958,0.022585752529859435,0.24125
4357,4387,0.022585900344728273,0.2413125
14812,14659,0.022586031862849153,0.241375
4403,4250,0.022586075882699747,0.2414375
9005,8483,0.022586658525632877,0.2415
520,832,0.02258668115138725,0.2415625
13942,14220,0.02258682073422699,0.241625
2322,2692,0.022587041297496332,0.2416875
9855,10230,0.022587220618566495,0.24175
2488,2615,0.022587391046376068,0.2418125
3192,3098,0.022587419388482622,0.241875
3264,3495,0.02258780237540075,0.2419375
7003,7111,0.02258811656936669,0.242
911,978,0.022588493872403786,0.2420625
8687,9034,0.022588545128122382,0.242125
8407,8764,0.022588597548867835,0.2421875
13889,14154,0.022588899703725795,0.24225
4759,4880,0.022589217160881598,0.2423125
8768,9146,0.022589254743530605,0.242375
4360,4379,0.02258940144076881,0.2424375
2476,2113,0.02258942350318336,0.2425
10133,10051,0.02258958510511283,0.2425625
11757,11647,0.022590028892601914,0.242625
6891,7050,0.022590460762868594,0.2426875
6659,6770,0.02259075881762092,0.24275
8299,8237,0.02259082751357988,0.2428125
6828,7032,0.022590933108466906,0.242875
7752,7763,0.022591104022479304,0.2429375
14532,14229,0.022591113123440167,0.243
5859,5348,0.022591193465691176,0.2430625
1005,823,0.022591318253514316,0.243125
354,567,0.022591381198772197,0.2431875
1296,416,0.0225914122373532,0.24325
8921,9248,0.022591642930202865,0.2433125
4603,4698,0.022592082938901525,0.243375
803,737,0.022592419022891656,0.2434375
14083,13943,0.02259277670161186,0.2435
779,822,0.02259343641118635,0.2435625
3340,3130,0.02259356126816554,0.243625
14340,14584,0.0225937732550982,0.2436875
7821,7799,0.02259413468140391,0.24375
12882,12821,0.022594337140459102,0.2438125
5944,5923,0.022594383803474078,0.243875
9591,9695,0.022594612519622415,0.2439375
13420,13267,0.022594909852433467,0.244
953,779,0.02259506239936554,0.2440625
4439,4601,0.02259519494194808,0.244125
13423,13768,0.022595403597300088,0.2441875
7032,6926,0.02259541329398355,0.24425
15144,15416,0.02259550963441196,0.2443125
660,681,0.022595711703247836,0.244375
13235,13574,0.022596108270415607,0.2444375
9635,9719,0.02259629624028818,0.2445
14246,13947,0.02259649173447503,0.2445625
12418,12093,0.022596510279450296,0.244625
7039,6942,0.02259672238618888,0.2446875
15677,15733,0.022596759562836657,0.24475
5188,5436,0.02259676802785712,0.2448125
12577,12610,0.022596815277550013,0.244875
8673,9070,0.022596896038627752,0.2449375
9291,9249,0.022596956267087725,0.245
13261,13413,0.02259733943611726,0.2450625
13233,13179,0.022597544432573575,0.245125
10053,10336,0.02259809103133656,0.2451875
15401,15780,0.02259858683027692,0.24525
8433,8942,0.022598618003841463,0.2453125
6902,6934,0.02259872275325945,0.245375
13364,13285,0.02259895941315302,0.2454375
10182,10382,0.022599504903583877,0.2455
14154,13809,0.022599669198469913,0.2455625
5760,5782,0.02259977293370847,0.245625
7893,8052,0.022599801048329236,0.2456875
536,631,0.02259997138632768,0.24575
2592,2704,0.022599981955985355,0.2458125
13496,13762,0.022600372941325334,0.245875
3144,3174,0.022600712899600563,0.2459375
4911,5406,0.02260074877387194,0.246
14924,14897,0.02260076629690702,0.2460625
7108,7119,0.022600911904311745,0.246125
2582,2562,0.02260099509267446,0.2461875
10959,11078,0.02260101969307405,0.24625
1572,1831,0.022601146401819556,0.2463125
6366,6395,0.02260118332130056,0.246375
9327,9253,0.02260166203663723,0.2464375
12870,12915,0.022601668505489374,0.2465
1868,2012,0.02260167747123854,0.2465625
12199,12075,0.022601899723144105,0.246625
9413,9293,0.022601937531856145,0.2466875
15281,15168,0.02260195869471723,0.24675
7089,7129,0.02260209289800407,0.2468125
9092,8473,0.022602093026029176,0.246875
4644,4710,0.02260231649418473,0.2469375
9724,10130,0.02260241767826023,0.247
8716,9138,0.022602553530847343,0.2470625
13434,13233,0.022602819824062554,0.247125
10098,10354,0.022603118308902125,0.2471875
9815,10034,0.022603462200607813,0.24725
10657,10902,0.022603474256952975,0.2473125
11917,11421,0.022603540046392645,0.247375
2531,2261,0.022603550710595676,0.2474375
15165,15001,0.022603703334248968,0.2475
6750,7004,0.02260391555801712,0.2475625
14163,13863,0.02260394535936734,0.247625
8578,8920,0.022604028606418792,0.2476875
1647,1893,0.022604050076035942,0.24775
4596,4925,0.02260415502109929,0.2478125
6057,6245,0.022604269270697495,0.247875
9818,10128,0.022604478886169867,0.2479375
13477,13726,0.02260464701317065,0.248
2922,3122,0.022604675791964658,0.2480625
1801,1598,0.02260511846669367,0.248125
5884,5468,0.022605203231546522,0.2481875
1878,1693,0.02260545120522104,0.24825
9599,9677,0.022605524185639686,0.2483125
7342,7838,0.02260552429041768,0.248375
9878,10194,0.022605568004168367,0.2484375
4254,4285,0.02260558080627282,0.2485
8279,8708,0.0226057620454082,0.2485625
9246,9530,0.022605893046027246,0.248625
2900,2999,0.022606044354064225,0.2486875
2416,2598,0.02260671341693283,0.24875
10596,10768,0.022606919370139623,0.2488125
4264,4598,0.022607035164616703,0.248875
3141,3154,0.02260722806273344,0.2489375
1788,1562,0.022607333173488064,0.249
13357,13468,0.02260760805138358,0.2490625
1639,1952,0.022607886766671997,0.249125
2882,2801,0.022608051059331228,0.2491875
8363,8778,0.02260815514677377,0.24925
2568,2484,0.022608229931225715,0.2493125
6834,6962,0.022608331531247527,0.249375
12266,11959,0.022608342707478076,0.2494375
7701,7902,0.022608346183734307,0.2495
2389,2712,0.022608435746718288,0.2495625
938,765,0.022608640943121337,0.249625
4355,4662,0.022608734294779862,0.2496875
5596,5448,0.022609056743878156,0.24975
3968,4047,0.022609120210258325,0.2498125
9437,9555,0.022609137496603756,0.249875
14199,13929,0.02260943239006534,0.2499375
13404,13608,0.022609970442891245,0.25
4488,4614,0.02261021507234533,0.2500625
11933,11851,0.02261032253366912,0.250125
543,591,0.02261050678295784,0.2501875
8366,8304,0.022610584073554586,0.25025
14503,15010,0.022610922708924373,0.2503125
15712,15619,0.022611185717961804,0.250375
3371,3198,0.022611229385416556,0.2504375
6118,6151,0.02261173134811146,0.2505
12787,13250,0.022611808398908244,0.2505625
4883,4955,0.02261189428377616,0.250625
6359,6381,0.02261189867135584,0.2506875
9482,9802,0.02261202693190835,0.25075
6223,6399,0.02261221448676363,0.2508125
1976,2030,0.02261224623061329,0.250875
4440,4659,0.022612354271926195,0.2509375
8334,8291,0.022612454288997712,0.251
7072,6900,0.022612526543053284,0.2510625
2649,2702,0.022612669192347203,0.251125
2526,2636,0.02261359371666674,0.2511875
1506,1846,0.022614335002548613,0.25125
7593,7802,0.022614444561871686,0.2513125
10086,10063,0.02261455329826754,0.251375
6621,6790,0.02261459049769238,0.2514375
2382,2655,0.022614924544324504,0.2515
9932,10021,0.022615004908896476,0.2515625
3239,3315,0.022615337715969953,0.251625
7027,7033,0.022615414236876852,0.2516875
4579,4705,0.022615451242704643,0.25175
9421,9477,0.022615516100856967,0.2518125
13329,13576,0.022616056773029483,0.251875
6073,6285,0.022616167200346923,0.2519375
15082,15190,0.02261647527231375,0.252
2534,2521,0.022616478553523757,0.2520625
4029,4174,0.022616689852213854,0.252125
9782,10210,0.022616752669173942,0.2521875
3933,4053,0.02261676603483762,0.25225
11886,11821,0.022616897660261044,0.2523125
13669,13599,0.02261703948632026,0.252375
14020,13975,0.02261707330398248,0.2524375
379,531,0.022617370633069754,0.2525
6225,6539,0.022617438274998715,0.2525625
7107,7086,0.022617727910548325,0.252625
333,311,0.02261773132092493,0.2526875
9965,9929,0.022617753378850622,0.25275
9059,9452,0.02261781783463269,0.2528125
991,726,0.022617945389932215,0.252875
1053,861,0.022618118461311475,0.2529375
2549,2444,0.0226181737308679,0.253
780,882,0.022618254728931128,0.2530625
6148,6107,0.022618265216581238,0.253125
4568,4632,0.02261838053844855,0.2531875
3081,3136,0.02261853969338188,0.25325
1670,1955,0.022618738905004668,0.2533125
9043,9328,0.02261898330172128,0.253375
7923,7835,0.022619028506939916,0.2534375
13524,13497,0.022619296474654188,0.2535
3915,4178,0.0226193043737196,0.2535625
15012,15350,0.022619388477028678,0.253625
11823,11507,0.02262011172166715,0.2536875
7532,7427,0.022620156464015904,0.25375
3423,3256,0.02262015697599286,0.2538125
15315,15430,0.022620689881318257,0.253875
12869,12885,0.022620745180459992,0.2539375
7728,7910,0.022620749344436534,0.254
9810,9789,0.022620915012098307,0.2540625
2903,2865,0.022621119824692507,0.254125
13283,13353,0.022621131294055078,0.2541875
4586,4693,0.022621191096723187,0.25425
10586,10832,0.022621241327477993,0.2543125
13595,13545,0.022621289042366103,0.254375
11346,11286,0.02262132105623492,0.2544375
7734,7761,0.02262138888608835,0.2545
120,315,0.022621470010783507,0.2545625
13845,14274,0.022621784232896874,0.254625
1171,1283,0.02262188750520104,0.2546875
13454,13836,0.02262193319471841,0.25475
14105,13841,0.02262206752044565,0.2548125
3071,3129,0.02262219115531584,0.254875
2996,3202,0.022622198036934094,0.2549375
9464,9447,0.022622452493855232,0.255
6294,6403,0.022622596113650546,0.2550625
15703,15637,0.02262263983237498,0.255125
5390,5060,0.022622656066098507,0.2551875
1029,877,0.022622748483906156,0.25525
12190,11969,0.022622857686852776,0.2553125
1864,1933,0.022623446435189844,0.255375
15687,15677,0.022623451100572674,0.2554375
2851,2993,0.022623553806534236,0.2555
8562,8906,0.022623554428145832,0.2555625
10000,9999,0.022623558006268363,0.255625
12679,12718,0.022623806151334136,0.2556875
9316,9505,0.022623806991302155,0.25575
15675,15679,0.022623919044282216,0.2558125
14644,14680,0.022624084568310467,0.255875
9077,9404,0.022624296115309812,0.2559375
9418,9405,0.022624347003928843,0.256
5016,5075,0.022624638263182537,0.2560625
6098,6013,0.02262495590727082,0.256125
2808,3254,0.022625099944224968,0.2561875
11934,11829,0.022625140419344634,0.25625
1096,1219,0.022625320602618158,0.2563125
13786,14124,0.022625350919282083,0.256375
9518,9379,0.022625750047707588,0.2564375
3892,4230,0.022625822696952173,0.2565
7908,7964,0.02262595763150005,0.2565625
5661,5806,0.02262596063813965,0.256625
4567,4628,0.022626400273145348,0.2566875
6934,6898,0.0226267358292687,0.25675
9048,9414,0.022626779257195598,0.2568125
8289,8596,0.02262684271934228,0.256875
2632,2738,0.02262697213460498,0.2569375
13470,13936,0.022627143645845327,0.257
3491,3248,0.022627161205942894,0.2570625
12887,12962,0.022627229708637918,0.257125
4193,4228,0.022627314409785753,0.2571875
8002,8005,0.022627354340449168,0.25725
6954,7007,0.02262737399939018,0.2573125
5820,5832,0.022627393349986914,0.257375
15713,15567,0.022627967101326904,0.2574375
13575,13549,0.02262800305836842,0.2575
3505,3555,0.022628087622478133,0.2575625
6754,6737,0.022628295068308168,0.257625
9446,9437,0.022628335660810982,0.2576875
3242,3289,0.022628357399471763,0.25775
5523,5746,0.02262846744944149,0.2578125
14235,14444,0.022628588374787414,0.257875
12558,12695,0.022628646120793357,0.2579375
4387,4591,0.022628738031488006,0.258
12737,12910,0.022628771867417723,0.2580625
13726,14072,0.022629253800878154,0.258125
11304,11318,0.02262982603594402,0.2581875
14453,14399,0.022629909939708568,0.25825
8360,8900,0.022630079581744164,0.2583125
13342,13566,0.02263012398479712,0.258375
13341,13275,0.022630507367576113,0.2584375
4082,4215,0.02263066406705242,0.2585
7896,7582,0.02263074469579045,0.2585625
9544,9944,0.022630863770484757,0.258625
2473,2517,0.02263099565264894,0.2586875
3100,3114,0.022631088132295394,0.25875
2626,2679,0.022631109386141036,0.2588125
9770,10016,0.022631243082194878,0.258875
14990,15208,0.022631257282741655,0.2589375
3988,4129,0.02263133449682499,0.259
8897,8713,0.02263151562544617,0.2590625
10037,10332,0.02263181085286072,0.259125
1865,2018,0.022631959572438912,0.2591875
5379,5766,0.022632015520888865,0.25925
14434,14263,0.022632306128034723,0.2593125
12111,11977,0.022632336896116673,0.259375
8380,8898,0.022632457687867903,0.2594375
12744,12645,0.02263246091294856,0.2595
13298,13187,0.022632657804692143,0.2595625
13809,13609,0.02263276013156594,0.259625
8503,8948,0.022632823572947772,0.2596875
13363,13854,0.022632875182084188,0.25975
1894,1808,0.022632985581193213,0.2598125
15226,15444,0.02263306671147277,0.259875
8372,8333,0.022633449323114636,0.2599375
12876,12960,0.022633622814960657,0.26
7808,7928,0.02263378448193728,0.2600625
14032,13935,0.022634035318242995,0.260125
12859,13156,0.022634089394146555,0.2601875
2602,2654,0.022634270054616205,0.26025
14460,14317,0.022634478266102695,0.2603125
3961,4023,0.022634505028842348,0.260375
5397,5802,0.022634537193683375,0.2604375
13218,13401,0.022635062005118237,0.2605
14113,14356,0.022635327019300145,0.2605625
1666,1476,0.022635355405080028,0.260625
2956,3292,0.02263542083205956,0.2606875
8996,8711,0.022635535548835028,0.26075
2799,3126,0.02263570673975995,0.2608125
14997,15380,0.022635814487232238,0.260875
2859,2955,0.022635877627617443,0.2609375
2598,2640,0.022636047872806223,0.261
4128,4158,0.02263627484957195,0.2610625
9540,9890,0.02263664737972745,0.261125
4445,4622,0.022636796293451875,0.2611875
7019,7072,0.022636858621722867,0.26125
13740,13593,0.022637129281442903,0.2613125
10194,10420,0.022637156998860094,0.261375
1828,1892,0.022637346662583213,0.2614375
3201,2964,0.022637412407532045,0.2615
907,994,0.022637506967477673,0.2615625
6142,5720,0.022637524359003888,0.261625
8233,8666,0.02263756219810798,0.2616875
9456,9525,0.022638060620550807,0.26175
9840,10212,0.02263841333555768,0.2618125
9842,10166,0.02263857522017175,0.261875
2875,2797,0.022638885821522153,0.2619375
7667,7906,0.022638916383586935,0.262
7854,7992,0.022639384808074887,0.2620625
6185,6325,0.022639663687944674,0.262125
3015,3062,0.02263973951109866,0.2621875
9624,9988,0.022639788250419728,0.26225
15318,15484,0.02263983500953648,0.2623125
9455,9435,0.022639862013101388,0.262375
4904,4988,0.02263992174713345,0.2624375
15676,15685,0.022640142391749805,0.2625
3281,3469,0.022640356787050828,0.2625625
8451,8772,0.02264068248304473,0.262625
8246,8121,0.022640697349794067,0.2626875
14415,14576,0.02264074509426371,0.26275
8007,8010,0.022640787447083505,0.2628125
2978,3140,0.022640848373504788,0.262875
14320,14525,0.022641327042875033,0.2629375
1581,1910,0.022641620250097402,0.263
9468,9728,0.022641721580193383,0.2630625
11781,11585,0.02264229684393036,0.263125
4624,4723,0.022642512724991442,0.2631875
14579,14553,0.02264256432643569,0.26325
11291,11328,0.022642725894859578,0.2633125
4145,4370,0.022643098434297713,0.263375
7518,7479,0.022643392955561694,0.2634375
5644,5625,0.02264352460953472,0.2635
2908,3316,0.022643673533319232,0.2635625
13345,13295,0.022643721042459798,0.263625
11858,11833,0.02264374958662407,0.2636875
2969,2986,0.022643797413084983,0.26375
7977,8011,0.02264438124161097,0.2638125
1634,1344,0.02264455629377938,0.263875
8539,8968,0.022644906310660257,0.2639375
8679,9112,0.022645409726558076,0.264
12819,12793,0.022645415176807574,0.2640625
4265,4309,0.022645443283160704,0.264125
4715,4805,0.022645646888430317,0.2641875
8264,8162,0.022645703730723582,0.26425
6684,6740,0.022645846777827286,0.2643125
6137,6449,0.02264585479152371,0.264375
2770,2941,0.022645945274551348,0.2644375
689,850,0.0226466884782002,0.2645
740,878,0.022646923025953378,0.2645625
8754,9124,0.022647300890572604,0.264625
14921,15338,0.022647562500578148,0.2646875
506,499,0.022647603971435896,0.26475
4978,4954,0.0226476884221918,0.2648125
14160,13951,0.022647748624093883,0.264875
2413,2551,0.022647874708594654,0.2649375
5028,4992,0.022647981123241713,0.265
5137,5130,0.022648305561242987,0.2650625
11173,10855,0.022648393552727127,0.265125
2627,2780,0.022648495588266673,0.2651875
1306,1249,0.022649111309609712,0.26525
490,621,0.022649313054893178,0.2653125
554,477,0.02264983556416022,0.265375
1682,1462,0.02265040009108286,0.2654375
2631,2439,0.02265049122607561,0.2655
5488,5457,0.022650651409697905,0.2655625
3970,4041,0.022650935942464583,0.265625
2585,2323,0.02265127918091869,0.2656875
13865,14126,0.0226513438438316,0.26575
5237,5243,0.02265155409791529,0.2658125
15285,15053,0.022651619860391718,0.265875
443,565,0.02265200600674404,0.2659375
8262,8225,0.022652129564740876,0.266
2352,2162,0.022652380172014378,0.2660625
3220,3435,0.02265249870900141,0.266125
3837,3875,0.022652984970503845,0.2661875
14755,14639,0.02265318330286234,0.26625
2421,2660,0.02265339063599389,0.2663125
10027,9871,0.022653525221178444,0.266375
10727,10964,0.022653785111043944,0.2664375
7924,7897,0.022654035976031803,0.2665
6734,7022,0.02265414962981993,0.2665625
12128,11993,0.022654406673263124,0.266625
14994,14916,0.022654843355097,0.2666875
1553,1927,0.02265489577420676,0.26675
14429,14451,0.02265493414781902,0.2668125
6222,6259,0.022654990473967823,0.266875
6156,6055,0.0226551151565212,0.2669375
2575,2463,0.022655195598778474,0.267
7232,7168,0.02265530177732048,0.2670625
2867,2785,0.02265541197199067,0.267125
12462,12714,0.022655635555882736,0.2671875
8048,7949,0.02265570200805796,0.26725
9451,9509,0.022655790597272622,0.2673125
1143,967,0.022655899559544508,0.267375
6241,6349,0.022656468301495446,0.2674375
3082,3119,0.02265682393227942,0.2675
10355,10117,0.02265701781874563,0.2675625
13704,14022,0.022657624819323156,0.267625
3980,4107,0.022657721770981548,0.2676875
1663,1346,0.022657789449232454,0.26775
3996,4234,0.02265840487407013,0.2678125
11203,11164,0.022658502378332335,0.267875
15178,15404,0.022658596817852397,0.2679375
9377,9590,0.02265873481009724,0.268
15376,15658,0.02265889143950748,0.2680625
6164,6421,0.022659040506426503,0.268125
15114,14985,0.022659150783439875,0.2681875
4042,4210,0.022659972493325988,0.26825
2502,2595,0.02265999414039378,0.2683125
7551,7583,0.02266016127056107,0.268375
2646,2662,0.022660195374995272,0.2684375
13634,14070,0.02266031316326979,0.2685
3314,3501,0.02266032687153288,0.2685625
2514,2658,0.02266051253625719,0.268625
2941,3132,0.0226608336253657,0.2686875
8874,8829,0.02266094550562811,0.26875
6915,6936,0.022661182396168888,0.2688125
3524,3593,0.022661229404309053,0.268875
9798,10256,0.022661325610574826,0.2689375
4014,4211,0.022661746403979843,0.269
3353,3264,0.022661777790389023,0.2690625
9239,9193,0.02266191246905408,0.269125
10544,10652,0.022661960988871733,0.2691875
7515,7633,0.022662074566639396,0.26925
12793,12500,0.022662142315181003,0.2693125
9467,9688,0.022662424072219352,0.269375
8123,8095,0.02266251877669279,0.2694375
15699,15741,0.02266256783394945,0.2695
8330,8494,0.022663410160525543,0.2695625
5812,5446,0.022663426524164983,0.269625
12764,12796,0.022663553141080452,0.2696875
9556,9918,0.02266384032656406,0.26975
5582,5428,0.022664179833592885,0.2698125
823,866,0.022664273710038606,0.269875
251,341,0.022664382864811306,0.2699375
14344,14447,0.022664562085182003,0.27
442,539,0.02266468480748977,0.2700625
480,431,0.02266473031334285,0.270125
2338,2680,0.02266476632523755,0.2701875
2995,3146,0.022664887966363914,0.27025
6214,6281,0.022664953350463396,0.2703125
4578,4679,0.022665108644569224,0.270375
1232,1209,0.02266523460816581,0.2704375
15021,15582,0.02266548483099497,0.2705
8855,8375,0.022665699912345134,0.2705625
7986,7905,0.022665751024140732,0.270625
6495,6499,0.022665786001545868,0.2706875
2658,2722,0.022665850482459504,0.27075
9492,9938,0.022665853892470146,0.2708125
6144,6363,0.022665863711339017,0.270875
8702,9078,0.02266587349264745,0.2709375
1990,1825,0.022666207076141365,0.271
483,483,0.02266630065768274,0.2710625
14046,13727,0.02266636503665444,0.271125
12931,12973,0.022666684244506272,0.2711875
9393,9584,0.022666972380176047,0.27125
14319,14393,0.022667018563291647,0.2713125
4211,4610,0.02266716321939651,0.271375
13314,13357,0.022667309983530864,0.2714375
6085,6029,0.022667336877214093,0.2715
3921,4282,0.022667437139859126,0.2715625
3360,3250,0.02266754085985658,0.271625
1124,1231,0.02266754106503433,0.2716875
687,908,0.022667567619561627,0.27175
7857,7618,0.022667672210021014,0.2718125
15580,15673,0.022668093905062473,0.271875
235,363,0.022668166042023825,0.2719375
13243,13400,0.022668614199547008,0.272
12784,12401,0.02266912787549663,0.2720625
2936,2905,0.022669227340596038,0.272125
69,361,0.02266922870383642,0.2721875
11337,10835,0.02266925539002931,0.27225
8008,8019,0.022669359457298286,0.2723125
6657,6585,0.022669477864040662,0.272375
15650,15295,0.02266966532952211,0.2724375
4981,4950,0.022669839058146027,0.2725
9473,9627,0.022669959784340863,0.2725625
13009,13300,0.02267028033784367,0.272625
12683,12629,0.02267058393297497,0.2726875
4158,4136,0.022670852440464673,0.27275
4247,4511,0.022671047868361202,0.2728125
10566,10746,0.022671062192755977,0.272875
14268,14365,0.022671278284156608,0.2729375
4653,4893,0.022671450021162245,0.273
13212,13554,0.022671838850455386,0.2730625
10934,10495,0.02267202060746869,0.273125
12542,12558,0.022672431377468834,0.2731875
12977,13276,0.02267279129401553,0.27325
15151,14981,0.022673297103858302,0.2733125
1540,1373,0.022673310642794802,0.273375
1176,1094,0.022673534355547927,0.2734375
8293,8183,0.02267370885101532,0.2735
3940,4226,0.02267387397371634,0.2735625
15506,15121,0.022674019307447613,0.273625
9739,9765,0.022674221437015373,0.2736875
14890,15348,0.022674275738236566,0.27375
10576,10776,0.022674784910233572,0.2738125
2806,2947,0.022674887692532928,0.273875
2452,2368,0.022675264195335065,0.2739375
694,792,0.022675507712027237,0.274
13027,13071,0.02267590003703987,0.2740625
12877,12995,0.0226761787402282,0.274125
4137,4221,0.02267655423763174,0.2741875
2414,2296,0.022677045446778336,0.27425
7051,7097,0.022677070411293014,0.2743125
10305,10133,0.022677100390108014,0.274375
6177,6463,0.02267754553814829,0.2744375
2829,2859,0.022677696704945655,0.2745
9392,9580,0.022677948240569224,0.2745625
14972,15390,0.022678119351159223,0.274625
6561,6794,0.022678218488326848,0.2746875
6091,6147,0.022678747282532413,0.27475
13259,13191,0.02267880453427449,0.2748125
1750,2010,0.02267887195092654,0.274875
5449,5822,0.022678968498591943,0.2749375
2896,2995,0.022679134498780867,0.275
528,625,0.022679281074733413,0.2750625
10559,10808,0.022679413269344223,0.275125
3671,3849,0.022679737061741378,0.2751875
4008,4254,0.02267980508669511,0.27525
15013,15360,0.02268014950166903,0.2753125
13356,13454,0.02268047265617346,0.275375
14869,15278,0.02268054948333577,0.2754375
4276,4507,0.022680758943968305,0.2755
13408,13437,0.022680872668420764,0.2755625
13245,13317,0.022681148116715337,0.275625
14078,13805,0.022681185875360835,0.2756875
6189,6353,0.02268123981559014,0.27575
1310,1148,0.022681272752666192,0.2758125
6790,7016,0.022681501333336625,0.275875
613,689,0.022681904339712435,0.2759375
2472,2483,0.02268194942900936,0.276
10245,10099,0.02268209710584521,0.2760625
4332,4477,0.02268236970032996,0.276125
13460,13750,0.022682478275434154,0.2761875
9875,9821,0.02268267882602465,0.27625
5600,5748,0.022682715798911,0.2763125
1020,1243,0.022682771852316208,0.276375
5245,5102,0.022682860988279728,0.2764375
11765,11751,0.02268286143223067,0.2765
177,439,0.022682912267667537,0.2765625
4779,4861,0.022682947929974658,0.276625
7767,8046,0.02268295388604164,0.2766875
15359,15700,0.02268381242951982,0.27675
14722,15264,0.022683933008813714,0.2768125
14305,14331,0.0226841829749697,0.276875
4176,4376,0.022684218233632505,0.2769375
9845,10242,0.022684274498834877,0.277
15031,15386,0.022684870225894778,0.2770625
15672,15669,0.022685157070852512,0.277125
6213,6271,0.022685247708587195,0.2771875
2326,2684,0.022685253080194062,0.27725
6141,6369,0.02268528978408533,0.2773125
13144,13584,0.02268529221538881,0.277375
4362,4619,0.022685350446676675,0.2774375
6756,6816,0.02268537046566098,0.2775
7237,7478,0.022685397618008384,0.2775625
4900,4998,0.022685426002473277,0.277625
12461,12524,0.022685491945033543,0.2776875
9981,9879,0.022685558244250958,0.27775
1425,1779,0.02268598110418736,0.2778125
9361,9481,0.022685988285365874,0.277875
711,820,0.022686011909897476,0.2779375
6147,6343,0.022686057167995353,0.278
7076,7099,0.022686119024143133,0.2780625
12641,12556,0.02268614779091487,0.278125
11784,11261,0.022686425449890815,0.2781875
1482,1496,0.022686550263741376,0.27825
14900,15234,0.022686832747367894,0.2783125
4932,4946,0.022686847147044092,0.278375
7344,7458,0.02268689824093268,0.2784375
409,399,0.02268690046737283,0.2785
4849,5019,0.022687283902548133,0.2785625
8364,8730,0.02268750064826041,0.278625
15060,15084,0.022687972611175986,0.2786875
294,601,0.022688700116675974,0.27875
3984,4164,0.022688842808204865,0.2788125
6937,6873,0.02268895154731588,0.278875
1230,1199,0.02268895905638979,0.2789375
10923,10445,0.02268898476472125,0.279
13467,13824,0.022689304087150353,0.2790625
5556,5784,0.02268940001549815,0.279125
5295,5434,0.02268940689082769,0.2791875
4683,4728,0.022689457013174825,0.27925
5079,5141,0.022689459536150404,0.2793125
9480,9706,0.022689663777760407,0.279375
7324,7279,0.022689838078040894,0.2794375
6830,6739,0.022690298181205142,0.2795
14482,14537,0.022690375071115414,0.2795625
3180,3337,0.022690999514676558,0.279625
4519,5076,0.022691365348091116,0.2796875
14440,14205,0.022691385983823354,0.27975
9637,9966,0.02269185934457201,0.2798125
1194,1311,0.022692058654698248,0.279875
2924,3056,0.022692207835006698,0.2799375
6123,6231,0.022692502418404193,0.28
3894,4095,0.022692754195769965,0.2800625
2912,2971,0.022692825688175756,0.280125
4460,4611,0.022693052426057,0.2801875
7545,7657,0.022693256089088454,0.28025
15739,15803,0.022693416788489833,0.2803125
7812,7777,0.022693601372413753,0.280375
6884,6880,0.0226941541049619,0.2804375
7717,7755,0.02269421165944225,0.2805
2445,2531,0.022694552076639146,0.2805625
824,998,0.022694842665776007,0.280625
2448,2342,0.02269498238220853,0.2806875
3987,4193,0.022695103586824496,0.28075
12684,12756,0.022695167922263677,0.2808125
11191,11314,0.022695290356831706,0.280875
4717,4840,0.02269539673410581,0.2809375
3871,4142,0.02269551530373123,0.281
737,774,0.022695579483565948,0.2810625
9638,10200,0.022695756551881077,0.281125
12862,13102,0.022695935565815242,0.2811875
7564,7689,0.022695978488391076,0.28125
1753,1863,0.022695998546361642,0.2813125
13388,13794,0.02269628085548319,0.281375
11327,11438,0.02269649559043489,0.2814375
9680,10028,0.022696615652625277,0.2815
13679,14044,0.022697141151071253,0.2815625
12612,12686,0.022697273910304284,0.281625
13983,14306,0.022697331002453785,0.2816875
2749,2869,0.022697575785879418,0.28175
13706,14134,0.02269769169417794,0.2818125
9661,9723,0.022697886374101913,0.281875
1793,1650,0.022697954196027628,0.2819375
14568,14696,0.02269804235847432,0.282
12979,13005,0.022698211800982922,0.2820625
13521,13990,0.02269839629244134,0.282125
14357,14590,0.02269841376083658,0.2821875
14446,14555,0.022698492370480498,0.28225
3947,4154,0.022698556954448924,0.2823125
9780,10032,0.022698655133378487,0.282375
4089,4170,0.02269878138969192,0.2824375
13832,14003,0.022699020513895406,0.2825
13659,14066,0.022699090359413265,0.2825625
10275,10540,0.02269915894758867,0.282625
15350,15520,0.0226993951661535,0.2826875
1157,1031,0.022699400322157396,0.28275
1934,1909,0.022699447294157914,0.2828125
13289,13546,0.022699459828432463,0.282875
12932,12979,0.02269961031042973,0.2829375
15109,15424,0.022699847133454756,0.283
6584,6796,0.022700192065673645,0.2830625
631,844,0.022700200492498646,0.283125
4364,4595,0.022700310251752495,0.2831875
8800,8791,0.022700544208156564,0.28325
4928,4966,0.022700563795355247,0.2833125
8649,8990,0.02270090734756341,0.283375
13730,13591,0.02270096209730426,0.2834375
9322,9131,0.02270145357531522,0.2835
7541,7663,0.022701588528246556,0.2835625
2016,1873,0.022701624548250223,0.283625
12130,12127,0.02270170797356359,0.2836875
7404,7930,0.022701856657587893,0.28375
11035,10895,0.022702010406884687,0.2838125
4013,4256,0.022702625979146428,0.283875
5615,5808,0.022702673347296625,0.2839375
3873,3923,0.022703014032491073,0.284
7280,7225,0.022703495598895358,0.2840625
4283,4471,0.022703632390735723,0.284125
9750,10074,0.022703874289756305,0.2841875
11772,11777,0.02270388339629618,0.28425
9799,10186,0.022704153619254562,0.2843125
4026,4195,0.02270443636209162,0.284375
6721,6912,0.02270491190090227,0.2844375
9272,9247,0.022705159523077546,0.2845
10817,11000,0.022705372682493723,0.2845625
10154,10438,0.02270541064769512,0.284625
11879,11976,0.022705438856958936,0.2846875
1504,1296,0.022705470014915227,0.28475
14030,13737,0.022705732735739403,0.2848125
7583,7452,0.02270573348519275,0.284875
8308,8498,0.02270585007573978,0.2849375
13613,13575,0.022705895007054937,0.285
14982,15394,0.022705958878924307,0.2850625
13159,13095,0.022706008144747488,0.285125
12808,12523,0.022706267612031667,0.2851875
12846,12859,0.022706276394013316,0.28525
8320,8516,0.022706320085494874,0.2853125
13310,13446,0.022706573901943434,0.285375
4748,4804,0.022706584527894876,0.2854375
5305,5462,0.022706847698796887,0.2855
8393,8358,0.022706860485079302,0.2855625
11154,11154,0.022706919705025818,0.285625
626,946,0.022707365880316507,0.2856875
9086,9506,0.022707398277015248,0.28575
11264,11450,0.02270784428584616,0.2858125
9299,9848,0.022708146076644113,0.285875
14836,15292,0.02270817914561946,0.2859375
12630,12728,0.02270842078837204,0.286
13301,13411,0.022708621967620263,0.2860625
3261,3241,0.02270875333727469,0.286125
14977,15006,0.022708807912857048,0.2861875
3758,3853,0.022709039136488505,0.28625
7505,7701,0.02270905196786935,0.2863125
9756,10100,0.02270926708414334,0.286375
4754,4936,0.02270927707420548,0.2864375
5563,5804,0.02270929940198729,0.2865
9493,9669,0.02270969702731417,0.2865625
1756,1870,0.02271004417719223,0.286625
9707,10220,0.02271006249341084,0.2866875
9535,9844,0.022710073836293917,0.28675
3399,3523,0.022710382468497697,0.2868125
13160,13594,0.02271049756426121,0.286875
14326,14441,0.02271067971356499,0.2869375
8081,8103,0.02271119981142356,0.287
8818,9168,0.022711280525485808,0.2870625
5941,5736,0.022711964864898536,0.287125
13513,13479,0.02271212452164025,0.2871875
7781,8084,0.022712172879887717,0.28725
1773,1593,0.02271232751217497,0.2873125
6841,7042,0.02271243260743753,0.287375
7809,7938,0.02271282063976783,0.2874375
11724,11673,0.0227128762690877,0.2875
7540,7420,0.022712877814652303,0.2875625
4109,4219,0.022712970227046932,0.287625
5621,5607,0.022713097649697804,0.2876875
15054,15076,0.0227131534182491,0.28775
4729,4766,0.02271335409148199,0.2878125
13277,13406,0.022713405030767343,0.287875
12499,12632,0.02271345386678482,0.2879375
9279,9251,0.022713810080175076,0.288
509,605,0.02271390220255813,0.2880625
1563,1438,0.02271397490512271,0.288125
476,509,0.022714025272712653,0.2881875
10031,9937,0.02271443693856694,0.28825
5232,5259,0.02271472073394419,0.2883125
2766,2819,0.02271480117930095,0.288375
7825,8039,0.022714833875659476,0.2884375
1613,1512,0.022715066077843144,0.2885
14870,15314,0.022715542714187766,0.2885625
8753,8755,0.022715683647157574,0.288625
4157,4280,0.022715919122980384,0.2886875
2426,2557,0.022716094225076217,0.28875
322,427,0.022716290355668866,0.2888125
2960,3049,0.02271649452565991,0.288875
13823,14252,0.022716570767776174,0.2889375
13386,13606,0.02271672096386496,0.289
3989,4336,0.022716856104146237,0.2890625
709,703,0.022717010927479603,0.289125
13220,13524,0.022717140824379454,0.2891875
12700,12485,0.022717199270811724,0.28925
14062,14378,0.022717270695855437,0.2893125
5845,5662,0.022717382894525427,0.289375
3060,3220,0.022717452829214783,0.2894375
13232,13580,0.0227177982769221,0.2895
3941,4169,0.022717973353181046,0.2895625
1925,2042,0.02271804906439729,0.289625
12166,12119,0.0227180689789699,0.2896875
5679,5677,0.022718247440258587,0.28975
4160,4517,0.022718273702426527,0.2898125
3880,4079,0.02271843283110301,0.289875
4908,5146,0.02271868285466125,0.2899375
15118,15108,0.02271959828697054,0.29
11188,11336,0.022719846634200198,0.2900625
8042,8023,0.02272027445849657,0.290125
8577,8938,0.02272088980082112,0.2901875
15456,15211,0.022720955155341692,0.29025
14421,14171,0.02272127497316838,0.2903125
7492,7661,0.022721556980476464,0.290375
6327,6417,0.02272162824130097,0.2904375
9058,9390,0.02272164877653674,0.2905
395,469,0.022721654665144295,0.2905625
13747,13589,0.022721729597347716,0.290625
5391,5432,0.022721902556753316,0.2906875
11990,11927,0.022721924094898534,0.29075
6819,6556,0.022722062333862512,0.2908125
15724,15581,0.022722186509770512,0.290875
13859,14234,0.022722398519300024,0.2909375
14111,13873,0.022722431002332847,0.291
1812,1891,0.022722499522204502,0.2910625
2742,3148,0.02272264447421818,0.291125
15025,15066,0.02272294281564346,0.2911875
7984,7971,0.02272331042025809,0.29125
12774,13146,0.022723494577426073,0.2913125
8341,8486,0.02272368315858464,0.291375
3118,3407,0.022724184670946435,0.2914375
5540,5830,0.02272419570076075,0.2915
4323,4385,0.02272421815000375,0.2915625
6115,6125,0.022724443102505168,0.291625
4493,4314,0.022724470873107225,0.2916875
3867,4248,0.022724769902412657,0.29175
14922,15354,0.02272477016901536,0.2918125
12749,12719,0.022724815799538386,0.291875
6418,6840,0.02272487233998891,0.2919375
12795,12427,0.022724935157641103,0.292
13997,13919,0.02272560082806512,0.2920625
787,1042,0.022725725597342362,0.292125
14053,13871,0.02272584410387675,0.2921875
15654,15609,0.022726068760041362,0.29225
11483,11494,0.022726203179192415,0.2923125
2801,3014,0.022726408053722263,0.292375
1138,1265,0.022726671130942826,0.2924375
13628,14094,0.02272668822077056,0.2925
13266,13165,0.022727178486744874,0.2925625
14798,15310,0.022727233932061153,0.292625
9029,9330,0.022727380981712914,0.2926875
4255,4299,0.02272757931664646,0.29275
12760,12691,0.022727699733335573,0.2928125
13334,13273,0.02272795019414083,0.292875
13500,13451,0.022728134534466544,0.2929375
4373,4678,0.022728166013573445,0.293
6797,6650,0.02272833344198031,0.2930625
11228,11284,0.022728344215100088,0.293125
11249,11382,0.022728441616338788,0.2931875
3055,3102,0.022728844902502095,0.29325
13828,14172,0.022728847135426535,0.2933125
12864,12913,0.022729348908538043,0.293375
1770,1636,0.022729622855088387,0.2934375
13414,13623,0.022729684024868097,0.2935
2297,2033,0.022729861618859124,0.2935625
4799,4867,0.022729917867854006,0.293625
1023,929,0.02272993002933699,0.2936875
2881,3224,0.022730171067877846,0.29375
10172,10083,0.022730301825530465,0.2938125
7211,7179,0.02273031804174083,0.293875
15647,15699,0.022730525122576572,0.2939375
4182,4266,0.022730735587012055,0.294
2436,2304,0.022730743723569393,0.2940625
8777,8809,0.022731424210751628,0.294125
13163,13338,0.02273182224591051,0.2941875
8774,9180,0.02273183655095045,0.29425
2477,2672,0.022731900175726134,0.2943125
15125,15003,0.022732065515639454,0.294375
4432,4590,0.02273224247093289,0.2944375
663,937,0.02273229163501042,0.2945
8650,9104,0.022732589725910034,0.2945625
5527,5794,0.022732795501348192,0.294625
12523,12596,0.02273280135861338,0.2946875
14372,14407,0.02273289591273817,0.29475
2574,2445,0.02273298694592451,0.2948125
4825,4938,0.02273303379708029,0.294875
784,1034,0.022733929499947625,0.2949375
4472,4338,0.022733948950800515,0.295
8955,8789,0.02273426249881924,0.2950625
8314,8277,0.02273434797252654,0.295125
6041,6209,0.022734398019166803,0.2951875
12924,13048,0.0227344978760833,0.29525
13631,13583,0.02273471754161475,0.2953125
1657,1837,0.022734724931678982,0.295375
13240,13397,0.02273479300594138,0.2954375
8675,9006,0.02273482887652239,0.2955
449,599,0.022735096511656398,0.2955625
3949,4208,0.022735344089744994,0.295625
4516,4655,0.022735459930689678,0.2956875
12649,12611,0.0227354931337774,0.29575
6101,6337,0.022735802170396523,0.2958125
14165,14321,0.02273611284042216,0.295875
527,519,0.02273618070202167,0.2959375
6200,6265,0.022736390664470113,0.296
5819,5686,0.022736725179769976,0.2960625
12702,13184,0.022736773754014675,0.296125
4598,4704,0.022736818199998576,0.2961875
3532,3322,0.022737017166141286,0.29625
8719,9090,0.022737223327855632,0.2963125
6715,6998,0.0227372773353945,0.296375
9069,8703,0.02273731958466102,0.2964375
11667,11807,0.022737325514915627,0.2965
6666,6994,0.02273738658707038,0.2965625
8266,8582,0.022737409028516297,0.296625
3361,3294,0.022737419318315553,0.2966875
4691,4850,0.022737567478209028,0.29675
13778,14082,0.022737794732887315,0.2968125
15092,15392,0.02273789315571513,0.296875
7292,7186,0.022738156221070335,0.2969375
6237,6407,0.022738424703390353,0.297
15067,15170,0.02273842879776286,0.2970625
7519,7555,0.022738453304550956,0.297125
2464,2742,0.022738612733656495,0.2971875
3326,3477,0.022738698465301178,0.29725
11041,11170,0.02273891764519469,0.2973125
6124,6293,0.022738958867840386,0.297375
3129,3304,0.02273898902465615,0.2974375
2486,2614,0.022739190705027616,0.2975
2909,2895,0.022739657815650738,0.2975625
14231,14480,0.022739675203521426,0.297625
13336,13682,0.022740399976096552,0.2976875
13938,13713,0.022740587899264798,0.29775
4341,4637,0.022740634769673324,0.2978125
265,445,0.022740725232386835,0.297875
4349,4431,0.022740769445311917,0.2979375
10020,9957,0.022741013417859484,0.298
6743,7052,0.022741133972017245,0.2980625
13450,14012,0.022741144571889648,0.298125
9847,9819,0.0227412428373078,0.2981875
888,1004,0.022741247424501933,0.29825
1848,1832,0.022741303479346345,0.2983125
4059,4268,0.02274166167738579,0.298375
9098,9462,0.02274195190250347,0.2984375
4304,4585,0.022742037130082493,0.2985
13992,13927,0.02274220231968977,0.2985625
7366,7277,0.022742277004646854,0.298625
3106,3040,0.022742319407656753,0.2986875
13887,14250,0.022742497467263704,0.29875
11002,11108,0.022742580317071416,0.2988125
2670,2729,0.022742963039342853,0.298875
9368,9578,0.022743061589472778,0.2989375
5730,5721,0.022743487263463084,0.299
14360,14185,0.022743983723301504,0.2990625
1600,1320,0.02274420010523089,0.299125
2943,3142,0.022744208292186683,0.2991875
6021,5991,0.022744507656659523,0.29925
13768,13619,0.022744897926131324,0.2993125
15758,15905,0.022744902794907294,0.299375
8960,9270,0.022744990884012686,0.2994375
1876,2046,0.022745100401922954,0.2995
6111,6323,0.02274515705671437,0.2995625
13319,13421,0.022745634468206075,0.299625
4740,4857,0.022745922822532714,0.2996875
14061,13815,0.022745937551248697,0.29975
14935,15426,0.02274609790792339,0.2998125
15576,15307,0.02274664809052403,0.299875
12345,12123,0.02274697167989995,0.2999375
12506,12688,0.022747038991887483,0.3
5151,5201,0.022747151483772533,0.3000625
8450,8922,0.022747677080661735,0.300125
3107,3182,0.022747697445727518,0.3001875
2460,2545,0.022748011078816237,0.30025
7005,6931,0.022748079696597406,0.3003125
12642,12754,0.022748090528944182,0.300375
4639,4874,0.02274819659367382,0.3004375
243,283,0.022748649126847265,0.3005
10928,11136,0.022748696607621702,0.3005625
2713,2794,0.022748856429021684,0.300625
9506,9936,0.02274894688017827,0.3006875
8843,8563,0.02274895466074066,0.30075
14005,13859,0.02274925011436469,0.3008125
9641,10110,0.02274936098326028,0.300875
2459,2503,0.022749447177423957,0.3009375
8193,8646,0.022749568465338064,0.301
710,1014,0.022749575066105893,0.3010625
6755,6669,0.022749599090609807,0.301125
7084,7103,0.022749750878238884,0.3011875
1447,1232,0.022749807359348697,0.30125
13416,13842,0.022750273803699008,0.3013125
744,974,0.022750308867671286,0.301375
5530,5505,0.0227503691117144,0.3014375
8572,8934,0.02275043991393232,0.3015
12575,12715,0.022750466611852167,0.3015625
2555,2730,0.02275053031837844,0.301625
3168,3401,0.022750673607541308,0.3016875
9977,10264,0.022750681770368004,0.30175
8294,8518,0.022750878683758635,0.3018125
9706,10116,0.022750967091672965,0.301875
14992,14947,0.02275105250016719,0.3019375
15064,15376,0.022751457581557517,0.302
9515,9818,0.022751807024917834,0.3020625
3951,4093,0.02275192737932723,0.302125
12586,12704,0.022752018523549314,0.3021875
9573,9878,0.02275214480290813,0.30225
13128,13349,0.022752380612367396,0.3023125
6199,6233,0.022752555253099497,0.302375
5083,5163,0.022752559749133306,0.3024375
13486,13515,0.022752756631630656,0.3025
8893,8573,0.02275278659365165,0.3025625
13158,13572,0.02275285923034528,0.302625
11235,11432,0.022752967511611263,0.3026875
13487,13946,0.02275297274033517,0.30275
10730,10379,0.022753008973143446,0.3028125
6929,7021,0.022753107155294605,0.302875
15075,15408,0.022753253370086202,0.3029375
3477,3583,0.02275333769469453,0.303
10081,10067,0.022753501003962576,0.3030625
13327,13444,0.02275370311468679,0.303125
4655,4772,0.022753719697570667,0.3031875
3888,4240,0.022753738218463927,0.30325
13263,13456,0.022753862347049045,0.3033125
2977,3048,0.02275409690429766,0.303375
6674,7098,0.02275422475011978,0.3034375
8223,8656,0.02275430459974508,0.3035
9521,9974,0.022754378967947245,0.3035625
622,735,0.022754422498162855,0.303625
9496,9976,0.02275457864874267,0.3036875
2316,2628,0.022754952774201444,0.30375
4130,4455,0.022755022602624825,0.3038125
700,1012,0.02275555807734735,0.303875
10001,10296,0.02275583867260559,0.3039375
13166,13441,0.022756345158146247,0.304
729,964,0.022756358300217435,0.3040625
5512,5841,0.022756487368948048,0.304125
12796,12934,0.022756527906244887,0.3041875
13279,13143,0.022756661567873895,0.30425
7104,7145,0.022756927416665455,0.3043125
11462,10881,0.02275694861453916,0.304375
2754,3099,0.022757131576331132,0.3044375
14991,15402,0.022757498683891757,0.3045
9598,9661,0.02275753650310183,0.3045625
11138,10861,0.022757546597924387,0.304625
15604,15291,0.022757557670578927,0.3046875
7793,8049,0.022757589533977843,0.30475
13911,14190,0.022757603766388447,0.3048125
5085,5138,0.022758039305425668,0.304875
2777,2949,0.02275817306157989,0.3049375
13302,13443,0.02275838733119602,0.305
12912,13264,0.022758442456173728,0.3050625
5056,5129,0.022758774340401793,0.305125
8568,9058,0.022758925064384962,0.3051875
5549,5800,0.022759053574954665,0.30525
6533,6529,0.02275915361807124,0.3053125
2424,2690,0.022759459496603688,0.305375
14025,13853,0.022759525256523964,0.3054375
5258,5273,0.022759550133932306,0.3055
599,868,0.022759723502910254,0.3055625
10691,10940,0.022760408271649005,0.305625
7241,7188,0.022760586248721407,0.3056875
2570,2768,0.022760611202687367,0.30575
13215,13600,0.022760712743790015,0.3058125
12615,13174,0.0227607767034502,0.305875
5192,5476,0.022760859566252463,0.3059375
8929,8783,0.022760955125511694,0.306
14377,14293,0.022761039958958673,0.3060625
5166,5440,0.02276113414658928,0.306125
8937,8771,0.022761631518337717,0.3061875
1763,1851,0.022761642467986617,0.30625
2796,2842,0.02276178733125434,0.3063125
11804,11827,0.02276179006157772,0.306375
14145,14420,0.02276181314456084,0.3064375
2861,2817,0.022761909361674524,0.3065
9894,9839,0.022761936665020913,0.3065625
6648,6804,0.022762198877645835,0.306625
12813,12953,0.02276221081969546,0.3066875
4104,4474,0.022762515467489773,0.30675
11157,11236,0.022762733712342685,0.3068125
8093,8152,0.022762738242413056,0.306875
9483,9375,0.022763000562718308,0.3069375
8328,8462,0.022763247645661646,0.307
13468,13832,0.022763257778005534,0.3070625
6990,7236,0.022763411066624824,0.307125
6998,6891,0.022763435184323538,0.3071875
14013,13775,0.022763508998309208,0.30725
13077,13065,0.022763745087532983,0.3073125
1098,935,0.022763910012360045,0.307375
492,473,0.02276402312191675,0.3074375
6946,7031,0.022764143008001343,0.3075
7666,7691,0.022764617760238765,0.3075625
15490,15217,0.022764637932073208,0.307625
11077,11230,0.022764699818105624,0.3076875
10003,9857,0.022764829057297462,0.30775
10754,10199,0.022764888872880328,0.3078125
14173,14408,0.022764946483621134,0.307875
14414,14459,0.02276505846408937,0.3079375
6741,6649,0.022765279615140854,0.308
7774,8076,0.022765790725805157,0.3080625
6129,6059,0.02276608225741514,0.308125
8365,8359,0.022766101695830553,0.3081875
14103,13819,0.022766282867391484,0.30825
13498,14100,0.022766592839314936,0.3083125
2347,2746,0.022767017814812537,0.308375
14587,14664,0.022767026353451514,0.3084375
11713,11663,0.022767038371268516,0.3085
3131,3451,0.022767044930865597,0.3085625
9348,9089,0.02276723851294818,0.308625
2871,2913,0.022767261189627522,0.3086875
7144,7140,0.02276743110919413,0.30875
9916,10254,0.0227674856488116,0.3088125
13344,13197,0.022767529123329758,0.308875
11168,11408,0.022767642237484058,0.3089375
1907,2028,0.022767832914799207,0.309
3073,3084,0.022768160038555665,0.3090625
9985,9981,0.022768434990829846,0.309125
7045,7106,0.022768441084139588,0.3091875
3929,4099,0.02276878392921748,0.30925
5047,5110,0.02276912429394463,0.3093125
5791,6030,0.022769464342456983,0.309375
8868,9216,0.022769560756333206,0.3094375
653,838,0.02276972450988418,0.3095
6881,7113,0.022770136502995024,0.3095625
12884,12925,0.02277020337365824,0.309625
14254,14379,0.022770226667351536,0.3096875
1264,1225,0.0227704617231494,0.30975
11647,11659,0.02277057719862344,0.3098125
589,800,0.02277078763917802,0.309875
8856,8767,0.02277079746149835,0.3099375
2897,3086,0.022771032779438725,0.31
14906,14891,0.02277109063873166,0.3100625
6749,6456,0.022771243541253983,0.310125
1703,1558,0.02277136331258391,0.3101875
4024,4242,0.02277156105785171,0.31025
3074,3232,0.02277159844421248,0.3103125
5420,5388,0.022771715740754553,0.310375
7998,7943,0.022771723464397018,0.3104375
5273,5424,0.02277173539014862,0.3105
8501,8341,0.02277184508919955,0.3105625
13265,13145,0.022772084412882254,0.310625
5429,5416,0.022772253048742662,0.3106875
6034,6199,0.022772332342627797,0.31075
14762,14862,0.02277304006741035,0.3108125
2848,2901,0.02277316580252142,0.310875
12707,12605,0.022773375563594083,0.3109375
4039,4276,0.022773504783062098,0.311
13975,14324,0.02277353621504157,0.3110625
13011,13031,0.022773584455961896,0.311125
8240,8275,0.02277376589188381,0.3111875
1824,2008,0.022773852721874342,0.31125
13255,13227,0.022773893218845237,0.3113125
10438,10976,0.022774028895886603,0.311375
15233,15504,0.022774161352667428,0.3114375
3229,3197,0.022774247896578736,0.3115
14837,15330,0.022774430858608554,0.3115625
12952,13039,0.022774992554367306,0.311625
2697,2788,0.02277511304830508,0.3116875
9749,9779,0.02277523389671306,0.31175
2450,2671,0.022775423609831317,0.3118125
14399,14595,0.022775429852826625,0.311875
7298,7374,0.022775514867988546,0.3119375
6430,6481,0.022775564579785686,0.312
1035,1330,0.022775589149374553,0.3120625
8680,9176,0.02277574573535715,0.312125
2862,2946,0.02277575531609473,0.3121875
1721,1881,0.022776213100493194,0.31225
15740,15899,0.022776462095091637,0.3123125
870,1072,0.022776590749201773,0.312375
7561,7798,0.022776681097462,0.3124375
2586,2564,0.022776904960002852,0.3125
5279,5478,0.0227769806355672,0.3125625
8319,8309,0.022777029468985216,0.312625
6806,6920,0.02277703199929886,0.3126875
10432,10594,0.02277717444994623,0.31275
4378,4680,0.022777323627366,0.3128125
2714,2983,0.022777416035069234,0.312875
4487,4664,0.02277745053510069,0.3129375
9021,9488,0.022777739745730236,0.313
10047,10344,0.022778023079271792,0.3130625
760,986,0.022778079163794956,0.313125
11283,11358,0.022778215027044354,0.3131875
10213,10488,0.022778372775902046,0.31325
13250,13714,0.022779012342211004,0.3133125
13510,13505,0.02277910704722549,0.313375
15639,15703,0.02277923645382988,0.3134375
13194,13327,0.02277953668315079,0.3135
14785,14826,0.02277958426827531,0.3135625
3112,3173,0.022779625351459217,0.313625
14355,14401,0.022779648054267743,0.3136875
8337,8502,0.022779803277939846,0.31375
2433,2340,0.022779996466849858,0.3138125
6742,6918,0.022780052841872598,0.313875
4953,5048,0.02278013745533175,0.3139375
9762,10090,0.02278045034802384,0.314
11397,11510,0.022780533449024684,0.3140625
5900,6179,0.022780713912712598,0.314125
20,407,0.02278071952551105,0.3141875
10500,10750,0.022780768210159306,0.31425
5210,5114,0.02278082400479741,0.3143125
7190,7223,0.022780953363246707,0.314375
14515,14674,0.022781431079043693,0.3144375
14196,14033,0.022781619826326458,0.3145
6696,6844,0.022781996088185867,0.3145625
11601,11819,0.02278243973311855,0.314625
4498,4633,0.022782446183703887,0.3146875
1161,1001,0.022782618327261167,0.31475
3819,4270,0.022782768014753336,0.3148125
1871,1855,0.022782821275030635,0.314875
9745,10104,0.022782835263284715,0.3149375
5494,5474,0.02278285449836597,0.315
6108,6131,0.02278292567335168,0.3150625
2527,2706,0.022783230165468276,0.315125
5203,5080,0.022783363853770357,0.3151875
12881,13128,0.022783536018736256,0.31525
4286,4322,0.022783599924305446,0.3153125
14208,14424,0.022783721183199265,0.315375
13442,13680,0.02278386301087279,0.3154375
7775,8086,0.02278436787544922,0.3155
14039,13961,0.022784526158889956,0.3155625
14458,14707,0.022784650290348957,0.315625
12845,12765,0.02278467584223718,0.3156875
11013,10787,0.02278488548236531,0.31575
4379,4594,0.02278494496722305,0.3158125
3669,3308,0.022785145805637255,0.315875
5162,5108,0.02278517960693259,0.3159375
3759,3857,0.02278531163746977,0.316
9778,9767,0.02278544947992789,0.3160625
2419,2699,0.022785647511209352,0.316125
5503,5438,0.022785903204002603,0.3161875
3123,3262,0.022785909593840074,0.31625
8823,8463,0.0227859308081841,0.3163125
8807,8821,0.02278600266711432,0.316375
12307,11924,0.022786323014755028,0.3164375
4479,4657,0.022786525316445008,0.3165
3241,3221,0.022786671298629223,0.3165625
13340,13798,0.02278684544900629,0.316625
4285,4636,0.022787119864668953,0.3166875
1478,1304,0.022787473499756704,0.31675
14719,14734,0.02278755454980318,0.3168125
7235,7229,0.02278764236583278,0.316875
8832,8803,0.022787683869789185,0.3169375
3019,3109,0.022787743914505304,0.317
2917,3050,0.022788177253063927,0.3170625
13248,13399,0.02278835702808018,0.317125
3906,4216,0.022789043412123438,0.3171875
4670,4920,0.022789357359470557,0.31725
7266,7265,0.022789547641952474,0.3173125
14172,13987,0.022789554331291578,0.317375
9490,9643,0.02278962883689661,0.3174375
6493,6541,0.022789808828167297,0.3175
11021,10789,0.022789939442863894,0.3175625
15093,14965,0.02279012801740148,0.317625
3719,3809,0.02279020352825163,0.3176875
4505,4554,0.02279026237806741,0.31775
5322,5470,0.022790295478286385,0.3178125
6977,7063,0.022790309637478422,0.317875
7714,8064,0.022790323797708244,0.3179375
4545,4681,0.022790510034052334,0.318
4071,4244,0.022790979604822282,0.3180625
2386,2264,0.022791035874357938,0.318125
10483,10694,0.022791138828291372,0.3181875
6820,7037,0.022791470405714342,0.31825
9953,10033,0.02279151367603586,0.3183125
5955,5929,0.022791787076748945,0.318375
12879,13079,0.022792020082637875,0.3184375
6579,6776,0.022792109690561863,0.3185
3172,3312,0.022792157753345706,0.3185625
4414,4645,0.022792176019555684,0.318625
11045,10785,0.022792362845421067,0.3186875
5583,5742,0.022792426885332378,0.31875
6120,6057,0.022792630179024127,0.3188125
8317,8522,0.022792767849785164,0.318875
6802,6996,0.02279285953286039,0.3189375
1298,1245,0.0227931188259322,0.319
14447,14604,0.022793219994722846,0.3190625
11315,11482,0.022793529517236608,0.319125
12518,12187,0.022793892927428512,0.3191875
3855,4091,0.022794081565478873,0.31925
11275,10791,0.02279444350498036,0.3193125
2712,2889,0.022794614023805924,0.319375
2911,3042,0.022794649625514425,0.3194375
7773,7596,0.022794760304004052,0.3195
926,1028,0.02279477609986848,0.3195625
574,778,0.022794863593587983,0.319625
3040,3090,0.022794983940016788,0.3196875
15391,15866,0.022795025255042872,0.31975
13877,14216,0.02279509266808305,0.3198125
8273,8602,0.022795236489160185,0.319875
11083,10901,0.022795337384038692,0.3199375
9230,9121,0.02279538267605282,0.32
12837,12783,0.02279556285535824,0.3200625
9760,10182,0.022795849411931204,0.320125
3655,3731,0.02279590115562754,0.3201875
2888,3190,0.022795963959865686,0.32025
4685,4813,0.02279602357546562,0.3203125
2904,3081,0.02279616365001437,0.320375
13246,13319,0.022796226127432685,0.3204375
7213,7436,0.022796326708596354,0.3205
14656,14635,0.022796336952906022,0.3205625
5606,5516,0.02279652071509448,0.320625
1733,1915,0.022796600809286714,0.3206875
12803,12971,0.02279661066568808,0.32075
9081,9227,0.02279684150265432,0.3208125
1775,1802,0.022797324784712164,0.320875
9113,9231,0.022797465735212134,0.3209375
13967,13955,0.022797576034333116,0.321
971,1046,0.02279783105250486,0.3210625
10844,10469,0.022798059591355564,0.321125
7445,7425,0.02279816372241556,0.3211875
3282,3489,0.02279831151676739,0.32125
15248,15802,0.022798331556439937,0.3213125
6763,7084,0.022798484867593265,0.321375
1642,1502,0.022798754491487223,0.3214375
1762,2002,0.022798756343817415,0.3215
673,23,0.02279880914948417,0.3215625
5288,5400,0.022798896671001184,0.321625
5846,5548,0.02279902055426257,0.3216875
14885,14962,0.02279913226601405,0.32175
2503,2635,0.022799160841731947,0.3218125
14035,14366,0.02279923466101139,0.321875
4758,4838,0.02279928828144885,0.3219375
13202,13568,0.02279935563682497,0.322
1786,1872,0.02279940341138969,0.3220625
3119,3178,0.02279955320073948,0.322125
1429,1222,0.022799666909081202,0.3221875
6973,6929,0.02279975410850829,0.32225
8793,8797,0.02279979640209784,0.3223125
238,281,0.022799918239251163,0.322375
3935,4292,0.022799980605605154,0.3224375
4853,4960,0.022800064882583217,0.3225
7615,7516,0.022800122112530533,0.3225625
14886,14827,0.022800206605076576,0.322625
6986,6995,0.02280055471844732,0.3226875
1826,1658,0.022800600300149503,0.32275
10018,10312,0.02280060745251709,0.3228125
10556,10804,0.02280068454831849,0.322875
5924,6191,0.022800704660628605,0.3229375
9424,9423,0.02280093415154565,0.323
12489,12618,0.022801018552804354,0.3230625
6249,6332,0.02280102966940038,0.323125
2446,2620,0.02280109250350443,0.3231875
2901,2856,0.022801113616548345,0.32325
5756,5836,0.022801133051008622,0.3233125
8869,8623,0.022801691753083407,0.323375
5705,5703,0.022801814669849752,0.3234375
5942,6167,0.02280190307025068,0.3235
7468,7466,0.022802046986632258,0.3235625
12834,12948,0.022802051643282705,0.323625
6963,7114,0.022802102498665232,0.3236875
3133,3270,0.022802113255998305,0.32375
3972,4166,0.02280243110557475,0.3238125
9320,9566,0.02280261094570884,0.323875
7604,7697,0.022802909715387967,0.3239375
14176,14430,0.022802990582440515,0.324
6770,6964,0.022803230913374387,0.3240625
12389,12191,0.022803456395054825,0.324125
7229,7424,0.022804131610723016,0.3241875
1069,1060,0.022804210005943393,0.32425
13269,13347,0.022804252304328226,0.3243125
14280,14562,0.022804583141382333,0.324375
2654,2808,0.022805034818424375,0.3244375
2508,2424,0.022805272971470916,0.3245
3762,3835,0.02280607496461969,0.3245625
7458,7438,0.022806120438657533,0.324625
11067,10823,0.022806497568887904,0.3246875
3939,4017,0.022806956980297773,0.32475
15678,15249,0.02280697207527677,0.3248125
5589,5551,0.022806972682456315,0.324875
8876,8781,0.02280752115161754,0.3249375
13292,13263,0.022807612656822025,0.325
13473,13818,0.02280808265502224,0.3250625
6307,6437,0.02280827351985286,0.325125
9787,10070,0.022808459792083072,0.3251875
9269,9021,0.022808559051323347,0.32525
8879,8723,0.022808983737864885,0.3253125
7285,7410,0.022809352971623183,0.325375
3101,3160,0.02280938677473009,0.3254375
14240,14778,0.022809529215883174,0.3255
9406,9870,0.022809609691063583,0.3255625
11710,11519,0.02280968472713562,0.325625
12816,12884,0.022809796254717827,0.3256875
1559,1314,0.02280981324449458,0.32575
255,459,0.022809816521630746,0.3258125
8336,8532,0.022810048196497037,0.325875
9546,9992,0.02281022502309257,0.3259375
7556,7647,0.02281027252955711,0.326
12910,12997,0.022810343148085062,0.3260625
6960,7029,0.02281046536169533,0.326125
11775,11331,0.022810528225981615,0.3261875
14986,15164,0.0228105566190558,0.32625
1577,1455,0.02281057277892353,0.3263125
7685,8130,0.022810728204854833,0.326375
7389,7547,0.02281080186848142,0.3264375
8305,8406,0.022810883169244386,0.3265
7945,8093,0.022811278157755858,0.3265625
13387,13746,0.02281201406423415,0.326625
8255,8592,0.02281207700077864,0.3266875
1832,1796,0.022812142598193162,0.32675
12117,12666,0.02281225354892418,0.3268125
8032,7989,0.02281233799684044,0.326875
13241,13564,0.022812357703703594,0.3269375
9512,9960,0.0228123702907726,0.327
1179,1424,0.02281239302030004,0.3270625
14306,14532,0.02281252280754273,0.327125
9254,9536,0.02281258634729261,0.3271875
5747,5733,0.022812718133027633,0.32725
3057,3135,0.022813397430755934,0.3273125
8162,8218,0.02281358006702626,0.327375
12842,12843,0.022813792419058978,0.3274375
2315,2174,0.022814003830912595,0.3275
2889,3258,0.022814166085450362,0.3275625
14585,14573,0.022814391377049263,0.327625
15002,15090,0.02281457272080387,0.3276875
815,739,0.022814659008648052,0.32775
15683,15331,0.022814948151809417,0.3278125
5195,5480,0.022815711077954017,0.327875
12866,13280,0.02281584111189717,0.3279375
3294,3318,0.022816069389881632,0.328
2387,2570,0.022816127126723273,0.3280625
8405,8790,0.022816474385035368,0.328125
4483,4694,0.022816539981245255,0.3281875
4205,4564,0.02281660637763673,0.32825
514,523,0.022816900798877455,0.3283125
1554,1388,0.022817137503076644,0.328375
14806,15256,0.02281725906124383,0.3284375
4289,4339,0.022817315724949702,0.3285
2699,2771,0.022817371789091056,0.3285625
7861,8110,0.022817405691796973,0.328625
11875,11843,0.022817421641954487,0.3286875
15317,15452,0.022817449008190386,0.32875
11114,11340,0.022817775031323675,0.3288125
3916,4143,0.022818140721482104,0.328875
9073,8881,0.0228182398442283,0.3289375
11199,10847,0.02281845945351855,0.329
14620,14996,0.022818477672502103,0.3290625
2237,2126,0.02281859802111636,0.329125
1211,1263,0.022818707839316003,0.3291875
1612,1470,0.022818787186353058,0.32925
13176,13101,0.0228188231616628,0.3293125
13281,13448,0.022818956527739097,0.329375
15251,15103,0.022818963944175635,0.3294375
4734,4770,0.02281931167799189,0.3295
8427,8940,0.022819443123802262,0.3295625
1722,1885,0.022819594704595287,0.329625
9415,9471,0.022819625711062958,0.3296875
13687,13601,0.022819660927027613,0.32975
12785,12503,0.022819689338116535,0.3298125
12863,13120,0.022819702097768048,0.329875
12569,12668,0.022819726348785555,0.3299375
1912,2044,0.02281987107446868,0.33
9226,9483,0.022820210255200046,0.3300625
8945,8859,0.02282021251041285,0.330125
2523,2677,0.02282038497481378,0.3301875
5386,5764,0.022820524956572105,0.33025
11828,11596,0.022820564217449452,0.3303125
2856,3041,0.022820618377356265,0.330375
7185,7462,0.022820629591073758,0.3304375
15561,15349,0.022820658919148463,0.3305
6795,6574,0.02282081343975953,0.3305625
9434,9637,0.022820980039011122,0.330625
9557,9956,0.022821013447566596,0.3306875
13461,13860,0.02282123667496172,0.33075
14971,15368,0.02282126234861927,0.3308125
12601,12459,0.022821421992366656,0.330875
6165,5872,0.02282151379468752,0.3309375
3028,2994,0.022822111217615647,0.331
2885,2979,0.0228227364374118,0.3310625
10494,10387,0.02282290217248896,0.331125
7256,7428,0.022823021652640666,0.3311875
8891,8807,0.022823194652256774,0.33125
2916,3016,0.022823453000346064,0.3313125
4556,4701,0.02282356048752306,0.331375
586,890,0.02282358321314165,0.3314375
12434,12716,0.02282367575933286,0.3315
2915,3172,0.022823901102239662,0.3315625
1444,1823,0.022823926387039065,0.331625
4281,4361,0.022824582649304957,0.3316875
13133,13542,0.022824783219051403,0.33175
11287,10863,0.022824854348225884,0.3318125
13488,13581,0.022824991030386464,0.331875
9416,9928,0.02282511466566353,0.3319375
4156,4126,0.022825217495152074,0.332
7596,7653,0.022825289919841927,0.3320625
13436,13720,0.02282532858896464,0.332125
10189,10143,0.022825529406878403,0.3321875
139,365,0.022826040599814447,0.33225
4797,4980,0.022826512058518243,0.3323125
7820,8146,0.022826673966935312,0.332375
6317,6429,0.02282695239363261,0.3324375
11694,11301,0.022827036469092035,0.3325
12831,12937,0.02282719528568513,0.3325625
5327,5410,0.02282751755492666,0.332625
9917,10017,0.022827526203221465,0.3326875
2894,3026,0.022827773414203806,0.33275
6981,7105,0.022827805171860435,0.3328125
13615,13867,0.022827848385604824,0.332875
4363,4114,0.022828337891214877,0.3329375
3143,3169,0.022828555910321784,0.333
6192,6324,0.022828715017614534,0.3330625
10753,10974,0.022828764215013907,0.333125
1158,1165,0.022828847570608022,0.3331875
14323,14389,0.022829018858696745,0.33325
2968,3302,0.02282903062319155,0.3333125
11084,10907,0.02282905941554052,0.333375
4668,4775,0.022829381002308833,0.3334375
7360,7314,0.022829593473337684,0.3335
4877,5038,0.022829679279375126,0.3335625
13588,13533,0.02283001849569112,0.333625
7216,7195,0.02283026461320385,0.3336875
1351,1293,0.02283028656821783,0.33375
13328,13788,0.022830583912024575,0.3338125
37,343,0.02283072283386273,0.333875
14052,14368,0.022831161803340327,0.3339375
4118,4469,0.022831208263796445,0.334
10095,10079,0.022831215406458952,0.3340625
2373,2652,0.022831386793406034,0.334125
13393,13822,0.022831640292918218,0.3341875
7452,7832,0.022831725484479648,0.33425
1576,1490,0.022831842799633854,0.3343125
1811,1809,0.02283214157487604,0.334375
2989,2920,0.022832369848745558,0.3344375
4934,5052,0.022832422805463434,0.3345
12873,12981,0.02283267628889918,0.3345625
13217,13385,0.022832754552339424,0.334625
13332,13243,0.022833041803063066,0.3346875
6912,7088,0.022833197315847792,0.33475
14884,14712,0.02283343402462403,0.3348125
12025,11842,0.022833509714229375,0.334875
3583,3959,0.02283384919499537,0.3349375
9520,9964,0.0228341225287947,0.335
2820,3054,0.02283432687098865,0.3350625
9385,9301,0.022834354299870213,0.335125
2758,3019,0.022834614799471468,0.3351875
6227,6389,0.022834835765969546,0.33525
6610,6802,0.022834894935130773,0.3353125
6217,6361,0.02283491698550062,0.335375
13230,13622,0.022835034577350706,0.3354375
9583,9920,0.022835077207068778,0.3355
4287,4358,0.022835107309882804,0.3355625
6092,6275,0.022835384779184825,0.335625
11681,11689,0.022835400911394056,0.3356875
8972,9436,0.022835513812379655,0.33575
3415,3728,0.022835520601511533,0.3358125
6356,6485,0.02283569022032675,0.335875
3983,4128,0.02283626140982245,0.3359375
9691,10024,0.022836621124767573,0.336
2872,3115,0.02283681445124323,0.3360625
2465,2682,0.022836904143808543,0.336125
13475,13489,0.02283692381252719,0.3361875
9305,9263,0.02283696610390464,0.33625
8935,8875,0.02283705569538235,0.3363125
6786,6765,0.022837223197714158,0.336375
4847,5045,0.022837368173759223,0.3364375
10852,10299,0.0228374304701407,0.3365
12654,12752,0.022837637019395667,0.3365625
12759,12527,0.022837928766878242,0.336625
15039,15172,0.022837986249631976,0.3366875
2015,2040,0.022838004682414564,0.33675
9127,9474,0.022838126992670193,0.3368125
4437,4616,0.02283847387470972,0.336875
13795,14372,0.022838651244262077,0.3369375
8287,8466,0.022838721901131273,0.337
5832,5846,0.022838875271473297,0.3370625
11894,11884,0.02283893014793365,0.337125
4420,4688,0.022839026791526475,0.3371875
2793,2805,0.022839088077870984,0.33725
12031,11941,0.022839680913178558,0.3373125
9003,8889,0.02283977069765011,0.337375
9264,9479,0.02284025903792965,0.3374375
4382,4617,0.022840288486657822,0.3375
11746,11791,0.022840348803674713,0.3375625
9671,10122,0.02284105852735777,0.337625
1960,1903,0.022841111516325542,0.3376875
12802,12905,0.02284116884190634,0.33775
14374,14219,0.022841177870446344,0.3378125
9476,9768,0.02284198371971656,0.337875
6767,7044,0.022841991144123407,0.3379375
12055,11706,0.022842167643755466,0.338
4800,4907,0.02284219233168572,0.3380625
14650,14814,0.022842327381404088,0.338125
11776,11840,0.02284233809713611,0.3381875
9975,9885,0.022842406161901096,0.33825
334,457,0.022842556336507017,0.3383125
1454,1422,0.022842797971967595,0.338375
4212,4132,0.02284285525795989,0.3384375
4347,4467,0.022842946845208094,0.3385
12286,12143,0.022843150920196387,0.3385625
4107,4332,0.02284322435263392,0.338625
2480,2612,0.02284322784770499,0.3386875
12089,12003,0.02284330977680201,0.33875
15727,15893,0.022843512617360846,0.3388125
13136,13582,0.022843515839775327,0.338875
7365,7792,0.022844058786492507,0.3389375
12162,12073,0.02284407849447455,0.339
10925,11094,0.022844109671355445,0.3390625
3904,4156,0.02284429225204891,0.339125
13994,14227,0.022844594201154297,0.3391875
3911,3993,0.022844667828534015,0.33925
129,389,0.02284483257986085,0.3393125
6550,6838,0.022845024575105437,0.339375
9479,9699,0.022845056541581157,0.3394375
14178,14015,0.02284506690623239,0.3395
12019,12041,0.0228455421698478,0.3395625
566,864,0.022845650176048178,0.339625
14606,14682,0.02284579774329088,0.3396875
2418,2549,0.022845901107307075,0.33975
11739,11797,0.02284599293512963,0.3398125
3469,3567,0.022846097675935075,0.339875
3865,4049,0.02284621506842323,0.3399375
10634,10457,0.022846220710880424,0.34
2791,2977,0.02284637085839569,0.3400625
9562,9735,0.022846548584826588,0.340125
4983,5073,0.02284657804646113,0.3401875
1294,1255,0.022846742657110487,0.34025
5469,5442,0.02284680517253384,0.3403125
3948,4172,0.02284684443672034,0.340375
3637,3719,0.022847204561565058,0.3404375
13116,13500,0.022847255963807957,0.3405
1587,1617,0.02284745678163319,0.3405625
12754,13162,0.02284763333559157,0.340625
2878,3111,0.022847790338689968,0.3406875
7595,7528,0.022847833875913652,0.34075
7938,8017,0.022847922639600525,0.3408125
2722,2824,0.022848242704196074,0.340875
2511,2665,0.022848306933649462,0.3409375
12452,12592,0.022848370861977163,0.341
9508,9836,0.022848411706513732,0.3410625
6219,6279,0.022848412105782905,0.341125
8258,8173,0.02284847247417262,0.3411875
13767,14120,0.022848741828774496,0.34125
13256,13610,0.02284934059811981,0.3413125
6240,6513,0.022849580291160427,0.341375
1858,1917,0.022849623754165996,0.3414375
13708,13603,0.0228496404739421,0.3415
7024,7230,0.022849986624010856,0.3415625
8033,7999,0.022850058571642018,0.341625
7497,7806,0.02285036925890752,0.3416875
9939,9907,0.022850385663809918,0.34175
14533,14621,0.022850597554969012,0.3418125
702,701,0.02285063109104517,0.341875
14158,14021,0.02285081355757914,0.3419375
658,766,0.022850890568966845,0.342
305,463,0.022850906909411547,0.3420625
13205,13420,0.022850962320620328,0.342125
6104,6169,0.022851078914789807,0.3421875
1689,1899,0.022851210745799523,0.34225
13370,13461,0.022851442235798526,0.3423125
10021,9961,0.022851568932154977,0.342375
7533,7390,0.02285159174201392,0.3424375
2727,3028,0.022851609736814934,0.3425
4835,4945,0.0228519099888489,0.3425625
6599,6676,0.022852027600681776,0.342625
8873,8745,0.022852371493892902,0.3426875
8471,8874,0.022852608835417235,0.34275
2458,2852,0.022852839712188676,0.3428125
6704,6722,0.022853270383240715,0.342875
11907,11917,0.022853393116848853,0.3429375
4623,4835,0.022853576210279884,0.343
7057,7127,0.022853985307447935,0.3430625
7438,7591,0.022854002650334996,0.343125
12860,12909,0.022854303708279775,0.3431875
1815,1798,0.022854355153612553,0.34325
748,723,0.022854427422693432,0.3433125
15550,15263,0.022854486823330567,0.343375
2879,3058,0.022854530556201777,0.3434375
13757,14122,0.02285471341601675,0.3435
13952,14352,0.02285513507254878,0.3435625
12516,12694,0.022855889451538897,0.343625
6097,6295,0.022855912663942057,0.3436875
15682,15769,0.022855946256340347,0.34375
4890,5132,0.022856040172516925,0.3438125
6695,6690,0.022856094662072196,0.343875
3923,4123,0.022856382857116653,0.3439375
3047,2918,0.022856485916927398,0.344
13456,13501,0.022856531300518266,0.3440625
461,479,0.02285677443142749,0.344125
2906,3186,0.022856932015556674,0.3441875
8765,8743,0.022856943714234034,0.34425
7184,7434,0.022856986131062185,0.3443125
3887,4204,0.022857644428345047,0.344375
15692,15731,0.02285791081050898,0.3444375
7705,8104,0.022858046965082934,0.3445
12240,12580,0.022858047564720336,0.3445625
7409,7593,0.022858185605980682,0.344625
9887,10274,0.022858209201135588,0.3446875
3973,4300,0.02285821870166834,0.34475
9037,9420,0.02285822419707667,0.3448125
13120,13530,0.022858229899592422,0.344875
7454,7401,0.022858237073439185,0.3449375
2443,2675,0.022858371861814372,0.345
14300,14363,0.022858475259992402,0.3450625
8693,8423,0.022858490132572785,0.345125
12443,12706,0.022858493314594042,0.3451875
14634,14726,0.02285849981406919,0.34525
3957,4344,0.022858638759911225,0.3453125
9822,10184,0.022858745931879917,0.345375
8737,9184,0.022858779904958697,0.3454375
1276,1253,0.022858906984343785,0.3455
3936,4188,0.02285895925732936,0.3455625
12770,13144,0.022858990497128334,0.345625
7662,7942,0.02285900303987733,0.3456875
6752,6924,0.02285910351562792,0.34575
4361,4342,0.022859162328920875,0.3458125
6651,6626,0.022859377575576163,0.345875
8239,8598,0.022859430912049727,0.3459375
14940,14820,0.022859438814891626,0.346
2385,2710,0.022859440375375573,0.3460625
6336,6397,0.022859637389346966,0.346125
14110,14394,0.02286001941312556,0.3461875
4280,4389,0.022860130408048757,0.34625
11059,11152,0.022860211672473756,0.3463125
2558,2687,0.02286054889365783,0.346375
5876,6141,0.022860585858196034,0.3464375
10445,10161,0.022860628647125205,0.3465
13343,13808,0.022860636623255073,0.3465625
8211,8446,0.02286063979653146,0.346625
4299,4491,0.022860938524954754,0.3466875
14868,15284,0.022861002313098983,0.34675
4914,4999,0.022861320424406667,0.3468125
13895,14180,0.02286143558240378,0.346875
3068,3180,0.022861608962652644,0.3469375
4595,4763,0.022861647008767003,0.347
3834,4105,0.02286165202939635,0.3470625
6176,6229,0.02286165521577773,0.347125
6197,6106,0.022861744152161592,0.3471875
2691,3060,0.022861771851444338,0.34725
5988,5860,0.022861913906279084,0.3473125
14813,14749,0.02286194515218249,0.347375
3742,3839,0.022861954635676043,0.3474375
4389,4318,0.022862025704392462,0.3475
13239,13161,0.022862139760568494,0.3475625
8817,8677,0.022862223441437398,0.347625
4161,4470,0.0228622436777638,0.3476875
948,1239,0.022862265609225805,0.34775
8098,8071,0.022862358048402923,0.3478125
6077,6283,0.02286243536030844,0.347875
10180,10095,0.022862614859547145,0.3479375
2492,2426,0.022862621101970286,0.348
8397,8347,0.022862687138712746,0.3480625
7423,7774,0.022862836158093293,0.348125
11722,11403,0.022863075317321,0.3481875
9436,9742,0.02286315824385916,0.34825
3008,2980,0.02286317931466983,0.3483125
3553,3613,0.02286333519413434,0.348375
2763,2821,0.022863486758737835,0.3484375
2855,2965,0.022863692706885406,0.3485
8747,9196,0.022863747635824022,0.3485625
12668,12619,0.022864108503905016,0.348625
3023,2988,0.0228642042294577,0.3486875
15037,15062,0.022864369373816716,0.34875
6794,7041,0.022864730013619116,0.3488125
159,433,0.02286474838391677,0.348875
7661,7705,0.02286486303320111,0.3489375
12619,12309,0.022864916740286748,0.349
12736,12627,0.022864928757645165,0.3490625
15383,15826,0.022865969637551414,0.349125
8748,9182,0.02286599866970387,0.3491875
1940,1787,0.02286601801315804,0.34925
14911,15218,0.022866035241983357,0.3493125
6739,6697,0.02286631211280542,0.349375
9062,8931,0.02286682967103978,0.3494375
366,525,0.022867105838444136,0.3495
9402,9489,0.022867605948591888,0.3495625
7656,7914,0.02286776537211608,0.349625
7460,7812,0.022867799414674355,0.3496875
3830,4061,0.02286788107945463,0.34975
7665,7883,0.02286794769063879,0.3498125
11197,11400,0.02286818465167505,0.349875
8971,9304,0.02286819567780266,0.3499375
8290,8526,0.022868267945483276,0.35
1177,1201,0.022868404632924454,0.3500625
8242,8586,0.02286851073030908,0.350125
15345,15694,0.022868574936009974,0.3501875
2671,2763,0.022868825696956377,0.35025
12713,12599,0.022868958031726592,0.3503125
11919,11932,0.02286898266808041,0.350375
14456,14109,0.022869098410196124,0.3504375
5700,5824,0.02286910601689673,0.3505
2455,2392,0.02286920989657956,0.3505625
4721,4843,0.02286957679207404,0.350625
705,972,0.02286991338574757,0.3506875
10079,10362,0.022870239457819144,0.35075
3237,3505,0.02287034764761762,0.3508125
15166,15129,0.022870616894346003,0.350875
3638,3737,0.022870833319271908,0.3509375
8569,8950,0.022871012697315347,0.351
11610,11550,0.022871344421476095,0.3510625
15635,15311,0.02287138499957851,0.351125
14270,14570,0.02287142948415353,0.3511875
6296,6300,0.022871482986101536,0.35125
2520,2590,0.02287162001448154,0.3513125
3907,4137,0.022871971639640887,0.351375
8534,8403,0.022872011565080803,0.3514375
1182,1101,0.022872146053236193,0.3515
12695,13186,0.022872310956172554,0.3515625
13485,13471,0.02287249632887753,0.351625
4197,4281,0.022872504354287088,0.3516875
9926,9969,0.022872535475231368,0.35175
8400,8804,0.022872606277766227,0.3518125
6220,6359,0.022873159421672437,0.351875
7434,7621,0.02287361140816012,0.3519375
15731,15457,0.022873902538554987,0.352
13874,14212,0.02287439008575814,0.3520625
1650,1563,0.022874944577175704,0.352125
5489,5690,0.022875612901697435,0.3521875
10738,10569,0.022876006122897044,0.35225
15698,15841,0.022876011856110774,0.3523125
14546,14557,0.022876053002244254,0.352375
4229,4406,0.02287631841975782,0.3524375
12169,11732,0.02287638298438235,0.3525
7312,7480,0.02287654004766115,0.3525625
2811,3020,0.022876565730492,0.352625
2905,3127,0.022876933188130374,0.3526875
3937,4063,0.022877060397386177,0.35275
5453,5380,0.022877076762804153,0.3528125
7218,7472,0.022877151606814958,0.352875
774,949,0.022877334031650952,0.3529375
6699,6398,0.022877579294567654,0.353
11122,10975,0.0228778773050052,0.3530625
10400,10179,0.022877994391929554,0.353125
3053,3296,0.022878231272837734,0.3531875
10583,10351,0.022878527813428702,0.35325
6735,7060,0.02287884571686125,0.3533125
8758,9214,0.022879172208742877,0.353375
9777,10098,0.022879284172956572,0.3534375
1696,1829,0.022879378492383317,0.3535
1830,1807,0.02287964906866849,0.3535625
5670,5858,0.02288020931351472,0.353625
13821,14210,0.022880364467772526,0.3536875
9488,9906,0.022880370653670108,0.35375
3287,3330,0.02288072801545886,0.3538125
5482,5768,0.02288079973020066,0.353875
8072,8458,0.022881075844565897,0.3539375
6979,7232,0.02288123884674572,0.354
7453,7882,0.02288132272896063,0.3540625
9002,9448,0.02288143242473802,0.354125
1008,1040,0.02288168927084822,0.3541875
5546,5502,0.02288224899327957,0.35425
424,641,0.022882585592631545,0.3543125
6880,7080,0.02288270571704065,0.354375
1823,1973,0.022883013445532976,0.3544375
14356,14041,0.02288315780400656,0.3545
13267,13438,0.022883230892769967,0.3545625
2321,2238,0.02288326575335354,0.354625
2830,2832,0.02288338311554962,0.3546875
15203,15067,0.022883566237084412,0.35475
10746,10986,0.022883780392805822,0.3548125
5667,5718,0.02288401867318186,0.354875
8992,8849,0.02288431133026288,0.3549375
2954,3112,0.022884520510476482,0.355
6539,6232,0.02288456956510231,0.3550625
14619,14952,0.022884737185039687,0.355125
13626,14078,0.02288479567429951,0.3551875
2686,2775,0.022884878132820804,0.35525
13303,13744,0.022884963097161603,0.3553125
11770,11361,0.022885373988954957,0.355375
11230,10967,0.022885413849062463,0.3554375
14391,14117,0.022885434292047094,0.3555
4122,4536,0.02288548143007858,0.3555625
3226,3297,0.022885575982108684,0.355625
7091,7412,0.02288572254554478,0.3556875
2379,2670,0.022885733172652373,0.35575
8639,9156,0.0228861249715817,0.3558125
3559,3710,0.022886378927825544,0.355875
5066,5456,0.022886430798120444,0.3559375
4046,4217,0.022886455356651264,0.356
9574,10038,0.022886455860830313,0.3560625
7712,7757,0.02288652304591923,0.356125
13234,13339,0.022886667161270465,0.3561875
2522,2451,0.022886751439735356,0.35625
7191,7418,0.022886849933663002,0.3563125
12468,12179,0.022887119758598237,0.356375
7145,7194,0.022887648871498613,0.3564375
2741,3029,0.022887726353865736,0.3565
1141,1237,0.02288772921871932,0.3565625
7704,7960,0.02288778832945439,0.356625
10255,10558,0.02288779000827155,0.3566875
14293,14345,0.02288799340439086,0.35675
8932,9424,0.02288805109617899,0.3568125
2374,2625,0.022888315793219493,0.356875
4297,4348,0.02288862733507186,0.3569375
10401,10608,0.0228889345132873,0.357
14514,14966,0.02288942118303897,0.3570625
14422,14630,0.022889470249092873,0.357125
14244,14425,0.022889574461422462,0.3571875
2417,2631,0.022889712107263843,0.35725
7959,8001,0.022890020593358044,0.3573125
14405,14299,0.022890128178983157,0.357375
5762,5807,0.02289029681603088,0.3574375
5205,5460,0.0228904435009481,0.3575
15663,15643,0.022890459451480685,0.3575625
13400,13710,0.02289049372492988,0.357625
13397,13782,0.02289064515980582,0.3576875
8985,8893,0.02289078953708671,0.35775
7863,7865,0.02289093720889072,0.3578125
11046,10715,0.022891017462706078,0.357875
9036,9384,0.02289115906443112,0.3579375
3979,4302,0.0228911795880983,0.358
655,915,0.022891284237194026,0.3580625
556,229,0.022891532213126863,0.358125
6043,6205,0.02289153408263131,0.3581875
9267,9051,0.0228915899130692,0.35825
9585,9996,0.02289176442736359,0.3583125
11177,11272,0.022891967592995888,0.358375
9143,9516,0.022892017523424905,0.3584375
1170,1047,0.02289239993474638,0.3585
12843,13058,0.022892437385518553,0.3585625
11586,11567,0.02289272848561345,0.358625
11714,11653,0.02289274277887441,0.3586875
15335,15556,0.022892892887153665,0.35875
7884,8172,0.02289290212664177,0.3588125
9374,9916,0.02289322541347043,0.358875
7696,7733,0.022893302247648736,0.3589375
13820,14001,0.022893323752863924,0.359
15098,15428,0.022893408089942727,0.3590625
1092,1191,0.022893441516700627,0.359125
335,485,0.02289368793491496,0.3591875
1214,1484,0.02289370000228687,0.35925
10639,10924,0.022893704957755938,0.3593125
15613,15317,0.022893721785824522,0.359375
2771,2987,0.022893941518816154,0.3594375
2764,2818,0.022894151739388947,0.3595
12734,12741,0.02289425472668074,0.3595625
13755,14278,0.022894730569421654,0.359625
11661,11759,0.022894906579963074,0.3596875
14931,15222,0.022895078964353964,0.35975
6013,5986,0.02289536865957247,0.3598125
14664,14740,0.02289545580198838,0.359875
11182,10955,0.022895540477449065,0.3599375
8186,8614,0.022895556985245688,0.36
14547,14634,0.022895603324347407,0.3600625
7449,7439,0.022896174009670502,0.360125
11085,10925,0.022896287537920314,0.3601875
7481,7322,0.022896327418183246,0.36025
6109,6287,0.02289633433921133,0.3603125
12186,12153,0.022896423447028524,0.360375
9410,9914,0.022896745230899997,0.3604375
4765,4956,0.022896954351007737,0.3605
9682,10132,0.02289703873420338,0.3605625
14854,14767,0.022897138574734095,0.360625
7480,7569,0.022897350364608052,0.3606875
8729,9128,0.02289743310176264,0.36075
7915,7881,0.022897483315736742,0.3608125
2343,2519,0.022897556836547404,0.360875
14425,14303,0.022897663544071876,0.3609375
12710,12880,0.02289774253948307,0.361
12746,12873,0.022898031445634095,0.3610625
1845,1768,0.02289814229572443,0.361125
4143,4253,0.022898168590751968,0.3611875
952,568,0.022898194945743664,0.36125
4612,4882,0.022898639179119957,0.3613125
9670,9733,0.022898691808968804,0.361375
13875,13933,0.022898964557459173,0.3614375
4337,4076,0.0228990962382511,0.3615
2681,2830,0.022899125469803806,0.3615625
12084,12017,0.022899239433622022,0.361625
12804,12895,0.022899239600129098,0.3616875
5531,5523,0.022899349987052686,0.36175
3903,4134,0.022899816727791032,0.3618125
3313,3473,0.022900133871116956,0.361875
14049,14388,0.022900169248991267,0.3619375
6103,6183,0.022900270605396986,0.362
6072,6237,0.022900323880314787,0.3620625
12222,12151,0.022900395192265294,0.362125
2457,2810,0.02290057618976111,0.3621875
2328,2553,0.022900654392900385,0.36225
8107,8686,0.022900749964624004,0.3623125
3177,3328,0.022900918325883465,0.362375
12469,12664,0.02290109535954921,0.3624375
6816,7073,0.02290115188122233,0.3625
2405,2507,0.022901403349132064,0.3625625
6768,7090,0.022901420349302017,0.362625
5557,5798,0.02290142459620791,0.3626875
13142,13281,0.022901519256267166,0.36275
3884,4075,0.022901611757651798,0.3628125
14589,14874,0.022901901461842074,0.362875
1573,1457,0.022901929206266488,0.3629375
11113,11027,0.02290195372802655,0.363
14506,14974,0.022902002436429255,0.3630625
10617,10323,0.02290218127359056,0.363125
15585,15327,0.022902325603465466,0.3631875
12776,12547,0.022902352000889904,0.36325
1665,1757,0.022902428401119397,0.3633125
7443,7878,0.02290242983615439,0.363375
5466,5530,0.02290246700069038,0.3634375
5638,5665,0.022902479759469085,0.3635
5645,5699,0.022902637825604,0.3635625
9386,9349,0.022902823180803306,0.363625
8297,8273,0.02290288815080787,0.3636875
1863,1875,0.022902961003910823,0.36375
13252,13724,0.022903209133333508,0.3638125
12812,12982,0.022903252249030188,0.363875
12765,12759,0.022903272517520366,0.3639375
13352,13770,0.022903375426932295,0.364
585,955,0.022903841267899905,0.3640625
12485,12612,0.022903911217835856,0.364125
1189,1227,0.022903980243095097,0.3641875
4782,4933,0.022904133323181385,0.36425
14945,15070,0.02290431070906191,0.3643125
15351,15602,0.022904845595032256,0.364375
7805,7970,0.022904928813147468,0.3644375
115,411,0.022904945204552475,0.3645
14042,13991,0.02290494868339663,0.3645625
9470,9794,0.02290501011048921,0.364625
8956,8877,0.02290501688191211,0.3646875
8302,8512,0.02290514090901014,0.36475
14842,14784,0.022905272831153452,0.3648125
11688,11685,0.02290534068826692,0.364875
2892,2972,0.022905376168848624,0.3649375
13986,13985,0.022905543907488383,0.365
2616,2731,0.022905552311015608,0.3650625
427,759,0.022905620295431722,0.365125
9559,10066,0.022905627249804314,0.3651875
4665,4908,0.022905760702023322,0.36525
9808,10218,0.02290584778659967,0.3653125
11406,11544,0.022905849139113255,0.365375
14198,14442,0.022906066983681164,0.3654375
1730,1626,0.02290607682767596,0.3655
6893,6933,0.022906444856627146,0.3655625
14321,14531,0.02290656987844787,0.365625
3727,4182,0.02290676272788004,0.3656875
7542,7302,0.022906936125766147,0.36575
1902,1923,0.022907007878029892,0.3658125
14275,14556,0.02290733900710123,0.365875
6196,6413,0.022907516811360627,0.3659375
1223,1472,0.022907667242501328,0.366
8452,8892,0.022907773375722647,0.3660625
4531,4765,0.0229079292166491,0.366125
4239,4120,0.02290794379115147,0.3661875
14099,13989,0.02290809583312213,0.36625
7926,7975,0.022908133848361024,0.3663125
7810,8028,0.022908205487775214,0.366375
7251,7231,0.022908414151409644,0.3664375
6952,7162,0.02290850865793106,0.3665
9401,9399,0.022908577879285894,0.3665625
7326,7780,0.02290860431002142,0.366625
4686,4810,0.022908860326779048,0.3666875
4602,4709,0.02290945716575706,0.36675
10435,10712,0.02290952722008696,0.3668125
5720,6076,0.022909577982701976,0.366875
13208,13504,0.02290967458791884,0.3669375
7587,7550,0.022909789054374186,0.367
4654,4871,0.022910243980442932,0.3670625
6082,6081,0.022910246386316818,0.367125
6167,6409,0.022910409499863494,0.3671875
4179,4138,0.022910873489495057,0.36725
14962,15008,0.0229109433551929,0.3673125
14328,14235,0.022911000241119604,0.367375
4009,4124,0.022911042137475513,0.3674375
1241,1142,0.02291120352698945,0.3675
3835,4260,0.022911451614459916,0.3675625
15730,15785,0.02291161820893067,0.367625
2442,2838,0.022911653454104137,0.3676875
2608,2800,0.022911769110232204,0.36775
3697,3761,0.022912056299386918,0.3678125
12701,12613,0.022912188179081642,0.367875
1881,1879,0.02291225301835935,0.3679375
3663,4014,0.022912308947287924,0.368
7261,7255,0.022912315439539855,0.3680625
13469,13655,0.02291236220401575,0.368125
6408,6453,0.022912408862111405,0.3681875
2963,3298,0.022912420800894527,0.36825
3799,4194,0.022912498645389672,0.3683125
6130,6261,0.02291264882766524,0.368375
4517,4440,0.022912900493338068,0.3684375
397,505,0.02291299349051503,0.3685
13918,13915,0.02291318596669684,0.3685625
2542,2544,0.02291325463214603,0.368625
5684,5687,0.02291334722182257,0.3686875
5208,5426,0.022913534922893778,0.36875
4321,4405,0.02291376151201792,0.3688125
3765,4065,0.022913895153782827,0.368875
4658,4866,0.0229140065726083,0.3689375
8207,8159,0.022914048406781636,0.369
1278,1528,0.022914072017051722,0.3690625
13089,13558,0.022914225198659096,0.369125
1070,1064,0.022914343236952073,0.3691875
5381,5384,0.022914377178145914,0.36925
5663,5568,0.022914405567367336,0.3693125
4136,3812,0.022914453548757853,0.369375
8953,8873,0.022914510244227786,0.3694375
7225,7426,0.02291452470806947,0.3695
8821,8805,0.022914529793490727,0.3695625
5077,5458,0.022914562954223668,0.369625
6207,6315,0.02291458562486529,0.3696875
8684,9126,0.022914589018748578,0.36975
13991,14334,0.022914760006016992,0.3698125
7399,7337,0.022914917266193845,0.369875
7678,7920,0.022915094052526154,0.3699375
2571,2399,0.022915334266679743,0.37
15757,15897,0.022915336153551367,0.3700625
1164,1121,0.02291547655129466,0.370125
9717,9761,0.02291548976421663,0.3701875
4711,4949,0.02291552474933554,0.37025
13478,13852,0.022915582177787688,0.3703125
2296,2543,0.022915646530366634,0.370375
14149,14265,0.022915787256333257,0.3704375
13520,13902,0.022915797987750033,0.3705
10368,10578,0.02291585318142601,0.3705625
12723,12936,0.02291589126425879,0.370625
15529,15281,0.02291589412652468,0.3706875
6726,6985,0.02291603326178435,0.37075
15076,15047,0.02291615105729616,0.3708125
12656,12434,0.02291639465622367,0.370875
4449,4556,0.022916429796782805,0.3709375
820,738,0.022916433752977174,0.371
641,713,0.022916658040837593,0.3710625
3481,3478,0.022916724251125724,0.371125
3562,3354,0.022916897387129435,0.3711875
12719,12802,0.022916909661848915,0.37125
4768,4973,0.022916956061356568,0.3713125
7626,8102,0.02291697643481749,0.371375
4922,5016,0.02291714173565554,0.3714375
12472,12361,0.022917155686834292,0.3715
13422,13692,0.02291772602020117,0.3715625
10911,11126,0.02291789944019476,0.371625
12536,12732,0.02291791664340208,0.3716875
14908,15180,0.02291797775517583,0.37175
4377,4690,0.022918378487237663,0.3718125
2870,3046,0.022918691908723626,0.371875
6921,7442,0.022918844120151688,0.3719375
12625,12902,0.022918910666399218,0.372
11665,11633,0.022919289060550484,0.3720625
2986,3246,0.02291968913959324,0.372125
4409,4673,0.022919766893403505,0.3721875
6690,6928,0.022919879216627723,0.37225
13150,13508,0.022920051346871372,0.3723125
14572,14878,0.022920080390293245,0.372375
12875,13090,0.022920122886678895,0.3724375
15537,15329,0.02292022171760741,0.3725
545,814,0.022920371462357564,0.3725625
2485,2578,0.022920433450651874,0.372625
8898,8869,0.02292045684516902,0.3726875
3922,4037,0.022920458710862547,0.37275
4053,4310,0.022920476327512217,0.3728125
9443,9888,0.022920487592283646,0.372875
6945,6885,0.022920599441283076,0.3729375
13912,13731,0.022920695914843452,0.373
14142,14428,0.022920995247683602,0.3730625
12830,13260,0.022921229556068585,0.373125
3861,4236,0.022921242052239468,0.3731875
13808,14342,0.022921274686619354,0.37325
169,467,0.022921328878423235,0.3733125
683,1035,0.022921471434307374,0.373375
14406,14387,0.02292156311150283,0.3734375
10505,10788,0.022921574673408104,0.3735
12669,12950,0.02292170919371546,0.3735625
8622,9114,0.022921895101872453,0.373625
13833,14168,0.022922042011661953,0.3736875
11890,11956,0.022922101485516436,0.37375
8444,8886,0.02292223418308619,0.3738125
15070,15051,0.022922314600671238,0.373875
13939,13893,0.02292252276380576,0.3739375
12028,12047,0.022922706112444274,0.374
1392,1342,0.0229227843768871,0.3740625
10064,10370,0.022922876997085746,0.374125
8632,8381,0.022922895193780282,0.3741875
14309,14574,0.022923184001569567,0.37425
11812,11812,0.02292331883604405,0.3743125
6139,6289,0.022923910836484478,0.374375
14843,14770,0.022924107688436075,0.3744375
13816,14204,0.02292447803240226,0.3745
9017,9376,0.022924662959465644,0.3745625
10614,10531,0.022925039854561347,0.374625
4741,4929,0.022925174958441232,0.3746875
4728,4800,0.022925248368396947,0.37475
15722,15485,0.02292536357189621,0.3748125
4636,4968,0.022925497121307616,0.374875
13127,13374,0.022925835267079128,0.3749375
1152,1207,0.022926038752681968,0.375
3095,3284,0.02292616012796863,0.3750625
1051,10,0.02292635512557082,0.375125
5387,5770,0.022926463936287958,0.3751875
12477,12712,0.02292667678118389,0.37525
254,409,0.02292670896359356,0.3753125
13320,13427,0.02292675525068071,0.375375
14346,14325,0.02292685849064494,0.3754375
14829,15306,0.022926897945000295,0.3755
14461,14551,0.02292694745661358,0.3755625
4591,4887,0.022927053655224575,0.375625
5578,5828,0.022927141878714325,0.3756875
9850,9801,0.022927148250359214,0.37575
12691,12633,0.022927254795842688,0.3758125
5082,5208,0.0229273589666654,0.375875
7976,7945,0.02292740628568704,0.3759375
7173,7183,0.022927406935247235,0.376
5515,5760,0.022927489441555978,0.3760625
8862,8741,0.022927754757602635,0.376125
15009,15422,0.02292776200929873,0.3761875
1268,1532,0.022927820747399213,0.37625
2376,2576,0.02292805227326124,0.3763125
14682,14629,0.022928154623796656,0.376375
696,957,0.022928179176169457,0.3764375
3297,3541,0.022928262529176156,0.3765
11741,11816,0.022928566315789,0.3765625
8857,8801,0.022928594809962163,0.376625
8690,9212,0.02292884642568822,0.3766875
5642,5546,0.022928872220744453,0.37675
7768,8114,0.02292944592082402,0.3768125
8994,9400,0.022929748606572715,0.376875
8769,8505,0.02292980317406738,0.3769375
9766,9809,0.022930121871824527,0.377
3067,3151,0.02293030201884694,0.3770625
6519,6526,0.022930354907711906,0.377125
8487,8916,0.022930418226788703,0.3771875
1204,1309,0.0229306523122637,0.37725
181,642,0.02293087605164935,0.3773125
8036,8538,0.022930879581633107,0.377375
14466,14613,0.022931015127182253,0.3774375
9388,9866,0.022931156085435132,0.3775
8591,8932,0.02293134082394814,0.3775625
10717,10281,0.022931500600138592,0.377625
8190,8135,0.022931805075961695,0.3776875
12814,13011,0.022932504963706715,0.37775
11737,11481,0.02293354481705084,0.3778125
12453,12207,0.02293381138552811,0.377875
4080,4360,0.022933827121723226,0.3779375
15112,15440,0.022934025430250797,0.378
14227,14395,0.022934089896327295,0.3780625
8561,8936,0.022934245384885515,0.378125
13925,14294,0.022934321049765227,0.3781875
6074,6149,0.022934395407895405,0.37825
5328,5778,0.022934475382399264,0.3783125
4788,4964,0.02293490730972001,0.378375
9450,9682,0.022934998834659017,0.3784375
5815,5640,0.022935058477199757,0.3785
13057,13077,0.022935248730142143,0.3785625
9266,8995,0.022935259248039318,0.378625
1048,1090,0.022935715656056614,0.3786875
12556,12343,0.02293581953137255,0.37875
8602,8962,0.02293593259397035,0.3788125
8794,8787,0.022936028116313355,0.378875
3072,3149,0.022936310147859976,0.3789375
1191,1118,0.022936394940342796,0.379
6216,6311,0.02293662238436206,0.3790625
2439,2647,0.02293666192854722,0.379125
4465,4669,0.02293697556715003,0.3791875
13102,13360,0.022937104741774895,0.37925
964,678,0.02293713303163416,0.3793125
11072,10987,0.022937246254805147,0.379375
14337,14319,0.022937329554279063,0.3794375
5467,5776,0.022937475545188536,0.3795
14491,14611,0.022937612487937045,0.3795625
1807,1782,0.022937745424355102,0.379625
5050,5120,0.022937790009901402,0.3796875
2461,2400,0.02293797430814233,0.37975
13123,13618,0.02293802064092499,0.3798125
8313,8428,0.022938023203635763,0.379875
8849,8747,0.02293818994507863,0.3799375
9444,9684,0.022938664456305595,0.38
8704,9170,0.022938760648697744,0.3800625
4419,4650,0.022939058907369532,0.380125
4961,5037,0.02293913091889174,0.3801875
13785,13953,0.02293914064328439,0.38025
13920,13707,0.02293924866034153,0.3803125
15227,15562,0.022939760882817115,0.380375
2842,2982,0.022939860961043616,0.3804375
7901,7875,0.02294009081471388,0.3805
5622,5842,0.02294012469824579,0.3805625
9934,9881,0.02294050098355967,0.380625
1808,1780,0.02294071138936998,0.3806875
5725,5731,0.022940804646431646,0.38075
10656,10255,0.022940806396556972,0.3808125
10728,10984,0.022940953373420492,0.380875
4090,4518,0.022940988806642477,0.3809375
4198,4646,0.02294115788827581,0.381
1113,1084,0.022941519709430903,0.3810625
5961,5994,0.022941727393499735,0.381125
1091,1187,0.022941793809295827,0.3811875
8068,8198,0.02294188839307105,0.38125
11110,11009,0.02294238965716967,0.3813125
1618,1537,0.022942397193670954,0.381375
10474,10658,0.022942447839104402,0.3814375
1501,1410,0.022942566196202052,0.3815
8571,9084,0.0229427216388231,0.3815625
15674,15693,0.02294273249221526,0.381625
12491,12726,0.022942925531694823,0.3816875
6039,6025,0.022942955550092133,0.38175
4296,4367,0.022943259969968516,0.3818125
5471,5814,0.022943371002805173,0.381875
4233,4658,0.02294341103228516,0.3819375
10461,10718,0.02294352849391611,0.382
15689,15603,0.022943597006458472,0.3820625
15761,15891,0.02294376061083434,0.382125
11164,11310,0.022943850818979473,0.3821875
12838,12799,0.022944011091220143,0.38225
14528,14704,0.022944099111807597,0.3823125
2690,3006,0.022944212805296526,0.382375
8691,8527,0.02294423413995341,0.3824375
15667,15719,0.022944286740153825,0.3825
7381,7496,0.022944414854062994,0.3825625
14382,14147,0.02294441647798926,0.382625
6095,5974,0.02294477983267778,0.3826875
4716,4879,0.022944825314130016,0.38275
5120,5202,0.022944932778323275,0.3828125
10751,10545,0.022945355399252902,0.382875
4801,4991,0.022945455431424348,0.3829375
1068,1261,0.022945589829011404,0.383
3646,3969,0.022945611138714166,0.3830625
8271,8307,0.022945925425971504,0.383125
2718,3152,0.022945988511100246,0.3831875
11738,11978,0.022946095824870345,0.38325
11209,11388,0.022946111528176594,0.3833125
9304,9071,0.022946136381082914,0.383375
2902,3314,0.022946169964022975,0.3834375
2914,3155,0.022946269147347625,0.3835
13921,13855,0.02294643292016177,0.3835625
7437,7563,0.02294651583183362,0.383625
3128,3159,0.022946711443740282,0.3836875
5182,5249,0.022946966000286922,0.38375
7461,7840,0.0229470340317707,0.3838125
6444,6507,0.022947096706572377,0.383875
14499,14575,0.02294715368044138,0.3839375
10397,10822,0.022947259722151742,0.384
8131,8520,0.022947530390168534,0.3840625
2825,3030,0.022947756516695908,0.384125
14288,14225,0.02294779191796041,0.3841875
3665,3915,0.02294800278885091,0.38425
1441,1432,0.022948074181868585,0.3843125
12228,12145,0.022948220879383474,0.384375
5363,5362,0.022948294278900938,0.3844375
14835,15258,0.02294852709907648,0.3845
11158,11424,0.022948709762252453,0.3845625
10557,10493,0.022948975168792997,0.384625
15253,15458,0.0229489882942542,0.3846875
15466,15233,0.0229490298390898,0.38475
2505,2265,0.02294909119028947,0.3848125
13987,13993,0.02294909459856853,0.384875
208,401,0.022949322376714116,0.3849375
13871,14260,0.022949355209969966,0.385
14893,15032,0.02294937874145249,0.3850625
13174,13480,0.0229495443309484,0.385125
15138,15071,0.02294956084165767,0.3851875
4331,4552,0.0229497313062545,0.38525
14784,14824,0.02294989895794403,0.3853125
12781,12865,0.022949948013451273,0.385375
10749,10523,0.022949949472617602,0.3854375
11773,11795,0.02295018186591246,0.3855
12021,12520,0.022950474752121874,0.3855625
6315,6348,0.02295051684949443,0.385625
11853,11958,0.022950547601066573,0.3856875
9600,10000,0.0229505883433034,0.38575
11799,11982,0.022950667944311578,0.3858125
11893,11911,0.022950779364138134,0.385875
12975,13061,0.022950799031077367,0.3859375
5765,5844,0.022950996758181044,0.386
13365,13664,0.022951190088227172,0.3860625
14750,15024,0.022951322597432468,0.386125
8761,9188,0.02295155012844661,0.3861875
6052,6105,0.022951631634861688,0.38625
11012,11220,0.02295165737457529,0.3863125
6371,6386,0.022951794000332554,0.386375
12874,13060,0.022952041425658605,0.3864375
2482,2511,0.022952057401478525,0.3865
8712,8759,0.022952132699990378,0.3865625
4353,4682,0.0229521728714576,0.386625
7831,7857,0.022952214084357724,0.3866875
8993,8895,0.022952232143636113,0.38675
5735,5745,0.022952571044474193,0.3868125
4713,4962,0.022952736425122317,0.386875
9588,9950,0.02295275764313309,0.3869375
5996,5997,0.02295277305845278,0.387
15396,15758,0.022952825287193272,0.3870625
13754,14092,0.02295294248300263,0.387125
5802,6042,0.022952988389604967,0.3871875
11186,11472,0.02295305968340718,0.38725
15141,15091,0.022953122295910774,0.3873125
6644,6836,0.02295356080720055,0.387375
14523,14651,0.022953567092624465,0.3874375
10498,10333,0.022953791529796274,0.3875
8788,8641,0.022953883826399145,0.3875625
12807,13036,0.02295417035664827,0.387625
11011,11174,0.02295442001568743,0.3876875
4119,4340,0.022954535382899325,0.38775
12791,12749,0.022954560418605746,0.3878125
12731,12824,0.022954603649189314,0.387875
9957,9949,0.02295496015535455,0.3879375
12399,12532,0.02295502664044519,0.388
3709,3765,0.02295513065451763,0.3880625
2873,2860,0.022955158341729308,0.388125
5234,5444,0.022955246981843567,0.3881875
6718,6725,0.022955438899889553,0.38825
1058,1305,0.022955617136738982,0.3883125
1527,1663,0.02295578621317814,0.388375
221,441,0.02295589860446135,0.3884375
7194,7213,0.022955985702500604,0.3885
9863,10300,0.022956064042678435,0.3885625
1774,1639,0.022956074348249162,0.388625
9948,10053,0.022956097724195358,0.3886875
7616,7740,0.022956118318890214,0.38875
5243,5277,0.022956124522446098,0.3888125
2474,2766,0.02295651545271579,0.388875
7290,7512,0.022956769950822933,0.3889375
7254,7233,0.022956926522939996,0.389
4512,4779,0.02295693520596261,0.3890625
10971,10831,0.022957073224358103,0.389125
2739,3138,0.022957162665363323,0.3891875
4528,4510,0.022957372041036716,0.38925
12835,13154,0.022957388735276082,0.3893125
7732,7572,0.022957417390533703,0.389375
8236,8201,0.022957543581934154,0.3894375
2679,2891,0.02295761991423703,0.3895
1311,1609,0.02295765296621847,0.3895625
3176,3413,0.02295774991745608,0.389625
9834,10252,0.0229581316535105,0.3896875
14381,14475,0.022958138830284854,0.38975
13516,13555,0.022959610271417533,0.3898125
4464,4498,0.022959693032543096,0.389875
5864,5856,0.02295981623138313,0.3899375
8231,8297,0.022959817592717292,0.39
7236,7456,0.022959944603043958,0.3900625
11432,11536,0.02296004993580948,0.390125
4485,4641,0.022960094714391557,0.3901875
3621,3402,0.022960370070726734,0.39025
9833,9803,0.02296044920855791,0.3903125
6601,6716,0.022960471985054878,0.390375
2410,2639,0.022960605887552218,0.3904375
13405,13483,0.022960793621972883,0.3905
13053,13590,0.02296087475932662,0.3905625
11100,11017,0.022960921063871008,0.390625
7421,7597,0.02296110702311095,0.3906875
5081,5392,0.02296142542400679,0.39075
15382,15806,0.02296145609512645,0.3908125
810,1050,0.022961550223425744,0.390875
9198,9041,0.02296169152945314,0.3909375
8619,9082,0.02296176996822682,0.391
12722,12737,0.02296182333562059,0.3910625
14290,14473,0.022961986154299143,0.391125
15435,15271,0.022962101915281804,0.3911875
15570,15347,0.022962250227308495,0.39125
10466,10692,0.02296239488080889,0.3913125
3824,4003,0.022962458721248455,0.391375
4027,4328,0.022962526302096956,0.3914375
13664,13897,0.022962583040227393,0.3915
10658,10920,0.022962615402326497,0.3915625
3221,3305,0.02296272312773704,0.391625
8227,8572,0.022962943892856795,0.3916875
8950,9470,0.022962955929093573,0.39175
14995,15128,0.022962977950993148,0.3918125
1003,1086,0.02296306494839645,0.391875
1546,1944,0.022963419243773955,0.3919375
9146,8947,0.02296351377230653,0.392
1886,1907,0.022963607910256076,0.3920625
13928,14286,0.022963666008370555,0.392125
240,429,0.022963855134305898,0.3921875
3441,3406,0.02296391512451126,0.39225
4514,4478,0.02296399786006672,0.3923125
5599,5564,0.022964070517639094,0.392375
1842,1764,0.022964097906718602,0.3924375
4964,5156,0.022964153505285266,0.3925
14126,14023,0.02296449567282946,0.3925625
4794,5158,0.022964550180855175,0.392625
2798,2967,0.02296459195662106,0.3926875
6535,6555,0.022964679234478137,0.39275
14801,15044,0.022964751916141994,0.3928125
9253,9459,0.022965243832331044,0.392875
1050,965,0.022965324078356875,0.3929375
13172,13570,0.022965478092756952,0.393
5590,5724,0.02296560421615021,0.3930625
12805,13166,0.022965745090692064,0.393125
15688,15783,0.022965746501662554,0.3931875
14825,15434,0.022965838399116804,0.39325
8157,8654,0.022966554117095517,0.3933125
1930,2064,0.022966692700212035,0.393375
8149,8127,0.022966781653863205,0.3934375
12407,12177,0.022966783506081685,0.3935
7029,7153,0.022966848811162045,0.3935625
5240,5454,0.0229670653678697,0.393625
9702,10068,0.022967123806635088,0.3936875
15673,15697,0.022967368325999157,0.39375
7167,7688,0.02296737861678369,0.3938125
6345,6405,0.022967789254262308,0.393875
6536,6930,0.022967823302982922,0.3939375
6838,7011,0.02296822799873113,0.394
13881,14208,0.022968281849223438,0.3940625
13935,14316,0.022968311408432175,0.394125
15721,15807,0.022968443268702194,0.3941875
5683,5998,0.022968796449549606,0.39425
4538,4703,0.02296892057885161,0.3943125
1337,1297,0.02296904316797609,0.394375
6555,6624,0.02296910398792666,0.3944375
4600,4902,0.02296935819352689,0.3945
13167,13556,0.022969518265207673,0.3945625
12755,12906,0.022969670864327704,0.394625
7355,7506,0.022970634100000296,0.3946875
5350,5452,0.022971129459091258,0.39475
14894,15116,0.022971191807124237,0.3948125
4180,4515,0.02297119706220072,0.394875
8278,8584,0.022971536725223854,0.3949375
12714,12858,0.022971709985088812,0.395
345,597,0.022971725433317016,0.3950625
2011,1939,0.022971825670611224,0.395125
12828,13148,0.022971866742731942,0.3951875
7786,7821,0.022972010767189972,0.39525
1531,1446,0.022972019129699713,0.3953125
4609,4803,0.022972110732653036,0.395375
14534,14880,0.022972386088383014,0.3954375
11068,10897,0.022972405127268784,0.3955
13236,13287,0.02297247007553235,0.3955625
8584,9010,0.022972531223154256,0.395625
4756,4873,0.022972750745673162,0.3956875
8720,9150,0.022972762103535563,0.39575
13428,13766,0.02297276880147656,0.3958125
9900,9895,0.02297279745816367,0.395875
4549,4717,0.022972815843057843,0.3959375
4462,4643,0.02297297633389131,0.396
3341,3350,0.022972991416431374,0.3960625
9816,9831,0.022973043203287063,0.396125
9352,9834,0.022973279037649702,0.3961875
13930,14330,0.022973368383444808,0.39625
11225,10959,0.022973789373490643,0.3963125
4796,4895,0.022973925943388422,0.396375
2314,2596,0.022973972535151432,0.3964375
10952,11492,0.022974108265887166,0.3965
4188,4378,0.02297462797266785,0.3965625
14419,14660,0.02297466116206173,0.396625
14292,14309,0.022974842277250388,0.3966875
6586,7014,0.022975139479337103,0.39675
14814,15252,0.02297540830065029,0.3968125
2860,2996,0.022975412690903255,0.396875
1746,1610,0.022975721241963742,0.3969375
8254,8456,0.02297597778387065,0.397
14665,15014,0.02297645451290684,0.3970625
8759,8751,0.022976974746952355,0.397125
3428,3338,0.022977448145398944,0.3971875
2509,2668,0.022977594020452765,0.39725
8968,8863,0.022977965051178214,0.3973125
4687,4916,0.02297797344774708,0.397375
7227,7408,0.02297798162922377,0.3974375
2284,2561,0.022977988626486232,0.3975
908,1063,0.02297802249968638,0.3975625
8467,8363,0.02297849375823221,0.397625
12847,12921,0.022978701629924558,0.3976875
6409,6563,0.022978880081915697,0.39775
845,763,0.022978954500454545,0.3978125
14368,14868,0.02297898611394601,0.397875
8071,8081,0.02297914617867971,0.3979375
8781,9164,0.022979446131430048,0.398
11759,11934,0.022979458605958587,0.3980625
9065,9454,0.022979741084253047,0.398125
8001,8474,0.02297978661722341,0.3981875
4407,4670,0.022979796813201246,0.39825
5032,5091,0.022979933349680945,0.3983125
12852,12811,0.022979982743466357,0.398375
5024,5054,0.02297998471816484,0.3984375
9552,9990,0.02298012422620677,0.3985
2695,2767,0.02298022069298432,0.3985625
8102,8101,0.022980444928968037,0.398625
5858,6412,0.022980509739020865,0.3986875
1715,1874,0.022980690633193485,0.39875
10425,10197,0.022980740468745278,0.3988125
4324,4435,0.022980898350182678,0.398875
6180,6206,0.022980949671291113,0.3989375
8651,8799,0.022980975258597897,0.399
12718,13118,0.022980990499112012,0.3990625
12460,12461,0.022981214306213225,0.399125
488,695,0.0229812919203419,0.3991875
6971,7067,0.022981324285040364,0.39925
1859,1953,0.022981403975999598,0.3993125
4625,4862,0.022981416317434545,0.399375
9945,9933,0.02298146250427891,0.3994375
1855,1963,0.022981470196914575,0.3995
10839,10577,0.02298152495793901,0.3995625
3707,3867,0.022981606953831214,0.399625
6549,6388,0.022981700290930263,0.3996875
1779,1706,0.022982018078022762,0.39975
3820,3917,0.022982340272458462,0.3998125
5010,5261,0.022982352719810955,0.399875
9270,9790,0.02298258032480536,0.3999375
3878,3987,0.022982658784564812,0.4
4220,4488,0.02298306684251127,0.4000625
10978,11436,0.022983092175836873,0.400125
9689,10030,0.022983313222647624,0.4001875
9792,10234,0.022983318074238965,0.40025
14695,14633,0.022983331447934845,0.4003125
9575,10108,0.022983507534896138,0.400375
10801,11032,0.02298358912796942,0.4004375
1777,1637,0.022984486331346792,0.4005
3908,4201,0.022984547570502816,0.4005625
15671,15595,0.022984614675469407,0.400625
12753,12864,0.02298478716403427,0.4006875
2051,2066,0.022984974592375994,0.40075
2528,2657,0.022985414836233637,0.4008125
10612,10906,0.022985538525431483,0.400875
14089,14582,0.02298556516679299,0.4009375
15324,15524,0.022985699571974483,0.401
2507,2477,0.022985749180534962,0.4010625
14435,14710,0.022985818126447247,0.401125
14010,14360,0.022985894286442887,0.4011875
14299,14301,0.022985917021411218,0.40125
2857,3100,0.022985931025696262,0.4013125
4867,4985,0.022986250085855597,0.401375
6524,6826,0.02298632537951632,0.4014375
4750,4981,0.02298646280691358,0.4015
3406,3370,0.022986757770850255,0.4015625
9032,9408,0.02298694041533216,0.401625
5417,5445,0.02298697828468824,0.4016875
14571,15000,0.022987534487327002,0.40175
9647,10080,0.02298798192740647,0.4018125
15394,15766,0.022988143819714164,0.401875
9501,9898,0.022988434774970864,0.4019375
2375,2244,0.02298843658530366,0.402
9442,9862,0.022988454406206584,0.4020625
6901,6981,0.02298848604932397,0.402125
9379,9537,0.022988522866392608,0.4021875
15346,15720,0.022988743911086996,0.40225
6049,6093,0.022988750847025712,0.4023125
2880,3057,0.022988893636480386,0.402375
6354,6427,0.022989094378912743,0.4024375
10778,11022,0.02298909888971866,0.4025
15107,15075,0.02298910087085122,0.4025625
9938,10031,0.02298913291528124,0.402625
9425,9665,0.02298937355842931,0.4026875
15268,15496,0.022989391517264056,0.40275
12638,12659,0.022989453859391176,0.4028125
827,758,0.022989467557549485,0.402875
7361,7532,0.02298954776386881,0.4029375
3288,3348,0.022989813862084298,0.403
3868,4031,0.02298994766135849,0.4030625
15188,15508,0.022990020215188072,0.403125
6923,6963,0.022990172959336606,0.4031875
13744,14114,0.022990510940713905,0.40325
14653,14886,0.022990802249638436,0.4033125
6676,6714,0.02299088823749658,0.403375
13649,14130,0.022991029970396433,0.4034375
2966,3097,0.022991229197281172,0.4035
7531,7888,0.0229913248935822,0.4035625
4587,4725,0.022991392935110263,0.403625
8247,8290,0.02299145998350262,0.4036875
11233,11474,0.022991733296788153,0.40375
4446,4716,0.022991816767468275,0.4038125
640,748,0.02299184476988784,0.403875
15690,15591,0.022991865828671302,0.4039375
6247,6357,0.02299188208448916,0.404
8470,8848,0.022992259824948166,0.4040625
4240,4482,0.022992460769291394,0.404125
13410,13754,0.02299261271597813,0.4041875
3932,4304,0.022992803246366017,0.40425
4697,4872,0.022992879553352077,0.4043125
8301,8268,0.0229929147563236,0.404375
7557,7659,0.022993004923396086,0.4044375
12048,12031,0.022993114787975017,0.4045
2331,2629,0.022993250323686876,0.4045625
9187,9498,0.022993295242089495,0.404625
2818,3208,0.02299339831694692,0.4046875
14774,14931,0.0229934187800063,0.40475
8074,8468,0.02299351943646687,0.4048125
15579,15279,0.022993580220540696,0.404875
3735,3873,0.022993701591293766,0.4049375
12425,12264,0.02299370676074166,0.405
13219,13458,0.022993869443289325,0.4050625
624,776,0.022994243885554842,0.405125
1128,1181,0.022994244774766137,0.4051875
12634,12339,0.022994415757177457,0.40525
9823,10302,0.022994575627822637,0.4053125
11580,11591,0.02299463605566335,0.405375
4466,4420,0.022994662140907667,0.4054375
6858,7047,0.022994779139484455,0.4055
15380,15748,0.022994867300179432,0.4055625
2524,2733,0.022995166882841863,0.405625
2368,2248,0.022995360248232025,0.4056875
13899,13757,0.022995381951524212,0.40575
12724,12966,0.022995492972751726,0.4058125
8352,8343,0.022995538028126854,0.405875
11752,11781,0.022995732859563148,0.4059375
15213,15163,0.0229961883326348,0.406
9240,8993,0.022996203170555576,0.4060625
15397,15818,0.02299625673020261,0.406125
118,489,0.02299633061831968,0.4061875
2412,2666,0.022996387681789056,0.40625
7632,8078,0.022996450138984735,0.4063125
5979,6207,0.022996864447075438,0.406375
12514,12673,0.02299689076574298,0.4064375
11247,11466,0.022996990907337034,0.4065
13635,14080,0.022997254859411235,0.4065625
13667,13633,0.022997328344192536,0.406625
4056,4312,0.022997503096591317,0.4066875
15581,15247,0.022998077676488503,0.40675
7440,7515,0.022998445492616218,0.4068125
6360,6384,0.02299845992571603,0.406875
4688,4918,0.022998603243707134,0.4069375
15344,15155,0.02299874522818909,0.407
13348,13702,0.022998785419067122,0.4070625
11103,11278,0.022998925878935032,0.407125
7669,7717,0.022999080711062526,0.4071875
9594,10056,0.022999122523251904,0.40725
7475,7469,0.022999147747104508,0.4073125
14660,14760,0.022999152716143452,0.407375
2983,2904,0.02299924282260004,0.4074375
6887,6953,0.022999348026945955,0.4075
12142,12620,0.023000036290460497,0.4075625
14929,15114,0.023000318590300377,0.407625
3270,3388,0.023000350218597344,0.4076875
12818,12771,0.023000392225150188,0.40775
1526,1542,0.023000423093325235,0.4078125
14628,14976,0.023000530539383456,0.407875
14261,14037,0.02300091346752689,0.4079375
5456,5816,0.02300094188061849,0.408
3497,3629,0.023001237898140597,0.4080625
5960,5864,0.023001729300101463,0.408125
9178,9181,0.023001864451914454,0.4081875
4258,4394,0.023002100206592338,0.40825
6338,6475,0.023002216978338437,0.4083125
4844,5112,0.02300231698977961,0.408375
3832,4190,0.023002402143181357,0.4084375
2792,3091,0.02300246779773328,0.4085
5984,5981,0.0230024867224248,0.4085625
8595,8970,0.023002817486364447,0.408625
4317,4381,0.023002912056804433,0.4086875
2309,2698,0.023003071726065655,0.40875
13457,13487,0.023003089078616586,0.4088125
2300,2646,0.023003184850635894,0.408875
8052,8067,0.023003532100072197,0.4089375
15319,15534,0.023003706768497664,0.409
14772,14681,0.023003851569612734,0.4090625
13038,13073,0.023003874945440934,0.409125
8039,8166,0.02300395204284479,0.4091875
14284,14495,0.023004065487272574,0.40925
6753,6956,0.023004328358259652,0.4093125
12433,12680,0.023004595095004906,0.409375
6064,6089,0.023004710099809783,0.4094375
9491,9856,0.02300489128398476,0.4095
1955,1865,0.023004903967412622,0.4095625
4988,5077,0.023004926551713337,0.409625
8196,8632,0.02300505225615467,0.4096875
14616,14722,0.023005147972235216,0.40975
15552,15257,0.023005202217250373,0.4098125
3703,3935,0.023005236302227883,0.409875
4035,4189,0.023005332141165426,0.4099375
12338,12562,0.02300535276384695,0.41
6193,6447,0.023005385679914368,0.4100625
6777,6993,0.023005435602720836,0.410125
1695,1699,0.02300568042125221,0.4101875
11774,11746,0.023005836725663583,0.41025
12824,13008,0.02300638698619149,0.4103125
4173,3990,0.023006406812750853,0.410375
8629,9008,0.023006564346879536,0.4104375
10534,10479,0.02300682170880931,0.4105
3330,3497,0.023007128145018253,0.4105625
14855,14928,0.023007230098190518,0.410625
7295,7482,0.023007327345082713,0.4106875
9652,10006,0.02300767762644151,0.41075
1272,1321,0.023007742194016086,0.4108125
286,675,0.023008049817830726,0.410875
15200,15470,0.0230082024226368,0.4109375
15691,15617,0.023008231944365885,0.411
11824,11845,0.02300844846673307,0.4110625
13299,13628,0.023008454935364655,0.411125
10553,10307,0.023008463395179084,0.4111875
11174,11378,0.02300855578946686,0.41125
14241,14534,0.023008560330193023,0.4113125
1700,1877,0.023008606187330787,0.411375
7524,7522,0.023008687370048346,0.4114375
4217,4010,0.02300876024068501,0.4115
13813,14144,0.023008802372612356,0.4115625
4885,5116,0.023008965317857812,0.411625
15003,15412,0.023009002695448505,0.4116875
7465,7453,0.02300925158689564,0.41175
5343,5364,0.02300936365624042,0.4118125
5441,5510,0.023009844586513378,0.411875
14923,15194,0.023009854167528543,0.4119375
14335,14127,0.023009952278806766,0.412
2852,3128,0.02301010310937933,0.4120625
6693,7062,0.02301012839271073,0.412125
3833,4288,0.0230101345878564,0.4121875
7146,7366,0.023010196760432717,0.41225
11717,11397,0.023010250625606524,0.4123125
7547,7896,0.023010261518143636,0.412375
2441,2720,0.02301040385185692,0.4124375
9477,9868,0.023010729204158555,0.4125
9983,10318,0.023010832108660874,0.4125625
7340,7551,0.02301108470336319,0.412625
12125,12129,0.023011331879865288,0.4126875
2822,2923,0.023011599137132473,0.41275
7470,7828,0.02301164546704422,0.4128125
14969,15137,0.023011857615031866,0.412875
14066,14416,0.02301202415821197,0.4129375
2430,2419,0.02301207825984165,0.413
2874,3170,0.023012120354492453,0.4130625
9382,9820,0.023012262466055512,0.413125
2950,3083,0.023012728997964728,0.4131875
9609,10004,0.023013082859056413,0.41325
8198,8177,0.023013161976209968,0.4133125
14150,14450,0.023013284672043235,0.413375
8140,8182,0.023013601891744152,0.4134375
6710,6687,0.02301362688941255,0.4135
6489,6808,0.023013639142212435,0.4135625
8416,8884,0.023013747320126014,0.413625
6556,6724,0.023013886510752445,0.4136875
2844,3124,0.02301395259201609,0.41375
6158,6303,0.023014051903846422,0.4138125
6456,6798,0.02301412304877075,0.413875
12740,12587,0.02301412668895555,0.4139375
7203,7292,0.023014595052179603,0.414
563,115,0.023014661144091206,0.4140625
15205,15117,0.023014853879176265,0.414125
12334,12622,0.02301487372844888,0.4141875
14531,14912,0.02301487499665761,0.41425
7378,7501,0.023015253277801285,0.4143125
6729,7082,0.023015444472644128,0.414375
6936,7138,0.023015973121389113,0.4144375
1901,2322,0.023016158521813608,0.4145
13826,13759,0.023016427230605766,0.4145625
4767,4889,0.023016449711916492,0.414625
10986,10883,0.023016497394162325,0.4146875
8830,8831,0.023016680201083082,0.41475
13890,14226,0.023016815599904553,0.4148125
6233,6270,0.023016835678815552,0.414875
12674,12868,0.02301705404989722,0.4149375
14202,14470,0.023017061864896347,0.415
1631,1859,0.02301733913614667,0.4150625
9952,9915,0.023017344099873004,0.415125
4920,5011,0.023017498211844192,0.4151875
6143,6170,0.02301755221518302,0.41525
1839,2038,0.023017729377371014,0.4153125
1216,1146,0.02301776197858256,0.415375
4284,4481,0.023017796539591965,0.4154375
4826,5094,0.02301789574032272,0.4155
14487,14816,0.023018063371397356,0.4155625
6381,6316,0.02301816236241111,0.415625
12614,12639,0.023018314837157192,0.4156875
8565,8461,0.023018349321535375,0.41575
5036,5142,0.02301835301016075,0.4158125
11742,11886,0.023018607565632995,0.415875
12955,13298,0.023018771617359098,0.4159375
10919,10649,0.02301892462706985,0.416
11978,12001,0.023019087810665022,0.4160625
2786,3053,0.02301916401499955,0.416125
12889,12965,0.023019525477719058,0.4161875
5190,5352,0.023019732237249443,0.41625
9018,8919,0.023019755958539397,0.4163125
6491,6745,0.02301992704345492,0.416375
14852,14848,0.02301995594986812,0.4164375
12662,12984,0.02302020631733904,0.4165
10729,10549,0.023020220299420784,0.4165625
9481,9860,0.02302023796394879,0.416625
4202,4390,0.023020356798680468,0.4166875
10470,10345,0.023020483431298068,0.41675
1175,1097,0.023020746433162313,0.4168125
15358,15992,0.023020917249916156,0.416875
859,700,0.023021117005110368,0.4169375
1032,971,0.02302120476728081,0.417
2317,2573,0.023021224777912342,0.4170625
4791,5042,0.023021424697832717,0.417125
9378,9513,0.023021666515234934,0.4171875
12464,12379,0.02302170637006895,0.41725
2469,2664,0.02302173703055879,0.4173125
12408,12219,0.023021930248459145,0.417375
8564,8960,0.0230219833976237,0.4174375
2937,3120,0.023022038328143587,0.4175
1821,1709,0.023022070188981503,0.4175625
14341,14688,0.023022125560692767,0.417625
9353,9395,0.023022134760996352,0.4176875
998,983,0.02302218932944203,0.41775
12809,12943,0.023022218454436794,0.4178125
3558,3642,0.023022302918416677,0.417875
15085,15594,0.023022345684274727,0.4179375
8447,8429,0.023022383947334458,0.418
9364,9535,0.023022467658340227,0.4180625
8150,8339,0.023022625292798617,0.418125
10524,10485,0.023022635377037158,0.4181875
11015,10969,0.023022723301472862,0.41825
2942,2872,0.023022816319906023,0.4183125
4590,4795,0.023022996500907018,0.418375
3796,3879,0.023023155089368606,0.4184375
9633,9978,0.02302317744789875,0.4185
7486,7645,0.023023247072581104,0.4185625
6145,6248,0.023023254838175567,0.418625
12376,12682,0.023023338860928944,0.4186875
1739,1889,0.023023467519356956,0.41875
11513,11695,0.02302355698760407,0.4188125
12498,12498,0.023024040604333905,0.418875
8882,8697,0.023024053752343506,0.4189375
4266,4465,0.023024262329238997,0.419
1221,1516,0.02302460792992224,0.4190625
6303,6515,0.023024658713647637,0.419125
4294,4437,0.023024687968811196,0.4191875
5176,5412,0.023024739876923325,0.41925
4249,4530,0.023024759747640015,0.4193125
2438,2515,0.023024848497564684,0.419375
68,309,0.023024902435385675,0.4194375
15180,15099,0.023025099244584568,0.4195
4134,4409,0.02302524218237443,0.4195625
12688,12745,0.023025287547808804,0.419625
13743,14102,0.02302537259145015,0.4196875
10633,10916,0.02302567434440672,0.41975
1744,2056,0.023025742555644636,0.4198125
3801,4160,0.0230259370004502,0.419875
8580,8533,0.023026042316009177,0.4199375
7978,8013,0.02302606554348864,0.42
1854,1789,0.02302613446907403,0.4200625
1717,1840,0.02302629856533793,0.420125
6518,6537,0.02302650247524635,0.4201875
3487,3628,0.02302667536631297,0.42025
11380,11528,0.023026764082162816,0.4203125
4288,4464,0.023026835398882096,0.420375
5373,5492,0.023027007613761877,0.4204375
10148,10450,0.023027038665790773,0.4205
8230,8436,0.023027119387792973,0.4205625
12799,13098,0.02302726807659058,0.420625
4242,4486,0.023027273741089475,0.4206875
9006,9468,0.02302741046502964,0.42075
4661,4849,0.023027439770945003,0.4208125
3256,3511,0.023027488876700128,0.420875
14804,15025,0.023027535229473768,0.4209375
10991,10973,0.02302826622536444,0.421
12610,12657,0.023028267945431783,0.4210625
7183,7510,0.02302836124787593,0.421125
14371,14259,0.023028447509319535,0.4211875
2201,2542,0.023028662269280714,0.42125
4328,4419,0.023028822240398213,0.4213125
2246,2582,0.02302901456412984,0.421375
15209,15159,0.023029061997457037,0.4214375
1569,1506,0.023029544914479793,0.4215
5731,5795,0.023029646585712094,0.4215625
12635,12699,0.023029654104802597,0.421625
14322,14179,0.023029686876642537,0.4216875
1486,1811,0.02302983264445721,0.42175
7397,7355,0.023029868111205904,0.4218125
14325,14381,0.02302992312166538,0.421875
5504,5834,0.023029984050373223,0.4219375
9690,9753,0.023030345142210727,0.422
7085,7209,0.023030375449033386,0.4220625
9191,9151,0.02303071877153769,0.422125
11123,11019,0.023030855539482926,0.4221875
12367,12634,0.02303093861591071,0.42225
12800,13244,0.023031002535620838,0.4223125
1031,1310,0.02303108607810015,0.422375
4036,4199,0.023031189836886054,0.4224375
44,345,0.023031384092503642,0.4225
12672,12481,0.023031482851917272,0.4225625
6365,6477,0.023031661742574584,0.422625
11716,11900,0.02303193907828133,0.4226875
2790,3075,0.023032448800978936,0.42275
15100,15083,0.023032555411737137,0.4228125
6133,6276,0.023032721543665906,0.422875
2841,2975,0.02303292128580733,0.4229375
1844,1969,0.023032930007171198,0.423
10645,10547,0.023033064200432378,0.4230625
14915,15166,0.02303326897931282,0.423125
142,263,0.023033573889237206,0.4231875
14077,14404,0.02303360615015641,0.42325
3730,4039,0.023033883678477602,0.4233125
14398,14295,0.023033918419714187,0.423375
7958,7991,0.023034142714182897,0.4234375
2783,2959,0.023034233128997036,0.4235
6643,6580,0.02303485696673622,0.4235625
10956,10877,0.023034873808042342,0.423625
2499,2450,0.02303496291000751,0.4236875
4038,4146,0.023035132195093268,0.42375
9301,9277,0.02303519403974725,0.4238125
12732,12986,0.023035415258271453,0.423875
13001,13037,0.023035422331176822,0.4239375
12011,12222,0.023035430348540786,0.424
6787,6965,0.023035877856660884,0.4240625
1783,1792,0.023036203490138577,0.424125
8226,8189,0.02303624366318678,0.4241875
1780,1847,0.023036270045628908,0.42425
158,495,0.0230364824239715,0.4243125
6663,6940,0.023036826388922196,0.424375
13178,13409,0.023036841477951674,0.4244375
6938,6955,0.023036900545722033,0.4245
3007,3145,0.023037129805059817,0.4245625
10171,10462,0.023037169312432274,0.424625
6476,6824,0.023037225214277198,0.4246875
8332,8756,0.02303734019571909,0.42475
3041,3306,0.023037521861737832,0.4248125
2289,2674,0.023037849329479415,0.424875
12299,12167,0.023038025597078335,0.4249375
2496,2726,0.023038144218001322,0.425
14376,14626,0.023038257761987122,0.4250625
13497,13541,0.02303831120956326,0.425125
11839,11861,0.02303860672752152,0.4251875
2068,1925,0.02303870988401357,0.42525
11704,11763,0.023039058187138497,0.4253125
3318,3573,0.023039092491457126,0.425375
4520,4783,0.0230391953803153,0.4254375
3854,4059,0.023039271342971308,0.4255
5708,6040,0.023039418460091714,0.4255625
9090,9199,0.023039486994372166,0.425625
11766,11940,0.02303953068304484,0.4256875
4219,4398,0.023039673018634074,0.42575
4807,4969,0.02303988096072909,0.4258125
11183,10991,0.02303997907097509,0.425875
5367,5550,0.023040586317844048,0.4259375
8865,8649,0.023040789258581343,0.426
13347,13638,0.023040956623125827,0.4260625
2466,2495,0.023041136023158364,0.426125
4091,4096,0.023041303557310558,0.4261875
14225,14492,0.023041334230166344,0.42625
2396,2770,0.023041347718955607,0.4263125
498,697,0.023041351825915782,0.426375
13203,13416,0.023042330183247427,0.4264375
8442,8535,0.023042374296050383,0.4265
10412,10690,0.023042376001621092,0.4265625
1630,1857,0.02304245934379914,0.426625
7125,7214,0.02304254843239996,0.4266875
9412,9654,0.02304260661302101,0.42675
14706,14854,0.023042616670919076,0.4268125
4277,4483,0.02304266504759797,0.426875
13184,13392,0.02304323161705341,0.4269375
3617,3701,0.023043235168459082,0.427
7627,7944,0.023043389858559714,0.4270625
9318,9289,0.023043491317114834,0.427125
6053,6235,0.023043539822421216,0.4271875
8436,8792,0.023043819010540242,0.42725
11243,11003,0.023043983346159223,0.4273125
5595,5599,0.023044317425949982,0.427375
6565,6593,0.023044398610574387,0.4274375
4208,4287,0.023044523416414317,0.4275
13374,13463,0.023044919356186522,0.4275625
497,691,0.02304492800948753,0.427625
11572,11731,0.02304501358720319,0.4276875
8965,9388,0.023045014911203716,0.42775
13464,13918,0.023045548230471367,0.4278125
12687,12733,0.023045669174111477,0.427875
1061,1131,0.023045760255139502,0.4279375
4820,5144,0.023045909967558845,0.428
8282,8408,0.023046049235424207,0.4280625
3739,4122,0.02304609940194712,0.428125
2230,2540,0.02304617280353393,0.4281875
12660,12725,0.023046207786110922,0.42825
9907,9875,0.023046413655358193,0.4283125
5508,5519,0.02304654630448983,0.428375
11003,10981,0.023046906779733867,0.4284375
13367,13840,0.023047529385623683,0.4285
4629,4769,0.023047556339205074,0.4285625
2803,2907,0.023047624133804255,0.428625
10521,10806,0.023047990753393883,0.4286875
11639,11785,0.023048005385492697,0.42875
10582,10894,0.023048088206284314,0.4288125
7400,7762,0.023048166566181236,0.428875
10689,10515,0.02304830263674355,0.4289375
9449,9664,0.023048422037235523,0.429
4822,5053,0.023048465492519966,0.4290625
10484,10539,0.02304847747641317,0.429125
13620,13631,0.02304848480927994,0.4291875
2655,2846,0.0230484987055029,0.42925
12497,12469,0.023048811516358618,0.4293125
3890,4121,0.02304882831539194,0.429375
4003,4284,0.023048887700489247,0.4294375
8216,8508,0.02304889033279096,0.4295
13396,13481,0.02304898468444807,0.4295625
7598,7676,0.023049421960680622,0.429625
11130,11384,0.02304948534524406,0.4296875
12686,13158,0.02304949151482511,0.42975
1246,1464,0.023049984160870285,0.4298125
2740,2809,0.023049995933499816,0.429875
13108,13642,0.0230500344686253,0.4299375
10533,10421,0.02305004551928001,0.43
6447,6850,0.023050085243525968,0.4300625
9902,10316,0.02305017693855203,0.430125
6023,6113,0.023050301314037597,0.4301875
15103,15432,0.023050420649680686,0.43025
4319,4494,0.023050558033027684,0.4303125
6445,6673,0.023050696936528683,0.430375
11371,11564,0.023051006208495543,0.4304375
11460,11623,0.023051135751847363,0.4305
6045,6129,0.023051318953830235,0.4305625
10525,10812,0.023051451390012134,0.430625
9111,9219,0.02305160804074041,0.4306875
7471,7589,0.02305173424792669,0.43075
15694,15481,0.023051808398505437,0.4308125
13429,13874,0.02305183892592916,0.430875
13177,13297,0.023051860304636844,0.4309375
7951,7967,0.02305191073303757,0.431
15322,15165,0.02305191527910289,0.4310625
3208,3417,0.023051937875244444,0.431125
13455,13848,0.023052201898592427,0.4311875
11686,11679,0.023052272780306096,0.43125
10549,11036,0.023052365443990194,0.4313125
13474,13557,0.023052605283102302,0.431375
13260,13377,0.023052676349675904,0.4314375
975,931,0.023052887061753388,0.4315
7514,7764,0.023052919441234533,0.4315625
13933,13957,0.023052959830820882,0.431625
4706,4932,0.023052961099813342,0.4316875
4120,4356,0.023053014908943754,0.43175
9790,9837,0.023053089251393738,0.4318125
4305,4638,0.023053113467216474,0.431875
12027,12039,0.02305359288000005,0.4319375
6175,6329,0.023053685384075595,0.432
771,901,0.023053707555084124,0.4320625
8516,8497,0.023053817096127947,0.432125
13390,13527,0.023053950602778803,0.4321875
11053,11216,0.02305396274926962,0.43225
2933,3095,0.0230540449484582,0.4323125
13601,14050,0.023054113596121216,0.432375
11620,11093,0.023054582637756997,0.4324375
2295,2604,0.023054902296410135,0.4325
930,1241,0.023055112394140015,0.4325625
2762,3004,0.023055260604164053,0.432625
11615,11590,0.023055293809717284,0.4326875
1923,1971,0.023055324469615307,0.43275
9974,10105,0.02305538189105951,0.4328125
9458,9641,0.02305544761169348,0.432875
1728,1987,0.023055535324477214,0.4329375
614,731,0.023055808859900627,0.433
13837,14258,0.02305599222038164,0.4330625
14171,14343,0.023056138659514676,0.433125
895,805,0.02305619168144766,0.4331875
1470,1322,0.02305619330956108,0.43325
2025,1913,0.02305619482916801,0.4333125
12581,12954,0.023056875101462735,0.433375
5487,5728,0.023057000826539213,0.4334375
12829,12805,0.02305727219094425,0.4335
14688,14802,0.023057339398537394,0.4335625
14753,15040,0.023057674589669664,0.433625
3729,3937,0.023057679838763844,0.4336875
14474,14533,0.023057922585060016,0.43375
1919,1957,0.02305794526329171,0.4338125
8815,8709,0.02305794997404908,0.433875
5110,5394,0.023057957723288156,0.4339375
9930,9863,0.023057982703043316,0.434
4836,5170,0.02305808923969243,0.4340625
11074,11037,0.02305816426677164,0.434125
927,1054,0.02305834407822687,0.4341875
6150,6309,0.023058452614140634,0.43425
2931,2894,0.023058719110354713,0.4343125
5830,6060,0.023058738644503484,0.434375
4010,4386,0.02305897732073702,0.4344375
4893,5090,0.023059002120019455,0.4345
10351,10590,0.023059273948284425,0.4345625
6522,6642,0.02305933497008232,0.434625
1343,1498,0.02305936487264899,0.4346875
9755,10244,0.023059593543102656,0.43475
670,897,0.023059615309302513,0.4348125
6568,6573,0.023059703944537446,0.434875
5569,5850,0.02305985963372721,0.4349375
1914,1931,0.0230603488087455,0.435
14204,14452,0.023060355008630278,0.4350625
11192,11039,0.023060396198218133,0.435125
7581,8042,0.02306081340357398,0.4351875
4664,4900,0.023061008641972813,0.43525
692,943,0.023061131563176764,0.4353125
3414,3670,0.023061235361010693,0.435375
5827,5862,0.023061260047538865,0.4354375
8259,8442,0.02306140859603533,0.4355
8201,8626,0.02306184265930591,0.4355625
13151,13552,0.023061857630387206,0.435625
4303,4347,0.02306196558611049,0.4356875
866,578,0.023062004551510456,0.43575
4607,4930,0.02306215526700352,0.4358125
3212,3441,0.02306221537891959,0.435875
8767,9186,0.023062385201740147,0.4359375
6825,7096,0.023062476193774963,0.436
3866,3720,0.023062613584022527,0.4360625
4241,4578,0.023062690824470784,0.436125
6656,6888,0.023062706251619217,0.4361875
6377,6489,0.02306270890338868,0.43625
3701,3777,0.023062799704645597,0.4363125
10040,10338,0.023062877342741313,0.436375
6670,6986,0.023062951401490877,0.4364375
7124,7159,0.023063079411398266,0.4365
13106,13368,0.023063162743134982,0.4365625
6948,7172,0.023063390489137706,0.436625
8633,8427,0.023063712330275737,0.4366875
11787,11778,0.02306385963516602,0.43675
8543,8904,0.023063921515153882,0.4368125
3813,3943,0.02306392201461341,0.436875
15648,15571,0.023063945342827127,0.4369375
7283,7269,0.023064268356759888,0.437
12849,13080,0.02306429679391273,0.4370625
8740,8825,0.023064408826815323,0.437125
12192,12628,0.023064571997657768,0.4371875
12725,12575,0.023064875799727824,0.43725
1667,1575,0.023065141869484242,0.4373125
5164,5219,0.023065172874702132,0.437375
6182,6317,0.023065478656179975,0.4374375
1391,1262,0.023065691205798766,0.4375
4087,4116,0.023065857722836047,0.4375625
12564,12651,0.02306600588291182,0.437625
1931,1833,0.02306601691720956,0.4376875
14215,14133,0.02306613792088433,0.43775
10659,10501,0.023066141437331274,0.4378125
12439,12277,0.023066190204168936,0.437875
2706,2992,0.02306633697614215,0.4379375
10334,10796,0.023066374409992454,0.438
1616,2004,0.02306655762674743,0.4380625
9008,9374,0.023066614907345726,0.438125
643,876,0.02306663131666251,0.4381875
4452,4892,0.023067262579375063,0.43825
12290,12276,0.023067602993077394,0.4383125
13580,14036,0.023067739464764044,0.438375
10405,10792,0.023067783275818415,0.4384375
1669,1935,0.023067802807179835,0.4385
3202,3367,0.0230678817862092,0.4385625
5616,5642,0.023067897085406668,0.438625
8147,8169,0.023068118490655282,0.4386875
12538,12247,0.023068196123825144,0.43875
14224,14490,0.023068274504914867,0.4388125
8550,8457,0.023069009515428666,0.438875
10635,10491,0.02306929602259554,0.4389375
5357,5532,0.023069327705753342,0.439
3716,3817,0.023069431889397286,0.4390625
3465,3708,0.02306946290856674,0.439125
14844,15096,0.023069879564193093,0.4391875
10233,10530,0.02307016893708048,0.43925
1250,1440,0.023070222513653746,0.4393125
10670,10503,0.023070442507497336,0.439375
12727,13192,0.023070443564439113,0.4394375
4982,5136,0.023070503940761766,0.4395
12697,12743,0.023070595413702013,0.4395625
8376,8784,0.023070896233509393,0.439625
6597,6587,0.02307118475872699,0.4396875
8260,8558,0.023071348364307284,0.43975
7537,7765,0.023071674261251333,0.4398125
8235,8452,0.023071677184374056,0.439875
8145,8129,0.02307171823527713,0.4399375
8563,8405,0.02307199948090591,0.44
6949,7204,0.023072016060915544,0.4400625
3577,3667,0.02307206038319883,0.440125
14452,14647,0.02307216202675639,0.4401875
9910,9985,0.023072208096484217,0.44025
10452,10654,0.02307223154804512,0.4403125
899,648,0.0230722647373107,0.440375
11536,11733,0.023072289929252157,0.4404375
8954,8887,0.02307232784375227,0.4405
9516,9876,0.023072396183035207,0.4405625
11818,12002,0.023072410807514102,0.440625
14661,14892,0.02307266742991927,0.4406875
12565,12774,0.02307279324550845,0.44075
7402,7520,0.02307324872943238,0.4408125
13285,13445,0.023073416958457816,0.440875
11016,11402,0.02307361218809431,0.4409375
11296,11522,0.023073981211386763,0.441
3852,4176,0.02307399040610771,0.4410625
13490,13980,0.023074057577854648,0.441125
400,705,0.023074115819167275,0.4411875
1025,1193,0.023074206476021486,0.44125
13453,13942,0.023074248585309605,0.4413125
12580,12723,0.023074403265282456,0.441375
7745,8154,0.023074538932810983,0.4414375
4322,4618,0.023074628424810745,0.4415
4843,5092,0.023074631952276506,0.4415625
14881,14986,0.023074645744134696,0.441625
8762,8815,0.023074705008732613,0.4416875
11675,11565,0.023074715636502333,0.44175
14857,14904,0.02307486756557412,0.4418125
2846,3036,0.023074906540323133,0.441875
2835,2952,0.02307504086216017,0.4419375
269,449,0.023075101803270024,0.442
14808,14799,0.023075294049308026,0.4420625
13278,13634,0.02307560337852713,0.442125
2411,2650,0.02307575817085052,0.4421875
2275,2750,0.023075858081065246,0.44225
2330,2744,0.02307611452772914,0.4423125
2037,2382,0.023076186546490785,0.442375
12330,12312,0.023076332778553917,0.4424375
833,1169,0.023076380262205466,0.4425
12850,13086,0.023076460486268834,0.4425625
2494,2749,0.023076565177104207,0.442625
3726,3512,0.023076619962146164,0.4426875
4030,4205,0.023076757215023436,0.44275
14708,14858,0.023076782616989616,0.4428125
7012,7206,0.02307703929764589,0.442875
6931,6919,0.023077054538663475,0.4429375
12528,12736,0.023077165416649684,0.443
7759,7781,0.023077559426048957,0.4430625
6918,7075,0.023077625538612236,0.443125
4052,4265,0.02307776480858588,0.4431875
2501,2395,0.02307807223225711,0.44325
7760,7789,0.023078142341176215,0.4433125
7503,7770,0.023078211471823196,0.443375
5675,6058,0.02307824143347273,0.4434375
7940,8025,0.023078298573301292,0.4435
1040,1319,0.02307838705873413,0.4435625
8614,8994,0.023078468875591115,0.443625
10968,10935,0.02307851896743018,0.4436875
52,453,0.023078591769344528,0.44375
6641,6718,0.02307861903483934,0.4438125
1936,2098,0.02307867023626221,0.443875
12404,12266,0.0230787567007061,0.4439375
6687,6665,0.023078789145630253,0.444
6507,6545,0.023078862792494114,0.4440625
2454,2556,0.02307889915581502,0.444125
8988,9410,0.02307894519552405,0.4441875
4430,4649,0.02307908892285569,0.44425
6700,7026,0.023079566180661714,0.4443125
14245,14353,0.023079597560910742,0.444375
2833,3156,0.023079599808685708,0.4444375
4031,4209,0.023079696811283988,0.4445
5780,6012,0.023079702479620472,0.4445625
13775,13653,0.023079863299728196,0.444625
2932,3188,0.02307990288288191,0.4446875
10769,11062,0.02307991343312943,0.44475
12675,12665,0.023079973251090014,0.4448125
4666,4767,0.023080163338212407,0.444875
3311,3539,0.02308023451980591,0.4449375
13641,14084,0.023080253448051313,0.445
15047,15450,0.023080351435816316,0.4450625
4630,4780,0.023080518011025352,0.445125
5696,5648,0.023080911710721547,0.4451875
7431,7411,0.02308091192542178,0.44525
6959,7027,0.023080969053776282,0.4453125
12777,12996,0.023081178261187503,0.445375
10395,10229,0.02308122193398353,0.4454375
10178,10506,0.02308148294003088,0.4455
3584,3726,0.023081617300247367,0.4455625
9396,9613,0.023081633432945833,0.445625
785,907,0.023082015705218957,0.4456875
4705,4825,0.02308217766617516,0.44575
6417,6436,0.02308254175708309,0.4458125
4480,4520,0.023082621534501073,0.445875
3387,3584,0.023082730756403793,0.4459375
4274,4410,0.023082755892624308,0.446
6449,6200,0.023082782621258593,0.4460625
9539,9705,0.02308297032054124,0.446125
7424,7842,0.023083010532051154,0.4461875
12449,12253,0.02308326291042563,0.44625
5580,5821,0.02308336783056451,0.4463125
8022,8174,0.02308343958525943,0.446375
12094,12105,0.023083500878871604,0.4464375
15378,15970,0.02308355544559238,0.4465
12524,12621,0.023083647794660444,0.4465625
5159,5408,0.023083682799645993,0.446625
13627,13611,0.023083800887156492,0.4466875
1853,1975,0.023083985312589504,0.44675
15664,15653,0.02308416659813618,0.4468125
1584,1998,0.023084249039800275,0.446875
2869,2914,0.02308443680689267,0.4469375
6349,6501,0.023084932548252113,0.447
1757,1813,0.023084997437288583,0.4470625
969,863,0.023085006476712345,0.447125
7566,7646,0.023085141429905063,0.4471875
11674,11898,0.023085522798714262,0.44725
716,979,0.023085634046080935,0.4473125
4140,4062,0.023085738369824582,0.447375
5726,5833,0.023085903780230836,0.4474375
9217,9039,0.023086057839439882,0.4475
2648,3092,0.023086216458336563,0.4475625
6154,6346,0.023086647522170333,0.447625
1498,1530,0.02308674289845399,0.4476875
4755,4853,0.02308675711158347,0.44775
14383,14107,0.02308683555361086,0.4478125
9474,9667,0.023086899777667827,0.447875
12587,12441,0.023087005270346284,0.4479375
638,923,0.023087122374200478,0.448
4270,4508,0.02308741012010734,0.4480625
3538,3692,0.023087412335569664,0.448125
6564,7030,0.023087465014356583,0.4481875
10951,10705,0.023087535845501776,0.44825
9194,9257,0.023087682298868147,0.4483125
6499,6812,0.023087703408555437,0.448375
2814,3072,0.023087853233941125,0.4484375
3827,4057,0.02308786739593394,0.4485
9457,9798,0.023087884707479724,0.4485625
6645,6954,0.023087970612968047,0.448625
12410,12722,0.023087997768727907,0.4486875
6392,6358,0.023088097263804043,0.44875
2743,2828,0.02308810884118754,0.4488125
1066,1159,0.02308833763596759,0.448875
15660,15577,0.023088440882338027,0.4489375
10436,10744,0.02308846189137728,0.449
6583,6668,0.023088679557910236,0.4490625
12447,12488,0.02308869520506428,0.449125
14478,14766,0.02308869743109231,0.4491875
4164,4364,0.023088714429913598,0.44925
13140,13181,0.02308875696777908,0.4493125
12570,12327,0.023088849710233797,0.449375
3869,4184,0.02308893602617708,0.4494375
14560,14940,0.02308904241977799,0.4495
7412,7523,0.023089075701881727,0.4495625
2483,2417,0.02308908287595829,0.449625
10710,10996,0.023089086161377476,0.4496875
5473,5512,0.02308910294745447,0.44975
12925,13284,0.023089183084297783,0.4498125
13223,13562,0.023089325854113944,0.449875
11097,11410,0.023089568510342412,0.4499375
5702,6048,0.023089791678597822,0.45
15605,15361,0.023089949027132406,0.4500625
12827,13106,0.02309001814163675,0.450125
4971,5134,0.023090076827363613,0.4501875
3836,3973,0.02309010714778207,0.45025
14009,14446,0.023090273525599104,0.4503125
14373,14658,0.023090438408509984,0.450375
10941,10729,0.023090452490483096,0.4504375
1625,1869,0.023090578837230594,0.4505
2785,2917,0.023090580900462492,0.4505625
8065,8478,0.023091268994610684,0.450625
8191,8432,0.02309130141827024,0.4506875
14209,14536,0.023091389996249385,0.45075
3977,4102,0.023091526692163297,0.4508125
10346,10754,0.023091597630766337,0.450875
3366,3517,0.02309160953071467,0.4509375
3706,3843,0.02309163559508912,0.451
4962,5039,0.023091696806240784,0.4510625
1556,1812,0.023091710868917596,0.451125
3879,4009,0.023091838816141307,0.4511875
3692,3608,0.02309197364779633,0.45125
11831,11867,0.023091980682003035,0.4513125
413,247,0.02309211380388012,0.451375
2341,2566,0.023092424298963084,0.4514375
9391,9385,0.023092436755098953,0.4515
12708,12763,0.023092442368753897,0.4515625
14903,15200,0.023092506026489136,0.451625
1329,1282,0.023092584980652368,0.4516875
8906,9266,0.023092631216147484,0.45175
2580,2705,0.02309295518461336,0.4518125
14507,14619,0.023093213487221907,0.451875
8926,9252,0.023093355084617052,0.4519375
15186,15133,0.02309348288649635,0.452
10488,10251,0.023093626518139534,0.4520625
2955,3280,0.023093700623366836,0.452125
8225,8380,0.023093978375926187,0.4521875
13449,13908,0.023094024969193726,0.45225
12137,12172,0.023094125940643126,0.4523125
1794,1821,0.023094156387722786,0.452375
8089,8097,0.023094217559264534,0.4524375
11602,11549,0.023094347463574392,0.4525
3734,3996,0.0230946914398272,0.4525625
3693,3995,0.023094884212609232,0.452625
6780,7228,0.023094923624544624,0.4526875
12253,12195,0.02309494107425446,0.45275
6796,7116,0.023094986230393525,0.4528125
1347,1295,0.02309512294179034,0.452875
9728,10054,0.023095132432729558,0.4529375
10914,10739,0.023095255546389262,0.453
5266,5526,0.023095267909625017,0.4530625
3580,3510,0.023095368663389862,0.453125
7690,8038,0.023095523989188044,0.4531875
14867,14867,0.023095729062550672,0.45325
11499,11609,0.023095831441202783,0.4533125
5749,5819,0.023095856464550597,0.453375
10841,10637,0.02309594738902204,0.4534375
8707,8837,0.02309613309312327,0.4535
15434,15207,0.023096209190491677,0.4535625
3203,3519,0.023097135074475857,0.453625
11018,11322,0.023097621323850563,0.4536875
2468,2616,0.02309768187559772,0.45375
9162,9524,0.023097719359173326,0.4538125
11630,11651,0.023097819642548954,0.453875
10016,10322,0.02309785328536954,0.4539375
8403,8880,0.023098182592620153,0.454
14316,14283,0.02309824533682528,0.4540625
1732,1781,0.023098248705453527,0.454125
8963,9284,0.023098299022280642,0.4541875
9015,8911,0.023098319185057958,0.45425
14955,15400,0.023098390924866333,0.4543125
15705,15483,0.02309841489260888,0.454375
3506,3609,0.023098459734146443,0.4544375
6275,6377,0.023098597179752774,0.4545
14472,14870,0.02309869389703768,0.4545625
7679,8008,0.023098778978444208,0.454625
13888,13803,0.02309923205657713,0.4546875
2356,2580,0.02309935639979132,0.45475
9373,9872,0.023099382863656388,0.4548125
14816,14829,0.023099557380501637,0.454875
5728,6080,0.023099635366452757,0.4549375
7179,7296,0.023099681634386762,0.455
12305,12146,0.023099720873581545,0.4550625
15472,15215,0.02309973137554812,0.455125
72,312,0.023099868284966123,0.4551875
10872,10625,0.023099952142526702,0.45525
3786,3977,0.023099994715985304,0.4553125
13175,13516,0.023100233642241577,0.455375
14613,14954,0.02310028996283698,0.4554375
3650,3905,0.023100297559365487,0.4555
4380,4708,0.023100434519991022,0.4555625
14342,14391,0.02310051710648295,0.455625
14580,14788,0.023100623846146993,0.4556875
2596,2709,0.023100658939757726,0.45575
2843,3068,0.02310083757649784,0.4558125
13608,14118,0.02310103937463033,0.455875
3325,3504,0.02310144701153044,0.4559375
8986,8885,0.023101485508671686,0.456
12047,12027,0.023101600862097477,0.4560625
7472,7908,0.023101656080628884,0.456125
1740,1842,0.02310178602572211,0.4561875
906,1135,0.023101792252784074,0.45625
4931,5376,0.02310179896401203,0.4563125
11086,11266,0.023102112810625935,0.456375
86,481,0.023102512319036338,0.4564375
2891,2888,0.023102560243642257,0.4565
302,537,0.023102769442611158,0.4565625
2369,2678,0.023102780544260397,0.456625
6379,6742,0.02310295911977365,0.4566875
3885,4326,0.023102966942994952,0.45675
5722,6090,0.02310299817190592,0.4568125
9158,9005,0.02310306559272101,0.456875
5095,5414,0.023103089022131224,0.4569375
3818,4035,0.023103089681719518,0.457
10988,11256,0.02310310981333038,0.4570625
13199,13149,0.023103168290727148,0.457125
4279,4566,0.02310324396317234,0.4571875
8243,8252,0.023103824935684494,0.45725
5495,5694,0.023103950261205253,0.4573125
8640,8503,0.023104222536536254,0.457375
4941,5166,0.023104254101665573,0.4574375
6065,6102,0.023104374123211268,0.4575
4979,5198,0.023104770778646706,0.4575625
11617,11675,0.023104789357251913,0.457625
5873,5980,0.023104904746954775,0.4576875
13927,13899,0.0231050883152772,0.45775
1561,1633,0.02310518768122953,0.4578125
14735,14675,0.023105483878254836,0.457875
6510,6732,0.023105654953428218,0.4579375
575,812,0.02310587472899268,0.458
11749,11860,0.02310588046114205,0.4580625
2381,2475,0.02310623662544627,0.458125
12885,13121,0.02310631732826417,0.4581875
6002,6171,0.023106428003333093,0.45825
6665,6904,0.023106576824436963,0.4583125
14221,14520,0.023106579196648092,0.458375
7306,7514,0.023106716896300176,0.4584375
3883,4071,0.0231067373732243,0.4585
1401,1306,0.02310702558943681,0.4585625
1637,1839,0.023107105734676878,0.458625
14577,14812,0.02310732628853442,0.4586875
2557,2373,0.023107357292747866,0.45875
1619,1834,0.023107703529750924,0.4588125
5658,5650,0.023107874633745893,0.458875
14188,14474,0.023107966752598446,0.4589375
3842,3668,0.02310816611883304,0.459
14159,14496,0.02310824306058089,0.4590625
6939,7019,0.023108358840628902,0.459125
5105,5472,0.02310931941970174,0.4591875
9499,9882,0.02310948298728107,0.45925
10136,10412,0.023109514003101444,0.4593125
8646,9072,0.023109518571276542,0.459375
226,273,0.023109769645869686,0.4594375
8049,8079,0.023109814195470386,0.4595
6951,6909,0.02310985195866732,0.4595625
11980,12288,0.023109934367383372,0.459625
15500,15237,0.02311010980862453,0.4596875
14863,15230,0.02311027954408136,0.45975
13247,13644,0.023110295890189484,0.4598125
8171,8238,0.02311037897163806,0.459875
8486,8413,0.02311050435604986,0.4599375
13003,13304,0.023110790216847678,0.46
7709,8132,0.02311085144728705,0.4600625
9524,9994,0.02311099649855719,0.460125
2353,2471,0.023111209812742013,0.4601875
12136,12606,0.023111301630258988,0.46025
15657,15629,0.023111548384574167,0.4603125
12374,12205,0.023111705835790048,0.460375
4237,4305,0.023111852105782916,0.4604375
7450,7585,0.023111907099327603,0.4605
13978,14181,0.023111964124956794,0.4605625
11698,11505,0.023112067254319486,0.460625
3778,3592,0.02311218842965791,0.4606875
14493,14768,0.02311232420809571,0.46075
10992,11282,0.02311234409256933,0.4608125
12487,12708,0.023112423997024942,0.460875
15626,15383,0.02311248267077371,0.4609375
3631,3688,0.023112866351423088,0.461
4621,4792,0.02311289164684512,0.4610625
13284,13425,0.023112958718087873,0.461125
1226,1178,0.023112971856412153,0.4611875
3917,4078,0.023113196297708066,0.46125
15493,15243,0.023113311074193805,0.4613125
4092,4382,0.02311357030028397,0.461375
7428,7866,0.023114398274558266,0.4614375
955,873,0.02311441882530848,0.4615
14790,15012,0.023114461487794082,0.4615625
12848,13288,0.023114808743039405,0.461625
3259,3483,0.023115283213959142,0.4616875
13207,13155,0.02311530609508747,0.46175
3355,3516,0.02311571239364954,0.4618125
5395,5734,0.02311590387662945,0.461875
5476,5491,0.02311593191843086,0.4619375
8280,8752,0.023116049798472565,0.462
5933,5963,0.023116122662880746,0.4620625
7476,7671,0.023116337954445416,0.462125
577,171,0.02311650681818702,0.4621875
8090,8125,0.023116724055548515,0.46225
997,1058,0.02311681483879216,0.4623125
8538,8499,0.023116877946812633,0.462375
3471,3380,0.02311689699108937,0.4624375
4385,4532,0.02311696370191103,0.4625
2225,2134,0.023117229502809276,0.4625625
14432,14583,0.02311723296018178,0.462625
8439,8864,0.023117452054055684,0.4626875
11605,11769,0.023117466633457796,0.46275
8599,9042,0.02311753729254125,0.4628125
1163,1436,0.02311755638586353,0.462875
5477,5712,0.0231176816553625,0.4629375
10447,10846,0.023117895208552855,0.463
6876,6825,0.023117941189698326,0.4630625
4648,4802,0.023118009921726777,0.463125
2752,2876,0.023118057013706568,0.4631875
14817,14837,0.023118158371610405,0.46325
9417,9611,0.023118255733377533,0.4633125
13917,14354,0.0231186506563024,0.463375
457,749,0.023118908799508533,0.4634375
12913,13057,0.023118916757607248,0.4635
12650,12709,0.023119082551836524,0.4635625
3689,3953,0.02311918191337668,0.463625
12285,12566,0.023119241065170153,0.4636875
14273,14239,0.023119295723865937,0.46375
8324,8846,0.023119345228770974,0.4638125
7139,7392,0.023119884077917582,0.463875
11049,11033,0.023119923254439897,0.4639375
5259,5329,0.02312004285900842,0.464
11634,11697,0.023120218669349397,0.4640625
665,743,0.023120264198301474,0.464125
8485,8844,0.023120290259122416,0.4641875
15419,15221,0.023120534019702807,0.46425
7937,8145,0.0231207629831805,0.4643125
790,941,0.023120868303201456,0.464375
3808,3958,0.023120875342881042,0.4644375
4150,4461,0.023120899933866065,0.4645
7385,7760,0.023121200553448136,0.4645625
13119,13344,0.023121443515911794,0.464625
4872,5061,0.02312145132890405,0.4646875
7153,7400,0.023121476336142786,0.46475
12478,12437,0.023121926036503013,0.4648125
8113,8113,0.023122031206894263,0.464875
14351,14313,0.023122279816617467,0.4649375
5321,5282,0.02312240620621648,0.465
2832,2985,0.023122806278122063,0.4650625
14941,15182,0.023122895256655184,0.465125
9139,9534,0.023123054715398463,0.4651875
8776,8727,0.023123094797638067,0.46525
10168,10460,0.02312318561985916,0.4653125
12677,12697,0.02312347742302449,0.465375
1390,1574,0.023123493140652075,0.4654375
8493,8391,0.02312394566792138,0.4655
2890,2968,0.023124058806621935,0.4655625
6062,6296,0.02312414494912115,0.465625
5778,5851,0.023124210311141792,0.4656875
5251,5496,0.023124242386730387,0.46575
14713,14910,0.023124349687130896,0.4658125
3228,3398,0.023124384174599374,0.465875
12056,12328,0.02312463452123072,0.4659375
12826,12927,0.023125036854568043,0.466
3694,3859,0.023125132949157415,0.4660625
14408,14896,0.023125159460528066,0.466125
10626,10513,0.023125505342645066,0.4661875
5768,6062,0.023125523823620008,0.46625
8265,8336,0.02312561003045763,0.4663125
7645,7741,0.023125681429042304,0.466375
7037,7196,0.023125700705571073,0.4664375
6577,7012,0.023125750693856577,0.4665
532,227,0.02312597158219964,0.4665625
344,267,0.02312611552312454,0.466625
9174,9043,0.02312648200305275,0.4666875
3777,3997,0.023126497886980967,0.46675
7439,7497,0.023126619705635953,0.4668125
8871,9234,0.023126733153953184,0.466875
15354,15768,0.023126803503906227,0.4669375
6067,6157,0.023126806776667543,0.467
2866,3078,0.023126889441506263,0.4670625
10920,10689,0.023126956632330914,0.467125
8738,8843,0.023126969688541936,0.4671875
11733,11783,0.023127025656448977,0.46725
10440,10487,0.023127111198243854,0.4673125
15744,15927,0.02312717387418246,0.467375
9723,10046,0.02312739432127644,0.4674375
7499,7625,0.02312801170027137,0.4675
3109,3163,0.02312806132974733,0.4675625
8730,8559,0.02312809650197958,0.467625
13002,13528,0.023128549494797035,0.4676875
4833,4993,0.023128619781776032,0.46775
5940,6159,0.02312864285322966,0.4678125
1205,1390,0.02312884803845965,0.467875
14417,14523,0.023129190884773384,0.4679375
4252,4553,0.02312930098559075,0.468
5416,5820,0.02312932396432793,0.4680625
7761,8160,0.023129474275020847,0.468125
3540,3855,0.023129480950015067,0.4681875
14965,15406,0.02312956063899393,0.46825
4256,4500,0.023129655360413,0.4683125
8662,9030,0.023129723814808052,0.468375
12423,12658,0.023129787312307134,0.4684375
8631,8431,0.02312991361085761,0.4685
12046,12600,0.02313003809787992,0.4685625
3704,3758,0.023130041715550033,0.468625
12628,12585,0.023130204501355223,0.4686875
6906,6997,0.02313067157722267,0.46875
14832,14841,0.023130969455518558,0.4688125
15050,15065,0.02313103367119421,0.468875
8890,9416,0.023131101196479296,0.4689375
11006,11446,0.02313117487230338,0.469
5514,5726,0.02313134243482676,0.4690625
2781,3168,0.023131442387261787,0.469125
1042,975,0.023131605690636416,0.4691875
1007,1179,0.023131739776063084,0.46925
7127,7175,0.023131902245565713,0.4693125
10994,10963,0.023132091959089,0.469375
2366,2485,0.023132253159184848,0.4694375
9201,9245,0.023132347668724004,0.4695
9212,9441,0.023132582230350546,0.4695625
8275,8491,0.02313259711036694,0.469625
15610,15371,0.02313269293531399,0.4696875
5890,6028,0.023132753339609236,0.46975
541,717,0.023132874485617037,0.4698125
3753,3712,0.0231333136276138,0.469875
5103,5484,0.023133642808885718,0.4699375
216,403,0.02313377477901305,0.47
1497,1827,0.023134171687158162,0.4700625
9867,10270,0.02313456534513066,0.470125
3696,3706,0.023134958549154754,0.4701875
10976,11386,0.023135176918765366,0.47025
559,618,0.023135256504952535,0.4703125
4315,4484,0.02313540026335459,0.470375
6894,6947,0.023135514752092873,0.4704375
1234,1365,0.023135624599598958,0.4705
10859,11132,0.02313564719766909,0.4705625
5897,6082,0.02313568404155253,0.470625
6260,6487,0.023135695160530618,0.4706875
9989,10101,0.023135698495739418,0.47075
7563,7719,0.02313590342779286,0.4708125
9742,10102,0.023136066222679025,0.470875
4181,4538,0.023136181238926766,0.4709375
10972,10913,0.023136194919518557,0.471
3821,3588,0.02313636184914541,0.4710625
6955,7107,0.023136465041593255,0.471125
1402,1544,0.023136485539678984,0.4711875
9050,9502,0.023136523529948026,0.47125
3687,3462,0.023136680145834063,0.4713125
9331,9894,0.023136710431365254,0.471375
2467,2673,0.0231368105795125,0.4714375
1734,1949,0.02313706213152009,0.4715
6390,6543,0.023137103692638904,0.4715625
12933,13017,0.02313741911121527,0.471625
8618,8531,0.02313762192225962,0.4716875
14223,14055,0.02313767490678871,0.47175
14671,14958,0.023137911505414034,0.4718125
8396,8770,0.023138018453569442,0.471875
6874,7144,0.023138232059159252,0.4719375
12455,12249,0.023138235902977995,0.472
3848,4162,0.023138254894686152,0.4720625
9395,9796,0.02313839947841671,0.472125
11790,11880,0.023138471669826625,0.4721875
883,546,0.023138554686535664,0.47225
12126,12147,0.023138835097102666,0.4723125
2756,3000,0.023138882574389404,0.472375
13530,13561,0.02313897593255511,0.4724375
2682,2850,0.023139107776531085,0.4725
14734,14669,0.023139344956444326,0.4725625
11670,11681,0.023139420830912194,0.472625
4167,4259,0.023139583474620768,0.4726875
14439,14758,0.023139623684406713,0.47275
2759,2937,0.023139627489946604,0.4728125
6913,6935,0.023139721112155853,0.472875
8760,8793,0.023139868173306228,0.4729375
8205,8272,0.023140337242203844,0.473
13035,13093,0.02314061593605113,0.4730625
4840,4959,0.023140985066980882,0.473125
15617,15563,0.02314114252924462,0.4731875
15704,15829,0.02314144196563674,0.47325
8983,9185,0.023141481914807003,0.4733125
4996,5093,0.023141492654014193,0.473375
8477,8854,0.023141663049228045,0.4734375
14359,14503,0.023141742184811815,0.4735
10455,10489,0.023141812516249877,0.4735625
4863,5086,0.023141898291863333,0.473625
10448,10856,0.023142010553427773,0.4736875
13908,14374,0.023142018414338144,0.47375
3104,3171,0.023142057461563406,0.4738125
12320,12642,0.023142123454921823,0.473875
14490,14605,0.023142304180086268,0.4739375
4448,4542,0.02314244548718889,0.474
4062,3912,0.02314245001722113,0.4740625
6384,6535,0.023142796352709577,0.474125
7099,7244,0.023142924056501795,0.4741875
8934,9412,0.02314298216355586,0.47425
15392,15229,0.02314314267186189,0.4743125
15243,15157,0.023143181683377693,0.474375
15649,15641,0.02314318883808189,0.4744375
12559,12705,0.0231432453529925,0.4745
3946,4050,0.02314367710590296,0.4745625
3362,3672,0.023143957251150375,0.474625
5074,5180,0.02314429575940534,0.4746875
13037,13536,0.023144524879798702,0.47475
3626,3749,0.02314473206716774,0.4748125
7816,7823,0.0231447975152463,0.474875
6289,6425,0.02314495914936132,0.4749375
6846,7081,0.02314507032154236,0.475
12450,12465,0.023145191253129502,0.4750625
5761,5866,0.02314536901903661,0.475125
5039,5228,0.023145532907796123,0.4751875
4631,4827,0.023145715842115902,0.47525
7663,7958,0.023145851204724746,0.4753125
5727,5996,0.0231461750680324,0.475375
5790,5944,0.023146327761923494,0.4754375
6358,6451,0.023146336946580918,0.4755
686,903,0.02314638787065454,0.4755625
9337,9291,0.023146472649299792,0.475625
4815,4947,0.023146486980948393,0.4756875
15644,15579,0.02314664083476652,0.47575
7528,7752,0.023146748330767446,0.4758125
9019,9490,0.023146852931573626,0.475875
32,325,0.023147216755939785,0.4759375
8654,9040,0.023147379906292818,0.476
12004,11955,0.02314774493172506,0.4760625
5795,6014,0.0231477628784893,0.476125
9718,10064,0.0231477820234968,0.4761875
11552,11968,0.023147972249481032,0.47625
14109,14486,0.02314813560243136,0.4763125
14483,14730,0.023148199841611834,0.476375
3306,3595,0.023148265824711634,0.4764375
14265,14323,0.023148361849866756,0.4765
1038,1114,0.023148412259164947,0.4765625
10478,10303,0.02314871718482463,0.476625
6669,6980,0.023148753700699798,0.4766875
4708,4984,0.023148849841652795,0.47675
14537,14713,0.023148939973474707,0.4768125
6530,6830,0.023148967943606005,0.476875
7457,7573,0.023149135584531928,0.4769375
6865,7122,0.02314915841775922,0.477
4338,4418,0.023149251153173175,0.4770625
15179,15482,0.023149511156091398,0.477125
4774,5000,0.02315019435574301,0.4771875
5154,5256,0.02315035131481161,0.47725
11702,11926,0.02315037053176847,0.4773125
1287,1230,0.023150395444855837,0.477375
6725,7092,0.023150474871978285,0.4774375
4892,5065,0.02315064024348958,0.4775
12281,12574,0.02315075883709328,0.4775625
9362,9575,0.02315076371336875,0.477625
1081,1017,0.023150791287364206,0.4776875
9685,10042,0.023150796679546264,0.47775
6437,6570,0.023150843908726966,0.4778125
8613,8435,0.02315086131951916,0.477875
1608,1629,0.02315099508461975,0.4779375
7671,7727,0.023151279498650243,0.478
7462,7457,0.02315133231199028,0.4780625
7296,7500,0.02315136739010986,0.478125
7880,7889,0.023151370334377062,0.4781875
9423,9718,0.02315141487809169,0.47825
11671,11487,0.023151444878907863,0.4783125
5093,5347,0.023151532345123398,0.478375
3723,4118,0.023151572490643816,0.4784375
2355,2535,0.0231517786918367,0.4785
4058,4400,0.023152356333408494,0.4785625
14467,14894,0.023152470236748365,0.478625
5033,5109,0.023152534431171566,0.4786875
2868,3079,0.023152589594473975,0.47875
5966,6095,0.023152648856193773,0.4788125
13407,13950,0.023152810053689108,0.478875
15198,15498,0.0231529195803985,0.4789375
12014,12048,0.02315298426596315,0.479
8999,9430,0.023152993428208427,0.4790625
11840,12008,0.02315304901131869,0.479125
1109,1173,0.023153117467893784,0.4791875
7189,7203,0.02315313704206574,0.47925
6691,7134,0.023153245161230542,0.4793125
7164,7306,0.023153363663781353,0.479375
15501,15313,0.023153578931289606,0.4794375
1409,1418,0.023153725830925623,0.4795
2367,2497,0.02315401003522917,0.4795625
13143,13309,0.02315443628913354,0.479625
7364,7746,0.02315449556272276,0.4796875
12527,12415,0.02315459251801644,0.47975
4401,4548,0.023154708133007365,0.4798125
7727,7867,0.023154723174886805,0.479875
14841,14895,0.023155075238379612,0.4799375
12065,12240,0.02315507571509981,0.48
11627,11906,0.02315520372190817,0.4800625
8151,8514,0.023155221707535,0.480125
5157,5247,0.023155253731625625,0.4801875
11394,11570,0.023155331653244394,0.48025
9387,9407,0.02315543909380797,0.4803125
1760,1697,0.023155520713045073,0.480375
14697,15026,0.02315592573811265,0.4804375
3199,3359,0.023155935652637967,0.4805
14485,15046,0.023156111608223454,0.4805625
8182,8318,0.02315616243604391,0.480625
8527,8924,0.023156282292912386,0.4806875
6361,6442,0.023156502596828492,0.48075
12273,12656,0.023156539170682743,0.4808125
5113,5346,0.02315654504351046,0.480875
662,996,0.023156613511445958,0.4809375
3319,3418,0.023156834510263714,0.481
13186,13592,0.023156886969449123,0.4810625
12216,12654,0.023156926139624185,0.481125
594,754,0.02315692790596304,0.4811875
8587,8571,0.02315707228823528,0.48125
12547,12729,0.02315707966665566,0.4813125
4838,5118,0.02315714604551017,0.481375
14194,14530,0.023157154872067248,0.4814375
15693,15559,0.02315716683441126,0.4815
3875,3694,0.02315734563520754,0.4815625
11140,11376,0.023157724697264678,0.481625
7442,7846,0.023158043984105498,0.4816875
6372,6752,0.02315829782420303,0.48175
10367,10820,0.023158354107750686,0.4818125
4210,4572,0.023158868215033806,0.481875
6113,6132,0.02315908621654952,0.4819375
5022,5131,0.02315909575496468,0.482
6974,7131,0.023159340108544056,0.4820625
4055,4106,0.02315956553861453,0.482125
4037,4359,0.02315962757633112,0.4821875
3721,3568,0.023160183353446665,0.48225
14807,14950,0.02316020210393552,0.4823125
7570,7642,0.023160322404720886,0.482375
3191,3377,0.023160402144051778,0.4824375
7510,7782,0.023160558988803252,0.4825
8023,8192,0.023160589058450053,0.4825625
11501,11737,0.02316069104718705,0.482625
4781,4913,0.02316077873751798,0.4826875
5703,5849,0.02316080102192507,0.48275
8088,8548,0.02316086325966602,0.4828125
8683,8833,0.023160949841704057,0.482875
3519,3492,0.02316149419411053,0.4829375
2765,2864,0.023161653626865553,0.483
12766,12947,0.023161830850449244,0.4830625
6852,7210,0.023161842021494006,0.483125
5911,6111,0.023161868965577537,0.4831875
5733,6104,0.023161893024631102,0.48325
1134,1380,0.023162001754391055,0.4833125
6600,6601,0.023162169285683456,0.483375
13074,13085,0.023162233744154475,0.4834375
569,1,0.023162335463066713,0.4835
13850,14292,0.023162753169391544,0.4835625
21,319,0.023162840689313825,0.483625
11598,11825,0.02316287111558759,0.4836875
11719,11780,0.023162916608700936,0.48375
11985,12107,0.023162918246167556,0.4838125
743,747,0.023163008069474803,0.483875
10671,10553,0.02316311366555478,0.4839375
4817,5033,0.023163381864195365,0.484
1579,1691,0.023163437029015896,0.4840625
15153,15131,0.02316344625792457,0.484125
11788,11988,0.023163505555157473,0.4841875
10676,10978,0.02316356272493869,0.48425
11592,11581,0.023164018343414933,0.4843125
8069,8200,0.023164028118910784,0.484375
14658,15086,0.023164042133169326,0.4844375
766,652,0.023164101713572898,0.4845
11663,11676,0.023164220037698514,0.4845625
1018,1166,0.023164420981727094,0.484625
3193,3358,0.023164442975612553,0.4846875
2826,3070,0.023164566823526064,0.48475
8166,8680,0.023164617475858455,0.4848125
11009,10983,0.02316481344732183,0.484875
4259,4656,0.023165126251228314,0.4849375
1785,1736,0.02316519584089241,0.485
1797,1705,0.023165602104233556,0.4850625
5278,5288,0.023165726122159624,0.485125
12039,11957,0.023165731598710514,0.4851875
1535,1505,0.023165756882698157,0.48525
8059,8063,0.02316594601779393,0.4853125
6184,6162,0.023166038585021764,0.485375
1435,1356,0.023166114657211412,0.4854375
4412,4428,0.023166146447717532,0.4855
14558,14625,0.023166384652373577,0.4855625
3657,3620,0.02316645394714723,0.485625
14258,14305,0.023166604161001553,0.4856875
9199,9544,0.023166847231814277,0.48575
14925,15092,0.02316685523282616,0.4858125
451,736,0.023167020832136478,0.485875
3752,3869,0.023167627696618943,0.4859375
11708,11720,0.02316795445241823,0.486
7310,7307,0.023168124547268003,0.4860625
2613,2781,0.023168192330141564,0.486125
2776,2973,0.023168301241069524,0.4861875
1323,1488,0.023168396505159814,0.48625
6575,6708,0.023168452159979175,0.4863125
5807,6096,0.023168455964331036,0.486375
842,666,0.023168597757124734,0.4864375
4502,4746,0.02316877971639245,0.4865
12801,12869,0.02316885520191358,0.4865625
4929,5186,0.023168989176703375,0.486625
4772,5010,0.023169051264242423,0.4866875
6498,6710,0.02316905493262288,0.48675
7523,7754,0.023169081396040816,0.4868125
9905,9993,0.023169171894353455,0.486875
2350,2600,0.023169497195989604,0.4869375
8483,8475,0.023169834807946463,0.487
10406,10363,0.023169897442317233,0.4870625
974,887,0.023169945905241764,0.487125
247,517,0.023170065284466603,0.4871875
9507,10008,0.023170360283389767,0.48725
2541,2703,0.023170369285949708,0.4873125
14526,14631,0.02317066860187511,0.487375
12351,12616,0.023170844140212497,0.4874375
8110,8214,0.02317114466979562,0.4875
8181,8449,0.023171230984154138,0.4875625
12042,12030,0.023171277945103028,0.487625
4652,5122,0.02317128322765361,0.4876875
11968,11943,0.0231714618569507,0.48775
13366,13814,0.02317156216012397,0.4878125
8745,8593,0.023171684418568383,0.487875
10945,10929,0.023171730268990026,0.4879375
15224,15189,0.023171816525869575,0.488
2794,3018,0.02317184609406909,0.4880625
6781,6789,0.023172184859458177,0.488125
11533,11619,0.023172263780445596,0.4881875
8989,9326,0.023172283431042853,0.48825
1983,2072,0.023172470112816916,0.4883125
14135,14522,0.02317259194266775,0.488375
3163,3598,0.023172617358486695,0.4884375
12792,12851,0.023172703525644982,0.4885
6722,6767,0.023172731823680535,0.4885625
8199,8195,0.023173014064149514,0.488625
6487,6976,0.023173120141191505,0.4886875
12437,12494,0.02317320592218089,0.48875
2667,2836,0.023173258976335872,0.4888125
4201,4384,0.0231732672414693,0.488875
13715,13901,0.023173744513532747,0.4889375
3167,3259,0.023173753046253492,0.489
13903,13903,0.02317376739246811,0.4890625
14036,14422,0.023173785004609912,0.489125
4870,5044,0.023173801972838064,0.4891875
1075,1277,0.023173805092242636,0.48925
816,1127,0.023174082088049976,0.4893125
5013,5250,0.023174237616318934,0.489375
15621,15367,0.02317431954626903,0.4894375
10060,10376,0.023174713729649035,0.4895
6705,6970,0.023174832587048978,0.4895625
13514,13565,0.023175040802191172,0.489625
12494,12768,0.023175071528279564,0.4896875
942,1052,0.023175604793910544,0.48975
15697,15495,0.02317571183070578,0.4898125
611,725,0.02317585674122653,0.489875
1463,1849,0.023176000018962674,0.4899375
14618,14898,0.023176178237872557,0.49
553,189,0.02317626008188435,0.4900625
10279,10574,0.02317636602270462,0.490125
8556,8589,0.023176399006880295,0.4901875
9579,9797,0.02317642275020141,0.49025
3666,3634,0.023176444359730587,0.4903125
7257,7494,0.02317665754089535,0.490375
3447,3617,0.02317673414745589,0.4904375
6171,6365,0.023176823399075765,0.4905
5852,6044,0.023176921703755547,0.4905625
3606,3460,0.023176937229815356,0.490625
12419,12357,0.02317694699131801,0.4906875
4490,4661,0.023177273284430866,0.49075
6342,6599,0.02317765842332265,0.4908125
5122,5322,0.02317779953374035,0.490875
5816,6050,0.023177823573278886,0.4909375
12711,13082,0.023177860458654064,0.491
8241,8352,0.023178037903028498,0.4910625
3416,3486,0.023178120285190038,0.491125
6861,7148,0.02317814132454959,0.4911875
12666,12898,0.023178255825688714,0.49125
6484,6646,0.0231782587556165,0.4913125
3754,4018,0.02317880708846643,0.491375
15384,15830,0.023178809503480856,0.4914375
6717,7224,0.0231788196477352,0.4915
13201,13616,0.023178890257941964,0.4915625
8135,8734,0.023179021568944087,0.491625
10348,10640,0.023179096219932097,0.4916875
1260,1510,0.023179552036960725,0.49175
3122,3381,0.023179704826186375,0.4918125
5631,6052,0.023179728947801407,0.491875
7142,7460,0.023179749007596697,0.4919375
13096,13141,0.02318006194349984,0.492
13652,13879,0.023180344560021573,0.4920625
14861,15100,0.02318041624971812,0.492125
15221,15742,0.023180436763424208,0.4921875
11729,11744,0.023180568245490942,0.49225
6548,6579,0.023180920572533115,0.4923125
11033,11332,0.023180928942320392,0.492375
15111,15468,0.0231814828623472,0.4924375
6453,6910,0.023181510833563904,0.4925
7413,7868,0.02318174760725242,0.4925625
4775,5192,0.023182003928908883,0.492625
8520,8543,0.0231820952004017,0.4926875
14212,14089,0.023182176164377077,0.49275
8505,8918,0.02318231938584748,0.4928125
6075,6334,0.023182356010318317,0.492875
4503,4741,0.023182375196814403,0.4929375
14336,14273,0.0231823960896753,0.493
6678,7036,0.023182445315886015,0.4930625
7688,7952,0.02318246602387886,0.493125
4226,4293,0.023182488372060335,0.4931875
808,997,0.023182500665368852,0.49325
3656,3550,0.02318257495128182,0.4933125
12584,12753,0.02318271927584529,0.493375
9241,9533,0.02318273189372014,0.4934375
8764,8731,0.02318279335296038,0.4935
4987,5402,0.023182842129334774,0.4935625
15300,15299,0.023183380925491985,0.493625
8210,8334,0.023183449626117344,0.4936875
634,756,0.023183735626275855,0.49375
3333,3551,0.023183736062043717,0.4938125
13295,13678,0.0231841609455209,0.493875
5455,5688,0.023184532314014343,0.4939375
4006,4251,0.02318464569014083,0.494
13869,14270,0.023184656295423444,0.4940625
14910,14949,0.023184756053408202,0.494125
11912,12226,0.023184906997499817,0.4941875
14174,14247,0.02318496684319088,0.49425
14313,14405,0.02318501112851232,0.4943125
1196,1478,0.02318529933110354,0.494375
13698,13657,0.023185424590905147,0.4944375
1333,1460,0.023185701949053037,0.4945
10783,10635,0.023185703045108703,0.4945625
13168,13650,0.02318574337680313,0.494625
9084,9522,0.023185903178617802,0.4946875
9788,9805,0.023186253539658343,0.49475
11539,11799,0.02318636584158834,0.4948125
2395,2491,0.023186491324354668,0.494875
3900,4104,0.02318660389435447,0.4949375
7222,7488,0.02318670745021968,0.495
644,721,0.023187207780023377,0.4950625
9170,9552,0.023187386649246577,0.495125
623,992,0.02318750831271567,0.4951875
8004,8184,0.023187537490337924,0.49525
2795,3158,0.023187544288526533,0.4953125
3598,3554,0.023187544633736824,0.495375
14649,15072,0.023187736470091504,0.4954375
5418,5531,0.023187807107306984,0.4955
14562,14888,0.023187962566850937,0.4955625
8475,8569,0.023187996634787197,0.495625
2696,2789,0.02318799696898023,0.4956875
14082,14594,0.023188021558764874,0.49575
11407,11568,0.02318839513464434,0.4958125
2635,2853,0.0231885530280167,0.495875
1692,1614,0.02318877421226222,0.4959375
12362,12102,0.023189071278698473,0.496
3404,3714,0.023189172976335104,0.4960625
6413,6766,0.023189283500212318,0.496125
14155,14464,0.023189300817497496,0.4961875
5635,5964,0.023189369413687672,0.49625
5222,5316,0.02318948792661194,0.4963125
10504,10511,0.023189518136969067,0.496375
7736,8022,0.02318960467636683,0.4964375
13794,13751,0.023189608787680907,0.4965
10137,10474,0.02318974388050527,0.4965625
1094,1177,0.023189772806060577,0.496625
2787,2909,0.023189875913193547,0.4966875
5847,5892,0.023189945802058357,0.49675
11175,11069,0.023190032664098973,0.4968125
8454,8529,0.023190358577425973,0.496875
11677,11747,0.023190591089829248,0.4969375
923,905,0.023190623370530055,0.497
2753,3096,0.023190902384736655,0.4970625
15666,15537,0.02319115884240669,0.497125
9931,10011,0.023191165743867318,0.4971875
3549,3730,0.0231911733460575,0.49725
5872,6143,0.02319134435684988,0.4973125
2767,2858,0.023191489575426875,0.497375
6211,6250,0.023191604630879988,0.4974375
12026,12060,0.023191693542300343,0.4975
8810,8701,0.023191711762535396,0.4975625
1751,2095,0.02319181982685654,0.497625
928,1233,0.023191894889647357,0.4976875
7882,7927,0.02319204070895538,0.49775
857,320,0.023192098857740037,0.4978125
6821,7118,0.02319212747407384,0.497875
2559,2343,0.023192173774862452,0.4979375
9160,9139,0.02319222231821037,0.498
1727,1845,0.023192410413923028,0.4980625
12202,12678,0.023192546677933516,0.498125
3394,3472,0.023192622278211634,0.4981875
9082,9237,0.02319264080670458,0.49825
4662,4963,0.02319294899467969,0.4983125
15282,15568,0.02319307554642044,0.498375
4527,4864,0.023193379517081777,0.4984375
14022,14011,0.023193714020065707,0.4985
8653,8493,0.023193761893713163,0.4985625
1180,1149,0.023193800443633245,0.498625
6471,6454,0.023193921599154954,0.4986875
8530,8437,0.023193969701110036,0.49875
11133,11356,0.023193987931084334,0.4988125
15278,15213,0.02319418723309155,0.498875
2824,2984,0.023194244219160918,0.4989375
8367,8766,0.023194361042233408,0.499
14291,14610,0.0231946778484593,0.4990625
10420,10884,0.023194715548296344,0.499125
4103,4233,0.023194723226797068,0.4991875
13904,13941,0.02319502252939402,0.49925
12493,12701,0.02319523436512254,0.4993125
10979,10945,0.023195257086989128,0.499375
5878,5984,0.023195310292433557,0.4994375
7407,7559,0.02319557813866833,0.4995
6633,7046,0.02319581055031652,0.4995625
11347,11556,0.023195830158112784,0.499625
11902,11923,0.02319606732570085,0.4996875
2788,3104,0.02319625170744383,0.49975
8138,8544,0.023196268199990773,0.4998125
12655,12561,0.023196340094384635,0.499875
4819,5124,0.02319635899839066,0.4999375
14676,14649,0.023196398519750968,0.5
3971,4088,0.02319653499676486,0.5000625
7591,7795,0.02319674018326178,0.500125
3134,3185,0.02319680557768825,0.5001875
9044,9514,0.023196937120663633,0.50025
3960,4374,0.02319710287816353,0.5003125
8786,9242,0.023197115689233733,0.500375
8784,8871,0.02319768091886869,0.5004375
13858,14370,0.023197957130088306,0.5005
13389,13465,0.023198177325871677,0.5005625
2746,2880,0.02319841643561797,0.500625
8176,8187,0.02319842182331864,0.5006875
1483,1815,0.02319860656840019,0.50075
8115,8464,0.023198699792878485,0.5008125
4047,4084,0.023198710969818404,0.500875
2409,2493,0.023198805118442467,0.5009375
15373,15942,0.023199047983331385,0.501
6928,7220,0.023199069741243392,0.5010625
13741,13669,0.023199088730612598,0.501125
14428,14772,0.02319956804801231,0.5011875
11651,11435,0.023199764748340436,0.50125
3782,3929,0.02319979344898665,0.5013125
3750,4011,0.023199824928948266,0.501375
14330,14748,0.023199860933656842,0.5014375
5957,5959,0.02320024848612036,0.5015
3207,3275,0.023200567209917426,0.5015625
12616,12703,0.023200599084686982,0.501625
12600,12842,0.023200713158214387,0.5016875
789,722,0.023200774556709672,0.50175
3354,3376,0.023200777915696188,0.5018125
11120,11452,0.023200980301495592,0.501875
14569,14852,0.02320122817188504,0.5019375
14554,14882,0.023201726642762738,0.502
6616,6908,0.023201983694384247,0.5020625
14675,14994,0.02320223409881544,0.502125
8029,8219,0.023202246877372917,0.5021875
3912,4346,0.023202553917928997,0.50225
12488,12479,0.023202572451711062,0.5023125
10427,10760,0.02320259844794831,0.502375
4384,4446,0.02320264680953381,0.5024375
10572,10567,0.023202686996590203,0.5025
1258,1303,0.02320274339668979,0.5025625
4015,4237,0.023202994393067767,0.502625
826,1009,0.02320308145788758,0.5026875
3962,3964,0.02320310156068883,0.50275
6908,7360,0.023203174093153252,0.5028125
6019,6282,0.023203249510461398,0.502875
7897,8035,0.023203485356506025,0.5029375
3525,3440,0.023203503571567412,0.503
12823,12949,0.0232035734985741,0.5030625
6046,6260,0.023203768468974997,0.503125
14063,14059,0.023203954276616496,0.5031875
13504,14000,0.023203957507392424,0.50325
5520,5810,0.02320397443564045,0.5033125
12597,12795,0.023203991881634273,0.503375
8616,9024,0.023204228726771386,0.5034375
1063,1104,0.02320434258789845,0.5035
1396,1350,0.02320465180238808,0.5035625
14596,14964,0.023204727124296567,0.503625
14125,14285,0.02320482284936207,0.5036875
7246,7542,0.02320500406627833,0.50375
12454,12452,0.023205173354759013,0.5038125
7711,8012,0.023205177112551288,0.503875
7258,7552,0.0232051924728092,0.5039375
11723,11944,0.02320522909711128,0.504
13805,13965,0.02320531420000694,0.5040625
4300,4600,0.02320542428722694,0.504125
4079,4072,0.023205725211072024,0.5041875
6481,6530,0.023206205052917452,0.50425
9669,9787,0.02320621039394966,0.5043125
6405,6497,0.0232062190168839,0.504375
11638,11654,0.02320643049182472,0.5044375
14740,15226,0.023206465137407054,0.5045
6244,6192,0.023206577276031704,0.5045625
704,891,0.023206638753500215,0.504625
4816,5001,0.023206997705139478,0.5046875
4231,4422,0.023207027797675722,0.50475
15729,15825,0.02320719831164354,0.5048125
5737,5900,0.02320734116603805,0.504875
1621,1567,0.02320737913161699,0.5049375
2547,2921,0.02320743019113713,0.505
600,880,0.02320759993174937,0.5050625
8567,8517,0.023207662040970654,0.505125
11928,12032,0.023207706295133718,0.5051875
8325,8762,0.023207986802353087,0.50525
3748,3927,0.023208060384703067,0.5053125
15310,15620,0.023208108084292793,0.505375
14338,14686,0.02320833077667482,0.5054375
4614,4982,0.023208535243731926,0.5055
4726,4917,0.023208594996084624,0.5055625
13401,13786,0.023208633748789807,0.505625
10624,10551,0.023208703397394937,0.5056875
5693,5978,0.023208898413822843,0.50575
1248,1335,0.023208911305972975,0.5058125
5152,5221,0.023209066597642762,0.505875
9668,10052,0.02320916796718357,0.5059375
7126,7316,0.02320936275870766,0.506
6056,6301,0.023209808208711623,0.5060625
8642,9152,0.023210064529851426,0.506125
1789,1797,0.023210087447462127,0.5061875
4659,4914,0.023210136270514634,0.50625
4998,5246,0.02321014594829118,0.5063125
3889,3950,0.023210209728541417,0.506375
12353,12211,0.023210290357786004,0.5064375
8797,9298,0.023210384587638775,0.5065
9102,9255,0.023210493761274546,0.5065625
12358,12132,0.02321051471266236,0.506625
15019,14987,0.023210612431791112,0.5066875
2553,2701,0.023210630052661954,0.50675
13787,13981,0.02321075231183297,0.5068125
14716,14956,0.023210877519673493,0.506875
8100,8316,0.023210955054883135,0.5069375
3691,3813,0.02321103225999934,0.507
12292,12275,0.02321105685497889,0.5070625
6362,6678,0.023211188544664647,0.507125
13193,13237,0.023211211360385484,0.5071875
9359,9303,0.023211229680551056,0.50725
14134,14369,0.02321125877753685,0.5073125
9056,9223,0.023211775616491695,0.507375
4316,4676,0.023211886802044297,0.5074375
678,740,0.023211900963294792,0.5075
15328,15187,0.023211993358272315,0.5075625
7031,7304,0.023212038485179155,0.507625
8617,8795,0.023212236901749707,0.5076875
1112,1325,0.02321252623945694,0.50775
13655,14136,0.023212558620499667,0.5078125
14179,14215,0.0232126685426369,0.507875
9725,9769,0.02321268446374839,0.5079375
5673,5884,0.023212721205390325,0.508
11070,11326,0.023212775726262465,0.5080625
3352,3589,0.02321298211477182,0.508125
2475,2683,0.02321300144065106,0.5081875
1021,1257,0.02321302890703712,0.50825
11643,11767,0.023213170714038292,0.5083125
7380,7702,0.023213442235370654,0.508375
12315,12516,0.023213517705704866,0.5084375
1229,1508,0.02321366485203687,0.5085
8179,8338,0.023213773249536964,0.5085625
14257,14105,0.02321440475949925,0.508625
13910,14007,0.02321441191691901,0.5086875
3429,3600,0.02321447314406668,0.50875
2294,2435,0.02321475217277499,0.5088125
14402,14716,0.02321494037690703,0.508875
14298,14275,0.023214950535397284,0.5089375
7352,7499,0.02321498396622381,0.509
8085,8223,0.023215102492807997,0.5090625
797,951,0.02321521239701166,0.509125
7827,8164,0.023215275398705992,0.5091875
1099,1362,0.023215393952610165,0.50925
14234,14189,0.023215444283255206,0.5093125
9949,10294,0.02321602019214455,0.509375
1610,1741,0.023216090558069138,0.5094375
3609,3772,0.023216166276333064,0.5095
1679,1641,0.023216234760794267,0.5095625
1127,1122,0.02321636456229839,0.509625
4223,4447,0.02321636922031928,0.5096875
12618,12932,0.023216401907048732,0.50975
6719,6761,0.023216420113685347,0.5098125
4735,4915,0.023216456312284257,0.509875
5533,5818,0.02321647839851622,0.5099375
7336,7562,0.023216487003298286,0.51
14553,14836,0.02321652110090683,0.5100625
933,0,0.023216522056918695,0.510125
3548,3456,0.023216820058558248,0.5101875
6543,7056,0.023217019395508548,0.51025
1723,1838,0.0232172047428213,0.5103125
8836,9206,0.023217259010915415,0.510375
10409,10844,0.023217378174272395,0.5104375
13351,13718,0.023217619363081553,0.5105
970,1073,0.023217679679656395,0.5105625
6355,6622,0.023217800946455487,0.510625
6299,6430,0.023217894655936946,0.5106875
12090,12560,0.023218346023285652,0.51075
11726,11805,0.023218392778046996,0.5108125
10957,11316,0.023218504841505092,0.510875
6712,6731,0.023218694198652454,0.5109375
4916,5328,0.023219248864016488,0.511
8197,8171,0.023219389019509002,0.5110625
14588,14800,0.02321963532260098,0.511125
6728,6747,0.023219709657786722,0.5111875
12515,12677,0.023219738193490505,0.51125
10065,10372,0.023219768482284908,0.5113125
14264,14297,0.023219843315120288,0.511375
5496,5515,0.023219894911886713,0.5114375
14118,14426,0.02322003807970673,0.5115
12022,12234,0.023220178507814264,0.5115625
12629,13088,0.023220450677884297,0.511625
4582,4715,0.023220741706267343,0.5116875
9914,10025,0.02322076322143273,0.51175
13891,13977,0.023220921472189994,0.5118125
193,271,0.023221027428950467,0.511875
3829,3988,0.02322141941258858,0.5119375
6807,7110,0.023221511015875596,0.512
10495,10860,0.02322153115687812,0.5120625
9460,9896,0.02322159736480773,0.512125
1594,1580,0.023221627201740244,0.5121875
8957,8907,0.023221791683909622,0.51225
7078,7248,0.023221868379774826,0.5123125
4330,4635,0.02322199229519079,0.512375
1322,1326,0.02322206031545453,0.5124375
7777,7815,0.02322253450580538,0.5125
8161,8197,0.023222591601922932,0.5125625
106,413,0.02322272879470967,0.512625
4783,5041,0.023223291896007938,0.5126875
13480,13595,0.023223327386889318,0.51275
3995,4320,0.023223531259115467,0.5128125
11339,11534,0.023223560774246584,0.512875
612,870,0.023223835848364936,0.5129375
4406,4528,0.02322387035755609,0.513
11664,11793,0.023223964077954976,0.5130625
15372,15351,0.023224009632322098,0.513125
11649,11495,0.023224033357976057,0.5131875
14389,14708,0.02322408223063628,0.51325
3453,3760,0.023224158415169536,0.5133125
9066,8959,0.023224283604354055,0.513375
7798,8156,0.023224365941095417,0.5134375
12517,12766,0.02322447114875026,0.5135
9343,9411,0.023224542981115266,0.5135625
1279,1540,0.023224754804526484,0.513625
12040,12256,0.023224958055130872,0.5136875
1658,1606,0.02322500745732319,0.51375
7641,8072,0.023225058376957583,0.5138125
14424,14585,0.02322593761338509,0.513875
6613,6868,0.023225992817732317,0.5139375
8245,8439,0.02322610382091574,0.514
1414,1360,0.023226378778500527,0.5140625
10871,10699,0.02322639074957875,0.514125
15105,15119,0.023226392035252803,0.5141875
5692,5781,0.023226630667290117,0.51425
712,753,0.023226697784369373,0.5143125
13418,13455,0.023226701379523228,0.514375
6393,6416,0.023226728909119157,0.5144375
6877,6991,0.023226743079181204,0.5145
7406,7820,0.023226757183823284,0.5145625
1537,1564,0.023226768949120846,0.514625
10779,10613,0.02322689368327701,0.5146875
14263,14692,0.023227223743461665,0.51475
199,423,0.0232274165369723,0.5148125
11565,11603,0.023227455819648243,0.514875
8220,8404,0.023227487522800475,0.5149375
5136,5368,0.02322750233701296,0.515
11540,11605,0.023228181133765027,0.5150625
10642,10647,0.02322856509002774,0.515125
7156,7241,0.023228773675156834,0.5151875
12549,12814,0.023228888776356774,0.51525
12522,12770,0.02322898260259905,0.5153125
11522,11635,0.023229024753008445,0.515375
5758,5988,0.02322904324069958,0.5154375
10199,10716,0.02322911567066279,0.5155
10456,10657,0.023229152388786565,0.5155625
15241,15548,0.023229214832787882,0.515625
4770,5126,0.023229301975080385,0.5156875
6017,6110,0.023229314493719913,0.51575
7317,7549,0.02322932556865331,0.5158125
1686,1771,0.02322955941632653,0.515875
1428,1492,0.023229671108405132,0.5159375
3517,3662,0.023229772720054172,0.516
7664,8030,0.02322983605193117,0.5160625
5354,5812,0.02322997113264468,0.516125
1601,1804,0.023229989126346422,0.5161875
11604,11631,0.023230115530688746,0.51625
12908,13312,0.023230288250976346,0.5163125
15751,15933,0.023230372063145113,0.516375
14195,14650,0.023230437334886715,0.5164375
10509,10836,0.023230549366861974,0.5165
11024,11338,0.023230728938552995,0.5165625
13897,13831,0.023230729119733867,0.516625
6541,6591,0.02323092766171522,0.5166875
11635,11525,0.023230945266383547,0.51675
9634,10226,0.023231047568752904,0.5168125
12340,12760,0.02323118638482188,0.516875
13790,14186,0.023231700740245043,0.5169375
14352,14656,0.023231873580025684,0.517
14475,14840,0.023231898221093554,0.5170625
10646,10645,0.023231902842733694,0.517125
14051,14031,0.023232109894434305,0.5171875
2453,2691,0.023232190925929142,0.51725
628,733,0.02323223839046358,0.5173125
4676,4833,0.023232547491926603,0.517375
4170,4434,0.02323258902204706,0.5174375
4306,4696,0.02323260278721221,0.5175
5163,5554,0.023232707302613016,0.5175625
4049,4227,0.023232922158515728,0.517625
7738,7809,0.02323299218992076,0.5176875
934,448,0.02323306214700534,0.51775
5158,5386,0.02323306691548967,0.5178125
6058,6367,0.02323314151901866,0.517875
4309,4421,0.02323327735107105,0.5179375
14575,14810,0.023233483394834695,0.518
12771,12963,0.02323374960824301,0.5180625
11992,12069,0.023233759963781804,0.518125
12015,12084,0.023233871075795342,0.5181875
8481,8872,0.02323392839019142,0.51825
10766,10631,0.023234012288125095,0.5183125
9871,10027,0.023234132897653966,0.518375
10140,10137,0.023234152228391175,0.5184375
14471,14599,0.023234254650187813,0.5185
5296,5520,0.023234584865589533,0.5185625
5997,6021,0.023234690573935894,0.518625
1541,1597,0.023234694025502184,0.5186875
14211,14269,0.0232347205618412,0.51875
6422,6503,0.023234941860374773,0.5188125
9558,9980,0.023234957204495647,0.518875
14219,14163,0.02323497493112228,0.5189375
9053,9542,0.023235136692447658,0.519
10104,10109,0.023235326262967287,0.5190625
3838,3658,0.023235476480268753,0.519125
8137,8460,0.023235502578020057,0.5191875
5685,5729,0.02323558323556459,0.51925
4700,4839,0.02323569403058695,0.5193125
2738,2950,0.02323572077875889,0.519375
7585,7704,0.02323578487870467,0.5194375
9920,10286,0.023236007899288508,0.5195
5447,5792,0.023236107198210017,0.5195625
7883,8308,0.02323647409173397,0.519625
8357,8802,0.023236481578245614,0.5196875
14488,14567,0.023236518785729063,0.51975
4234,4303,0.02323656495479379,0.5198125
12321,12670,0.02323677893026638,0.519875
1557,1645,0.0232368488293975,0.5199375
4132,4402,0.023237157344797862,0.52
9142,9143,0.023237179853030785,0.5200625
3344,3704,0.02323719090832601,0.520125
2687,2829,0.023237240398795735,0.5201875
14964,15009,0.023237320304546637,0.52025
5501,5539,0.023237320533533966,0.5203125
15084,15530,0.02323735548711401,0.520375
1331,1500,0.023237386037995692,0.5204375
12382,12368,0.02323758262423767,0.5205
12201,12278,0.023237618236448626,0.5205625
6198,6590,0.023237743314878705,0.520625
15032,15171,0.023237837591353026,0.5206875
6419,6966,0.02323785684542862,0.52075
14272,14614,0.023237919560176193,0.5208125
15661,15639,0.023237936922520516,0.520875
3442,3582,0.02323815546232496,0.5209375
1254,1218,0.023238265480803447,0.521
3474,3724,0.023238290633140573,0.5210625
12594,13038,0.023238532588546,0.521125
13551,13577,0.023238599880159305,0.5211875
15338,15219,0.023238664321491378,0.52125
14803,15015,0.02323900458876819,0.5213125
14529,14738,0.023239014095413763,0.521375
10950,11186,0.02323911376690759,0.5214375
9884,9911,0.023239217323951133,0.5215
11589,11634,0.023239314223895916,0.5215625
13856,14256,0.023239441125514754,0.521625
8429,8868,0.023239441555700253,0.5216875
3520,3702,0.023239462727423353,0.52175
6637,6878,0.023239631560671256,0.5218125
13087,13636,0.023239668710819623,0.521875
1675,1799,0.02323966899557251,0.5219375
8047,8310,0.023239724432126747,0.522
1505,1513,0.023239777880469704,0.5220625
9911,10268,0.023239841717841405,0.522125
6682,6952,0.023239927370560968,0.5221875
12463,12329,0.023240129732174385,0.52225
6585,6944,0.023240350339853853,0.5223125
6114,6302,0.023240420944549343,0.522375
4348,4586,0.023240458701673676,0.5224375
1412,1584,0.023240675864105702,0.5225
2733,2943,0.02324073481566944,0.5225625
7386,7826,0.023240758139169312,0.522625
4588,4877,0.023240764240574995,0.5226875
4307,4462,0.023240782903768322,0.52275
4915,5182,0.02324079051326794,0.5228125
8828,9262,0.0232408051526737,0.522875
10531,10565,0.023240811478153618,0.5229375
15406,15998,0.023240934193407625,0.523
13867,13729,0.02324093933247689,0.5230625
7588,7624,0.023241000403138243,0.523125
2391,2415,0.02324120936504659,0.5231875
10430,10383,0.02324127286891327,0.52325
12459,12335,0.02324138344109393,0.5233125
6602,6862,0.02324178783861285,0.523375
3039,3329,0.023241818029236572,0.5234375
1550,1571,0.02324216074058259,0.5235
2807,3164,0.023242205295330134,0.5235625
8951,9290,0.0232422568118553,0.523625
4070,4438,0.023242261921534706,0.5236875
5100,5464,0.023242306011819237,0.52375
1754,2062,0.023242345761513933,0.5238125
4327,4568,0.023242384653743776,0.523875
10826,11110,0.023242527953631055,0.5239375
6857,6983,0.023242633425334384,0.524
14858,14869,0.023242743666358808,0.5240625
12557,12597,0.023243245049261375,0.524125
7240,7261,0.023243318010219834,0.5241875
14574,14761,0.023243546511748307,0.52425
1726,1784,0.02324355808807043,0.5243125
14959,15113,0.023243558548783887,0.524375
4905,5119,0.023243729586491225,0.5244375
9485,9892,0.02324379497690902,0.5245
8009,8227,0.023243808542284857,0.5245625
7902,7933,0.02324381661334586,0.524625
3882,3960,0.02324430302327639,0.5246875
8718,8605,0.023244410602543206,0.52475
12663,12577,0.02324442694467805,0.5248125
5793,5952,0.02324457851037905,0.524875
2238,2688,0.02324463937607138,0.5249375
7560,7706,0.02324481003481724,0.525
14259,14481,0.023245069806912558,0.5250625
14304,14622,0.02324507669213445,0.525125
4622,4828,0.023245226500379128,0.5251875
6730,7128,0.02324591303640022,0.52525
12249,12356,0.023245923957639008,0.5253125
14331,14632,0.023245953105916976,0.525375
2463,2715,0.023246074577166546,0.5254375
10428,10794,0.02324647104929472,0.5255
7802,7831,0.023246815209977126,0.5255625
1028,1161,0.02324685563655396,0.525625
4033,4028,0.023246880726598997,0.5256875
8419,8862,0.023246893986070584,0.52575
4169,4396,0.02324697206579032,0.5258125
6765,7005,0.023246982284001287,0.525875
10595,10561,0.023247118060009946,0.5259375
14500,14587,0.023247118577174354,0.526
14117,14063,0.02324717204969433,0.5260625
14647,14657,0.02324721316121612,0.526125
12981,13125,0.023247255892673183,0.5261875
13961,14328,0.023247412953085834,0.52625
13231,13716,0.023247511924329473,0.5263125
3856,4274,0.023247580020428323,0.526375
7154,7187,0.023247730073612156,0.5264375
1342,1246,0.023247732806691446,0.5265
15071,15438,0.023247836666164156,0.5265625
531,770,0.023247848739824387,0.526625
1348,1254,0.02324803634192862,0.5266875
12409,12438,0.023248338737433906,0.52675
9185,9141,0.02324847932582052,0.5268125
1046,1317,0.023248523951839812,0.526875
7874,8105,0.023248647985238163,0.5269375
4133,4243,0.02324870441016305,0.527
14525,15030,0.023248765989240135,0.5270625
13605,13629,0.023248929182563074,0.527125
3982,4092,0.023249094292715867,0.5271875
9432,9736,0.023249258259681806,0.52725
10327,10175,0.02324927375217714,0.5273125
14913,14927,0.023249554139298502,0.527375
14119,14494,0.023249602368004982,0.5274375
15135,15516,0.023249765616245085,0.5275
8574,8545,0.023249873215440732,0.5275625
4186,4273,0.02325005481583705,0.527625
15700,15787,0.023250639608401017,0.5276875
10747,11010,0.023250640066325472,0.52775
8422,8806,0.02325069568786874,0.5278125
14463,14756,0.023250838595489636,0.527875
8054,8278,0.02325091715627785,0.5279375
15546,15381,0.02325092897967252,0.528
7410,7526,0.023250989174677873,0.5280625
4227,4457,0.023251119952570346,0.528125
12457,12683,0.02325134783812763,0.5281875
10963,11460,0.023251486775877375,0.52825
9297,9517,0.02325150011052173,0.5283125
7307,7534,0.023251519354519034,0.528375
14783,15018,0.023251829560397005,0.5284375
6987,7087,0.02325187168051533,0.5285
7205,7235,0.02325214021873388,0.5285625
15026,15143,0.023252191592584345,0.528625
9346,9397,0.023252244357887034,0.5286875
9372,9630,0.023252314385924195,0.52875
3301,3392,0.02325231837622804,0.5288125
1998,2091,0.02325268053048025,0.528875
2883,3133,0.02325273638474429,0.5289375
12208,12201,0.023252913922269768,0.529
1105,1085,0.023253007392482414,0.5290625
5980,6099,0.02325325479461294,0.529125
12991,13099,0.023253347335840068,0.5291875
4925,5162,0.023253421097476027,0.52925
10785,11292,0.023253440421697483,0.5293125
4433,4702,0.023253560774876867,0.529375
1738,1719,0.02325359980965832,0.5294375
3334,3496,0.023253653890149096,0.5295
8535,8541,0.023253748186298648,0.5295625
2360,2316,0.023253890684830844,0.529625
4834,5128,0.02325402822280837,0.5296875
8987,8899,0.023254121613357367,0.52975
12986,13322,0.023254236416561744,0.5298125
7710,7968,0.023254352953279114,0.529875
1369,1468,0.023254575479720842,0.5299375
11736,11837,0.023254661343132105,0.53
864,1045,0.02325470262852605,0.5300625
11431,11575,0.02325474596319024,0.530125
2913,3131,0.023254873291094293,0.5301875
12218,12169,0.023254913099005976,0.53025
521,175,0.023255114058544146,0.5303125
1349,1290,0.023255162486313787,0.530375
11941,12260,0.023255196499769287,0.5304375
5767,5843,0.023255344213722186,0.5305
7269,7548,0.023255363372961354,0.5305625
14738,15034,0.0232553831664062,0.530625
3651,3678,0.02325557806513855,0.5306875
4050,4454,0.023255664165594322,0.53075
13446,13659,0.023255832712851855,0.5308125
12378,12313,0.023255841734936267,0.530875
14504,14764,0.023255873833860304,0.5309375
13305,13459,0.023255917543242893,0.531
5669,6006,0.02325599293403041,0.5310625
14438,14569,0.02325603685049275,0.531125
8469,8539,0.023256067944296688,0.5311875
1382,1454,0.02325607709684459,0.53125
13182,13189,0.023256357351404466,0.5313125
13791,14336,0.02325654840934726,0.531375
2177,2338,0.023256875593068112,0.5314375
13870,13777,0.02325709796447782,0.5315
14847,14881,0.0232571172957179,0.5315625
6461,6686,0.02325734240882625,0.531625
6369,6478,0.023257498696591664,0.5316875
5646,5823,0.023257563141399613,0.53175
3214,3352,0.02325762648684728,0.5318125
12606,12573,0.023257853279841693,0.531875
14603,14834,0.02325796286407742,0.5319375
11096,11047,0.023257966508267516,0.532
4751,4986,0.023258103375251794,0.5320625
14595,14908,0.023258215740130532,0.532125
14329,14311,0.023258248779355152,0.5321875
7657,7980,0.023258322722691457,0.53225
4901,5140,0.02325835085581141,0.5323125
825,773,0.023258626117659238,0.532375
12445,12826,0.023258872810412726,0.5324375
7553,7934,0.02325893995343475,0.5325
11055,11360,0.023259385957363973,0.5325625
9901,10262,0.023259459262829064,0.532625
2032,2314,0.02325948113254331,0.5326875
14773,14703,0.02325948951668559,0.53275
1399,1333,0.023259770428868922,0.5328125
5263,5367,0.02325979675047005,0.532875
9441,9832,0.023259932097685013,0.5329375
5183,5498,0.023259954994306085,0.533
372,203,0.02326016638144326,0.5330625
13197,13403,0.02326017063127316,0.533125
14838,15038,0.02326025049124164,0.5331875
3863,3979,0.023260365927947693,0.53325
2180,2546,0.023260414796929283,0.5333125
11025,11021,0.023260730750034004,0.533375
14872,14937,0.023260763387148678,0.5334375
5992,6175,0.02326077404936363,0.5335
9824,9987,0.02326079320795391,0.5335625
1503,1822,0.023260815922431618,0.533625
7922,8141,0.02326087082589423,0.5336875
7538,7932,0.023260991809676484,0.53375
13862,14308,0.02326111278797434,0.5338125
7379,7535,0.023261180030572592,0.533875
13244,13247,0.02326125164683176,0.5339375
10825,10683,0.023261267870351616,0.534
4075,4329,0.02326148351681144,0.5340625
8555,8551,0.02326163038890991,0.534125
14210,14157,0.023261631057609852,0.5341875
5896,5920,0.023261692015495525,0.53425
15701,15873,0.023261700567935296,0.5343125
4421,4846,0.023261713314517464,0.534375
1073,1049,0.023262007411724666,0.5344375
6432,6792,0.023262113760746495,0.5345
4718,4976,0.023262417154809974,0.5345625
6810,7152,0.02326248149689629,0.534625
15331,15666,0.023262564626315266,0.5346875
5401,5517,0.02326287487802444,0.53475
3151,3369,0.023262911796057956,0.5348125
9990,10324,0.023262975012494455,0.534875
14566,14689,0.023263363880465685,0.5349375
4647,5012,0.02326343670668195,0.535
10290,10572,0.02326370222881329,0.5350625
11629,11761,0.023263860052306073,0.535125
1271,1212,0.0232639846307248,0.5351875
13296,13694,0.023264192206855553,0.53525
7001,7440,0.023264464815005385,0.5353125
5086,5306,0.02326449064396039,0.535375
13206,13325,0.023264587112629867,0.5354375
14509,14565,0.023264669352963473,0.5355
3467,3430,0.02326470370622074,0.5355625
15363,15772,0.023264957335672395,0.535625
1290,1538,0.02326520034056264,0.5356875
5990,6017,0.023265371267701666,0.53575
5748,6024,0.02326549847089012,0.5358125
2172,2372,0.023265729035438054,0.535875
15407,15289,0.02326585940042513,0.5359375
15545,15369,0.023265943576665234,0.536
1363,1307,0.02326608147330358,0.5360625
11441,11606,0.02326611847763359,0.536125
8553,9100,0.023266233248902975,0.5361875
5129,5363,0.0232662761286621,0.53625
4375,4436,0.023266515859932863,0.5363125
4660,4787,0.023266671847112334,0.536375
12294,12540,0.023266783053076688,0.5364375
12510,12617,0.02326696692831982,0.5365
6011,6035,0.023267074269889026,0.5365625
11613,11701,0.023267195330912215,0.536625
14732,15056,0.023267251406683814,0.5366875
13375,13760,0.02326733440845793,0.53675
4340,4584,0.02326775365999095,0.5368125
7837,7863,0.02326782461825455,0.536875
8415,8866,0.0232679089891419,0.5369375
5179,5354,0.02326794829094459,0.537
14332,14662,0.023268217658102792,0.5370625
8710,9222,0.023268277269022523,0.537125
10938,10965,0.023268434918312767,0.5371875
5547,5561,0.02326876890378681,0.53725
4789,5069,0.023268826557788565,0.5373125
6589,6916,0.02326906590192553,0.537375
6394,6521,0.023269283124686426,0.5374375
10107,10408,0.023269608458373347,0.5375
5123,5382,0.023269721868420346,0.5375625
4719,5002,0.02326981957171652,0.537625
13369,13447,0.023270053284110522,0.5376875
13291,13698,0.023270055989802717,0.53775
4499,4689,0.023270126362908598,0.5378125
5775,5938,0.023270228621565168,0.537875
4275,4448,0.02327035872056039,0.5379375
8368,8393,0.02327044929911242,0.538
6527,6860,0.02327046318990832,0.5380625
11676,11711,0.023270812138537614,0.538125
7697,8140,0.02327104076956475,0.5381875
6632,6946,0.023271316070380466,0.53825
11217,11480,0.02327159906152194,0.5383125
3295,3506,0.023271879330979326,0.538375
9644,9737,0.02327204005212377,0.5384375
8536,9012,0.02327224965229587,0.5385
14824,14801,0.023272354242555658,0.5385625
4308,4592,0.02327266802733817,0.538625
4152,4490,0.023273008485961866,0.5386875
3390,3508,0.023273050276576765,0.53875
12603,12669,0.02327305125808855,0.5388125
14090,14223,0.02327305649918239,0.538875
1012,1139,0.023273222525926267,0.5389375
12388,12758,0.02327363106821298,0.539
7148,7492,0.02327367458533232,0.5390625
11502,11279,0.02327401074953805,0.539125
8573,9054,0.023274061542078367,0.5391875
708,1066,0.023274070317300076,0.53925
7105,7270,0.023274134042960554,0.5393125
1411,1466,0.023274211155507457,0.539375
222,535,0.02327429319267441,0.5394375
13972,13967,0.02327432791504654,0.5395
3425,3744,0.0232743625652415,0.5395625
14768,14717,0.0232743942166378,0.539625
782,771,0.023274400950842194,0.5396875
15360,15794,0.02327452574656348,0.53975
8435,8565,0.02327454970181583,0.5398125
14433,14673,0.023274686329344228,0.539875
7574,7680,0.02327479501404112,0.5399375
3702,3851,0.02327500515912028,0.54
13934,14017,0.023275009686472427,0.5400625
8660,8725,0.02327515120579355,0.540125
8489,8860,0.023275197001843675,0.5401875
5519,5660,0.023275199381108235,0.54025
15737,15981,0.0232752114315155,0.5403125
15077,15073,0.023275224870746434,0.540375
1286,1554,0.023275402795102363,0.5404375
3445,3746,0.023275502189130343,0.5405
14120,14564,0.023275682440655067,0.5405625
6042,6160,0.02327575280703288,0.540625
7981,8476,0.023275778346971757,0.5406875
14277,14289,0.02327580349457924,0.54075
2447,2552,0.023275974405822887,0.5408125
195,190,0.02327602634985856,0.540875
10463,10449,0.023276315577739647,0.5409375
2141,2380,0.02327645396070573,0.541
10434,10283,0.023276749173050865,0.5410625
5752,5910,0.023276816895406848,0.541125
3749,3893,0.02327682595697968,0.5411875
8117,8374,0.023276851140807495,0.54125
6546,6960,0.023276931142597403,0.5413125
3187,3219,0.023276976376048777,0.541375
5156,5340,0.023277182929235498,0.5414375
2135,2110,0.023277193326192037,0.5415
13044,13550,0.023277393058756906,0.5415625
8203,8594,0.023277577967018792,0.541625
8782,9228,0.02327773672630465,0.5416875
5216,5336,0.023277740250902144,0.54175
2066,2376,0.023277761619274175,0.5418125
12633,12517,0.023277795502326438,0.541875
3470,3615,0.023277857014953097,0.5419375
12789,13112,0.02327785739773737,0.542
4086,4283,0.023277883204508226,0.5420625
10879,10769,0.023277924945504416,0.542125
4903,5025,0.023278368988910763,0.5421875
1521,1816,0.023278439436697645,0.54225
13189,13602,0.023278512102086008,0.5423125
2512,2804,0.02327863112713457,0.542375
5882,5931,0.023278737652465503,0.5424375
7417,7772,0.0232792601860131,0.5425
7733,8148,0.023279356694450307,0.5425625
3774,4067,0.023279434984769667,0.542625
3645,3757,0.023279451746837914,0.5426875
11587,11579,0.02327947070020852,0.54275
1882,1983,0.0232796344335012,0.5428125
1247,1480,0.02327963563462099,0.542875
4311,4560,0.023279636784751336,0.5429375
14599,14930,0.0232796681779607,0.543
8701,8773,0.02327969302930407,0.5430625
5753,6074,0.023279711453840328,0.543125
1591,1531,0.023279958902586967,0.5431875
677,616,0.023279987924204763,0.54325
1378,1450,0.023280179772547423,0.5433125
736,686,0.023280311248784786,0.543375
15320,15798,0.02328033384489582,0.5434375
12490,12421,0.02328059799712615,0.5435
3396,3652,0.0232809625161365,0.5435625
15134,15478,0.023281081635951075,0.543625
7520,7675,0.023281159332370183,0.5436875
9665,9795,0.02328118275020417,0.54375
5131,5292,0.023281227995232922,0.5438125
14565,14655,0.023281304626357094,0.543875
10584,10525,0.023281749178879308,0.5439375
2641,3074,0.023281772311840917,0.544
10895,10809,0.0232820965694606,0.5440625
9565,10010,0.023282178444620556,0.544125
12539,12449,0.02328258405546068,0.5441875
4585,4884,0.023282606121223213,0.54425
5170,5318,0.023282837737565353,0.5443125
8021,8069,0.023282873316145113,0.544375
15592,15407,0.023282877972573224,0.5444375
5509,5826,0.02328288343606362,0.5445
4613,4869,0.023282976597910322,0.5445625
1416,1458,0.02328297854921979,0.544625
8408,8964,0.023283107529992977,0.5446875
4192,4580,0.02328319837327935,0.54475
6319,6760,0.023283245769559077,0.5448125
1123,1103,0.02328333390052473,0.544875
9196,9275,0.02328353681541899,0.5449375
11500,11626,0.023283537460334743,0.545
14786,15028,0.023283714851283242,0.5450625
2850,3106,0.023283896529170064,0.545125
3958,4229,0.02328393240740658,0.5451875
11803,12300,0.0232840419521974,0.54525
15257,15572,0.023284051923443874,0.5453125
1517,1775,0.023284197566880615,0.545375
619,952,0.023284267222139596,0.5454375
14151,14165,0.023284580083142326,0.5455
13273,13740,0.023284654361129208,0.5455625
12836,13306,0.023284654472035284,0.545625
14193,14245,0.02328470318569375,0.5456875
9190,9045,0.023284726767413867,0.54575
12893,13282,0.023284878200418635,0.5458125
3308,3488,0.023284922972509454,0.545875
2677,2854,0.02328494804180046,0.5459375
15656,15561,0.02328502048262788,0.546
12617,12908,0.023285076608900928,0.5460625
14539,14842,0.023285086647171625,0.546125
1595,1687,0.02328514426186603,0.5461875
11477,11599,0.02328521404243078,0.54625
2561,2956,0.023285367364136653,0.5463125
891,787,0.023285383436375543,0.546375
12593,12836,0.023285529002708152,0.5464375
5921,6078,0.023285574697183606,0.5465
12475,12525,0.02328588852964638,0.5465625
3776,3980,0.023285975788622005,0.546625
9649,9749,0.02328600793121641,0.5466875
12001,12346,0.023286182440085727,0.54675
1515,1541,0.0232862724452967,0.5468125
11695,11888,0.023286488988548227,0.546875
4771,4953,0.023286950180179674,0.5469375
5677,5805,0.0232869948382509,0.547
4749,4967,0.023287110216539918,0.5470625
3846,4101,0.023287274420172727,0.547125
12661,13160,0.02328735733330435,0.5471875
8482,8507,0.023287402447849662,0.54725
3581,3596,0.023287539040241924,0.5473125
7214,7243,0.02328763380925675,0.547375
12820,13059,0.023287818571472538,0.5474375
1291,1435,0.02328787146812011,0.5475
8603,8549,0.023287963736633135,0.5475625
11682,11792,0.023288155917525335,0.547625
8750,8827,0.023288174128055956,0.5476875
4043,4412,0.023288346935166255,0.54775
3521,3651,0.02328846197262091,0.5478125
10443,10443,0.023288576165685203,0.547875
7635,7801,0.023288583788802136,0.5479375
5689,6022,0.023288788097289653,0.548
12467,12780,0.023289047309071376,0.5480625
1568,1515,0.023289141374079916,0.548125
5662,5761,0.02328926012003004,0.5481875
14024,14438,0.023289260423432268,0.54825
8148,8426,0.0232892964488807,0.5483125
7718,7773,0.023289313222378122,0.548375
12088,12292,0.023289447884114554,0.5484375
15633,15569,0.02328945265121908,0.5485
6980,7284,0.023289622478115772,0.5485625
1748,1800,0.02328963546778615,0.548625
11608,11687,0.023289700858626444,0.5486875
5150,5345,0.023289734063828126,0.54875
7695,7966,0.023289883935631257,0.5488125
5153,5624,0.023290020428607255,0.548875
9001,9215,0.023290078982921774,0.5489375
4168,4271,0.023290163086163773,0.549
4314,4450,0.023290222828044695,0.5490625
10337,10602,0.023290538646501026,0.549125
10111,10494,0.023290602592486616,0.5491875
12311,12576,0.02329061805050548,0.54925
3708,3984,0.02329069964715368,0.5493125
8558,8477,0.023290756725191812,0.549375
15239,15305,0.023290798189189502,0.5494375
5499,5708,0.02329097397771887,0.5495
3859,4025,0.023291000808466935,0.5495625
11614,11533,0.023291327673944866,0.549625
8524,8996,0.023291481255080737,0.5496875
14819,15068,0.02329162435766845,0.54975
11189,11484,0.023291647905316158,0.5498125
7851,8037,0.02329166371287251,0.549875
3327,3616,0.02329181061252834,0.5499375
5058,5236,0.02329201743920912,0.55
1420,1354,0.023292086839199564,0.5500625
630,752,0.023292167618125987,0.550125
3149,3213,0.023292202247111662,0.5501875
3503,3586,0.0232924944750768,0.55025
7894,7939,0.02329255650089534,0.5503125
10247,10756,0.023292734529736316,0.550375
8172,8612,0.02329280047993483,0.5504375
7813,7841,0.023292872889778153,0.5505
12703,12998,0.023293005507185403,0.5505625
12529,12625,0.023293145474899125,0.550625
7408,7477,0.023293408850873214,0.5506875
13412,13467,0.023293542999788305,0.55075
13999,14400,0.023293559768318622,0.5508125
10513,10870,0.023293781600303026,0.550875
2210,2146,0.023293810256834045,0.5509375
4747,4951,0.02329390099908386,0.551
1015,1271,0.02329396148806806,0.5510625
13752,13875,0.023294064610000165,0.551125
9354,9620,0.023294082553786486,0.5511875
2354,2443,0.023294135872116043,0.55125
9234,9546,0.023294677123804796,0.5513125
14484,14603,0.02329471862100043,0.551375
11846,12023,0.023294773581883085,0.5514375
12872,13324,0.023294804383674983,0.5515
9210,9281,0.02329489256117678,0.5515625
12268,12490,0.023295016820221264,0.551625
5280,5522,0.02329511787692514,0.5516875
6758,7074,0.023295119693258523,0.55175
12371,12273,0.023295161072845228,0.5518125
5688,6046,0.023295242826248227,0.551875
7753,8128,0.023295414779844374,0.5519375
4790,5152,0.023295494621372922,0.552
9399,9864,0.023295625515126154,0.5520625
7824,8027,0.023295669150128116,0.552125
12582,12812,0.023295673054488486,0.5521875
3779,3962,0.023295722582764307,0.55225
7693,8040,0.023295833614855987,0.5523125
3269,3476,0.023295940582875853,0.552375
3401,3666,0.02329619437988413,0.5524375
13183,13299,0.02329623941385123,0.5525
15168,15536,0.023297062745589285,0.5525625
2010,2070,0.02329714055526191,0.552625
4942,5220,0.02329717479340987,0.5526875
12163,12330,0.02329729206105958,0.55275
1781,1793,0.0232975931799569,0.5528125
6686,7178,0.02329761262882772,0.552875
11145,11071,0.02329767914289121,0.5529375
1627,1599,0.02329786163812428,0.553
6950,7226,0.023297861796645045,0.5530625
13104,13117,0.023297867382285235,0.553125
867,783,0.023297924065358935,0.5531875
13155,13518,0.023297967141383536,0.55325
11538,11527,0.023298061293496593,0.5533125
12104,12150,0.023298160212550465,0.553375
1938,2085,0.023298164001184653,0.5534375
15405,15916,0.0232982852209332,0.5535
8136,8153,0.02329833493379156,0.5535625
5132,5430,0.023298350700850238,0.553625
6520,6670,0.02329856198337151,0.5536875
11810,11863,0.023298644529765572,0.55375
11645,11948,0.02329865134418428,0.5538125
3667,3928,0.023298681353505105,0.553875
8901,8891,0.023298822999651823,0.5539375
12175,12296,0.023298985087330935,0.554
4634,5014,0.02329902906821785,0.5540625
1545,1926,0.023299235780924115,0.554125
8606,8835,0.023299242085481668,0.5541875
12337,12245,0.02329931383379746,0.55425
9326,9592,0.02329949271488036,0.5543125
5788,6010,0.023299690530906934,0.554375
5871,5905,0.023299926982320154,0.5544375
2717,3066,0.02330005213738443,0.5545
15662,15547,0.023300562843466155,0.5545625
6172,6434,0.023300652704241993,0.554625
15530,15377,0.023300792612272244,0.5546875
3315,3428,0.023300940429185714,0.55475
12214,12564,0.02330106847758255,0.5548125
12592,12834,0.02330110627338012,0.554875
14097,14045,0.023301106930318775,0.5549375
8854,9320,0.023301124658428565,0.555
9375,9401,0.023301147835557832,0.5550625
9970,10071,0.02330123775454242,0.555125
9154,9235,0.023301284947362857,0.5551875
14610,14982,0.023301309141693177,0.55525
8528,8519,0.023301389634726378,0.5553125
12263,12538,0.023301424837447317,0.555375
583,912,0.02330185176524235,0.5554375
1693,1680,0.0233019753687297,0.5555
9462,9826,0.023302224073193486,0.5555625
4861,5009,0.023302281459277686,0.555625
1742,1773,0.02330233472481158,0.5556875
8453,8399,0.023302371976436746,0.55575
13882,13911,0.02330250091445701,0.5558125
5666,5797,0.023302507421063365,0.555875
876,987,0.023302860254784848,0.5559375
13522,13587,0.023302897644975794,0.556
6234,6404,0.023302945282142457,0.5560625
12402,12405,0.023303203778337115,0.556125
5917,6116,0.02330324650995796,0.5561875
3473,3650,0.023303371044193374,0.55625
2946,3103,0.023303441912417556,0.5563125
15637,15543,0.02330347901816017,0.556375
15623,15585,0.023303614999299185,0.5564375
9838,9941,0.023303718997830677,0.5565
9184,9063,0.02330387849442744,0.5565625
11104,11374,0.02330390298560316,0.556625
8114,8346,0.023303956128439562,0.5566875
14654,15016,0.023303961654401774,0.55675
2973,3125,0.023304400828259665,0.5568125
1655,1818,0.02330483736760662,0.556875
7573,7658,0.0233052528285098,0.5569375
7571,7707,0.023305369897838137,0.557
6490,6864,0.023305375088082184,0.5570625
4078,4388,0.02330569402510373,0.557125
4214,4668,0.023305744108801804,0.5571875
7110,7448,0.023305749398328676,0.55725
12507,12451,0.023305890153641564,0.5573125
763,1200,0.023306375452304625,0.557375
3408,3610,0.02330644482473811,0.5574375
5710,6118,0.02330665462234623,0.5575
8130,8424,0.023306780243245274,0.5575625
12370,12394,0.023307077154548085,0.557625
3136,3332,0.02330711352927821,0.5576875
2007,1959,0.023307266963264836,0.55775
962,1023,0.023307320719063527,0.5578125
3075,3310,0.023307564276045082,0.557875
15643,15433,0.02330772376967347,0.5579375
13884,14288,0.023307802260733094,0.558
12778,13032,0.023307873975577882,0.5580625
12773,12835,0.02330804543600382,0.558125
11440,11604,0.023308052309336254,0.5581875
4681,4885,0.02330822208760779,0.55825
2957,3143,0.023308460750955662,0.5583125
14153,14454,0.02330849914105851,0.558375
3215,3368,0.023308517416003673,0.5584375
5925,6140,0.02330857101112555,0.5585
12748,13004,0.02330864810661704,0.5585625
11464,12024,0.023308751204131773,0.558625
957,1220,0.023308806660447216,0.5586875
6389,6516,0.02330889316195043,0.55875
11094,11412,0.02330909806025523,0.5588125
7122,7406,0.02330910426787207,0.558875
10034,10490,0.023309171457243802,0.5589375
7918,8115,0.02330936279686544,0.559
11760,11994,0.023309478574833085,0.5590625
4878,5013,0.023309514728527988,0.559125
7002,7282,0.023309579408795297,0.5591875
15280,15732,0.023309735209328143,0.55925
14821,15382,0.02330977131952672,0.5593125
5148,5253,0.02330997527110901,0.559375
12167,12536,0.023310072409688815,0.5594375
5493,5692,0.023310073377934122,0.5595
5021,5121,0.023310083457064115,0.5595625
9809,10248,0.02331031889302414,0.559625
11684,11964,0.023311317998913374,0.5596875
2008,2088,0.023311322080098094,0.55975
14026,14506,0.023311362793525598,0.5598125
14792,14925,0.023311473567003693,0.559875
13900,14047,0.023311503980529526,0.5599375
3225,3384,0.02331154645845306,0.56
6027,6165,0.023311570647740695,0.5600625
6886,6895,0.023311613339281643,0.560125
14343,14728,0.023311755213187815,0.5601875
10632,11204,0.023311947806646683,0.56025
11150,11049,0.02331199574571064,0.5603125
8119,8566,0.02331216056140487,0.560375
6509,6700,0.023312190187979566,0.5604375
7530,7598,0.023312317196659944,0.5605
12665,12849,0.02331232607565631,0.5605625
12519,12425,0.023312348823871964,0.560625
8274,8776,0.02331241438489274,0.5606875
576,745,0.023312653905554506,0.56075
7823,8144,0.0233126576414257,0.5608125
10123,10121,0.023313074997851187,0.560875
2651,2881,0.0233133260008906,0.5609375
12646,12893,0.023313357253154733,0.561
12648,12541,0.023313908442023013,0.5610625
12483,12471,0.023313952458426265,0.561125
8790,8681,0.023314076491427263,0.5611875
1079,1155,0.023314153819018954,0.56125
4112,4315,0.023314214872233504,0.5613125
5337,5580,0.02331421942170118,0.561375
12699,13114,0.023314350883517687,0.5614375
6044,6043,0.02331439493823384,0.5615
6269,6498,0.02331462589764851,0.5615625
12680,12968,0.023314657380426894,0.561625
14524,14782,0.023314689013171783,0.5616875
722,638,0.02331475207974276,0.56175
12223,12496,0.023314890166572202,0.5618125
9469,9687,0.023315108146788055,0.561875
2623,2884,0.023315149936971053,0.5619375
3660,3803,0.02331525230413682,0.562
8083,8298,0.02331527754690622,0.5620625
12788,12877,0.023315280988766358,0.562125
7939,8274,0.02331544019110942,0.5621875
5474,5722,0.023315504785797185,0.56225
675,718,0.023315535028898732,0.5623125
8977,9364,0.023315742515813233,0.562375
5740,5859,0.02331602013647855,0.5624375
1009,1152,0.023316092270057095,0.5625
12481,12439,0.023316168089418887,0.5625625
9915,10041,0.02331626017558278,0.562625
6839,7218,0.02331663343928556,0.5626875
15598,15439,0.023316784827475998,0.56275
12414,12603,0.023316824266307254,0.5628125
4343,4424,0.02331688955086316,0.562875
11273,11526,0.02331695854040598,0.5629375
10206,10724,0.023316974590120526,0.563
5174,5313,0.02331698858947683,0.5630625
12645,12974,0.023317205960529972,0.563125
15142,15111,0.02331747744547465,0.5631875
13079,13484,0.02331755933332035,0.56325
10806,10673,0.0233177062991007,0.5633125
5676,5767,0.023317790778388824,0.563375
6132,6198,0.02331783478582533,0.5634375
12059,12077,0.023318141857534593,0.5635
5287,5547,0.02331814771231977,0.5635625
5200,5486,0.023318152483057634,0.563625
6463,6782,0.02331816377045107,0.5636875
13894,13883,0.02331816724015579,0.56375
9861,10272,0.023318207710284134,0.5638125
11436,11617,0.023318221038901795,0.563875
14494,14860,0.02331826423958519,0.5639375
1131,1497,0.023318517535428497,0.564
14657,14970,0.023318537924243824,0.5640625
12151,12160,0.02331856283115606,0.564125
4206,4570,0.023318610817775854,0.5641875
12728,12775,0.023318633849176415,0.56425
3231,3536,0.02331867469997675,0.5643125
13411,13820,0.02331872293042141,0.564375
1532,1791,0.023318723314673204,0.5644375
14469,14808,0.023318751547097463,0.5645
12585,12946,0.023318798497962156,0.5645625
10450,10659,0.023318867477308675,0.564625
11573,11517,0.023318909310697366,0.5646875
6012,6253,0.023319315997527654,0.56475
3502,3574,0.02331959927678589,0.5648125
12254,12588,0.023319685086109227,0.564875
14672,14978,0.023320173602487504,0.5649375
7172,7342,0.023320234677620007,0.565
7133,7470,0.02332032320644027,0.5650625
3714,4246,0.02332045040786826,0.565125
14217,14091,0.023320673317299374,0.5651875
6976,7276,0.023321094442087055,0.56525
9012,9532,0.023321395327842498,0.5653125
6028,6053,0.02332174309995545,0.565375
10441,10848,0.02332174320604873,0.5654375
14944,15011,0.023321759137120673,0.5655
4298,4750,0.02332183324481832,0.5655625
3411,3458,0.023321846048686968,0.565625
12005,12262,0.023322039851001713,0.5656875
3688,3823,0.023322081325841588,0.56575
3851,4022,0.02332209136877271,0.5658125
12000,12045,0.023322211655848534,0.565875
10402,10357,0.02332241843077105,0.5659375
11655,11717,0.02332266460660678,0.566
12051,12091,0.02332280561129298,0.5660625
11988,12019,0.023322934366867294,0.566125
15517,15631,0.023322991699012675,0.5661875
13346,13704,0.023323001470390507,0.56625
9906,10276,0.023323013181108302,0.5663125
5392,5479,0.023323247596897183,0.566375
6122,6190,0.023323469777359798,0.5664375
7569,7620,0.023323538080778656,0.5665
14455,14818,0.023324020186467884,0.5665625
10719,11045,0.023324081761259823,0.566625
4898,5168,0.02332409809518582,0.5666875
14586,14627,0.02332416060335396,0.56675
869,981,0.023324407695970863,0.5668125
7147,7386,0.023324411687299026,0.566875
2710,3176,0.023324420112353233,0.5669375
11525,11980,0.023324871555817465,0.567
1418,1644,0.023324913876590865,0.5670625
8164,8293,0.023325319072120994,0.567125
2579,2840,0.023325334729387956,0.5671875
14880,14901,0.023325452295284516,0.56725
4263,4460,0.02332548567227374,0.5673125
8552,9052,0.023325543913200332,0.567375
3105,3363,0.02332558144286356,0.5674375
12400,12464,0.023325602405928927,0.5675
3512,3825,0.0233258816819935,0.5675625
14518,14866,0.023325967296959387,0.567625
11743,11817,0.023326014747053658,0.5676875
12689,13026,0.023326079711340528,0.56775
5128,5390,0.023326106075872315,0.5678125
6625,7048,0.023326193753894026,0.567875
1140,1386,0.023326251023594806,0.5679375
1624,1737,0.023326301623488702,0.568
10229,10644,0.023326314899154314,0.5680625
1776,1769,0.02332650354839925,0.568125
4680,4821,0.02332672712905138,0.5681875
15632,15429,0.023326999681579294,0.56825
1870,1733,0.02332706648126515,0.5683125
12310,12504,0.023327169799943412,0.568375
9319,9365,0.023327380844498726,0.5684375
2720,3012,0.023327398416424082,0.5685
6623,6958,0.02332749239701845,0.5685625
3787,3913,0.02332751514493135,0.568625
1659,1735,0.023327580794172197,0.5686875
6006,6152,0.02332775358832764,0.56875
11047,11288,0.02332790076174623,0.5688125
3595,3748,0.02332796481063226,0.568875
11301,11560,0.02332811088889492,0.5689375
10561,10898,0.023328259587884592,0.569
2975,3300,0.02332828733178271,0.5690625
8474,8407,0.023328324716370582,0.569125
7947,8087,0.023328465692133152,0.5691875
6640,7002,0.023328558040784535,0.56925
8010,8254,0.023328573557499947,0.5693125
12386,12263,0.02332870924462809,0.569375
947,1270,0.02332870977803601,0.5694375
1494,1605,0.02332877316669631,0.5695
5484,5835,0.023328853025328136,0.5695625
13312,13648,0.023329060550258116,0.569625
2262,2457,0.023329312658602695,0.5696875
3317,3559,0.023329355019718178,0.56975
5227,5291,0.02332936702174621,0.5698125
2760,3009,0.023329665180824483,0.569875
8370,8469,0.023329676766904586,0.5699375
3954,3792,0.02332976006815223,0.57
4301,4672,0.023329943214374864,0.5700625
1087,1301,0.023330100627364736,0.570125
3844,4264,0.023330204992623498,0.5701875
3891,4006,0.023330386284358233,0.57025
6431,6588,0.023331010096750843,0.5703125
6341,6468,0.023331065239064808,0.570375
12158,12250,0.023331245332577757,0.5704375
14070,14039,0.023331499489888094,0.5705
428,119,0.02333176956321523,0.5705625
5106,5324,0.023331876521826462,0.570625
5709,6114,0.02333208928188427,0.5706875
10508,10966,0.02333215884559691,0.57075
1027,1157,0.02333225158196316,0.5708125
8395,8433,0.02333239864274971,0.570875
3757,4150,0.023332489245015315,0.5709375
7646,8134,0.02333251913185553,0.571
5588,5890,0.023332589739707754,0.5710625
13111,13279,0.023332647125623437,0.571125
2087,1941,0.023332745870007533,0.5711875
10390,10227,0.023333036994246024,0.57125
1245,1194,0.02333346121926214,0.5713125
11935,11935,0.023333503974836238,0.571375
7043,7474,0.023333555484265186,0.5714375
6514,6674,0.0233335822524876,0.5715
4532,4738,0.0233338201864543,0.5715625
15366,15776,0.023333948748885537,0.571625
3146,3391,0.02333405498575557,0.5716875
858,332,0.023334117685400998,0.57175
12526,12647,0.02333441632594921,0.5718125
14522,14645,0.023334688904060635,0.571875
7859,7895,0.023334706680498675,0.5719375
865,228,0.023334972869250677,0.572
4534,4940,0.02333497840836685,0.5720625
6624,6779,0.023335173709331563,0.572125
5640,5769,0.02333552011129769,0.5721875
14361,14780,0.02333563907419477,0.57225
11591,11541,0.023335762859391034,0.5723125
14393,14790,0.023336045170534243,0.572375
11653,11810,0.023336097876407304,0.5724375
8423,8816,0.02333613172533614,0.5725
6677,7034,0.023336156557003235,0.5725625
8028,8302,0.023336164748395977,0.572625
646,859,0.02333643532447512,0.5726875
6673,6701,0.023336507272230154,0.57275
1565,1819,0.023336646276497213,0.5728125
15653,15833,0.02333669339834971,0.572875
3483,3647,0.023336753151486908,0.5729375
12971,13087,0.02333689571664119,0.573
5220,5293,0.023337141265547413,0.5730625
3575,3782,0.023337350564134645,0.573125
11526,11193,0.023337392515570696,0.5731875
12440,12413,0.023337543078598654,0.57325
2189,2132,0.02333785866466835,0.5733125
8721,8601,0.023338068004089007,0.573375
13806,13709,0.023338112790188086,0.5734375
6364,6828,0.023338145210811442,0.5735
13331,13543,0.023338343989149843,0.5735625
3993,4354,0.023338369630169265,0.573625
999,1005,0.023338446392852537,0.5736875
12798,13040,0.023338628107554167,0.57375
5541,5876,0.02333878739578368,0.5738125
14950,15454,0.023338988679471293,0.573875
5999,6280,0.023339273789166518,0.5739375
14726,15214,0.023339364085402523,0.574
8970,8913,0.0233394107122099,0.5740625
14502,14838,0.023339605157940483,0.574125
765,562,0.02333979453631636,0.5741875
12375,12259,0.02333991640225411,0.57425
8974,8953,0.02333991914366804,0.5743125
12291,12314,0.023339927994029317,0.574375
12387,12660,0.023340026528954273,0.5744375
11508,11535,0.02334033752898687,0.5745
13962,14009,0.02334047460929593,0.5745625
6076,6226,0.023340571300300608,0.574625
2217,2527,0.023340624593300295,0.5746875
10486,10862,0.02334067247719143,0.57475
15590,15575,0.023340762656272,0.5748125
6395,6527,0.02334085350732238,0.574875
944,1120,0.023340942601273184,0.5749375
6748,6801,0.023341290620550324,0.575
1016,1316,0.02334134045339314,0.5750625
14146,14538,0.023341413515966476,0.575125
6829,6817,0.023341441925647362,0.5751875
13951,14332,0.023341529169401663,0.57525
10175,10642,0.023341569163835202,0.5753125
5454,5682,0.023341582500300828,0.575375
691,656,0.023341609224991282,0.5754375
12203,12209,0.023341660072929205,0.5755
5587,6026,0.02334170232458483,0.5755625
13084,13474,0.023341714979794127,0.575625
15341,15706,0.023341773893175793,0.5756875
9360,9353,0.02334198746217762,0.57575
9800,10260,0.023342074857319796,0.5758125
12604,12904,0.023342361600448582,0.575875
1275,1651,0.023342363943117523,0.5759375
10499,10878,0.0233424666543838,0.576
11959,12220,0.02334263738996523,0.5760625
8116,8185,0.023343123063746793,0.576125
14495,14944,0.02334314797589865,0.5761875
15296,15890,0.02334340299439015,0.57625
2773,3032,0.023343424782368907,0.5763125
5406,5744,0.023343494135508274,0.576375
2589,2723,0.023343512439367237,0.5764375
12934,13033,0.023343627630613727,0.5765
11529,11726,0.023343640399422366,0.5765625
3998,4366,0.0233436633435562,0.576625
13417,13846,0.02334374324707131,0.5766875
2179,2136,0.02334376974046541,0.57675
5382,5656,0.023343770270996437,0.5768125
1442,1556,0.023343951188583553,0.576875
5155,5450,0.023344025019912073,0.5769375
12530,12693,0.0233443682976077,0.577
5624,5870,0.02334437326078425,0.5770625
1167,1172,0.023344415166022883,0.577125
1233,1414,0.023344617550915134,0.5771875
15261,15596,0.02334497925270316,0.57725
12706,13142,0.02334505620287284,0.5773125
12959,13330,0.023345083734144505,0.577375
14582,14687,0.023345432726117422,0.5774375
3246,3416,0.023345526465908414,0.5775
1049,1113,0.023345583248630283,0.5775625
7500,7711,0.023345721258773603,0.577625
12769,12823,0.023345774760744092,0.5776875
3814,4007,0.023345782496720764,0.57775
3190,3257,0.02334581039110378,0.5778125
7090,7278,0.02334590910227432,0.577875
8141,8354,0.02334616113568704,0.5779375
10588,10575,0.02334636170724757,0.578
8228,8269,0.02334644657443544,0.5780625
11727,11847,0.02334661770459529,0.578125
8057,8119,0.02334674134886065,0.5781875
13801,13801,0.02334676248857639,0.57825
13376,13926,0.023346780490186254,0.5783125
10674,10603,0.023346800660487475,0.578375
1146,1434,0.023346926543090597,0.5784375
6436,6554,0.023346944782236263,0.5785
8466,8850,0.023347131952944696,0.5785625
13511,13675,0.023347275587815186,0.578625
11706,11803,0.02334746084971595,0.5786875
10823,11086,0.023347468426867187,0.57875
5665,5787,0.02334765384988568,0.5788125
8928,9344,0.023347691597348078,0.578875
846,933,0.023347691732903037,0.5789375
7383,7660,0.023347860499227224,0.579
6515,6696,0.023348120157132515,0.5790625
12243,12371,0.023348126720172318,0.579125
3293,3490,0.02334816254902546,0.5791875
2222,2358,0.023348216926593,0.57925
3672,3986,0.023348221804548288,0.5793125
5792,6037,0.02334844826565759,0.579375
11105,11442,0.023348482096960436,0.5794375
10997,11300,0.023348525727513603,0.5795
2397,2453,0.023348827869158404,0.5795625
6433,6635,0.02334885620221495,0.579625
7916,7953,0.02334902717567807,0.5796875
3464,3520,0.02334905118004049,0.57975
6458,6712,0.02334906254560307,0.5798125
1324,1520,0.02334919596073667,0.579875
10833,10703,0.023349225834205786,0.5799375
10876,11138,0.02334923282366612,0.58
5407,5754,0.023349240014734506,0.5800625
12573,12892,0.02334955670716189,0.580125
10821,10667,0.023349608379880527,0.5801875
1484,1548,0.02334966681219378,0.58025
14144,14233,0.023350001692578122,0.5803125
12119,12320,0.02335000701614424,0.580375
10444,10505,0.023350290660679444,0.5804375
7703,7931,0.023350451565367962,0.5805
7578,8048,0.023350490856351276,0.5805625
1490,1760,0.02335067962127241,0.580625
12631,12896,0.02335084795826582,0.5806875
0,131,0.023351374482562668,0.58075
4946,5214,0.023351458412013453,0.5808125
15531,15395,0.0233515863034262,0.580875
3348,3540,0.023351616785122077,0.5809375
2748,3038,0.023351747721654777,0.581
1622,1601,0.023351773449975008,0.5810625
2359,2734,0.023351806807252427,0.581125
15652,15599,0.023351906186081534,0.5811875
4565,4760,0.023352030624594497,0.58125
9841,10280,0.023352136803679844,0.5813125
13190,13630,0.023352442451740816,0.581375
5907,5951,0.023352888979690123,0.5814375
3091,3203,0.023352923253491243,0.5815
6008,6041,0.023353030820927722,0.5815625
412,199,0.023353170419045607,0.581625
9740,9775,0.023353170771388557,0.5816875
8428,8397,0.02335351649300108,0.58175
996,1289,0.02335353725775009,0.5818125
7746,7803,0.02335357448169022,0.581875
12184,12528,0.023353600895753047,0.5819375
11822,12029,0.023353722062402053,0.582
12717,13012,0.0233539635575995,0.5820625
6650,6771,0.023353965580582947,0.582125
11344,11573,0.02335400730244919,0.5821875
6791,7112,0.02335403436262111,0.58225
791,775,0.02335410712224232,0.5823125
2800,3085,0.023354337273031506,0.582375
10622,11026,0.023354373301854737,0.5824375
6347,6448,0.02335455898653414,0.5825
5655,5743,0.023354582173753365,0.5825625
9342,9315,0.02335458604113846,0.582625
3500,3722,0.023354762079216107,0.5826875
918,1061,0.023354914171934336,0.58275
8966,9402,0.023355523457224848,0.5828125
6965,7077,0.023355873492518286,0.582875
6343,6480,0.02335594641773589,0.5829375
6382,6584,0.023355953459664514,0.583
813,969,0.023355978604461397,0.5830625
15212,15522,0.023356106465072014,0.583125
1809,2017,0.023356120654819203,0.5831875
12786,12961,0.023356358518387313,0.58325
14645,14998,0.02335653678786936,0.5833125
3944,4380,0.023356822606231436,0.583375
94,515,0.023356928742006393,0.5834375
6711,7066,0.023357062398057862,0.5835
12009,12186,0.023357085442040654,0.5835625
4643,4801,0.023357121111284247,0.583625
8062,8111,0.02335733189160488,0.5836875
8525,8587,0.023357496343794505,0.58375
856,835,0.023357799816150614,0.5838125
4077,4392,0.023357868030097515,0.583875
7985,8051,0.023357887617703743,0.5839375
14459,14900,0.023357915482093886,0.584
12768,13064,0.023358130891402172,0.5840625
2617,2735,0.023358142833865225,0.584125
12327,12876,0.0233581866783827,0.5841875
6485,6672,0.023358243151974174,0.58425
2048,2080,0.0233583522185583,0.5843125
10120,10125,0.023358564099725698,0.584375
5018,5242,0.02335863259189725,0.5844375
1946,2029,0.02335880950427115,0.5845
14742,15052,0.02335892994414408,0.5845625
14269,14277,0.023359034022110436,0.584625
10057,10388,0.023359323815086833,0.5846875
9099,8975,0.023359447497808078,0.58475
11800,12010,0.023359707366684107,0.5848125
14201,14131,0.023359721916062677,0.584875
15286,15191,0.02335984646617403,0.5849375
10363,10233,0.023359942459110643,0.585
14737,15140,0.02336000882468746,0.5850625
1225,1363,0.023360108259970917,0.585125
7081,7444,0.023360332195854372,0.5851875
5959,5975,0.023360379121419687,0.58525
12312,12590,0.023360553513267292,0.5853125
6459,6856,0.023360613586429213,0.585375
5274,5534,0.023360763676833304,0.5854375
15332,15686,0.023361139907139093,0.5855
13210,13255,0.02336123138249315,0.5855625
14000,14173,0.023361236523869892,0.585625
4021,4368,0.023361353338896333,0.5856875
4858,5176,0.023361374475720616,0.58575
8362,8515,0.023361442117106675,0.5858125
12678,12901,0.023361691072622374,0.585875
10286,10189,0.02336209355722102,0.5859375
5991,6288,0.023362238216837018,0.586
5384,5521,0.023362257502374115,0.5860625
4269,4502,0.023362365813655844,0.586125
12045,12302,0.023362381404987302,0.5861875
8623,8577,0.02336245185688498,0.58625
14639,15110,0.023362575871400594,0.5863125
14056,14029,0.023362800402935004,0.586375
8129,8209,0.023362902926453915,0.5864375
7318,7560,0.02336292384629603,0.5865
11551,11353,0.023362934563800515,0.5865625
11078,11418,0.023363156120278103,0.586625
14218,14153,0.02336324881728321,0.5866875
14296,14373,0.02336345653862616,0.58675
8125,8402,0.02336350661972572,0.5868125
8178,8265,0.02336354416693446,0.586875
8923,9336,0.023363689596616003,0.5869375
12239,12570,0.02336384477433644,0.587
13936,14392,0.02336424820106425,0.5870625
14878,15120,0.023364320176308864,0.587125
1434,1619,0.0233643526714313,0.5871875
4539,4898,0.023364650751646787,0.58725
3999,3844,0.02336465685992371,0.5873125
7936,8202,0.023364716427529734,0.587375
12385,12661,0.0233647259576462,0.5874375
14059,14249,0.02336476620751598,0.5875
13354,13495,0.023364923315014365,0.5875625
7546,7602,0.023365038527219308,0.587625
7612,8044,0.02336523353851029,0.5876875
1787,1753,0.02336538815248981,0.58775
4642,4847,0.02336542554736724,0.5878125
4537,4699,0.023365484887609908,0.587875
5347,5562,0.02336557074257968,0.5879375
12113,12594,0.02336600644762805,0.588
13015,13115,0.02336615879746158,0.5880625
14129,14243,0.023366222127694573,0.588125
14136,14554,0.023366267430609447,0.5881875
2812,3089,0.023366481384840005,0.58825
4894,5310,0.023366503158313214,0.5883125
4727,4957,0.023366578829196624,0.588375
9398,9770,0.02336678946389477,0.5884375
3963,4016,0.02336703615169257,0.5885
15139,15488,0.023367308195803866,0.5885625
11715,11855,0.023367541170168326,0.588625
2091,1945,0.023367633997041747,0.5886875
8229,8738,0.023367750674352008,0.58875
13290,13672,0.02336780948185599,0.5888125
1188,1398,0.023367989095614657,0.588875
10426,10992,0.023368022244628334,0.5889375
5298,5518,0.023368079664570312,0.589
1451,1517,0.023368186631028343,0.5890625
9329,9449,0.023368196869681047,0.589125
3174,3373,0.023368209374558586,0.5891875
12231,12530,0.02336823890496007,0.58925
15091,15608,0.02336833729379119,0.5893125
12640,12579,0.023368463621248833,0.589375
1065,1381,0.023368492856125442,0.5894375
11690,11848,0.023368650785662293,0.5895
5681,6084,0.02336877625028164,0.5895625
8165,8315,0.023368866830810756,0.589625
2500,2383,0.02336887605353033,0.5896875
12761,12797,0.023369049582140516,0.58975
3586,3791,0.023369101748362053,0.5898125
2084,1947,0.02336924795818404,0.589875
6655,6705,0.02336934143949997,0.5899375
8685,9230,0.023369358516085313,0.59
5968,6009,0.023369385938699073,0.5900625
11401,11225,0.02336945441108422,0.590125
7725,8018,0.023369556966664894,0.5901875
7818,7885,0.023369590707179744,0.59025
12224,12550,0.02337015476419197,0.5903125
8779,8823,0.02337021738593926,0.590375
15045,15141,0.023370285907472733,0.5904375
2257,2396,0.023370300078880062,0.5905
12193,12614,0.023370302796250682,0.5905625
13576,14076,0.023370425288017044,0.590625
13660,14110,0.023370563017848206,0.5906875
12325,12381,0.023371012936532674,0.59075
10628,10956,0.023371207542466847,0.5908125
13134,13404,0.02337120986553582,0.590875
6080,6326,0.023371438889792664,0.5909375
15659,15865,0.023371468479642856,0.591
5276,5323,0.023371557383991746,0.5910625
7875,8258,0.023371576868840668,0.591125
14253,14335,0.02337157955742813,0.5911875
8134,8372,0.0233717242157036,0.59125
7946,8085,0.02337175255668906,0.5913125
5691,5896,0.023371762121683192,0.591375
2895,3191,0.023371791568136173,0.5914375
12168,12181,0.02337179229423748,0.5915
13979,14398,0.023371828627170653,0.5915625
770,714,0.023372047768993338,0.591625
14621,14653,0.023372130397823408,0.5916875
14427,14714,0.023372141696326874,0.59175
12176,12626,0.02337218596316781,0.5918125
10391,10734,0.02337228308015928,0.591875
5043,5153,0.023372337355407762,0.5919375
8497,8585,0.023372376444231138,0.592
607,628,0.023372713714256615,0.5920625
5365,5591,0.023372767152403832,0.592125
12763,13252,0.02337324741585995,0.5921875
3181,3235,0.023373264010939306,0.59225
1359,1579,0.023374164338116583,0.5923125
11658,11779,0.02337432425034781,0.592375
3927,4231,0.023374517506128196,0.5924375
13264,13688,0.023374568482253624,0.5925
8875,9250,0.023374583392778866,0.5925625
1651,1659,0.02337503376020796,0.592625
854,1130,0.023375124358416113,0.5926875
6071,6264,0.023375211462421067,0.59275
9801,9983,0.02337523196463294,0.5928125
6363,6680,0.023375420086528965,0.592875
6859,6857,0.023375436820247848,0.5929375
4278,4516,0.023375530016152966,0.593
3772,3822,0.02337559070526812,0.5930625
715,646,0.023375701154346173,0.593125
15337,15698,0.023375758132179625,0.5931875
14098,14508,0.023375760684329134,0.59325
871,324,0.023375968145892483,0.5933125
13769,14146,0.023376145944563706,0.593375
2479,2522,0.023376253527902634,0.5934375
1712,1668,0.023376267939511416,0.5935
11930,12232,0.023376345226785052,0.5935625
8084,8123,0.023376360966182754,0.593625
2200,2386,0.023376661882369962,0.5936875
10514,10876,0.02337688857726876,0.59375
5023,5418,0.02337689610314115,0.5938125
9118,9556,0.023377200402441765,0.593875
978,1236,0.02337727714711469,0.5939375
5983,6130,0.02337735416098044,0.594
6569,6894,0.023377839573251034,0.5940625
4773,5194,0.023377856849079386,0.594125
14581,14992,0.02337801389659555,0.5941875
15651,15539,0.02337806588138828,0.59425
14543,14609,0.02337812696729868,0.5943125
1575,1713,0.023378183670903226,0.594375
1583,1627,0.023378298481487102,0.5944375
9288,9493,0.02337843136543345,0.5945
7689,8006,0.023378550422545885,0.5945625
4985,5204,0.02337884304773541,0.594625
3925,3796,0.02337902771582729,0.5946875
1118,1128,0.02337918256486921,0.59475
8373,8878,0.023379315708957266,0.5948125
14396,14794,0.023379432440762595,0.594875
5782,6108,0.023379621046351367,0.5949375
4584,4794,0.023379656934673667,0.595
8431,8443,0.02337982520460138,0.5950625
3183,3414,0.023380097082377073,0.595125
3450,3663,0.02338015588677434,0.5951875
8544,9004,0.023380225621409154,0.59525
14133,14267,0.02338032095328343,0.5953125
2684,2845,0.023380353788892954,0.595375
363,251,0.02338042000613674,0.5954375
12189,12385,0.02338055031228781,0.5955
11596,11537,0.02338064100570383,0.5955625
7655,8150,0.023380675141555125,0.595625
4235,4357,0.0233806976392459,0.5956875
12473,12505,0.02338076076936529,0.59575
13653,14246,0.023380831866881363,0.5958125
6063,6370,0.02338128693266268,0.595875
9349,9331,0.02338149926078495,0.5959375
11101,11073,0.023381565560578077,0.596
11666,11727,0.023381801751771274,0.5960625
7330,7359,0.023381808572696346,0.596125
3839,4044,0.02338190051643472,0.5961875
6254,6394,0.02338196727842569,0.59625
4739,5020,0.02338206545308064,0.5963125
7885,8007,0.023382165552893065,0.596375
958,1111,0.023382303559922733,0.5964375
5717,6092,0.02338230587446586,0.5965
7354,7341,0.023382326198412965,0.5965625
1704,1848,0.023382465225140602,0.596625
1082,1079,0.02338271951291896,0.5966875
273,581,0.02338279345619884,0.59675
4973,5356,0.02338280892794498,0.5968125
9972,10328,0.02338298230542758,0.596875
13204,13207,0.023383028751329873,0.5969375
5855,6088,0.023383130824360342,0.597
11091,11043,0.023383322940487745,0.5970625
6869,7184,0.02338337763795741,0.597125
7161,7353,0.02338360230219245,0.5971875
5674,5912,0.023383849280295608,0.59725
15173,15494,0.02338386440198996,0.5973125
12105,12284,0.023384055835390608,0.597375
9735,10258,0.023384081483177267,0.5974375
6855,7170,0.023384707345801215,0.5975
11915,12218,0.023385038246735962,0.5975625
1313,1518,0.023385187496271085,0.597625
3986,3850,0.023385612305538483,0.5976875
8733,8705,0.023385669650565686,0.59775
5184,5279,0.023385690946801718,0.5978125
12643,12565,0.023385828789988985,0.597875
8741,8761,0.02338602971608913,0.5979375
4552,4768,0.023386064431576835,0.598
872,330,0.02338620073912979,0.5980625
13080,13362,0.02338620553839208,0.598125
1336,1278,0.023386276382861587,0.5981875
6287,6496,0.023386312955934022,0.59825
9622,10020,0.023386422949356077,0.5983125
2215,2182,0.023386591604395882,0.598375
4795,5160,0.023386736765634072,0.5984375
3466,3597,0.023386780508635484,0.5985
4694,4948,0.023386865910565977,0.5985625
1215,1570,0.02338711816886207,0.598625
6967,7268,0.023387124883466545,0.5986875
7098,7574,0.023387135187769664,0.59875
10418,10317,0.023387310365200975,0.5988125
1822,1965,0.023387691884193044,0.598875
4290,4443,0.023387840172958474,0.5989375
6441,6734,0.023387842636559242,0.599
7479,7749,0.02338784822923392,0.5990625
10629,11014,0.023388033216055384,0.599125
1528,1905,0.023388124055648798,0.5991875
993,991,0.02338820494423466,0.59925
1034,1068,0.023388460555178143,0.5993125
14088,14512,0.023388578585413565,0.599375
12915,13081,0.023388700076455906,0.5994375
7287,7311,0.023388743946320664,0.5995
7382,7495,0.023388768507752015,0.5995625
15309,15744,0.02338879991557521,0.599625
8200,8245,0.023388841774128036,0.5996875
4007,4458,0.02338900811624504,0.59975
12602,12519,0.023389080272369044,0.5998125
196,254,0.023389432817744388,0.599875
9646,10036,0.023389435512674854,0.5999375
6635,7102,0.02338947070196428,0.6
9852,10059,0.02338958785121238,0.6000625
7432,7634,0.023390144195647822,0.600125
11566,11649,0.023390325062784288,0.6001875
1389,1545,0.02339049455584072,0.60025
10118,10588,0.02339049471708954,0.6003125
7115,7273,0.02339050500235955,0.600375
7622,7793,0.023390508015974726,0.6004375
5970,6120,0.023390513488509103,0.6005
15485,15373,0.023390584338811495,0.6005625
13335,13806,0.023390641153979645,0.600625
13829,13779,0.023390823268332823,0.6006875
4646,4965,0.023390893495589336,0.60075
15723,15857,0.023391007157086533,0.6008125
2437,2516,0.023391149194693532,0.600875
1060,1089,0.023391588514071294,0.6009375
2404,2379,0.02339174138342592,0.601
5923,5941,0.023391906243521554,0.6010625
4616,4897,0.02339192697359248,0.601125
3761,4168,0.023391928378326224,0.6011875
8156,8215,0.023392011570755582,0.60125
1981,1977,0.02339229110246314,0.6013125
1635,1689,0.02339234628016718,0.601375
7152,7191,0.023392403586976147,0.6014375
13196,13301,0.023392514716130852,0.6015
13318,13668,0.02339252716730564,0.6015625
8420,8557,0.02339258109132318,0.601625
3400,3569,0.02339263280031774,0.6016875
5431,5698,0.02339264830940679,0.60175
8103,8396,0.023392693494509294,0.6018125
12270,12522,0.02339281131422164,0.601875
6526,6693,0.023393012301329657,0.6019375
14505,14850,0.023393328268632375,0.602
3386,3768,0.02339338108635391,0.6020625
10143,10482,0.0233933847616111,0.602125
2221,2479,0.02339369813606217,0.6021875
6465,6611,0.02339374891996472,0.60225
861,803,0.02339381075104191,0.6023125
101,360,0.023393833276827945,0.602375
4453,4912,0.023393880017528287,0.6024375
2303,2344,0.02339416457179024,0.6025
5432,5706,0.02339420540381055,0.6025625
12941,13460,0.023394222539239694,0.602625
14625,14936,0.023394269057612112,0.6026875
921,959,0.023394588539272815,0.60275
8024,8222,0.02339466252057913,0.6028125
8061,8344,0.023394748475250537,0.602875
14369,14804,0.023394849549483853,0.6029375
3488,3764,0.02339485926183254,0.603
10471,10471,0.023394929238486052,0.6030625
15523,15375,0.023394998131741996,0.603125
1791,2076,0.02339502850031531,0.6031875
9339,9598,0.023395310460596248,0.60325
13200,13259,0.023395379782029654,0.6033125
6353,6786,0.023395520713237163,0.603375
283,636,0.023395559056512718,0.6034375
13842,13921,0.023395673348061783,0.6035
1674,2032,0.023395716459883347,0.6035625
526,764,0.02339577976256061,0.603625
2133,2350,0.02339587362620363,0.6036875
1688,1643,0.0233959114030264,0.60375
12762,13044,0.023395918145277923,0.6038125
6885,6979,0.023395948367604027,0.603875
8502,8639,0.023396017110199875,0.6039375
10446,10409,0.02339609967533356,0.604
4183,4432,0.023396160158378584,0.6040625
7392,7612,0.023396404899883247,0.604125
10589,10641,0.02339641054778352,0.6041875
15099,15464,0.023396501580667795,0.60425
8943,9394,0.02339656016160393,0.6043125
7357,7565,0.023396597128741585,0.604375
2669,2966,0.0233966238998748,0.6044375
15210,15604,0.023396775313560565,0.6045
9681,10058,0.02339679498566384,0.6045625
4812,5148,0.023396870967771682,0.604625
10845,11146,0.023396889088225615,0.6046875
2478,2737,0.02339692031574598,0.60475
4135,4504,0.023397250440724576,0.6048125
3826,4046,0.02339725099842596,0.604875
14464,14762,0.023397501466466773,0.6049375
2636,2885,0.023398254847115676,0.605
1024,1080,0.02339830878801982,0.6050625
1586,1826,0.023398405068517047,0.605125
11071,11352,0.02339844541220752,0.6051875
4216,4423,0.023398593772862734,0.60525
11603,11844,0.023398631926073433,0.6053125
8597,8769,0.023398644530281974,0.605375
3452,3606,0.023398674857142872,0.6054375
3571,4026,0.0233987074262526,0.6055
7917,8033,0.023398750913042696,0.6055625
12259,12646,0.02339885858100188,0.605625
6440,6567,0.023398953253601574,0.6056875
4268,4426,0.023399044780411913,0.60575
3456,3665,0.02339911205049892,0.6058125
3685,4002,0.023399161312644617,0.605875
135,503,0.02339919671540286,0.6059375
4099,4414,0.023399237357903807,0.606
984,1037,0.023399368593318003,0.6060625
14815,14825,0.023399381803392735,0.606125
8158,8378,0.023399396858719126,0.6061875
8075,8524,0.02339957168389385,0.60625
4393,4706,0.0233996451996721,0.6063125
14643,15148,0.02339972033109732,0.606375
5732,6086,0.023399740366151354,0.6064375
2403,2119,0.023399781155017473,0.6065
1681,1755,0.02339980173497973,0.6065625
2693,2942,0.02339999008201471,0.606625
6324,6658,0.02340010906372304,0.6066875
13981,13997,0.023400290897496262,0.60675
14948,15442,0.02340039096227074,0.6068125
3472,3636,0.023400907252561696,0.606875
15642,15601,0.023401264705544867,0.6069375
11410,11595,0.02340131479807876,0.607
1387,1352,0.02340132656761122,0.6070625
7803,7993,0.02340145853140412,0.607125
9797,10023,0.023401478018086973,0.6071875
1869,2082,0.023401529657806962,0.60725
1354,1406,0.02340164654324646,0.6073125
3736,4111,0.023401656384215364,0.607375
14278,14377,0.023401911087464533,0.6074375
3475,3653,0.0234019842978512,0.6075
241,205,0.023402148506869263,0.6075625
234,259,0.023402251458110607,0.607625
5375,5772,0.023402365849719903,0.6076875
10069,10498,0.02340280273607213,0.60775
12265,12638,0.023402820168233227,0.6078125
13800,13733,0.02340290917787186,0.607875
4262,4652,0.023402932888325532,0.6079375
11998,12170,0.023402936369962067,0.608
1536,1653,0.02340297492271346,0.6080625
11654,11918,0.02340307888000879,0.608125
2637,3022,0.02340309911487481,0.6081875
10381,10361,0.02340317416573125,0.60825
889,913,0.02340334040851001,0.6083125
7341,7668,0.023403374656935788,0.608375
1574,1667,0.023403401607787123,0.6084375
1056,1156,0.023403440103043537,0.6085
2281,2651,0.02340344019989251,0.6085625
5034,5222,0.023403517905857398,0.608625
3116,3326,0.023403794853475438,0.6086875
15327,15730,0.023403881081948304,0.60875
6836,6855,0.023403916175847517,0.6088125
15527,15359,0.023403950994052118,0.608875
6872,7154,0.023404092169824954,0.6089375
11079,11454,0.023404259997414602,0.609
1668,1694,0.02340427244781221,0.6090625
13493,13535,0.023404387396089875,0.609125
4434,4707,0.023404607739543185,0.6091875
5331,5704,0.023404616422246734,0.60925
1818,2048,0.023404967748723176,0.6093125
3367,3664,0.02340523452197218,0.609375
6259,6656,0.023405920469404626,0.6094375
7988,8083,0.023406151512570132,0.6095
4142,4456,0.023406220654680888,0.6095625
4232,4468,0.023406614317059538,0.609625
103,105,0.023406765343509207,0.6096875
1327,1535,0.02340683892440227,0.60975
7890,8045,0.023406906477464313,0.6098125
3369,3530,0.02340707640268748,0.609875
14479,14906,0.023407077977580636,0.6099375
12415,12351,0.023407300466554922,0.61
7796,7995,0.023407433369963,0.6100625
983,985,0.023407708479557775,0.610125
11652,11729,0.023407966672922678,0.6101875
14741,15048,0.023407969452968712,0.61025
5281,5449,0.023408383902737532,0.6103125
237,250,0.023408424126415934,0.610375
1178,1244,0.02340855408533345,0.6104375
15596,15489,0.0234086073232524,0.6105
3451,3654,0.023408646276795068,0.6105625
6352,6720,0.02340890442876094,0.610625
6000,6474,0.023409043815229923,0.6106875
6462,6746,0.02340935988226353,0.61075
13280,13690,0.02340974873550439,0.6108125
14162,14255,0.023409943630677464,0.610875
9369,9838,0.02340997390161947,0.6109375
10382,10684,0.02341011328304323,0.611
5301,5664,0.023410254641623315,0.6110625
11971,12180,0.02341033742330475,0.611125
7881,7977,0.023410347726567724,0.6111875
11583,11722,0.02341046777097498,0.61125
15602,15605,0.023410610188799013,0.6113125
15290,15283,0.02341070503919154,0.611375
860,807,0.023411091178322893,0.6114375
324,226,0.02341115764199076,0.6115
5711,6002,0.023411318765282282,0.6115625
5952,6310,0.023411394657864914,0.611625
8511,8525,0.023411452756339,0.6116875
12743,13070,0.02341149606527234,0.61175
9130,9009,0.02341178889090793,0.6118125
8699,8613,0.023411966936488556,0.611875
10962,11398,0.023411982598608723,0.6119375
7395,7682,0.023412087999336046,0.612
8027,8253,0.023412289877239378,0.6120625
185,17,0.023412462048361404,0.612125
2779,2910,0.02341268909279152,0.6121875
2346,2501,0.0234130326927818,0.61225
14555,14701,0.023413080924028308,0.6123125
1312,1479,0.02341309808085628,0.612375
12287,12251,0.02341313734784356,0.6124375
3338,3637,0.023413229973723124,0.6125
12076,12636,0.023413415495121468,0.6125625
8160,8414,0.023413634150423693,0.612625
13883,13917,0.023413808367460064,0.6126875
874,1051,0.023413877092514926,0.61275
13697,14194,0.023413931797933062,0.6128125
5124,5560,0.02341393235092616,0.612875
11240,11109,0.023413968410358088,0.6129375
6168,6396,0.02341432636212757,0.613
2098,2469,0.023414427983216243,0.6130625
4250,4562,0.023414460290311315,0.613125
12206,12772,0.023414477147526595,0.6131875
11687,11966,0.023414650603981117,0.61325
7603,8034,0.023414712295163724,0.6133125
4909,5302,0.023414742036730066,0.613375
11559,11587,0.023414820117948418,0.6134375
5352,5758,0.02341484872818221,0.6135
12144,12161,0.023414917120030646,0.6135625
1317,1546,0.023414940106444543,0.613625
10715,10651,0.02341495182734885,0.6136875
13471,13563,0.02341516175809159,0.61375
6486,6583,0.02341566360999615,0.6138125
3305,3587,0.023415666433548005,0.613875
873,486,0.023415667875503768,0.6139375
4723,4996,0.02341574301619284,0.614
6262,6406,0.02341598111711552,0.6140625
7891,7929,0.023416012640510676,0.614125
2962,3153,0.023416146701881718,0.6141875
6658,7064,0.023416218231673988,0.61425
9355,9942,0.023416314904645377,0.6143125
758,1067,0.02341634372829987,0.614375
1370,1442,0.02341636380490703,0.6144375
863,1015,0.023416518996782782,0.6145
4282,4395,0.023416741325776022,0.6145625
312,253,0.023416945390746208,0.614625
9687,9757,0.02341718952429194,0.6146875
2563,2717,0.02341720330749539,0.61475
11292,11307,0.023417217602085854,0.6148125
8077,8266,0.023417224767976964,0.614875
14028,14460,0.02341736796399468,0.6149375
5949,6156,0.023417573945863197,0.615
11920,12148,0.023417621067624815,0.6150625
968,1163,0.02341793422869463,0.615125
8801,9218,0.02341812380365492,0.6151875
11435,11245,0.02341819899766094,0.61525
4641,4923,0.02341852762772835,0.6153125
14412,14579,0.023418693339077267,0.615375
7143,7283,0.023418864181275686,0.6154375
1752,1763,0.02341898257246733,0.6155
4117,4351,0.023419037414036423,0.6155625
3223,3528,0.02341923444041879,0.615625
6424,6542,0.023419351112184517,0.6156875
15612,15607,0.023419390523712027,0.61575
12033,12141,0.02341945381688744,0.6158125
1471,1395,0.02341948721852302,0.615875
10056,10402,0.02341955724273624,0.6159375
12297,12602,0.023419623871936357,0.616
7621,7785,0.023419919485178742,0.6160625
9954,10039,0.02342009597909138,0.616125
12057,12382,0.02342081736763511,0.6161875
2782,2912,0.023421032039269263,0.61625
12806,13278,0.02342114823853712,0.6163125
13988,14161,0.023421184481106427,0.616375
3024,3324,0.023421200700031054,0.6164375
3918,4112,0.02342123545104503,0.6165
2976,3344,0.02342167936492226,0.6165625
7022,7143,0.023421873623237225,0.616625
11554,11387,0.023421922632845975,0.6166875
7715,7957,0.02342211527528909,0.61675
12284,12672,0.02342224652397526,0.6168125
12590,12671,0.023422798319735913,0.616875
11636,11852,0.023422914897523052,0.6169375
2680,2877,0.02342295172017705,0.617
2248,2208,0.023422957684178954,0.6170625
15275,15275,0.0234230001788486,0.617125
164,233,0.02342309531683835,0.6171875
15174,15173,0.023423423658076675,0.61725
5704,5904,0.02342350942998117,0.6173125
10475,10481,0.023423525071767627,0.617375
11579,11475,0.023423642462388115,0.6174375
6256,6666,0.023423845211133,0.6175
15374,15842,0.023423985276089306,0.6175625
1747,1720,0.02342436013629752,0.617625
762,885,0.02342459630058361,0.6176875
7435,7614,0.023424820824077725,0.61775
5608,5749,0.023424885343273433,0.6178125
7398,7786,0.023424915189878107,0.617875
6310,6568,0.02342507082988605,0.6179375
9610,10026,0.023425112507512055,0.618
757,963,0.023425126424605643,0.6180625
4944,5137,0.023425157325522635,0.618125
1064,1323,0.023425192054983675,0.6181875
7968,8047,0.023425273045615997,0.61825
830,893,0.023425295855176075,0.6183125
1385,1582,0.023425298247517202,0.618375
3633,3909,0.023425328357698297,0.6184375
7390,7666,0.02342536051366895,0.6185
12589,12820,0.023425443165053052,0.6185625
6018,6150,0.023425613936144046,0.618625
14646,14697,0.023425985241220422,0.6186875
209,206,0.02342611116741358,0.61875
6302,6452,0.023426127274243775,0.6188125
9332,9329,0.023426229226618044,0.618875
11455,11125,0.023426308094106625,0.6189375
7943,8398,0.023426450755696295,0.619
913,1106,0.02342652913714065,0.6190625
2435,2685,0.023426584961921345,0.619125
645,811,0.02342676591093814,0.6191875
13085,13526,0.02342676865870423,0.61925
4101,4496,0.02342679046778201,0.6193125
5143,5330,0.02342696068724635,0.619375
15334,15800,0.023426995515382437,0.6194375
14190,14257,0.02342701951067118,0.6195
13082,13452,0.023427098484118437,0.6195625
10480,10886,0.023427168789089882,0.619625
14166,14287,0.023427510747587185,0.6196875
7879,8312,0.023427533240388664,0.61975
15400,15906,0.023427652141880695,0.6198125
12233,12724,0.0234278225636476,0.619875
14937,14961,0.02342798269228172,0.6199375
11231,11059,0.023428053332951164,0.62
15375,15938,0.023428377501983153,0.6200625
3135,3217,0.023428408344838822,0.620125
14476,14920,0.023428603477934837,0.6201875
976,1093,0.02342861753576866,0.62025
7425,7473,0.023428760414900905,0.6203125
1529,1623,0.023429253734653235,0.620375
8374,8387,0.023429277508985102,0.6204375
4886,5178,0.02342955008122811,0.6205
14827,14879,0.023429597976901535,0.6205625
7083,7502,0.023429637793494395,0.620625
8588,9036,0.02342971334151503,0.6206875
5223,5594,0.023429764069441427,0.62075
1440,1509,0.023430055514606755,0.6208125
8706,8777,0.023430332094788828,0.620875
13317,13792,0.023430817901711355,0.6209375
12500,12806,0.023430865849168335,0.621
15587,15583,0.02343087025070252,0.6210625
6867,6837,0.023431542141024234,0.621125
3959,4040,0.02343161590555631,0.6211875
14693,14661,0.023431660806376417,0.62125
6100,6390,0.023431689227738205,0.6213125
4114,4297,0.023431777380842796,0.621375
12179,12336,0.023431886144311867,0.6214375
12772,13092,0.023431944533525595,0.6215
8154,8392,0.02343209105286631,0.6215625
10288,10203,0.02343234419042552,0.621625
50,177,0.023432419281676494,0.6216875
15738,15945,0.023432463449051262,0.62175
13782,14162,0.023432488488349,0.6218125
12560,12717,0.023432589555139285,0.621875
15115,15123,0.023432648172517893,0.6219375
14175,14339,0.02343272045494972,0.622
4110,4466,0.023432757153446452,0.6220625
7426,7665,0.02343285825166663,0.622125
14075,14540,0.023432928008198482,0.6221875
6629,6978,0.023432990574149774,0.62225
1706,1701,0.023433027523062328,0.6223125
2730,2870,0.023433393426076254,0.622375
378,207,0.023433619849996014,0.6224375
13012,13129,0.02343382238216738,0.6225
10063,10089,0.023434060037567917,0.6225625
474,742,0.023434335738701937,0.622625
14746,15098,0.023434681865886722,0.6226875
3659,3807,0.023434704590458474,0.62275
11960,12238,0.023434955745791023,0.6228125
12561,12808,0.023434960532210093,0.622875
3431,3736,0.0234350953296955,0.6229375
4935,5051,0.023435105895000814,0.623
4260,4445,0.023435211154463925,0.6230625
14401,14822,0.02343521267358021,0.623125
7504,7714,0.023435265312842648,0.6231875
14743,15232,0.023435359974892222,0.62325
4712,5184,0.023435406699541868,0.6233125
11548,11513,0.023435407047649015,0.623375
15402,15343,0.023435409998429017,0.6234375
4573,4894,0.023435585109660175,0.6235
7113,7358,0.023435594313643893,0.6235625
8012,8147,0.02343571903056449,0.623625
7565,7747,0.023435847671678518,0.6236875
5682,6098,0.02343591704468371,0.62375
4813,5150,0.02343611990912973,0.6238125
5787,5863,0.023436189127238268,0.623875
8626,8591,0.023436210211421785,0.6239375
13703,13719,0.02343626776743663,0.624
6412,6784,0.023436276449273884,0.6240625
2675,2835,0.023436379283011583,0.624125
6088,6352,0.023436491698635577,0.6241875
13822,13797,0.023436558067089566,0.62425
8133,8255,0.02343666357595601,0.6243125
15264,15688,0.02343674301259083,0.624375
3738,3968,0.023436776024080768,0.6244375
6483,6691,0.02343684517972102,0.6245
862,989,0.023436871225561446,0.6245625
14692,15050,0.023437110153261876,0.624625
7706,7996,0.023437148877812918,0.6246875
3931,3868,0.023437235909453707,0.62475
6574,6972,0.023437248782481497,0.6248125
64,213,0.023437304866386642,0.624875
1598,1543,0.023437400743889315,0.6249375
5255,5349,0.023437585430031913,0.625
1059,1402,0.02343780813084696,0.6250625
14988,15069,0.02343786744916669,0.625125
4889,5164,0.02343803266725807,0.6251875
15371,15267,0.023438174603059962,0.62525
14736,14699,0.023438360645714293,0.6253125
949,1007,0.023438367509901928,0.625375
8060,8175,0.023438475662919674,0.6254375
1603,1587,0.023438639340198714,0.6255
9179,9550,0.02343864884715243,0.6255625
4354,4546,0.023438681456638008,0.625625
14563,14972,0.023438733176449365,0.6256875
2751,2878,0.023438751497941286,0.62575
1984,2378,0.023438828366456846,0.6258125
10173,10151,0.023438845443804767,0.625875
12595,12667,0.023438885376866378,0.6259375
11042,11302,0.02343889889918933,0.626
698,586,0.02343895196004099,0.6260625
15367,15844,0.023439033067154547,0.626125
8990,9340,0.023439164441052464,0.6261875
11986,12120,0.023439167284899812,0.62625
14106,14251,0.02343938913247308,0.6263125
6429,6553,0.02343946029314668,0.626375
4769,5030,0.02343955184406294,0.6264375
6203,6548,0.023439621914698682,0.6265
3745,3998,0.023439786274487114,0.6265625
6961,7262,0.023439859497859792,0.626625
5657,6056,0.023439865793786964,0.6266875
5746,5914,0.023440018539633227,0.62675
6992,7125,0.023440074371980542,0.6268125
15646,15453,0.023440287954210926,0.626875
2094,2336,0.02344029136091676,0.6269375
9136,9187,0.023440381914112032,0.627
14818,15033,0.023440534244476854,0.6270625
3244,3560,0.02344056968788828,0.627125
12139,12604,0.023440637846468566,0.6271875
14626,14948,0.02344073068348459,0.62725
10878,10725,0.02344110996105001,0.6273125
14116,14053,0.023441237524789157,0.627375
1307,1474,0.023441252190350856,0.6274375
465,99,0.023441499933118195,0.6275
10285,10730,0.02344157670571958,0.6275625
11458,11632,0.023441671878793403,0.627625
4295,4665,0.02344186436424276,0.6276875
1301,1471,0.023442009528855567,0.62775
11558,11417,0.02344218959860653,0.6278125
3507,3686,0.02344252627255717,0.627875
6026,6117,0.02344259974790744,0.6279375
1605,1707,0.023442600205362783,0.628
10981,10995,0.023442822992163243,0.6280625
14513,14876,0.023442842190348808,0.628125
12553,12713,0.023442962606884374,0.6281875
8035,8117,0.02344296584970634,0.62825
14691,15202,0.023443298733133302,0.6283125
11493,11678,0.02344335381518305,0.628375
5125,5327,0.023443370171499087,0.6284375
2000,2230,0.023443384054792973,0.6285
2685,2926,0.023443409968826684,0.6285625
9296,9413,0.023443502527645484,0.628625
4271,4512,0.023443664271841646,0.6286875
881,1117,0.023443773312185712,0.62875
14989,15095,0.023443880000480123,0.6288125
7411,7576,0.023444115187798497,0.628875
12247,12534,0.023444122721376397,0.6289375
6001,6137,0.023444184563521594,0.629
15534,15565,0.023444424008479892,0.6290625
7681,7759,0.02344468131776019,0.629125
11428,11315,0.023444687943772042,0.6291875
912,1088,0.023444881511034056,0.62925
15269,15241,0.023445055728699964,0.6293125
5597,5759,0.023445094938320764,0.629375
11028,11520,0.02344527648051108,0.6294375
13153,13157,0.023445413819679874,0.6295
6668,6719,0.02344548120375161,0.6295625
11255,11514,0.023445608808948092,0.629625
15171,15514,0.02344565766782877,0.6296875
7974,8386,0.02344577967975088,0.62975
5573,5886,0.023445921812376168,0.6298125
8819,8865,0.02344622536332471,0.629875
9978,10406,0.023446449019123843,0.6299375
5584,5871,0.023446566146028348,0.63
8947,9368,0.023446767482264305,0.6300625
14114,14261,0.023446799581246815,0.630125
14138,14073,0.02344704567872753,0.6301875
7065,7272,0.023447098480828325,0.63025
12277,12375,0.023447272043761506,0.6303125
6328,6506,0.02344761393763021,0.630375
1437,1552,0.023447887529059172,0.6304375
661,650,0.02344802842896527,0.6305
7521,7681,0.02344828650434833,0.6305625
819,80,0.023448461734101,0.630625
2515,2355,0.02344852055356915,0.6306875
9261,9582,0.023448580934012444,0.63075
7448,7664,0.02344869547355595,0.6308125
197,260,0.02344872326674737,0.630875
12227,12674,0.02344884473612686,0.6309375
8096,8634,0.023448850347019653,0.631
6800,6967,0.023449016214498825,0.6310625
12207,12350,0.023449117897646324,0.631125
6368,6788,0.023449220024926835,0.6311875
1814,2232,0.023449327652381193,0.63125
13107,13422,0.02344973831394566,0.6313125
9982,10081,0.023449832775011316,0.631375
12591,12689,0.0234498706094835,0.6314375
14551,14884,0.02345001193266395,0.6315
12783,13096,0.02345024931698906,0.6315625
7419,7692,0.02345028405887492,0.631625
12356,12790,0.023450375285352803,0.6316875
12567,12926,0.02345038143815765,0.63175
756,1100,0.02345043143653467,0.6318125
8183,8610,0.02345063850962735,0.631875
7020,7252,0.023450639134179493,0.6319375
14799,14821,0.023450948668758218,0.632
7233,7570,0.023451291793672783,0.6320625
14072,14071,0.023451320739910474,0.632125
12623,12545,0.023451388986866765,0.6321875
11413,11259,0.02345165842340376,0.63225
3815,3992,0.02345183405140898,0.6323125
5763,5995,0.02345205909780927,0.632375
1548,1664,0.023452160639622816,0.6324375
2662,2811,0.023452253706260764,0.6325
4980,5396,0.02345226820394664,0.6325625
10953,11370,0.0234522827448583,0.632625
155,7,0.02345238496524764,0.6326875
1582,1607,0.023452432662797743,0.63275
11259,11099,0.023452500721875952,0.6328125
7758,8276,0.02345251817326726,0.632875
11951,11989,0.02345264928099674,0.6329375
6380,6493,0.023452777384914202,0.633
5598,5681,0.023452884202661294,0.6330625
4732,5062,0.023453075701825737,0.633125
3395,3740,0.023453298789696816,0.6331875
1436,1621,0.023453326756379272,0.63325
1507,1525,0.02345335229251425,0.6333125
7388,7441,0.023453379010946313,0.633375
11463,11293,0.023453426844490224,0.6334375
6273,6638,0.023453663554482952,0.6335
5403,5585,0.023453819897370415,0.6335625
11311,11542,0.02345429025660316,0.633625
12250,12393,0.023454305840941162,0.6336875
10014,10386,0.023454344283068147,0.63375
7,357,0.023454584689286052,0.6338125
15502,15363,0.023454787399039136,0.633875
14430,14744,0.02345510398042855,0.6339375
6348,6483,0.023455152896121947,0.634
6425,6754,0.023455172392128992,0.6340625
6713,6787,0.023455696314675433,0.634125
639,732,0.02345595209513032,0.6341875
11223,11518,0.023456017507412687,0.63425
2839,3276,0.02345602461946439,0.6343125
1699,2077,0.023456160636180567,0.634375
15543,15549,0.023456197053314396,0.6344375
7226,7295,0.023456449016279756,0.6345
14473,14922,0.02345663473858174,0.6345625
8600,8615,0.023456742950454024,0.634625
959,1203,0.02345700292786896,0.6346875
11111,11107,0.023457308325795935,0.63475
551,704,0.02345736653814626,0.6348125
5450,5543,0.023457483829180083,0.634875
4470,4720,0.02345754028178519,0.6349375
9657,9843,0.0234576050111,0.635
10129,10139,0.023457682059091822,0.6350625
11505,11385,0.023457886508331537,0.635125
12554,12810,0.02345819671771481,0.6351875
15078,15474,0.023458358716694307,0.63525
11312,11237,0.023458388974917803,0.6353125
3822,4030,0.023458473561932404,0.635375
5639,5741,0.023458485370351764,0.6354375
714,612,0.023458518385657566,0.6355
1253,1337,0.023458629265357068,0.6355625
6009,6186,0.02345869939136856,0.635625
3407,3611,0.02345875508433565,0.6356875
11004,11035,0.023458866230443846,0.63575
223,193,0.023459044476577595,0.6358125
10768,11054,0.023459233087955927,0.635875
3895,4038,0.023459414269050374,0.6359375
3561,3785,0.023459459888610205,0.636
1638,1688,0.023459462434873853,0.6360625
15160,15630,0.023459778721834985,0.636125
11543,11930,0.023460018327356225,0.6361875
2134,2362,0.023460210419736227,0.63625
8978,9386,0.02346029491420011,0.6363125
4025,4476,0.023460432815391025,0.636375
12331,12407,0.023460640706587085,0.6364375
1782,2009,0.023460768332250755,0.6365
12344,12474,0.02346080817782352,0.6365625
14067,14544,0.023460980286886767,0.636625
12738,12791,0.02346109807534431,0.6366875
14756,15078,0.02346117946268081,0.63675
8757,8841,0.02346119604922683,0.6368125
15583,15455,0.02346148240205062,0.636875
12397,12567,0.02346168618116226,0.6369375
15048,15151,0.02346170661196544,0.637
14545,14938,0.023461822675739874,0.6370625
10560,10936,0.023461855250522475,0.637125
14771,15118,0.02346194129957595,0.6371875
10904,11196,0.02346217740297549,0.63725
12359,12684,0.023462255996202466,0.6373125
3182,3424,0.023462325089856413,0.637375
1596,1703,0.023462399800634137,0.6374375
1074,1125,0.023462448308490896,0.6375
6435,6775,0.023462470142358704,0.6375625
6904,6961,0.023462513484712476,0.637625
6922,7256,0.023462522291010892,0.6376875
14864,15384,0.02346254882929053,0.63775
14758,15242,0.023462696205590598,0.6378125
3751,4045,0.023462726776529573,0.637875
13171,13654,0.023462971191641046,0.6379375
2299,2538,0.023463384325579813,0.638
6537,6870,0.02346339352316181,0.6380625
9686,10082,0.023463497370267174,0.638125
1952,2057,0.023463550804902762,0.6381875
13817,14200,0.023463597333245847,0.63825
2772,2930,0.023463704538205562,0.6383125
12260,12548,0.02346377886109561,0.638375
3160,3410,0.023463781807798106,0.6384375
8180,8287,0.023464497447622364,0.6385
7100,7308,0.023464544179713036,0.6385625
4194,4449,0.023465012149015026,0.638625
9903,10390,0.02346504892788781,0.6386875
9642,9841,0.02346537006683454,0.63875
15016,15448,0.023465815120950754,0.6388125
9505,9717,0.02346600324841431,0.638875
1982,2294,0.023466382240404947,0.6389375
15586,15427,0.02346650281532783,0.639
1460,1536,0.023466732895054493,0.6390625
1114,1313,0.023466738530024428,0.639125
12422,12782,0.023466761222835548,0.6391875
13638,14112,0.02346698740629452,0.63925
6803,6823,0.023467000667967676,0.6393125
11465,11960,0.023467029086046847,0.639375
1459,1522,0.02346713149247793,0.6394375
5478,5618,0.023467243105177175,0.6395
11995,12065,0.02346736588894865,0.6395625
15259,15339,0.023467720647329954,0.639625
5909,5939,0.023467733742953367,0.6396875
478,580,0.02346775210613454,0.63975
1209,1521,0.023467838196582852,0.6398125
3410,3683,0.02346797068666184,0.639875
116,46,0.02346800632192259,0.6399375
14200,14123,0.023468049492554904,0.64
11531,11597,0.023468092912932545,0.6400625
8964,8961,0.0234682477282109,0.640125
6350,6502,0.02346824881589189,0.6401875
14749,14735,0.023468305153452836,0.64025
6494,6906,0.02346831410145577,0.6403125
6,398,0.023468626983246595,0.640375
8506,8495,0.02346885946123605,0.6404375
7594,8080,0.023468885903971122,0.6405
5545,5631,0.023468965569820747,0.6405625
9918,10035,0.023468968806135884,0.640625
4476,4691,0.023469165831273855,0.6406875
12417,12800,0.02346922900094433,0.64075
3419,3570,0.023469526207228197,0.6408125
8867,9240,0.023469697191371805,0.640875
7509,7674,0.023469917084302308,0.6409375
12352,12744,0.02347000993073498,0.641
13848,14384,0.023470119031089184,0.6410625
225,141,0.023470123649611523,0.641125
15655,15533,0.023470158855162113,0.6411875
12229,12374,0.02347034490580634,0.64125
6511,6703,0.023470379363747466,0.6413125
6397,6640,0.02347055460640307,0.641375
4204,4451,0.0234707517726091,0.6414375
713,761,0.02347077962336662,0.6415
8315,8351,0.023470999184674667,0.6415625
7132,7340,0.02347114708613768,0.641625
1820,1979,0.02347123615457895,0.6416875
8026,8217,0.023471436942042994,0.64175
3809,3989,0.023471445981132294,0.6418125
1001,1123,0.023471534757872545,0.641875
7650,8016,0.02347158132673209,0.6419375
681,596,0.023471589235187034,0.642
12368,12291,0.0234716279107055,0.6420625
4184,4506,0.02347172581223688,0.642125
6508,6982,0.023471869762089797,0.6421875
2755,2929,0.023472440990651197,0.64225
11388,11141,0.023472519886031745,0.6423125
9502,9986,0.023472584208754997,0.642375
13395,13914,0.02347259445002265,0.6424375
6772,7222,0.023472779055024404,0.6425
8046,8554,0.02347294325559145,0.6425625
3454,3799,0.02347331031579713,0.642625
9879,10282,0.023473376514362872,0.6426875
14540,14926,0.02347370592512202,0.64275
14015,14035,0.023473796728933596,0.6428125
7800,8294,0.02347393102257044,0.642875
11515,11743,0.023474120094724733,0.6429375
5572,5647,0.023474167307757234,0.643
10093,10442,0.023474172125134564,0.6430625
14123,14598,0.023474412402264902,0.643125
2282,2332,0.023474548707774743,0.6431875
1819,2025,0.0234746375818804,0.64325
6161,6486,0.023474663820006975,0.6433125
11974,12230,0.023474685329966563,0.643375
8604,8595,0.02347491182108535,0.6434375
1989,2394,0.023474966648675717,0.6435
10408,10319,0.023474994138610043,0.6435625
14744,14905,0.023475258931580905,0.643625
12607,12922,0.02347534787918075,0.6436875
1203,1214,0.02347556607877844,0.64375
11957,12083,0.023475653379749255,0.6438125
10130,10141,0.023475718297330514,0.643875
3089,3179,0.023475722793586184,0.6439375
9278,9463,0.0234757385333747,0.644
6282,6460,0.023475869493795064,0.6440625
649,1010,0.02347609341577348,0.644125
8064,8368,0.023476167160280857,0.6441875
3279,3548,0.02347618618535539,0.64425
8688,8763,0.02347641439011757,0.6443125
12369,12347,0.023476478653489136,0.644375
12692,13010,0.02347648540861532,0.6444375
3257,3420,0.02347681287526378,0.6445
6271,6495,0.0234770837427634,0.6445625
12054,12624,0.02347711212291718,0.644625
14161,14141,0.023477173788969175,0.6446875
4544,4878,0.023477233891253883,0.64475
7102,7291,0.023477241274792712,0.6448125
12349,12535,0.023477385889477988,0.644875
14450,14990,0.023477544063169216,0.6449375
14236,14612,0.023477845955071724,0.645
14605,14984,0.02347790110234041,0.6450625
11518,11916,0.02347793052431228,0.645125
10793,10709,0.023478562701727688,0.6451875
12328,12440,0.023478575988292966,0.64525
7764,7833,0.023478618642632655,0.6453125
3139,3409,0.023478653580323562,0.645375
14677,14663,0.023478680764652027,0.6454375
5874,6122,0.02347874297424553,0.6455
12794,13043,0.023478860380754783,0.6455625
7034,7328,0.0234789130763055,0.645625
12319,12700,0.023478922899935015,0.6456875
10309,10321,0.023478978667502117,0.64575
14442,14796,0.023479217375549952,0.6458125
4955,5226,0.023479351639574115,0.645875
3942,4408,0.023479355583639283,0.6459375
13885,14440,0.023479458176481772,0.646
12392,12495,0.02347957031372186,0.6460625
12029,12135,0.023479654561272854,0.646125
14751,15146,0.023479724714790727,0.6461875
11820,11885,0.023480064146243138,0.64625
6313,6509,0.02348041699650688,0.6463125
1918,2204,0.023480563568907667,0.646375
6496,6866,0.02348074327789421,0.6464375
8128,8205,0.023480953898978228,0.6465
4710,4941,0.023481021019223478,0.6465625
11633,11809,0.023481115829231694,0.646625
11434,11628,0.023481165590750162,0.6466875
7309,7656,0.023481407788820893,0.64675
5801,6100,0.023481549089087884,0.6468125
12543,12874,0.023481708474214637,0.646875
1552,1559,0.023481710748359738,0.6469375
10142,10466,0.023481792914803554,0.647
4207,4608,0.023481805461763882,0.6470625
4369,4718,0.02348206454350505,0.647125
6334,6758,0.023482264370034305,0.6471875
3398,3632,0.023482384404411492,0.64725
4424,4886,0.023482627095859347,0.6473125
10975,11330,0.02348263238476974,0.647375
1159,1420,0.023482689300077846,0.6474375
3763,4070,0.02348301053119571,0.6475
13815,13789,0.023483054697268756,0.6475625
14859,15178,0.0234831681599895,0.647625
12568,12641,0.02348317453455107,0.6476875
13337,13712,0.02348323893579974,0.64775
12609,12549,0.023483378357599168,0.6478125
12049,12139,0.023483459646208328,0.647875
9992,10452,0.02348347638122471,0.6479375
257,49,0.02348351809019029,0.648
11488,11349,0.023483903114042654,0.6480625
12574,12675,0.02348391390783187,0.648125
10481,10892,0.023484062451359252,0.6481875
15735,15965,0.023484077094520075,0.64825
13855,14079,0.0234844593963558,0.6483125
6221,6564,0.023484524989483918,0.648375
10881,11142,0.023484535819992155,0.6484375
5198,5331,0.023484584742155947,0.6485
14637,15094,0.023484655985338023,0.6485625
629,746,0.023484798985180973,0.648625
1095,1260,0.023484809525815047,0.6486875
6909,7240,0.023484959245564478,0.64875
5985,6292,0.023485077225592878,0.6488125
4221,4692,0.023485621358371046,0.648875
11523,11942,0.023485645730348944,0.6489375
3662,3946,0.023485695666820808,0.649
10083,10552,0.02348586453666709,0.6490625
7652,7988,0.023486219797443274,0.649125
12639,13000,0.023486221860360104,0.6491875
4589,4844,0.02348634204110215,0.64925
9357,9431,0.023486666956597818,0.6493125
441,55,0.023486711653508154,0.649375
10530,11012,0.023486772482435532,0.6494375
9051,8973,0.023486846844459463,0.6495
11139,11083,0.02348685540980922,0.6495625
14085,14586,0.02348695435616799,0.649625
1375,1426,0.023487008635432582,0.6496875
7137,7237,0.023487075868609795,0.64975
3150,3285,0.023487092957228322,0.6498125
11044,11364,0.02348712707579225,0.649875
11149,11508,0.023487291570473585,0.6499375
7466,7716,0.023487329522586593,0.65
5439,5499,0.023487446429917964,0.6500625
1093,1382,0.023487458924661978,0.650125
1361,1576,0.02348761705317395,0.6501875
15159,15153,0.023487774510895235,0.65025
7459,7742,0.02348788411908159,0.6503125
2293,2508,0.023488005252482493,0.650375
1433,1501,0.02348808426342969,0.6504375
12123,12310,0.02348828688918062,0.6505
11256,11123,0.02348829815592607,0.6505625
2673,3010,0.023488373872338743,0.650625
4325,4534,0.023488432428270777,0.6506875
13804,14222,0.023488510883102894,0.65075
8413,8511,0.023488529705652857,0.6508125
10688,10623,0.023488547128755487,0.650875
2481,2844,0.023488628818145632,0.6509375
7740,7855,0.023488762677484003,0.651
3695,3934,0.023488849417953733,0.6510625
8441,8489,0.023489029269477255,0.651125
12383,12730,0.023489062519001454,0.6511875
14023,14550,0.02348921065417269,0.65125
12333,12458,0.023489317375226533,0.6513125
6224,6428,0.023489369901639294,0.651375
3611,3774,0.023489857126133065,0.6514375
12380,12692,0.023489935613511145,0.6515
9890,9943,0.023490171952500912,0.6515625
2581,2751,0.023490243706132393,0.651625
9083,9586,0.023490278543561453,0.6516875
9159,9117,0.02349033425137905,0.65175
3448,3631,0.023490357293005422,0.6518125
10356,10624,0.02349042981400542,0.651875
5244,5311,0.02349046324013224,0.6519375
15357,15792,0.023490804446520807,0.652
3518,3641,0.023490840974758186,0.6520625
1493,1867,0.02349090153844592,0.652125
14041,14207,0.023490985551195127,0.6521875
14761,15270,0.023491343026755283,0.65225
7817,8288,0.023491361874204347,0.6523125
13339,13764,0.02349147200759228,0.652375
8915,9258,0.023491493208454076,0.6524375
12275,12676,0.023491611177654474,0.6525
8440,8455,0.023491628319002058,0.6525625
12605,12707,0.023492427224229447,0.652625
15365,15746,0.023492557674759884,0.6526875
12160,12281,0.023492564597712772,0.65275
10236,10195,0.02349265088115091,0.6528125
12200,12231,0.023492881797832744,0.652875
11372,11233,0.023492985196411173,0.6529375
12659,13072,0.02349312979841911,0.653
6210,6636,0.02349338511019225,0.6530625
15137,15528,0.023493463014736503,0.653125
10929,11200,0.023493562170469336,0.6531875
13717,14160,0.023493622523347638,0.65325
7675,7994,0.023493669257076088,0.6533125
13161,13612,0.023493898738645647,0.653375
321,245,0.023494038700578698,0.6534375
2278,2354,0.023494219677825005,0.6535
1238,1379,0.023494262560266453,0.6535625
7055,7370,0.02349426585021726,0.653625
3843,3970,0.023494333205134107,0.6536875
7197,7413,0.023494339831167874,0.65375
12215,12630,0.023494363635371954,0.6538125
1719,1999,0.023494524942967093,0.653875
8000,8199,0.02349470199129727,0.6539375
7921,7979,0.023494702960600942,0.654
13946,14051,0.023494777418652184,0.6540625
3990,4350,0.023494869992367103,0.654125
13748,13885,0.023494920546907664,0.6541875
10067,10446,0.02349501084196529,0.65425
9653,10118,0.023495099377628458,0.6543125
8667,8719,0.023495224069514063,0.654375
3628,3982,0.02349546334625252,0.6544375
6448,6858,0.023496078608199484,0.6545
4149,4588,0.02349611709204341,0.6545625
3784,4008,0.023496252152483015,0.654625
1422,1469,0.023496353905037525,0.6546875
6321,6592,0.023496366135053102,0.65475
8073,8207,0.02349651310220663,0.6548125
13409,13613,0.02349673046568911,0.654875
2021,2371,0.023496734438141098,0.6549375
4063,4239,0.02349703810890298,0.655
15161,15518,0.023497052014301145,0.6550625
15065,15177,0.02349706347928027,0.655125
2190,2226,0.023497106959304563,0.6551875
11087,11440,0.023497124428860226,0.65525
3898,3892,0.023497170228299294,0.6553125
1280,1616,0.023497253380731786,0.655375
6403,6756,0.02349739928494764,0.6554375
7358,7738,0.023497436985810742,0.6555
10259,10770,0.023497497843154393,0.6555625
6505,6922,0.023497505227752975,0.655625
8016,8322,0.023497558851005032,0.6556875
3699,3948,0.02349760054779841,0.65575
12637,13172,0.02349778929744393,0.6558125
15368,15864,0.023498064695486855,0.655875
11576,11800,0.0234981836735965,0.6559375
1202,1210,0.02349848727597355,0.656
13381,13597,0.0234986689104228,0.6560625
2422,2693,0.023498670671530195,0.656125
775,112,0.023498794889190586,0.6561875
11151,11055,0.023498810310607875,0.65625
2428,2432,0.023498926251549403,0.6563125
10518,10541,0.02349910892536883,0.656375
3048,3345,0.023499137214558586,0.6564375
6190,6426,0.023499152697646925,0.6565
5161,5257,0.023499238507769128,0.6565625
3364,3766,0.023499358275528303,0.656625
11578,11405,0.023499392839245938,0.6566875
13078,13175,0.023500085247431295,0.65675
7658,7869,0.023500188010780087,0.6568125
7436,7584,0.023500277575796525,0.656875
4576,4776,0.023500378376474423,0.6569375
4076,4353,0.023500381280191888,0.657
12354,12359,0.023500448323833602,0.6570625
5334,5714,0.023500523699567583,0.657125
8458,8471,0.023500594021573794,0.6571875
13750,14142,0.02350069276681862,0.65725
13777,13913,0.023500763799375053,0.6573125
1796,2035,0.02350093341467874,0.657375
14939,14999,0.023501054799680753,0.6574375
11955,12228,0.02350108397876856,0.6575
1150,1384,0.02350110954123288,0.6575625
12339,12377,0.023501175850648856,0.657625
1090,1144,0.023501238209196935,0.6576875
11166,11478,0.0235012978103894,0.65775
3874,3888,0.023501358060665497,0.6578125
8087,8438,0.023501381831464566,0.657875
6984,7133,0.023501473793352674,0.6579375
6160,6408,0.023501501784215523,0.658
8424,8553,0.02350153651676266,0.6580625
7501,7954,0.02350154057639009,0.658125
6688,6741,0.023501675436637556,0.6581875
12013,12079,0.023501975657551574,0.65825
3405,3776,0.02350197993014785,0.6583125
5516,5649,0.02350236708413537,0.658375
10360,10311,0.023502772960425435,0.6584375
12124,12358,0.023502806874014386,0.6585
10764,11124,0.023502821159723006,0.6585625
14318,14806,0.023502917168037374,0.658625
4293,4524,0.02350294464002521,0.6586875
3462,3698,0.023503001758791803,0.65875
7789,8250,0.023503110916154982,0.6588125
8641,8635,0.023503134630220173,0.658875
12074,12183,0.023503257648852485,0.6589375
8780,8867,0.023503261867764556,0.659
11703,11974,0.023503313480799395,0.6590625
5315,5556,0.023503336262953346,0.659125
7878,8306,0.023503377803182138,0.6591875
3722,4024,0.02350338388711709,0.65925
11541,11760,0.023503596867652694,0.6593125
12555,12940,0.02350367306605561,0.659375
4351,4683,0.023503829115009638,0.6594375
3710,3780,0.02350405053432489,0.6595
4610,4924,0.023504324038503995,0.6595625
1148,1288,0.023504337955618987,0.659625
10930,11250,0.023504579175014497,0.6596875
573,762,0.02350461979556544,0.65975
14205,14361,0.023504649168234908,0.6598125
13915,13995,0.023504710382557536,0.659875
12482,12870,0.023504740412424275,0.6599375
10908,11061,0.023504907175856116,0.66
5233,5506,0.023504975407104115,0.6600625
3711,3920,0.023505024674184718,0.660125
1468,1592,0.023505451524808124,0.6601875
3372,3621,0.02350574380808839,0.66025
2273,2356,0.023505828312472016,0.6603125
13835,13847,0.02350595984266953,0.660375
1235,1392,0.023506209177307186,0.6604375
6030,6222,0.02350641404792406,0.6605
1173,1318,0.023506428245653344,0.6605625
3459,3690,0.02350657382071695,0.660625
3078,3334,0.023506608996505352,0.6606875
11606,11771,0.02350668280187762,0.66075
10519,10557,0.023506997380630983,0.6608125
1255,1370,0.023507302208939842,0.660875
1174,1368,0.023507341036242003,0.6609375
3788,3985,0.023507365298090055,0.661
11365,11610,0.023507399878237474,0.6610625
814,993,0.023507834035873112,0.661125
15292,15628,0.023507887402417018,0.6611875
2493,2335,0.02350791477017533,0.66125
7771,7903,0.023508012942821028,0.6613125
11391,11658,0.023508087954070216,0.661375
10369,10359,0.02350820521575959,0.6614375
8570,8567,0.023508360458099335,0.6615
14901,14953,0.023508425397161727,0.6615625
2548,2826,0.023508457125493726,0.661625
2319,2385,0.023508528975875815,0.6616875
13965,14386,0.023509206597228115,0.66175
7311,7321,0.02350934122553396,0.6618125
13893,14005,0.023509343391068967,0.661875
71,101,0.023509390982303084,0.6619375
14763,15152,0.0235094779967908,0.662
11599,11473,0.023509598603338903,0.6620625
11051,11416,0.02350973115478069,0.662125
5088,5245,0.023509924666553817,0.6621875
5014,5115,0.023510077449831086,0.66225
7869,8228,0.02351008951701257,0.6623125
8094,8356,0.02351027951954744,0.662375
4177,4275,0.023510289495870567,0.6624375
11136,11476,0.02351029911938941,0.6625
610,554,0.023510459616887032,0.6625625
12272,12353,0.023510468649050462,0.662625
1237,1448,0.023510533491902394,0.6626875
8015,8157,0.023510577369978893,0.66275
1718,1740,0.023510687050668794,0.6628125
3443,3660,0.023510825169793928,0.662875
3376,3754,0.02351087361732796,0.6629375
4261,4417,0.023510922685764414,0.663
14019,14410,0.023510956869651815,0.6630625
1394,1355,0.023511227093318987,0.663125
8709,8645,0.023511257325931897,0.6631875
163,217,0.02351128370275785,0.66325
5609,5916,0.023511295015169027,0.6633125
671,186,0.023511621602095745,0.663375
5025,5233,0.023511630759099088,0.6634375
1578,1608,0.02351164296771357,0.6635
6566,6948,0.023511699423644585,0.6635625
14512,14864,0.023511784604138036,0.663625
9233,9726,0.023511794951523016,0.6636875
3277,3538,0.02351200894902388,0.66375
9874,9887,0.02351226815529649,0.6638125
8209,8283,0.023512353298088345,0.663875
1218,1361,0.023512371820802083,0.6639375
1427,1583,0.023512420285038128,0.664
12658,13014,0.023512548486911346,0.6640625
5165,5285,0.023512802821051844,0.664125
8188,8331,0.023512886342742238,0.6641875
1269,1452,0.023512978024344922,0.66425
3332,3626,0.023513201853450856,0.6643125
3733,3954,0.023513312401584965,0.664375
9828,10266,0.02351332857882597,0.6644375
3926,4080,0.02351333077650711,0.6645
10775,11118,0.02351341093045472,0.6645625
6798,7258,0.02351355940294262,0.664625
3384,3619,0.023513568142767498,0.6646875
10552,10593,0.023513841495909564,0.66475
6903,7376,0.023513909307412303,0.6648125
10915,10997,0.02351397242010877,0.664875
7770,7853,0.023514102620286744,0.6649375
12466,12964,0.02351445914058982,0.665
12458,12830,0.02351447958731956,0.6650625
11190,11498,0.023514577876024213,0.665125
11519,11539,0.023514590220535717,0.6651875
11537,11902,0.023514655657410254,0.66525
2947,3299,0.023514821380503297,0.6653125
3743,3971,0.0235148486147237,0.665375
1956,2015,0.02351485454851399,0.6654375
2612,2779,0.023514888250155644,0.6655
4619,4899,0.023514909770072173,0.6655625
14690,15102,0.02351497776029319,0.665625
1514,1824,0.02351513290625045,0.6656875
9817,9897,0.023515330328738888,0.66575
3342,3607,0.02351551902151606,0.6658125
10734,11048,0.023515674591112555,0.665875
15542,15413,0.023515702369886163,0.6659375
7654,7845,0.023515752529489318,0.666
896,1070,0.02351579502469151,0.6660625
11318,11594,0.023516004163068246,0.666125
1698,1756,0.023516098980630232,0.6661875
6304,6500,0.023516132145219026,0.66625
85,13,0.023516656246762777,0.6663125
3156,3323,0.023517161200853006,0.666375
1303,1300,0.023517302764975462,0.6664375
8143,8327,0.02351752564510991,0.6665
981,1180,0.02351755660773963,0.6665625
14766,15104,0.023517566896648946,0.666625
1077,1428,0.023517720350961474,0.6666875
4856,5133,0.023517850415623417,0.66675
1144,1529,0.02351787374651635,0.6668125
10966,11248,0.023517893794971823,0.666875
15311,15638,0.023518013695008756,0.6669375
1609,1683,0.02351812869150143,0.667
3747,4110,0.02351833534622179,0.6670625
14699,15134,0.02351835449063261,0.667125
12537,12822,0.023518378276568466,0.6671875
1672,1716,0.023518393289869256,0.66725
3444,3738,0.023518457090476255,0.6673125
1709,1810,0.02351849441039877,0.667375
2546,2741,0.02351862721251277,0.6674375
6400,6738,0.023518662364382766,0.6675
12448,12762,0.02351876440675871,0.6675625
15017,15462,0.023518911196138883,0.667625
3511,3639,0.02351917362408199,0.6676875
2449,2532,0.023519178649788985,0.66775
10453,10772,0.02351928939801507,0.6678125
7157,7518,0.023519368324370106,0.667875
12729,12781,0.023519407228543773,0.6679375
9121,9203,0.02351945637119243,0.668
5462,5507,0.023519606903426853,0.6680625
12657,13002,0.023519641446467985,0.668125
8919,9201,0.023519713461795978,0.6681875
7526,7926,0.023519713805184816,0.66825
10179,10556,0.023519782582946507,0.6683125
3114,3455,0.02351999180585472,0.668375
9045,8967,0.023520184741792318,0.6684375
8728,8661,0.023520301799529946,0.6685
954,1279,0.023520490346115835,0.6685625
14757,15196,0.02352053115580792,0.668625
12361,12499,0.023520540943245172,0.6686875
2031,2300,0.023520548759616816,0.66875
10651,10643,0.023520656162806772,0.6688125
6208,6534,0.023520720211714814,0.668875
5568,5837,0.023520921551741823,0.6689375
5697,5972,0.023520980170191653,0.669
8410,8561,0.023521033195299874,0.6690625
13656,13685,0.023521347174327887,0.669125
6759,6959,0.023521374735084494,0.6691875
8018,8422,0.02352139595906797,0.66925
2593,2769,0.02352167699523043,0.6693125
12118,12165,0.023521699037612254,0.669375
3417,3649,0.023521843951135536,0.6694375
7329,7628,0.023522034142387255,0.6695
5353,5557,0.023522093810286773,0.6695625
11507,11551,0.023522142154688442,0.669625
3594,3897,0.02352216652277686,0.6696875
1033,1011,0.023522286791605757,0.66975
12138,12572,0.023522314414122215,0.6698125
5962,6189,0.023522342333228544,0.669875
11329,11601,0.02352237360421342,0.6699375
10731,10695,0.02352255213510194,0.67
2365,2425,0.023522671505423535,0.6700625
15717,15859,0.02352272150628736,0.670125
5628,5737,0.023522824393605635,0.6701875
8375,8389,0.023522850298501458,0.67025
2226,2567,0.023522919317099676,0.6703125
14845,15027,0.023522941193092162,0.670375
3009,3147,0.023523068473190738,0.6704375
9330,9597,0.023523079151542402,0.6705
4943,5079,0.02352314282310801,0.6705625
2394,2492,0.023523150613432273,0.670625
7067,7211,0.023523245654890435,0.6706875
10987,11324,0.023523254667551317,0.67075
14879,15144,0.02352330000586528,0.6708125
5627,6054,0.023523362460329385,0.670875
3062,3349,0.02352375729624825,0.6709375
2732,3110,0.02352385289652677,0.671
836,410,0.023523853492797175,0.6710625
6953,7402,0.02352400704436888,0.671125
14590,14924,0.02352410334866272,0.6711875
4228,4630,0.023524131660196734,0.67125
2344,2390,0.023524745213713033,0.6713125
15628,15523,0.02352499923556473,0.671375
4879,5248,0.023525044874719694,0.6714375
1710,2007,0.02352514965875699,0.6715
11991,12110,0.02352526457725287,0.6715625
14050,14209,0.0235252990233848,0.671625
12868,13035,0.023525564729703054,0.6716875
5383,5668,0.023525873120290454,0.67175
8091,8490,0.0235261361277564,0.6718125
3670,3991,0.023526224338673886,0.671875
6426,6778,0.02352625385848144,0.6719375
1415,1444,0.02352653265924044,0.672
9615,9763,0.023526741323759707,0.6720625
13322,13706,0.02352689936211832,0.672125
8159,8546,0.02352699508190297,0.6721875
1850,1993,0.023527000688623324,0.67225
6340,6772,0.023527050369832207,0.6723125
13796,14178,0.023527230400102097,0.672375
1629,1777,0.023527284141884982,0.6724375
7544,7916,0.02352735647015042,0.6725
160,38,0.0235273727085664,0.6725625
7136,7348,0.023527430460442873,0.672625
189,224,0.023527600720499975,0.6726875
14237,14347,0.023527765301224753,0.67275
10606,11038,0.023527871055922595,0.6728125
8261,8822,0.023528204290426857,0.672875
6406,6820,0.023528242251265645,0.6729375
10052,10097,0.023528402253551163,0.673
2734,2989,0.02352849374659085,0.6730625
14831,14917,0.02352861927426416,0.673125
4222,4433,0.02352862435016378,0.6731875
11657,11874,0.023528625524331454,0.67325
12303,12398,0.02352869467183652,0.6733125
4272,4607,0.023528711509750236,0.673375
3375,3544,0.023528731130527152,0.6734375
5694,6000,0.023529002921167004,0.6735
7639,7751,0.023529047132964706,0.6735625
9820,9963,0.02352925165499185,0.673625
2757,2924,0.023529560534876818,0.6736875
1395,1569,0.02352959349091169,0.67375
4344,4742,0.02352983787363874,0.6738125
5069,5272,0.023529867374055487,0.673875
7494,7673,0.023529902739339238,0.6739375
2415,2518,0.023530014838127628,0.674
4555,4860,0.023530351049703992,0.6740625
9888,10037,0.023530418023142978,0.674125
3798,4051,0.023530762146607785,0.6741875
723,1092,0.02353086467460441,0.67425
14121,14568,0.023530885611387123,0.6743125
4880,5099,0.02353092532479978,0.674375
5634,5932,0.023531015630733284,0.6744375
6590,7054,0.023531017621499038,0.6745
759,372,0.02353105328171512,0.6745625
1966,1989,0.023531083190398185,0.674625
12694,13152,0.02353123151481974,0.6746875
6086,6391,0.02353182056930717,0.67475
1193,1568,0.023532063624688723,0.6748125
6149,6546,0.023532157652215384,0.674875
14754,14979,0.023532244001259424,0.6749375
12411,12740,0.023532288145755864,0.675
9324,9327,0.02353242053600359,0.6750625
1136,1198,0.02353243617329495,0.675125
6442,6810,0.023532537589878055,0.6751875
11989,12176,0.02353279094654976,0.67525
2660,2970,0.023533128618236594,0.6753125
15333,15740,0.023533173355560665,0.675375
5950,6180,0.023533447218912346,0.6754375
7766,7891,0.023533478054931348,0.6755
11019,11041,0.023533502266428766,0.6755625
8713,9192,0.023533752462742828,0.675625
13779,14206,0.023533958457760237,0.6756875
10948,10985,0.023533995024086648,0.67575
2884,3167,0.023534119965912512,0.6758125
8479,8980,0.023534243439906663,0.675875
10246,10217,0.02353448668802855,0.6759375
58,265,0.02353453343231886,0.676
14793,15158,0.023534926388586043,0.6760625
8426,8852,0.023534928461580912,0.676125
9125,9163,0.023534970541186643,0.6761875
13124,13674,0.02353499599412916,0.67625
13984,14436,0.02353500623489084,0.6763125
10601,10932,0.023535067573906002,0.676375
7484,7622,0.02353511718277552,0.6764375
15361,15814,0.02353532271589322,0.6765
15336,15770,0.02353552476679346,0.6765625
12520,12930,0.023535755023594708,0.676625
8464,8581,0.02353580179156246,0.6766875
1304,1526,0.023535920053218664,0.67675
733,690,0.02353601875559994,0.6768125
12988,13107,0.023536038976195953,0.676875
917,1096,0.023536199692639016,0.6769375
6226,6424,0.023536270244925158,0.677
2140,2220,0.023536729571874568,0.6770625
1368,1483,0.023536754681809487,0.677125
4215,4397,0.023536787111017157,0.6771875
7613,7729,0.023536908633952837,0.67725
9168,9421,0.02353695658525094,0.6773125
11048,11362,0.023536958666914964,0.677375
6055,6368,0.023537025105754495,0.6774375
3303,3563,0.023537155751224788,0.6775
7493,7636,0.023537163035589066,0.6775625
11503,11437,0.023537342905431576,0.677625
4148,4263,0.023537374312153636,0.6776875
12129,12476,0.02353751924673414,0.67775
6040,6366,0.02353753178522719,0.6778125
178,202,0.023537632380937246,0.677875
468,107,0.02353770261077508,0.6779375
2307,2568,0.023537723653509764,0.678
5797,6338,0.023537737739621183,0.6780625
12306,12321,0.023537970557552322,0.678125
8392,8421,0.02353806610336759,0.6781875
3250,3623,0.023538172258699665,0.67825
10893,11162,0.023538273978590086,0.6783125
732,795,0.023538310316278545,0.678375
10004,10400,0.023538360880528474,0.6784375
14830,15106,0.023538476895971255,0.6785
7906,8300,0.02353856867314264,0.6785625
3994,4277,0.023538622807691128,0.678625
14169,14616,0.02353863867062658,0.6786875
8911,9256,0.023538679378169253,0.67875
666,833,0.023538919938530682,0.6788125
5643,5958,0.02353899663334687,0.678875
11479,11615,0.0235391984858791,0.6789375
10338,10648,0.023539215979259582,0.679
12546,12581,0.023539391444627064,0.6790625
4628,5032,0.023539595634608213,0.679125
8369,8467,0.023539645656634564,0.6791875
7948,8244,0.023539679138838848,0.67925
4108,4345,0.023539883904650498,0.6793125
10322,10293,0.02354022870883928,0.679375
6774,6805,0.02354026409571421,0.6794375
6479,6577,0.02354043745408493,0.6795
407,47,0.023540541825662592,0.6795625
6740,7015,0.023540684108547948,0.679625
12532,12591,0.02354079358850616,0.6796875
11381,11311,0.02354089402290635,0.67975
7387,7487,0.02354091633840894,0.6798125
12486,12838,0.023540979250017413,0.679875
11095,11488,0.023541118651747323,0.6799375
1172,1174,0.023541806244917113,0.68
11402,11287,0.0235420035902197,0.6800625
7609,7948,0.023542155029761497,0.680125
12535,12521,0.02354255221746327,0.6801875
5491,5569,0.023542675407848313,0.68025
31,240,0.023542860403438257,0.6803125
2204,2560,0.023543082407833274,0.680375
11847,11897,0.023543124722945376,0.6804375
3000,3309,0.023543188873498273,0.6805
2149,2184,0.02354323547111262,0.6805625
2251,2250,0.023543248620276677,0.680625
8732,8847,0.023543377273279716,0.6806875
7473,7918,0.023543400785620002,0.68075
15609,15613,0.023543461237216592,0.6808125
15627,15513,0.023543516375945327,0.680875
9286,9588,0.02354361103198394,0.6809375
9986,10364,0.02354377764261983,0.681
11905,12332,0.023543789697383508,0.6810625
1352,1413,0.023544262146333303,0.681125
12484,12533,0.02354427264966559,0.6811875
11379,11229,0.02354430389443508,0.68125
6570,7020,0.02354431066974753,0.6813125
10835,10707,0.02354433143906207,0.681375
12942,13103,0.023544534893598146,0.6814375
9830,9891,0.023544641318019068,0.6815
4116,4249,0.023544800038856555,0.6815625
988,1175,0.023544805007880098,0.681625
8942,9392,0.023544871788850112,0.6816875
9404,9762,0.023544877611292946,0.68175
3097,3346,0.023545036025832772,0.6818125
12093,12454,0.023545643214481327,0.681875
965,1394,0.023545851359914795,0.6819375
6106,6382,0.02354591152065413,0.682
7735,7813,0.023545922683645384,0.6820625
11908,12316,0.02354609463688549,0.682125
6351,6628,0.023546171480026763,0.6821875
852,899,0.023546192913272257,0.68225
5029,5240,0.023546352505162422,0.6823125
6472,7010,0.023546444490379206,0.682375
13286,13722,0.023546593609446272,0.6824375
5094,5314,0.023546752709527618,0.6825
2708,2954,0.02354687855467009,0.6825625
972,1102,0.023546881296759765,0.682625
1458,1631,0.02354692731653052,0.6826875
11954,12208,0.02354704014795913,0.68275
1052,1140,0.02354723230573858,0.6828125
4441,4744,0.023547256061615663,0.682875
14882,14909,0.023547453476701414,0.6829375
773,70,0.023547560785853888,0.683
11545,11383,0.02354763892649007,0.6830625
919,1105,0.023547667344034566,0.683125
13963,14145,0.02354776810737909,0.6831875
5272,5427,0.023547831742416526,0.68325
8700,8699,0.02354788952794519,0.6833125
4577,5006,0.02354813229755191,0.683375
13814,13741,0.02354814912084418,0.6834375
15008,15057,0.023548213558474997,0.6835
417,801,0.02354832094199045,0.6835625
14251,14666,0.023548333709147537,0.683625
5829,6097,0.023548389473139003,0.6836875
8432,8555,0.023548478448572836,0.68375
13792,13807,0.02354856075633344,0.6838125
14694,15176,0.023548814516731114,0.683875
13540,13643,0.023548870166388246,0.6839375
5231,5365,0.023548888727184625,0.684
5410,5612,0.023548993986797027,0.6840625
15232,15319,0.023549163459754437,0.684125
8056,8348,0.023549365875794672,0.6841875
7844,8226,0.02354956316489779,0.68425
9976,10103,0.0235498019545094,0.6843125
1449,1572,0.023549832532612447,0.684375
11903,12334,0.023549847245721532,0.6844375
12154,12171,0.02354992323969039,0.6845
172,197,0.02354996894538348,0.6845625
3817,4068,0.023550238301409097,0.684625
13846,14085,0.023550354101895293,0.6846875
13157,13462,0.023550389949396008,0.68475
11568,11735,0.023550561199306236,0.6848125
10885,10857,0.023550725553300383,0.684875
3494,3735,0.02355081270834759,0.6849375
8109,8568,0.02355086066069503,0.685
10869,11172,0.02355097910967152,0.6850625
12451,12649,0.023551183708393618,0.685125
8979,8945,0.023551289760868416,0.6851875
10567,10958,0.023551359624904736,0.68525
5976,6356,0.0235514180181286,0.6853125
3554,3762,0.023551448209717184,0.685375
4491,4761,0.02355149086128712,0.6854375
5412,5710,0.023551512028376714,0.6855
186,35,0.02355159165276444,0.6855625
11099,11077,0.023551598094896205,0.685625
5030,5374,0.023551761780739162,0.6856875
2234,2401,0.023551870041855924,0.68575
1953,2092,0.02355194486190567,0.6858125
12262,12640,0.023551968469329426,0.685875
652,712,0.023552128841860955,0.6859375
12316,12295,0.023552170802762878,0.686
15187,15175,0.02355231522464397,0.6860625
15177,15337,0.023552484814868695,0.686125
2132,2455,0.023552635557002634,0.6861875
6788,7003,0.023552718268661402,0.68625
13773,13869,0.023552787152964327,0.6863125
1994,2370,0.023552799929026893,0.686375
3597,3963,0.02355350150203186,0.6864375
11993,12306,0.023553866727039113,0.6865
15113,15600,0.02355406444437447,0.6865625
8361,8459,0.023554067404828766,0.686625
8108,8267,0.023554111806145375,0.6866875
10399,10533,0.023554117016808557,0.68675
3413,3578,0.023554278592963235,0.6868125
6292,6596,0.023554294955592674,0.686875
15222,15195,0.023554519154912548,0.6869375
11884,12052,0.023554666113786767,0.687
11404,11309,0.023554859349358505,0.6870625
5080,5309,0.023554914515850817,0.687125
3768,3924,0.023555252872015174,0.6871875
6387,6531,0.023555287663801938,0.68725
12588,12767,0.02355548182661125,0.6873125
10603,11130,0.023555779201711164,0.687375
2029,1985,0.023555796493221117,0.6874375
5459,5533,0.023555801869158628,0.6875
1274,1272,0.02355591224411675,0.6875625
2702,2874,0.023555947573019674,0.687625
8884,9358,0.023555999086608805,0.6876875
1701,1951,0.02355605469044377,0.68775
7784,8248,0.02355613159661976,0.6878125
571,276,0.023556157454263787,0.687875
11977,12242,0.023556294572119163,0.6879375
5396,5700,0.02355632917826369,0.688
11678,11839,0.023556375941563953,0.6880625
2055,2312,0.02355638233956411,0.688125
1551,1661,0.02355663080639528,0.6881875
9414,9772,0.023556673478769267,0.68825
7070,7227,0.023556821851185676,0.6883125
5817,6065,0.023556874912558704,0.688375
5065,5398,0.023557032157009158,0.6884375
3812,3902,0.023557201438353294,0.6885
11050,11195,0.023557262301764165,0.6885625
15593,15597,0.023557561662627197,0.688625
7000,7298,0.023557681611142797,0.6886875
295,230,0.02355772815515282,0.68875
1461,1696,0.023557803310328883,0.6888125
4965,5338,0.023557811201119196,0.688875
13237,13646,0.023558021406778047,0.6889375
7223,7536,0.02355805652582029,0.689
1685,1830,0.02355809803368225,0.6890625
13957,14135,0.023558309676713265,0.689125
12107,12324,0.023558404288037998,0.6891875
12945,13472,0.023558430031793937,0.68925
1228,1456,0.023558436491962292,0.6893125
7374,7816,0.023558478028205057,0.689375
4002,4352,0.023558533524189136,0.6894375
5186,5602,0.023558637152261544,0.6895
6386,6726,0.023558941357295023,0.6895625
10491,10571,0.023559004886974506,0.689625
14480,14667,0.02355902230325759,0.6896875
1542,1602,0.02355927207362279,0.68975
2312,2461,0.023559409817024334,0.6898125
7780,8224,0.023559414614991038,0.689875
7634,7998,0.023559430604011014,0.6899375
4738,5100,0.0235594465913387,0.69
11732,12006,0.023559574565900184,0.6900625
14717,15138,0.02355973990414889,0.690125
12673,12769,0.023559811105924068,0.6901875
5664,5936,0.023559854505537436,0.69025
10239,10800,0.023559878565425647,0.6903125
1288,1366,0.023560130435995776,0.690375
2726,2934,0.02356025915756135,0.6904375
14673,15058,0.023560375171103987,0.6905
6482,6603,0.02356041361965382,0.6905625
10269,10752,0.023560507568516735,0.690625
7464,7686,0.023560680206796327,0.6906875
5051,5254,0.02356069636861033,0.69075
14820,15184,0.02356072876128577,0.6908125
3449,3657,0.02356099068423427,0.690875
14932,15013,0.023561306357827293,0.6909375
5217,5514,0.023561430478405622,0.691
3152,3494,0.023561506640926506,0.6910625
6248,6652,0.02356151472379535,0.691125
14826,14877,0.023561625495081458,0.6911875
15245,15824,0.023562391286548592,0.69125
14775,15112,0.02356239711253561,0.6913125
2036,2108,0.023562529733048367,0.691375
8682,8733,0.023562577824374153,0.6914375
12070,12526,0.02356262814685673,0.6915
1145,1329,0.023563094936098032,0.6915625
2075,2348,0.02356339719867751,0.691625
2643,2974,0.02356342055023507,0.6916875
1867,2039,0.023563500225667503,0.69175
6173,6472,0.023563514661397,0.6918125
13115,13466,0.023563680094601528,0.691875
3165,3378,0.023563762921184353,0.6919375
4126,4413,0.023563814460423015,0.692
7469,7590,0.023564006545732034,0.6920625
8899,9260,0.023564007677636042,0.692125
14839,15192,0.023564331458699482,0.6921875
1508,1695,0.023564401225894722,0.69225
9341,9429,0.0235644378929686,0.6923125
3715,4027,0.02356462184025979,0.692375
7074,7378,0.02356464909536887,0.6924375
317,241,0.023564980126587465,0.6925
10984,11113,0.02356507586815868,0.6925625
1908,2005,0.023565144044740458,0.692625
13165,13235,0.02356517270360923,0.6926875
6516,6733,0.023565226181936773,0.69275
2313,2465,0.02356524896206547,0.6928125
6245,6482,0.023565301730345736,0.692875
6532,6950,0.023565383850165607,0.6929375
7953,8286,0.023565525931851794,0.693
7496,7743,0.02356556038863642,0.6930625
7451,7672,0.023565756421820683,0.693125
5723,6146,0.02356598717194822,0.6931875
12293,12433,0.023566160399418275,0.69325
11947,12274,0.023566181929882638,0.6933125
8040,8239,0.023566212343634794,0.693375
9103,9119,0.023566228386016495,0.6934375
9108,9113,0.023566331944208783,0.6935
8381,8411,0.02356644155325703,0.6935625
203,296,0.02356648594670608,0.693625
1999,2302,0.023566554966775087,0.6936875
431,662,0.02356657908456289,0.69375
3566,3775,0.02356660025281038,0.6938125
10203,10207,0.023566634883569932,0.693875
3623,3895,0.023566657135508283,0.6939375
6383,6505,0.023566776776287237,0.694
4292,4514,0.023566781988357894,0.6940625
1183,1308,0.023566998803669924,0.694125
10274,10375,0.023567117691115073,0.6941875
6474,6753,0.02356720831815597,0.69425
10467,10834,0.02356746720928527,0.6943125
150,59,0.023567468015100224,0.694375
633,781,0.023567558276591714,0.6944375
6785,7158,0.023567581779522794,0.6945
14683,15080,0.02356760033850702,0.6945625
7086,7181,0.02356772823413389,0.694625
6808,7130,0.023567952339761312,0.6946875
1039,1338,0.023568143009947737,0.69475
3437,3656,0.023568370035093322,0.6948125
4562,4814,0.023568680028631054,0.694875
61,108,0.023568768574827304,0.6949375
10896,10893,0.023569184948780766,0.695
11023,11406,0.02356922283192558,0.6950625
1511,1461,0.02356926401115314,0.695125
4478,4868,0.02356935755301135,0.6951875
3531,3677,0.023569417108498147,0.69525
6036,6216,0.0235694255063914,0.6953125
6016,6085,0.023569927221405242,0.695375
1111,1376,0.023570322128864406,0.6954375
1108,1184,0.023570429437476326,0.6955
11593,11768,0.023570438425711614,0.6955625
6166,6544,0.023570488483893502,0.695625
2096,2021,0.023570510439903866,0.6956875
5400,5838,0.023570709697179833,0.69575
11424,11187,0.023570951085622478,0.6958125
11430,11754,0.023570991905392136,0.695875
6647,6795,0.023571005982153254,0.6959375
2688,2935,0.02357121948861276,0.696
11940,12206,0.023571322536917915,0.6960625
6531,6872,0.023571424443464675,0.696125
11662,11854,0.02357159709701486,0.6961875
7239,7335,0.02357186278544224,0.69625
3955,4452,0.023571940055358252,0.6963125
6683,7094,0.02357226980827837,0.696375
12444,12615,0.023572304836148795,0.6964375
7954,8292,0.023572471243433105,0.6965
9211,9287,0.0235725326580529,0.6965625
11557,11828,0.02357267053918656,0.696625
5680,6064,0.02357272606443512,0.6966875
9856,9979,0.023572740776050306,0.69675
7691,7783,0.023572833920565417,0.6968125
1456,1745,0.023572866524426098,0.696875
182,249,0.023573140480828318,0.6969375
10126,10147,0.023573162765897306,0.697
5472,5868,0.023573245241356122,0.6970625
8249,8441,0.02357361588984253,0.697125
11648,11869,0.02357363635948801,0.6971875
51,405,0.023574004940259633,0.69725
6251,6586,0.0235740724024576,0.6973125
8058,8416,0.0235742178779302,0.697375
4165,4576,0.023574232314201568,0.6974375
9000,9508,0.023574419241416022,0.6975
9419,9784,0.023574447005917355,0.6975625
4991,5420,0.023574574941378778,0.697625
14276,14690,0.02357474785346036,0.6976875
3432,3659,0.02357488492406772,0.69775
11656,11870,0.02357496407770044,0.6978125
7080,7384,0.02357502870838826,0.697875
13022,13305,0.023575049367906255,0.6979375
9663,10088,0.02357510884103257,0.698
14363,14776,0.023575348101055913,0.6980625
5057,5370,0.023575434887956326,0.698125
8311,8409,0.023575696860831177,0.6981875
12726,12857,0.02357583012609856,0.69825
1305,1491,0.023575894485360016,0.6983125
12324,12432,0.02357593607641157,0.698375
8276,8355,0.023576000665504127,0.6984375
1316,1347,0.023576113088680194,0.6985
2634,2813,0.023576179836752517,0.6985625
12357,12365,0.023576349327744398,0.698625
3204,3533,0.023576388180059395,0.6986875
642,572,0.023576483327567208,0.69875
5444,5898,0.023576502821752852,0.6988125
2053,1981,0.02357754107520771,0.698875
4969,5105,0.023577622359237993,0.6989375
452,614,0.023577802590481412,0.699
14140,14087,0.02357781391125022,0.6990625
15218,15590,0.023577820254132974,0.699125
4583,4944,0.02357795275424884,0.6991875
7642,8002,0.023578115355516,0.69925
12073,12125,0.02357822226904637,0.6993125
12096,12472,0.023578354596371594,0.699375
11921,12202,0.023578483767803495,0.6994375
12705,13134,0.023578528147472556,0.6995
12072,12544,0.023578592750036244,0.6995625
2390,2405,0.023578838922336965,0.699625
753,995,0.02357885227869581,0.6996875
7186,7405,0.02357898687940243,0.69975
10758,10735,0.023579436868856468,0.6998125
2928,3320,0.02357973606492669,0.699875
7087,7398,0.023579807935208585,0.6999375
11439,11752,0.02357989920910016,0.7
12966,13314,0.023579914996278654,0.7000625
1249,1547,0.023579994311415914,0.700125
12348,12345,0.023580021319925152,0.7001875
8885,9370,0.023580089760576087,0.70025
11331,11263,0.02358016844798137,0.7003125
1338,1581,0.023580328195677274,0.700375
3298,3575,0.023580395584006774,0.7004375
3137,3207,0.023580684809814213,0.7005
5262,5574,0.023580693859153914,0.7005625
2970,3253,0.023580703987181047,0.700625
14001,14197,0.02358085098317259,0.7006875
7420,7728,0.02358092566878739,0.70075
15582,15557,0.023580987584435407,0.7008125
14112,14217,0.02358099271394255,0.700875
267,130,0.02358158678379878,0.7009375
6330,6730,0.023581740790405238,0.701
3138,3371,0.02358211494098291,0.7010625
8861,8923,0.023582330987903657,0.701125
14370,14736,0.023582460683618193,0.7011875
11857,12054,0.023582556696421415,0.70125
7396,7736,0.02358258823269192,0.7013125
2429,2526,0.023582854104383006,0.701375
3090,3193,0.023582936060255563,0.7014375
5630,5922,0.023583191703490325,0.7015
672,508,0.023583236469525277,0.7015625
10970,11274,0.023583272351008266,0.701625
9284,9457,0.023583474296752994,0.7016875
6127,6378,0.02358364727487551,0.70175
207,239,0.023583758276805398,0.7018125
1072,1091,0.02358397070050529,0.701875
14611,14705,0.023584151928724494,0.7019375
10709,10767,0.02358421689670534,0.702
12992,13159,0.023584231112305173,0.7020625
1332,1412,0.023584247169591305,0.702125
15244,15231,0.023584509232506115,0.7021875
12317,12349,0.023584532349853995,0.70225
3457,3682,0.023584534941908097,0.7023125
764,90,0.02358468876112535,0.702375
5521,5575,0.02358495555941507,0.7024375
8513,9076,0.02358502250650475,0.7025
799,446,0.02358512218977145,0.7025625
390,219,0.023585506567691743,0.702625
14444,14846,0.023585648223939083,0.7026875
1771,2001,0.023586253689735454,0.70275
8070,8165,0.023586416525010933,0.7028125
15242,15325,0.02358654205668147,0.702875
11892,12282,0.023586634377045647,0.7029375
13567,13697,0.023586645132891392,0.703
7120,7201,0.02358668926149914,0.7030625
3252,3468,0.02358669134043251,0.703125
3132,3564,0.023586717537069448,0.7031875
5975,6322,0.02358689538056049,0.70325
688,710,0.02358704107543102,0.7033125
11616,11830,0.023587128930862174,0.703375
133,87,0.023587188038684405,0.7034375
6421,6764,0.02358762750697026,0.7035
15185,15277,0.023587736664136102,0.7035625
1694,1758,0.023587757066449666,0.703625
7347,7395,0.023587836240358446,0.7036875
375,294,0.023587866199754295,0.70375
11535,11483,0.02358791936636116,0.7038125
625,674,0.023588120704787108,0.703875
4580,4832,0.023588134231865045,0.7039375
10949,11001,0.0235882207068001,0.704
6446,6892,0.02358823494723698,0.7040625
7485,7712,0.023588457497889938,0.704125
13114,13265,0.02358867948190462,0.7041875
4967,5234,0.023588748894682637,0.70425
6274,6606,0.023588894642235604,0.7043125
3349,3580,0.02358892260783577,0.704375
7748,8236,0.02358903181922085,0.7044375
11194,11247,0.023589215812423285,0.7045
13693,13909,0.023589224097006693,0.7045625
3664,3919,0.02358945597252479,0.704625
10998,11448,0.023589575354489214,0.7046875
5929,6123,0.023589725454252614,0.70475
5932,6127,0.023589832527606665,0.7048125
4974,5087,0.023589858009258988,0.704875
8723,8851,0.023589892683722684,0.7049375
10132,10516,0.02359002457204978,0.705
10204,10331,0.023590108575323312,0.7050625
1014,1294,0.023590117483086974,0.705125
10344,10656,0.023590141104974174,0.7051875
15063,15097,0.02359014386145539,0.70525
841,847,0.023590202756182874,0.7053125
14101,14502,0.02359030628870323,0.705375
10314,10622,0.023590310494477715,0.7054375
6428,6660,0.023590347672681606,0.7055
3713,3966,0.02359040017933637,0.7055625
15126,15321,0.023590751625266547,0.705625
2202,2434,0.02359079249442918,0.7056875
14961,15089,0.023590866642289536,0.70575
11711,12000,0.023591080450117635,0.7058125
15208,15690,0.02359135109134163,0.705875
4745,5022,0.023591418034856745,0.7059375
6628,6657,0.023591433618897158,0.706
7322,7744,0.023591475665338018,0.7060625
5101,5332,0.02359159041890351,0.706125
3127,3319,0.023591814646832524,0.7061875
15520,15397,0.023591828810403354,0.70625
3302,3448,0.023592069191111217,0.7063125
14776,15122,0.023592083522001147,0.706375
7913,8384,0.02359214277744341,0.7064375
9295,9339,0.02359218383614209,0.7065
1252,1256,0.023592251333338445,0.7065625
3811,3880,0.023592346493288768,0.706625
7293,7331,0.02359248838694932,0.7066875
13840,13895,0.023592632659784576,0.70675
13185,13213,0.02359274836263139,0.7068125
15584,15463,0.023592825865332068,0.706875
11355,11145,0.02359297159775268,0.7069375
10085,10440,0.023593041854920362,0.707
14132,14151,0.02359312548704861,0.7070625
1489,1481,0.023593339896903064,0.707125
3234,3556,0.023593673299988648,0.7071875
1102,1264,0.023593739294055192,0.70725
3648,3901,0.02359379199908137,0.7073125
5998,6247,0.023594168985565517,0.707375
14181,14578,0.023594534630913096,0.7074375
6862,6915,0.02359469450390679,0.7075
1364,1451,0.02359475705300096,0.7075625
1320,1625,0.023594782659802326,0.707625
12670,12751,0.02359482255088854,0.7076875
1355,1534,0.02359489879966383,0.70775
14907,15007,0.023594981300952417,0.7078125
15364,15968,0.023594992992186183,0.707875
4481,4858,0.023595044596869046,0.7079375
10385,10423,0.023595062093316955,0.708
4187,4349,0.023595139301438712,0.7080625
7839,8284,0.023595212028807648,0.708125
2018,2408,0.02359534642603002,0.7081875
9409,9774,0.023595441093762447,0.70825
10423,10461,0.02359544126820316,0.7083125
13330,13469,0.023595442019328373,0.708375
3368,3605,0.023595624276297654,0.7084375
6826,7166,0.02359568825984697,0.7085
212,125,0.023595703780856594,0.7085625
11294,11119,0.023596059940705523,0.708625
15622,15479,0.023596066477153628,0.7086875
6278,6604,0.023596188037625726,0.70875
2731,2990,0.02359619292565896,0.7088125
9247,9333,0.023596240036102695,0.708875
5948,6342,0.02359632738073947,0.7089375
12742,13122,0.023596346104289415,0.709
12596,12731,0.023596701966985947,0.7090625
14796,15150,0.023596814676604575,0.709125
10149,10670,0.02359697066770029,0.7091875
13075,13410,0.023597140722300687,0.70925
8215,8285,0.023597279332611548,0.7093125
9141,9109,0.023597321927500785,0.709375
15339,15756,0.02359739847656723,0.7094375
40,61,0.02359741194041478,0.7095
6460,7024,0.0235977088494574,0.7095625
15183,15660,0.02359782554132387,0.709625
439,604,0.02359785314600284,0.7096875
14387,14581,0.023598223054902796,0.70975
5566,5968,0.023598356395488747,0.7098125
11528,11715,0.02359868890664267,0.709875
15,5,0.023599084827738245,0.7099375
6870,6941,0.023599087152368525,0.71
15255,15265,0.023599168172288038,0.7100625
8399,8579,0.023599301203345985,0.710125
10849,10763,0.0235993947534828,0.7101875
9046,9155,0.023599478810312647,0.71025
6236,6450,0.023599480614593077,0.7103125
12476,12623,0.023599506681299474,0.710375
8948,9456,0.023599651084998088,0.7104375
11108,11502,0.023599651519194326,0.7105
10281,10580,0.02359976652582789,0.7105625
558,582,0.02359981045309493,0.710625
15027,15161,0.023599859968394383,0.7106875
13048,13478,0.02359992873092909,0.71075
1555,1604,0.023600044140601073,0.7108125
3389,3691,0.023600174738440827,0.710875
7267,7389,0.02360038526035824,0.7109375
7109,7245,0.02360054371724157,0.711
1645,1710,0.02360073549134775,0.7110625
14862,15136,0.023601193042563633,0.711125
5007,5304,0.023601226720376633,0.7111875
1708,1794,0.02360130909949056,0.71125
1480,1407,0.023601421241342613,0.7113125
487,620,0.023601651497771995,0.711375
84,264,0.023601659652035294,0.7114375
9040,9147,0.02360173837212145,0.7115
5879,6188,0.02360191284842729,0.7115625
11946,12098,0.02360229707552916,0.711625
12704,12887,0.02360272534276332,0.7116875
5445,5636,0.0236027810554602,0.71175
12060,12366,0.023602805548194473,0.7118125
8095,8578,0.023603155068700064,0.711875
5393,5545,0.023603163706334,0.7119375
11913,12294,0.02360320666972614,0.712
1571,1806,0.02360334930110369,0.7120625
10257,10778,0.023603389176227754,0.712125
12501,12553,0.023603808940110715,0.7121875
4859,5266,0.02360385664160337,0.71225
7069,7464,0.023603939434653436,0.7123125
5937,6153,0.023604263013763088,0.712375
11584,11736,0.023604263437652664,0.7124375
10419,10774,0.023604307067062805,0.7125
11900,12051,0.023604394662018365,0.7125625
9380,9652,0.023604531001640432,0.712625
11007,11538,0.023604615683795578,0.7126875
11447,11670,0.023604634029552703,0.71275
6284,6728,0.023604639724358355,0.7128125
13297,13748,0.023604752110627715,0.712875
6266,6470,0.02360486402179555,0.7129375
15230,15227,0.023604919997947033,0.713
11176,11101,0.023604938989769553,0.7130625
1944,2027,0.023604946396161355,0.713125
6605,6631,0.02360499644977647,0.7131875
3339,3700,0.02360508513609959,0.71325
4190,4540,0.02360509703280638,0.7133125
7972,8340,0.023605097477101822,0.713375
12436,12501,0.023605142373670743,0.7134375
9995,10087,0.023605272913881644,0.7135
8017,8099,0.023605433251802303,0.7135625
12426,12681,0.023605486115397332,0.713625
10332,10714,0.023605556399183956,0.7136875
1004,1176,0.023605675557479423,0.71375
12205,12323,0.02360574528173428,0.7138125
5653,5966,0.023605764242934153,0.713875
697,540,0.02360616677635535,0.7139375
7062,7380,0.023606718004473247,0.714
4213,4604,0.023606828570070362,0.7140625
14115,14291,0.023606886394543496,0.714125
13092,13482,0.023606921807154197,0.7141875
6679,6729,0.02360719117611217,0.71425
12579,12976,0.02360730142363271,0.7143125
14294,14640,0.02360732767267125,0.714375
1457,1555,0.02360740130025951,0.7144375
5938,6184,0.023607427285579227,0.7145
4851,5085,0.023607531163221895,0.7145625
4651,5028,0.023607572611916868,0.714625
6595,6671,0.023607776983763092,0.7146875
855,953,0.023607828423757773,0.71475
6996,7290,0.023607836878338295,0.7148125
989,1134,0.02360785681164132,0.714875
5721,5811,0.02360789570000117,0.7149375
1256,1630,0.02360799923849962,0.715
1184,1364,0.02360801896935581,0.7150625
2125,2308,0.023608077036969877,0.715125
10289,10616,0.02360812824417283,0.7151875
122,91,0.02360815590785242,0.71525
190,318,0.02360833892469672,0.7153125
15711,15861,0.02360849867436751,0.715375
7305,7750,0.02360864293712832,0.7154375
14781,15216,0.02360880753284493,0.7155
10537,10655,0.023609029058048174,0.7155625
403,288,0.023609148472544653,0.715625
167,78,0.02360923914054106,0.7156875
13617,13637,0.023609548285397856,0.71575
14640,14725,0.023609623975437585,0.7158125
2747,2944,0.02360968707106009,0.715875
6015,6067,0.023609742482582498,0.7159375
4189,4522,0.023609747210317805,0.716
4425,4781,0.023609832961154653,0.7160625
7014,7468,0.023609950608023792,0.716125
14043,14468,0.023609972713960724,0.7161875
10352,10798,0.023610009179889185,0.71625
11403,11291,0.023610093265066218,0.7163125
5617,5962,0.02361029541610287,0.716375
1423,1539,0.02361046423166013,0.7164375
12720,12879,0.023610690900434463,0.7165
3211,3432,0.023610879061620627,0.7165625
4852,5378,0.023610986490967517,0.716625
13770,13743,0.02361105556014531,0.7166875
7393,7475,0.02361115715890791,0.71675
97,501,0.023611251408026092,0.7168125
343,29,0.023611304638100447,0.716875
1142,1332,0.023611308680472974,0.7169375
11198,11500,0.023611931480196406,0.717
12372,12595,0.02361195843763798,0.7170625
10462,10814,0.02361216564229757,0.717125
6573,6619,0.02361226231271732,0.7171875
9350,9369,0.0236123984177595,0.71725
13100,13139,0.02361283256200854,0.7173125
11975,12304,0.02361286394360917,0.717375
2256,2284,0.023612935818301418,0.7174375
10267,10686,0.023612984255258953,0.7175
14060,14472,0.023612990051215754,0.7175625
7101,7344,0.02361301902335773,0.717625
6638,6699,0.023613295717625344,0.7176875
1767,1995,0.023613358172798967,0.71775
2101,2418,0.0236133920142033,0.7178125
3309,3514,0.023613536097095475,0.717875
7343,7848,0.023613607488334437,0.7179375
1539,1739,0.023613660801781323,0.718
14238,14413,0.02361436839485051,0.7180625
9131,9067,0.023614413385583528,0.718125
4671,5050,0.0236147398222088,0.7181875
14045,14456,0.023614868080413878,0.71825
868,871,0.023615100098181366,0.7183125
13268,13684,0.0236151093955654,0.718375
12341,12363,0.023615320920982275,0.7184375
8170,8574,0.02361537967194649,0.7185
3482,3669,0.023615459406953563,0.7185625
2327,2776,0.023615660096035034,0.718625
422,634,0.023616062650408238,0.7186875
14934,14975,0.023616200832064053,0.71875
10828,10805,0.023616304385871024,0.7188125
1913,2364,0.023616328165645673,0.718875
5963,6227,0.02361659259475099,0.7189375
5712,5847,0.02361690463547571,0.719
14416,14746,0.023617167482972365,0.7190625
5108,5241,0.023617304817597717,0.719125
4871,5200,0.023617390153586004,0.7191875
12563,12866,0.02361739862383448,0.71925
10214,10201,0.023617423436072288,0.7193125
11332,11267,0.023617542747924655,0.719375
5713,6144,0.023617731391420472,0.7194375
264,225,0.023617885179008202,0.7195
525,730,0.0236178982445172,0.7195625
11134,11131,0.023618064168098567,0.719625
15597,15573,0.02361819594841267,0.7196875
6468,6852,0.02361821989098085,0.71975
7447,7630,0.023618366267977482,0.7198125
4951,5224,0.02361842511065192,0.719875
2076,2069,0.023618495090494365,0.7199375
15130,15147,0.0236187007290984,0.72
3800,4004,0.023618779334739767,0.7200625
14100,14476,0.023618977823046883,0.720125
11570,11772,0.023619120027900512,0.7201875
13039,13127,0.0236191981422425,0.72025
7376,7407,0.023619366622321232,0.7203125
10364,10277,0.023619396012172982,0.720375
8605,8597,0.02361947042808499,0.7204375
362,93,0.02361957379270255,0.7205
6843,6999,0.023619592302909994,0.7205625
13838,13881,0.02361960810126112,0.720625
8329,8377,0.023619737640374505,0.7206875
14436,14942,0.023619902356021554,0.72075
8845,8917,0.023619989824653704,0.7208125
9862,9935,0.023620062971500485,0.720875
6014,6440,0.023620171366580654,0.7209375
3634,4058,0.023620651318071215,0.721
6827,6835,0.023620702977303242,0.7210625
4667,5072,0.023620727979466224,0.721125
5848,6112,0.023620911334749244,0.7211875
1606,1628,0.02362108827633589,0.72125
5906,6174,0.02362109679670337,0.7213125
5169,5335,0.023621166147746196,0.721375
7004,7414,0.023621279302801394,0.7214375
6288,6602,0.02362131560035206,0.7215
3785,4074,0.02362141566672485,0.7215625
11874,12164,0.023621651516830412,0.721625
5492,5601,0.0236216591695966,0.7216875
2061,2081,0.023621814524676578,0.72175
104,262,0.023621829907354768,0.7218125
2188,2513,0.02362183899125816,0.721875
11679,11998,0.02362191183843854,0.7219375
4743,5068,0.023622092122009514,0.722
7912,8015,0.02362210134454934,0.7220625
2804,3194,0.023622321787448403,0.722125
12131,12189,0.023622408019083843,0.7221875
2266,2330,0.023622632633633973,0.72225
9183,9337,0.023622720052233485,0.7223125
3120,3303,0.023622792591781964,0.722375
14598,14765,0.023623073172780184,0.7224375
982,1182,0.023623091901516322,0.7225
792,1108,0.023623150335795182,0.7225625
10797,10717,0.023623274300296274,0.722625
8168,8369,0.023623298476853065,0.7226875
5351,5596,0.023623307913628013,0.72275
772,921,0.023623398180013064,0.7228125
8202,8383,0.023623400215584175,0.722875
15090,15554,0.023623443997640423,0.7229375
14068,14566,0.02362348728140484,0.723
4649,4975,0.023623548106393808,0.7230625
7687,7807,0.023623685763965088,0.723125
7834,8240,0.02362368600465023,0.7231875
14226,14307,0.02362370991177535,0.72325
7822,7879,0.02362377794946811,0.7233125
3263,3464,0.02362395580386722,0.723375
10365,10674,0.02362409850278246,0.7234375
7063,7446,0.023624139574184102,0.7235
5242,5483,0.02362421592896092,0.7235625
5633,5801,0.023624231305428522,0.723625
2668,2932,0.023624263787273992,0.7236875
8727,8903,0.023624309277006622,0.72375
7427,7670,0.02362438015859165,0.7238125
12735,13062,0.02362457188780776,0.723875
2264,2473,0.023624588597826846,0.7239375
1045,1069,0.0236246205283054,0.724
1362,1622,0.02362469485396319,0.7240625
4999,5308,0.02362479969861311,0.724125
2270,2326,0.023624916928783494,0.7241875
4413,4848,0.023625186025824634,0.72425
11010,11213,0.02362591077204663,0.7243125
292,198,0.023626077179573914,0.724375
2213,2041,0.02362613332403819,0.7244375
7876,8388,0.02362652919071104,0.7245
141,257,0.023626810972102803,0.7245625
9672,9785,0.02362695063510984,0.724625
7525,7699,0.023626976394470308,0.7246875
1687,1708,0.02362709860897839,0.72475
12521,12507,0.02362798883433623,0.7248125
11904,12236,0.02362799849545272,0.724875
15362,15848,0.02362862162197859,0.7249375
14593,15004,0.023628860465644948,0.725
6020,6049,0.02362911544563684,0.7250625
5374,5495,0.02362931692205349,0.725125
15124,15492,0.023629387763641572,0.7251875
15087,15105,0.023629615343659746,0.72525
15053,15502,0.023629662299393884,0.7253125
2019,2129,0.02362984387307797,0.725375
11650,11986,0.02362989534321361,0.7254375
11482,11477,0.023630011357367902,0.7255
10944,11023,0.023630182017913497,0.7255625
8676,8785,0.02363060482057567,0.725625
15726,15977,0.02363071156073492,0.7256875
11962,11971,0.023631092099896025,0.72575
15246,15612,0.023631177857041396,0.7258125
2817,3121,0.02363133741531689,0.725875
381,111,0.02363133816681655,0.7259375
12667,13006,0.023631612113608723,0.726
11408,11351,0.023631668663582548,0.7260625
5425,5674,0.0236317905367319,0.726125
11400,11561,0.023631858396578352,0.7261875
14187,14588,0.02363186414232614,0.72625
13539,13605,0.023631883148780206,0.7263125
1273,1524,0.023632168269614343,0.726375
1443,1702,0.023632295532510398,0.7264375
11577,11838,0.023632319308916506,0.7265
13922,14382,0.02363236993438497,0.7265625
5528,5854,0.02363246079213261,0.726625
10827,11112,0.02363246446759292,0.7266875
10306,10273,0.02363246595731989,0.72675
7862,8208,0.023632512478054177,0.7268125
11342,11205,0.023632788223321884,0.726875
1926,2013,0.023632792212767244,0.7269375
1000,1025,0.023632845140847823,0.727
4500,4751,0.02363284888183677,0.7270625
3791,4020,0.023632857027911167,0.727125
6563,6974,0.023632986743905352,0.7271875
7073,7325,0.02363300588749297,0.72725
3556,3938,0.023633073931195084,0.7273125
6582,6663,0.023633356859360515,0.727375
5054,5300,0.023633628280999575,0.7274375
7094,7332,0.023633930325900197,0.7275
11509,11904,0.023634100382564808,0.7275625
3563,3798,0.023634152718571194,0.727625
5075,5209,0.02363426828558618,0.7276875
1153,1485,0.023634405824058943,0.72775
11899,12043,0.02363460303068434,0.7278125
7009,7338,0.02363465932386878,0.727875
14380,14890,0.023635096725656144,0.7279375
12267,12399,0.023635183338055737,0.728
5339,5419,0.023635322640239955,0.7280625
13222,13499,0.02363536128629868,0.728125
1321,1477,0.02363555241855559,0.7281875
5141,5355,0.023635564156160634,0.72825
10796,11120,0.0236360881550151,0.7283125
12965,13089,0.023636224753507674,0.728375
5430,5616,0.02363643832607243,0.7284375
107,135,0.023636658283968475,0.7285
4422,4712,0.0236370047663827,0.7285625
11305,11620,0.023637242479659953,0.728625
11466,11669,0.023637393451377966,0.7286875
300,552,0.0236376794605347,0.72875
3967,4235,0.023637730898661637,0.7288125
15395,15964,0.023637804778559608,0.728875
14108,14552,0.023637932207918076,0.7289375
11966,12326,0.023637953659947565,0.729
7337,7766,0.023638049429424855,0.7290625
2402,2446,0.02363845484660861,0.729125
14622,14719,0.0236388125146981,0.7291875
10366,10343,0.023639103894615186,0.72925
10028,10378,0.02363918993143781,0.7293125
9851,9951,0.023639244735024555,0.729375
5349,5730,0.02363931218058927,0.7294375
3773,4144,0.02363949064373894,0.7295
6580,7028,0.0236394998572299,0.7295625
15271,15644,0.023639511214845386,0.729625
5006,5117,0.023639544485760715,0.7296875
12061,12406,0.02363965353084991,0.72975
1334,1433,0.023640143005856328,0.7298125
14127,14355,0.023640181668971784,0.729875
14709,15186,0.023640269722582173,0.7299375
12716,12813,0.0236403476699411,0.73
5591,5671,0.023640462800341936,0.7300625
9093,8999,0.023640594725756026,0.730125
14192,14724,0.023640656136746856,0.7301875
8232,8353,0.023640779763909582,0.73025
13059,13229,0.023640967255937142,0.7303125
5637,5755,0.023640976640712998,0.730375
7230,7343,0.02364101625835265,0.7304375
11547,11734,0.023641057566796443,0.7305
382,183,0.023641114328976354,0.7305625
10038,10504,0.02364126998801464,0.730625
11571,11866,0.023641340033370345,0.7306875
4865,5190,0.023641728493447912,0.73075
15207,15626,0.023641744811716752,0.7308125
6783,6939,0.023641838432593706,0.730875
10980,11426,0.023641860973594445,0.7309375
7713,7827,0.023641916603699648,0.731
5654,6128,0.023641989137973333,0.7310625
6612,6735,0.02364200487751345,0.731125
7819,8330,0.023642265299071905,0.7311875
13358,13507,0.023642274457420544,0.73125
4792,5106,0.023642387086942794,0.7313125
156,170,0.02364245107125392,0.731375
6993,7294,0.023642582371706806,0.7314375
12300,12301,0.0236430277371984,0.7315
10593,10980,0.023643083486843103,0.7315625
2703,2900,0.023643169033687527,0.731625
7539,7982,0.023643248872625047,0.7316875
615,817,0.02364325724611025,0.73175
13242,13670,0.023643559576167254,0.7318125
5729,5815,0.023643697386964733,0.731875
3568,3784,0.023643701577347596,0.7319375
2380,2502,0.023643719014159445,0.732
10333,10764,0.023643928313793094,0.7320625
14828,15049,0.023644047765231,0.732125
12420,12447,0.023644092428085035,0.7321875
15616,15545,0.02364421425406176,0.73225
2035,2037,0.02364425066229689,0.7323125
14071,14067,0.023644293812693243,0.732375
8792,9280,0.02364429746658228,0.7324375
3035,3356,0.02364441811538316,0.7325
5759,5855,0.02364477186043117,0.7325625
2716,2948,0.02364498009806978,0.732625
2335,2784,0.023645014931168072,0.7326875
1648,1714,0.02364509184925643,0.73275
832,909,0.023645112039007477,0.7328125
595,550,0.023645230429259003,0.732875
11081,11079,0.02364523663217884,0.7329375
5612,6036,0.023645374417049964,0.733
280,196,0.023645527969413493,0.7330625
15079,15127,0.02364568466671505,0.733125
83,30,0.023645698553347555,0.7331875
14578,15042,0.023645748142307597,0.73325
3679,3814,0.023645751167169153,0.7333125
4811,5276,0.02364577154176766,0.733375
5087,5350,0.02364577641977167,0.7334375
9335,9824,0.023645917875027237,0.7335
171,236,0.023645985072762835,0.7335625
6337,6768,0.02364653352490585,0.733625
1115,1328,0.023646713939752165,0.7336875
15035,15079,0.02364685179172355,0.73375
6813,6869,0.023646918436756727,0.7338125
5064,5358,0.02364694511801288,0.733875
1755,2003,0.023647039615679596,0.7339375
12733,12833,0.02364709400369431,0.734
13129,13271,0.023647326917014492,0.7340625
165,11,0.023647581175744517,0.734125
12552,12537,0.023647605216869465,0.7341875
184,221,0.02364765662035517,0.73425
10227,10347,0.023647775100253798,0.7343125
13970,14043,0.023648048811457573,0.734375
11595,11950,0.023648099537496643,0.7344375
8382,8465,0.02364816797314439,0.7345
1019,1192,0.023648522106388074,0.7345625
15258,15738,0.023648573722777934,0.734625
447,147,0.023648651270384624,0.7346875
3592,3743,0.023648707219967695,0.73475
7741,8158,0.023648993039835465,0.7348125
5073,5320,0.023649054297153978,0.734875
4752,5210,0.023649286025886316,0.7349375
7323,7626,0.02364933428118037,0.735
719,911,0.023649701407133985,0.7350625
3654,3918,0.023649882825608936,0.735125
9255,9574,0.02364991782835593,0.7351875
13017,13105,0.023649985771974177,0.73525
10091,10554,0.023650100375868725,0.7353125
229,73,0.02365013354994281,0.735375
4428,4714,0.023650158468544128,0.7354375
13323,13525,0.023650499369835487,0.7355
11212,11329,0.023650636627269368,0.7355625
985,1145,0.02365074056430035,0.735625
7599,7771,0.023650757908993236,0.7356875
9315,9600,0.023651087261245644,0.73575
14975,15035,0.023651321275601905,0.7358125
14242,14676,0.023651471322640265,0.735875
11949,12450,0.02365147287749987,0.7359375
4762,5174,0.023651691787656658,0.736
1270,1514,0.023651717513090583,0.7360625
977,1143,0.023651718706557627,0.736125
7474,8000,0.023651896422381604,0.7361875
1413,1369,0.023651908749434146,0.73625
14185,14253,0.023652563866482075,0.7363125
9703,9865,0.02365264332512584,0.736375
3825,3824,0.023652657317236096,0.7364375
5098,5490,0.023652668366129,0.7365
12178,12261,0.023652697332419387,0.7365625
3612,3939,0.023652740174917725,0.736625
6789,7182,0.023652778775695285,0.7366875
5935,6212,0.023652967039062944,0.73675
11859,12050,0.023653076037644983,0.7368125
1335,1612,0.0236531066605958,0.736875
9390,9940,0.023653213189223813,0.7369375
6784,7212,0.02365344678208394,0.737
10234,10720,0.0236535470161691,0.7370625
14345,14623,0.023653561571910495,0.737125
14233,14672,0.023653781087031464,0.7371875
15348,15920,0.023654028952639405,0.73725
5965,6304,0.02365404694131539,0.7373125
5310,5598,0.02365414225180185,0.737375
5686,5845,0.023654261120169363,0.7374375
2621,2777,0.023654313197021756,0.7375
2192,2622,0.02365447387119929,0.7375625
13118,13432,0.02365449876709323,0.737625
7281,7678,0.023654957231136222,0.7376875
13830,13865,0.023654966679732065,0.73775
285,103,0.023655304476744986,0.7378125
10807,11128,0.023655535885168506,0.737875
9699,9777,0.023655825639031087,0.7379375
10503,10990,0.023655933233991323,0.738
15028,15532,0.023656214610192586,0.7380625
15347,15722,0.02365623962170528,0.738125
8637,8651,0.02365631975161167,0.7381875
10074,10434,0.02365634755153129,0.73825
49,334,0.023656373295241735,0.7383125
14853,14899,0.023656382282469798,0.738375
5114,5488,0.023656583349335757,0.7384375
1262,1430,0.02365661205899392,0.7385
3593,3783,0.023656632051833038,0.7385625
11415,11555,0.02365683228188762,0.738625
15563,15465,0.023656885397275954,0.7386875
659,706,0.023657075205972135,0.73875
1560,1921,0.02365718437226052,0.7388125
11317,11217,0.023657337576082703,0.738875
6631,6695,0.02365746932391711,0.7389375
3599,3845,0.023657485220035877,0.739
6376,6774,0.023657894266478647,0.7390625
284,43,0.02365813965877019,0.739125
1518,1805,0.02365816843789884,0.7391875
303,77,0.02365849088571476,0.73925
2565,2890,0.023658521323554064,0.7393125
11340,11179,0.023658660087211292,0.739375
7377,7491,0.023658783827751977,0.7394375
11417,11662,0.023658797385158713,0.7395
5306,5590,0.023658803982176468,0.7395625
1964,2198,0.02365894873894337,0.739625
1643,1749,0.02365933676835142,0.7396875
3840,4052,0.023659342172436044,0.73975
4553,4910,0.02365950171918319,0.7398125
11307,11265,0.02365972903037629,0.739875
10618,11042,0.023659777327694656,0.7399375
1198,1206,0.02366003302968773,0.74
7630,7986,0.023660190672229717,0.7400625
9218,9305,0.023660611133155936,0.740125
14544,14914,0.023660612728506194,0.7401875
13610,13725,0.0236608221136028,0.74025
15566,15423,0.023660839387708493,0.7403125
7313,7696,0.023660857790270554,0.740375
12365,12435,0.023661179848659602,0.7404375
11495,11593,0.023661197292363424,0.7405
12318,12387,0.023661250292911568,0.7405625
376,584,0.02366143082088705,0.740625
8976,9161,0.02366145261941721,0.7406875
6110,6510,0.02366164407910698,0.74075
1220,1400,0.023661768733760084,0.7408125
13076,13486,0.02366189211535717,0.740875
14157,14231,0.023661897599077202,0.7409375
7990,8320,0.023662038419893523,0.741
9763,9835,0.023662061859024832,0.7410625
275,165,0.023662123209305903,0.741125
5422,5525,0.023662153140264236,0.7411875
13759,13877,0.023662278538254814,0.74125
6608,7068,0.0236622842475217,0.7413125
11484,11764,0.02366256376114902,0.741375
2070,2260,0.02366277673709885,0.7414375
14394,14792,0.023662901362836664,0.7415
581,22,0.023663228302506552,0.7415625
6238,6512,0.023663340090612946,0.741625
365,304,0.023663514682494793,0.7416875
6649,6723,0.023663527869298165,0.74175
14789,14831,0.023663763161824496,0.7418125
7121,7217,0.023663897581770687,0.741875
5893,5943,0.023664112599317888,0.7419375
11524,11723,0.023664164265642093,0.742
436,153,0.023664292119562808,0.7420625
445,138,0.023664341814964986,0.742125
15571,15421,0.023664362630502523,0.7421875
9115,9153,0.023664464912562366,0.74225
12373,12720,0.02366469045602797,0.7423125
15154,15149,0.023664702818401138,0.742375
1397,1670,0.023664709361064875,0.7424375
8030,8328,0.023664937671919597,0.7425
7511,7940,0.023665014321279505,0.7425625
5799,6121,0.023665072424974707,0.742625
12183,12448,0.023665204996839224,0.7426875
7135,7205,0.02366522275541694,0.74275
13154,13231,0.023665687905048558,0.7428125
7371,7419,0.02366584502696128,0.742875
14898,15456,0.02366598332189093,0.7429375
8844,8905,0.023666451841093332,0.743
11556,11790,0.02366715602810837,0.7430625
11546,11878,0.02366718842466498,0.743125
8808,8883,0.023667417542435648,0.7431875
8998,9558,0.023667472381246155,0.74325
15260,15624,0.023667571281464565,0.7433125
932,1252,0.02366791229589982,0.743375
15719,15913,0.023667919205683754,0.7434375
12274,12662,0.023667946459828695,0.7435
4760,5056,0.02366818276278559,0.7435625
1588,1743,0.023668367086405344,0.743625
6131,6532,0.0236685708372976,0.7436875
2095,1991,0.02366868303558893,0.74375
14548,14679,0.023668806940144997,0.7438125
1129,1367,0.023668899446762804,0.743875
9119,9560,0.023669074780414606,0.7439375
13385,13531,0.023669077809612294,0.744
411,31,0.02366919633605293,0.7440625
7131,7592,0.023669279152423627,0.744125
1117,1372,0.02366934302639501,0.7441875
8736,8845,0.02366938709345772,0.74425
13953,14418,0.023669574625828953,0.7443125
3732,3866,0.023669588534840632,0.744375
4111,4267,0.023669697742567906,0.7444375
10502,10633,0.02367018907352638,0.7445
4523,4774,0.023670189262410754,0.7445625
11914,11995,0.023670500803517732,0.744625
3110,3366,0.023670722645238586,0.7446875
10762,10833,0.023670783984902685,0.74475
12329,12341,0.023670848812822557,0.7448125
5312,5509,0.023670951138444675,0.744875
13195,13772,0.02367110548616584,0.7449375
13112,13426,0.023671158708006453,0.745
10061,10396,0.02367133859662917,0.7450625
410,282,0.023671529043205224,0.745125
11870,12340,0.023671637471575694,0.7451875
7405,7718,0.023671774346931483,0.74525
12075,12390,0.023671842509110513,0.7453125
12715,12993,0.02367189956189375,0.745375
6420,6704,0.02367192709640752,0.7454375
15042,15506,0.023672216037299597,0.7455
540,602,0.02367222226133761,0.7455625
5551,6008,0.023672303251528398,0.745625
12332,12738,0.023672633862776186,0.7456875
15289,15355,0.023672800610566442,0.74575
8838,9314,0.02367294250784846,0.7458125
12109,12546,0.023673454546711662,0.745875
1654,1786,0.023673576418045465,0.7459375
5564,5813,0.023673600964824185,0.746
12750,12837,0.023673664456982792,0.7460625
6399,6575,0.02367369679794303,0.746125
6466,6749,0.023673731973259688,0.7461875
804,799,0.023673806238803413,0.74625
11348,11602,0.02367412672017803,0.7463125
6179,6536,0.023674168015527255,0.746375
13275,13473,0.023674184491006906,0.7464375
11835,12087,0.02367431875786971,0.7465
14358,14720,0.023674594264528833,0.7465625
13683,13821,0.023674892343224122,0.746625
13839,13969,0.023674916263413077,0.7466875
12296,12395,0.02367501264708888,0.74675
7243,7650,0.023675183265500246,0.7468125
10357,10646,0.023675446957090927,0.746875
5394,5527,0.023675451976224164,0.7469375
8448,8509,0.023675522604473743,0.747
11950,12122,0.02367562081104794,0.7470625
10577,10611,0.023675778554133522,0.747125
1462,1801,0.02367601116161206,0.7471875
3278,3522,0.02367605789475509,0.74725
14128,14375,0.023676135795698296,0.7473125
278,346,0.023676152173312065,0.747375
7731,7917,0.0236761588872495,0.7474375
668,889,0.023676174334391016,0.7475
314,182,0.023676213442125296,0.7475625
13424,13649,0.023676215550798813,0.747625
5632,5751,0.023676321591825825,0.7476875
1289,1374,0.023676610540769534,0.74775
15619,15509,0.023676818311336452,0.7478125
3022,3161,0.023676864060585907,0.747875
11878,12342,0.023676992152312785,0.7479375
648,558,0.02367700274356405,0.748
12212,12418,0.023677107097839444,0.7480625
2462,2482,0.023677125561674225,0.748125
13056,13414,0.023677160046973983,0.7481875
10510,10665,0.02367764624655345,0.74825
11611,11890,0.023678183287785846,0.7483125
1593,1836,0.02367821474144803,0.748375
5981,6308,0.023678215395135878,0.7484375
10756,11082,0.023678383872497776,0.7485
11031,11346,0.023678452716387882,0.7485625
11001,11490,0.023678452817857753,0.748625
10359,10295,0.02367864184301583,0.7486875
1510,1712,0.023678687930446776,0.74875
2137,2011,0.023678840943633376,0.7488125
8078,8640,0.02367892702484485,0.748875
3248,3436,0.023679079862324173,0.7489375
6078,6374,0.023679109406065994,0.749
2633,3076,0.023679148525879923,0.7490625
13072,13418,0.023679190073925386,0.749125
10042,10127,0.023679272461920805,0.7491875
14633,15036,0.02367934113837324,0.74925
941,1099,0.02367935891452094,0.7493125
12069,12229,0.023679508744434488,0.749375
14721,14727,0.023679607127095822,0.7494375
14557,15088,0.023679679553276874,0.7495
14850,15154,0.023680338239808273,0.7495625
4823,5071,0.023680362406200278,0.749625
6191,6582,0.023680441061757946,0.7496875
3178,3408,0.02368048359768322,0.74975
6598,6713,0.023680725535519795,0.7498125
10898,11320,0.02368080236685633,0.749875
7795,7877,0.02368086054053325,0.7499375
423,127,0.02368087110276622,0.75
3544,3788,0.023681050109087717,0.7500625
12146,12510,0.023681059169854666,0.750125
8946,8963,0.023681136889805752,0.7501875
7620,7978,0.023681159873098143,0.75025
13065,13390,0.023681214135285098,0.7503125
1257,1595,0.023681349411437923,0.750375
5059,5296,0.023681673228436326,0.7504375
12693,13022,0.023681742993904173,0.7505
7320,7349,0.023681984805252933,0.7505625
12100,12396,0.023682314445432003,0.750625
2130,2228,0.0236823582107804,0.7506875
7369,7722,0.023682473880201425,0.75075
2349,2530,0.023682531562910728,0.7508125
10714,10875,0.023682640198754483,0.750875
9205,9345,0.023682939937812442,0.7509375
10861,10867,0.023683009964805133,0.751
2283,2464,0.023683125484309647,0.7510625
1479,1700,0.023683162278337642,0.751125
3690,3800,0.023683259908989982,0.7511875
9132,9596,0.023683426920493442,0.75125
3616,3773,0.02368359689259389,0.7513125
11429,11643,0.0236837001542413,0.751375
5939,6336,0.023683738170369343,0.7514375
4096,4319,0.02368392180876742,0.7515
13798,13857,0.023684033190610257,0.7515625
5411,5638,0.023684035781099483,0.751625
9167,9562,0.02368430011641748,0.7516875
12626,12825,0.023684411136656924,0.75175
455,248,0.023684560741764237,0.7518125
10999,11462,0.023684858778286688,0.751875
5974,6241,0.023684981911428173,0.7519375
10177,10353,0.023685155640089543,0.752
11398,11708,0.02368523956739438,0.7520625
14980,15115,0.023685387043899882,0.752125
2301,2381,0.023685588226855278,0.7521875
12173,12568,0.023685811864305434,0.75225
6558,6607,0.023686195800498192,0.7523125
12474,12914,0.023686761968315064,0.752375
14800,14903,0.023687530696014755,0.7524375
2587,2916,0.023687534679365428,0.7525
10325,10638,0.023687560227703516,0.7525625
405,366,0.023687568206170687,0.752625
7783,7849,0.023687620003837034,0.7526875
10331,10399,0.023687784531996436,0.75275
10312,10327,0.023687906123701367,0.7528125
10551,10601,0.023688064393998152,0.752875
6868,7246,0.023688134418270994,0.7529375
5084,5239,0.02368814582134955,0.753
14139,14203,0.02368838305247262,0.7530625
616,660,0.023688496284614717,0.753125
9308,9610,0.02368880860625804,0.7531875
6024,6462,0.02368902851188079,0.75325
562,939,0.023689052834358727,0.7533125
3760,4012,0.023689065189823045,0.753375
14641,14797,0.023689351993799325,0.7534375
2030,2212,0.023689831018832364,0.7535
9683,9815,0.023689929987290168,0.7535625
11102,11105,0.02369005397944933,0.753625
7332,7529,0.023690113651373714,0.7536875
1350,1620,0.023690129509663135,0.75375
9091,9205,0.023690233451137792,0.7538125
10587,10621,0.0236902730297721,0.753875
14715,14875,0.02369061442804111,0.7539375
3530,3755,0.02369062550373541,0.754
188,122,0.023690763564312222,0.7540625
14519,14683,0.023690794242042516,0.754125
2005,2138,0.02369087275705536,0.7541875
8132,8221,0.02369139242646087,0.75425
11844,12270,0.023691477384801932,0.7543125
5267,5481,0.023691541654036547,0.754375
14180,14333,0.02369162512076295,0.7544375
10936,11252,0.02369183872501048,0.7545
13711,14198,0.023691992909679504,0.7545625
1186,1341,0.02369227483291928,0.754625
11363,11531,0.023692405819599735,0.7546875
10579,10972,0.023692406536892148,0.75475
6927,7280,0.023692417435874497,0.7548125
2329,2360,0.02369242375539931,0.754875
14207,14620,0.023692487727299476,0.7549375
10616,10675,0.02369259493168444,0.755
9704,9977,0.02369264193169052,0.7550625
2100,2416,0.02369294667199988,0.755125
7040,7346,0.02369306850640392,0.7551875
15486,15379,0.023693210057481852,0.75525
9876,10330,0.023693334639223122,0.7553125
361,19,0.023693402422461457,0.755375
7672,7843,0.023693429749723376,0.7554375
10627,10681,0.02369360741325552,0.7555
4095,4255,0.023693836850160313,0.7555625
6297,6578,0.023693919340103172,0.755625
3336,3604,0.023694014489363903,0.7556875
15287,15632,0.023694041544747923,0.75575
12442,12924,0.023694063999743564,0.7558125
14797,14933,0.02369407970415962,0.755875
1054,1353,0.023694182956126127,0.7559375
1360,1603,0.023694223868423545,0.756
9752,9893,0.02369426068033341,0.7560625
8694,8659,0.02369429131896393,0.756125
3063,3470,0.023694743716061492,0.7561875
12024,12163,0.023695361596118906,0.75625
12441,12583,0.023695856119276385,0.7563125
12865,13051,0.023696003261167622,0.756375
15606,15633,0.023696171913388624,0.7564375
10041,10528,0.0236967974307803,0.7565
13152,13640,0.02369699336577575,0.7565625
7204,7608,0.023697014490107877,0.756625
13749,13945,0.023697291270451875,0.7566875
11929,12192,0.023697396631034373,0.75675
13819,13837,0.02369742188348452,0.7568125
5323,5738,0.02369762286316504,0.756875
10543,10653,0.02369764522363039,0.7569375
14348,14732,0.023697716001801882,0.757
14607,15020,0.023697738483175065,0.7570625
14040,14488,0.023698097092924225,0.757125
15387,15936,0.02369816120104772,0.7571875
11306,11249,0.023698398126550918,0.75725
3096,3395,0.023698437399295506,0.7573125
2345,2524,0.023698503401193418,0.757375
380,192,0.02369856826712155,0.7574375
11877,12037,0.023698710740207886,0.7575
12174,12337,0.02369878780473742,0.7575625
6242,6594,0.023698804146290463,0.757625
3478,3778,0.02369880806358695,0.7576875
530,696,0.023698851548659507,0.75775
7866,8280,0.0236990783321902,0.7578125
11631,11882,0.02369929800897919,0.757875
73,380,0.023699539183519722,0.7579375
9085,9061,0.02370054832785414,0.758
7048,7185,0.023700594727303667,0.7580625
2348,2115,0.023700609813976925,0.758125
15225,15225,0.023700839755704844,0.7581875
5913,5977,0.023700912782688464,0.75825
4251,4660,0.02370096068989392,0.7583125
293,215,0.023701084231078536,0.758375
1473,1475,0.023701087574030832,0.7584375
7049,7382,0.02370123773432302,0.7585
4243,4726,0.023701931571584737,0.7585625
134,173,0.02370199236220032,0.758625
11442,11674,0.023702121153495466,0.7586875
7061,7368,0.023702168431019032,0.75875
12531,12531,0.023702316292389006,0.7588125
3632,3838,0.02370264633466735,0.758875
14652,14835,0.023702836057772084,0.7589375
10905,11051,0.023702972333299575,0.759
877,1250,0.023703098316186583,0.7590625
1636,1746,0.02370321927674209,0.759125
14038,14081,0.023703361998714687,0.7591875
201,45,0.023703391474631633,0.75925
11490,11627,0.0237035701513156,0.7593125
3036,3412,0.02370370895842217,0.759375
12651,12787,0.023703834640197676,0.7594375
5806,5935,0.023703903105632425,0.7595
5648,6066,0.023704050017348714,0.7595625
2171,2206,0.023704057701988007,0.759625
13993,14137,0.02370408619183259,0.7596875
12280,12414,0.023704135252253598,0.75975
13797,13769,0.023704185859684312,0.7598125
3085,3327,0.02370449157779852,0.759875
8462,8647,0.02370504737397575,0.7599375
1933,2124,0.023705114434099363,0.76
6201,6688,0.023705175720741548,0.7600625
3296,3625,0.023705419314986025,0.760125
12900,13328,0.023705570515259296,0.7601875
6410,6694,0.023705695485361337,0.76025
8206,8335,0.02370592244293501,0.7603125
8512,9060,0.023706259058056522,0.760375
15615,15527,0.023706398814143267,0.7604375
8858,8909,0.023706639390352474,0.7605
956,1276,0.023706816197298315,0.7605625
2543,2727,0.023706905757569608,0.760625
5415,5610,0.02370693439313772,0.7606875
12621,12988,0.0237069622045552,0.76075
10304,10592,0.02370716401347638,0.7608125
5626,6004,0.02370732977491333,0.760875
13091,13293,0.023707336249366665,0.7609375
2370,2528,0.023707408412106872,0.761
2123,2442,0.023707526933275463,0.7610625
1644,1759,0.023707538294488323,0.761125
14031,14113,0.023708273997626816,0.7611875
13684,13835,0.023709070782327667,0.76125
5433,5537,0.02370910269105232,0.7613125
12545,12956,0.0237091491429658,0.761375
12928,13308,0.023709230519264306,0.7614375
7036,7207,0.02370935039178547,0.7615
5402,5878,0.023709511571033695,0.7615625
10335,10237,0.0237095846468542,0.761625
10410,10854,0.023709636576704936,0.7616875
9236,9321,0.02370980080469336,0.76175
15279,15411,0.023710090197706955,0.7618125
3625,3810,0.023710267174666178,0.761875
9071,9576,0.023710297816488323,0.7619375
4645,4931,0.023710483141089634,0.762
10358,10668,0.023710628638208994,0.7620625
8705,8691,0.023711053761803037,0.762125
8310,8583,0.023711063861726934,0.7621875
2124,2298,0.023711674519455432,0.76225
511,728,0.023711890442407485,0.7623125
2111,2299,0.023711918748543427,0.762375
2216,2422,0.023712043132733614,0.7624375
9962,10149,0.02371222440605098,0.7625
1319,1591,0.02371244891762125,0.7625625
508,829,0.023712614876995032,0.762625
9120,9640,0.023712808863317066,0.7626875
724,895,0.023713042561296603,0.76275
1599,1767,0.02371318012943483,0.7628125
3847,3852,0.023713246637348705,0.762875
12347,12832,0.023713404020848334,0.7629375
15536,15621,0.02371358734899556,0.763
8268,8373,0.02371370933018596,0.7630625
10297,10728,0.023713807310844406,0.763125
11349,11523,0.023713880362779806,0.7631875
7873,8188,0.02371397313426722,0.76325
10571,10970,0.02371399186387716,0.7633125
7149,7309,0.023714039202449626,0.763375
8582,8717,0.023714454366234306,0.7634375
1937,2324,0.02371463239625164,0.7635
434,664,0.023714891177508312,0.7635625
432,145,0.02371489624550972,0.763625
3564,3808,0.023714901998129083,0.7636875
9061,9013,0.023714912296516646,0.76375
10349,10269,0.023714917793471697,0.7638125
7592,7990,0.02371500507750697,0.763875
7956,8262,0.02371510884143548,0.7639375
879,1003,0.02371568639798184,0.764
5338,5413,0.023715747947967433,0.7640625
6153,6504,0.023715823694603514,0.764125
11080,11562,0.02371592820534415,0.7641875
1227,1248,0.02371602549589594,0.76425
15163,15576,0.02371602639217642,0.7643125
2287,2306,0.0237160826427834,0.764375
7852,7909,0.023716501682785718,0.7644375
3499,3805,0.02371658095919012,0.7645
183,172,0.023716604360231253,0.7645625
1502,1887,0.02371670939982612,0.764625
3677,4001,0.023716770053761587,0.7646875
12525,12593,0.02371682902291883,0.76475
11607,11912,0.023716975404882417,0.7648125
6283,6614,0.023717340831863862,0.764875
10946,11298,0.02371734650391456,0.7649375
9334,9756,0.02371739581118819,0.765
898,1266,0.023717432665456527,0.7650625
5303,5582,0.02371769372580625,0.765125
9138,9105,0.023717839064006603,0.7651875
11075,11458,0.023718134950697044,0.76525
8398,8445,0.02371816230811602,0.7653125
13055,13502,0.02371831501743244,0.765375
5836,6126,0.023718370585156797,0.7654375
11981,12085,0.02371863033772317,0.7655
13827,13999,0.023718657698998016,0.7655625
10788,10801,0.02371900883057098,0.765625
2115,2367,0.023719129419685934,0.7656875
12256,12283,0.023719181843951356,0.76575
119,298,0.023719375429457207,0.7658125
12058,12287,0.02371950964337229,0.765875
1911,2157,0.023719537009630875,0.7659375
14951,15480,0.023719791756099742,0.766
2698,2936,0.02371987913018415,0.7660625
6050,6372,0.023719952074269066,0.766125
12578,12571,0.023720047316171715,0.7661875
3681,3870,0.023720067902227412,0.76625
1345,1419,0.023720213967615526,0.7663125
3579,3910,0.023720234108561264,0.766375
3828,3874,0.02372060689381527,0.7664375
1192,1465,0.023720688838073687,0.7665
9188,9662,0.023721102031873848,0.7665625
15293,15662,0.023721237703340708,0.766625
1476,1657,0.023721321076508633,0.7666875
3806,3882,0.023721745638075043,0.76675
15474,15541,0.023721792030217174,0.7668125
14102,14548,0.023722075393606445,0.766875
79,89,0.023722093296787927,0.7669375
5380,5613,0.023722166108000244,0.767
14016,14049,0.023722456484819923,0.7670625
12815,13294,0.023722472643818347,0.767125
4461,4730,0.023722494619497977,0.7671875
13944,14177,0.02372257844488674,0.76725
12264,12397,0.02372259175478745,0.7673125
1083,1324,0.02372263079729398,0.767375
10912,11260,0.02372263103492841,0.7674375
13181,13660,0.023722672517557216,0.7675
10012,10398,0.023723039085241066,0.7675625
10575,10639,0.02372307004264898,0.767625
9223,9387,0.023723138340944604,0.7676875
2050,2266,0.023723182988805,0.76775
561,791,0.023723311923998073,0.7678125
15274,15828,0.02372353213712544,0.767875
15192,15636,0.023723739076270088,0.7679375
12479,12882,0.02372377592252965,0.768
2142,2490,0.02372387706238345,0.7680625
7744,8242,0.023723989924244505,0.768125
1799,2043,0.02372408283336674,0.7681875
9779,9965,0.02372411481083364,0.76825
5866,6268,0.02372422321273241,0.7683125
1149,1292,0.023724299244562274,0.768375
3770,4055,0.023724320381505813,0.7684375
8925,8955,0.02372467825788984,0.7685
2093,2276,0.023724793850719083,0.7685625
62,126,0.023724945619533453,0.768625
14920,15061,0.023725064384810604,0.7686875
15148,15558,0.023725065355749236,0.76875
12283,12403,0.023725201857975813,0.7688125
131,62,0.02372525990088918,0.768875
14687,15074,0.0237253901016793,0.7689375
2113,2278,0.023725417382169274,0.769
2196,2254,0.02372542172956167,0.7690625
12937,13342,0.023725474474271906,0.769125
2126,2352,0.02372609572021211,0.7691875
299,520,0.023726341100617585,0.76925
5783,6138,0.023726472061971142,0.7693125
10901,10889,0.0237265121621925,0.769375
10725,10723,0.023726523267339497,0.7694375
14250,14652,0.023726542070814934,0.7695
10263,10407,0.023726670611480153,0.7695625
5483,5888,0.02372671263895928,0.769625
9796,9913,0.023726792031513406,0.7696875
3684,3944,0.023727301294798116,0.76975
11155,11285,0.02372736825363408,0.7698125
12508,12687,0.023727402210066507,0.769875
5060,5466,0.023727648551096554,0.7699375
13495,13711,0.023727782045804464,0.77
15117,15526,0.023727966290460333,0.7700625
4761,5096,0.023728244271342333,0.770125
14794,14833,0.02372824797804534,0.7701875
15018,15135,0.023728279976284575,0.77025
8326,8451,0.023728313889778276,0.7703125
5671,5783,0.023728368881560557,0.770375
15215,15616,0.023728411544367008,0.7704375
9835,10290,0.02372856778539114,0.7705
337,570,0.023728647740178747,0.7705625
4506,4754,0.023728921708622553,0.770625
8335,8425,0.023728946192899128,0.7706875
7255,7730,0.023729163528665543,0.77075
4244,4377,0.02372924876874032,0.7708125
11030,11201,0.023729623879696363,0.770875
6940,7147,0.02372964786276271,0.7709375
4828,5089,0.023730130726663766,0.771
8218,8319,0.023730179236646914,0.7710625
259,72,0.02373030418884746,0.771125
15599,15515,0.023730337300843243,0.7711875
14779,15160,0.02373051274782298,0.77125
5358,5608,0.02373073042430704,0.7713125
5035,5280,0.02373091593998165,0.771375
7756,7925,0.02373113971863239,0.7714375
7247,7594,0.023731352400015254,0.7715
1426,1387,0.02373155839719987,0.7715625
6452,6681,0.023731750555505284,0.771625
10476,10529,0.02373177364253798,0.7716875
9221,9570,0.023732145319315254,0.77175
7171,7556,0.023732183551367254,0.7718125
5238,5379,0.023732238885980205,0.771875
14834,14995,0.023732349988891125,0.7719375
14707,14709,0.023732449742435293,0.772
15514,15521,0.02373245907163226,0.7720625
11618,11984,0.023733108528363456,0.772125
11069,11574,0.02373332750449615,0.7721875
6724,6969,0.02373343515770243,0.77225
6552,6595,0.023733587018121425,0.7723125
11590,11872,0.023733751662620477,0.772375
485,310,0.02373390843927859,0.7724375
6844,7260,0.023734258679111702,0.7725
10620,10685,0.023734385582975207,0.7725625
12288,12373,0.023734417011567942,0.772625
4399,4732,0.02373464597981774,0.7726875
13958,14027,0.0237346940381478,0.77275
15214,15387,0.023734736304338637,0.7728125
10299,10527,0.023734792466683172,0.772875
11692,11990,0.023734812133552472,0.7729375
7209,7546,0.023734981666592575,0.773
8671,8663,0.02373506035985278,0.7730625
2193,2272,0.023735082146007436,0.773125
1133,1378,0.023735159534409696,0.7731875
11780,12068,0.023735278448540526,0.77325
15267,15840,0.02373532136717325,0.7733125
4678,5058,0.02373533689414669,0.773375
2173,2509,0.023735338038148347,0.7734375
9028,9145,0.023735760635521057,0.7735
7416,7710,0.02373587949398159,0.7735625
9994,10384,0.02373626787713433,0.773625
13784,13923,0.023736379154497816,0.7736875
11506,11728,0.023736484938463736,0.77375
13569,13615,0.02373651903661545,0.7738125
11881,12082,0.023736589224610492,0.773875
13756,13787,0.02373662943534369,0.7739375
9088,9133,0.023736786248859196,0.774
6202,6618,0.02373678950980684,0.7740625
14073,14129,0.023736941780168882,0.774125
499,174,0.023737078604010142,0.7741875
15497,15511,0.02373742635967262,0.77425
885,1029,0.023737432314964255,0.7743125
12235,12391,0.023737433401234208,0.774375
8766,8943,0.023737602794704077,0.7744375
2176,2328,0.023737956703953515,0.7745
14517,14980,0.023738051773892113,0.7745625
1910,2023,0.023738233896668424,0.774625
392,734,0.023738644955673197,0.7746875
4605,4921,0.023738979189026503,0.77475
3284,3524,0.023739087541477227,0.7748125
7762,7839,0.02373965650815129,0.774875
12180,12586,0.023739751655434606,0.7749375
7910,8448,0.02373992912604269,0.775
943,1019,0.023739975998831698,0.7750625
11303,11167,0.023740181132405568,0.775125
8401,8537,0.02374038018526442,0.7751875
5173,5263,0.023740540647112323,0.77525
15301,15886,0.023740584230461426,0.7753125
13130,13373,0.023740767339400306,0.775375
5289,5578,0.023740896734834722,0.7754375
1419,1473,0.023740896900749358,0.7755
13093,13658,0.023740935145567115,0.7755625
7853,8210,0.023741009252647494,0.775625
2166,2478,0.023741081215317466,0.7756875
4993,5107,0.02374109106329454,0.77575
15181,15239,0.023741182237965855,0.7758125
10417,10816,0.023741461406408898,0.775875
1037,1095,0.023741662441425764,0.7759375
3610,3811,0.02374196074786803,0.776
6305,6644,0.02374225423583965,0.7760625
11421,11936,0.023742660615799615,0.776125
11885,12308,0.02374284019854969,0.7761875
11862,12058,0.02374288793203901,0.77625
1384,1553,0.023742907019426347,0.7763125
12037,12109,0.02374295291730026,0.776375
10545,10962,0.02374322377213562,0.7764375
3363,3684,0.02374350391700917,0.7765
276,194,0.023743994343005025,0.7765625
9055,9207,0.023744027248072754,0.776625
8237,8317,0.023744586444620942,0.7766875
8076,8570,0.02374464818980979,0.77675
6121,6612,0.023744653978627513,0.7768125
5250,5604,0.02374476867298167,0.776875
14623,14755,0.023744814215664427,0.7769375
14037,14069,0.02374514052229596,0.777
12225,12429,0.023745286720164165,0.7770625
15120,15588,0.02374538131255619,0.777125
260,232,0.02374556332169376,0.7771875
7757,8168,0.023745644603572445,0.77725
685,767,0.02374570668858563,0.7773125
4102,4550,0.023746641184824693,0.777375
8949,9464,0.0237467525211877,0.7774375
12998,13219,0.023747183835984852,0.7775
10763,11312,0.02374729902002691,0.7775625
3740,4140,0.023747392757070825,0.777625
618,136,0.023747483979541396,0.7776875
14889,14941,0.023748040411848543,0.77775
10039,10119,0.02374805642026309,0.7778125
1365,1519,0.023748340932995396,0.777875
5282,5453,0.023748656056244485,0.7779375
10619,10731,0.023748829040576618,0.778
11544,11707,0.023748836351500564,0.7780625
5304,5696,0.023748851000571593,0.778125
2120,2202,0.023748865430158903,0.7781875
11389,11545,0.02374910163930951,0.77825
2033,2109,0.023749302495316288,0.7783125
15340,15956,0.023749518784203196,0.778375
5571,5924,0.02374978017229139,0.7784375
6854,7013,0.023749936273677146,0.7785
6010,6508,0.023750030203787693,0.7785625
11452,11607,0.023750234872864536,0.778625
2292,2384,0.023750254472421167,0.7786875
11851,12198,0.02375028045472587,0.77875
7992,8390,0.023750356391155254,0.7788125
4366,4806,0.023750510046273512,0.778875
8886,9378,0.023750531437896377,0.7789375
5355,5471,0.02375080720821285,0.779
1589,1734,0.023751120589908477,0.7790625
11567,11802,0.0237515183716685,0.779125
9946,10093,0.023751764564652573,0.7791875
3673,4108,0.02375180312777009,0.77925
3640,3914,0.02375183266924644,0.7793125
10605,10994,0.023751985011615927,0.779375
3479,3834,0.023751990892666396,0.7794375
905,999,0.023752130062420714,0.7795
2077,2282,0.023752299401942154,0.7795625
14795,15142,0.023752408125512395,0.779625
12269,12289,0.023752410181482154,0.7796875
1974,2320,0.023752468094773105,0.77975
6293,6598,0.023752562466455067,0.7798125
1169,1527,0.023752564346751923,0.779875
15316,15664,0.0237525889845533,0.7799375
15385,15417,0.02375288890408122,0.78
12550,12970,0.023753118330990586,0.7800625
11511,11750,0.023753273849896357,0.780125
3440,3727,0.023753512518664782,0.7801875
5145,5524,0.02375351252754333,0.78025
10340,10259,0.02375365256832472,0.7803125
5623,6068,0.02375373692876446,0.780375
14957,14989,0.023753827221857367,0.7804375
13802,13825,0.023753920255117012,0.7805
7999,8155,0.023753964820171142,0.7805625
1122,1154,0.023754122171621886,0.780625
10398,10828,0.023754865910014186,0.7806875
2538,2745,0.023754909948409744,0.78075
839,1055,0.023755060079614143,0.7808125
11239,11586,0.023755286262812973,0.780875
8689,8853,0.023755365508441508,0.7809375
12188,12506,0.023755409938886213,0.781
8344,8930,0.02375541758956823,0.7810625
2274,2402,0.023755552441141418,0.781125
3756,4060,0.023755643438328956,0.7811875
15057,15077,0.023755742842312473,0.78125
4990,5260,0.02375580738249339,0.7813125
3230,3498,0.023755815545987078,0.781375
13940,14514,0.023755874194048676,0.7814375
7625,8066,0.023755929503796323,0.7815
1906,2083,0.02375595926404932,0.7815625
12926,13326,0.023755996706318776,0.781625
10773,10837,0.023756091371339567,0.7816875
10983,11390,0.02375626862505838,0.78175
8111,8203,0.0237563430040455,0.7818125
10961,11464,0.0237563460637596,0.781875
87,118,0.023756381734083842,0.7819375
8169,8385,0.02375646934022217,0.782
11811,11983,0.023756699724096535,0.7820625
12313,12463,0.023756753094812982,0.782125
6402,6706,0.02375701317328232,0.7821875
9152,9391,0.023757091492524647,0.78225
11763,11895,0.023757233708051922,0.7823125
11795,12246,0.023757291037108604,0.782375
7633,7825,0.02375729730549547,0.7824375
9340,9722,0.02375774928811645,0.7825
1190,1389,0.023757796322279614,0.7825625
4776,5043,0.023758055240530315,0.782625
2102,2130,0.023758278866655106,0.7826875
12336,12696,0.023758615802884284,0.78275
2664,2998,0.02375880329957109,0.7828125
6716,7126,0.023758933229705983,0.782875
14413,14830,0.023759003171625014,0.7829375
3614,3940,0.023759267894566307,0.783
239,290,0.023759497443845857,0.7830625
3522,3685,0.023759701913441404,0.783125
6594,6777,0.02375972858305998,0.7831875
6125,6522,0.023759843103055175,0.78325
10511,10607,0.02375993217000754,0.7833125
3803,4094,0.023760066206140497,0.783375
10207,10225,0.023760501320630865,0.7834375
3321,3572,0.023760529410057595,0.7835
3285,3562,0.02376066023859765,0.7835625
10101,10478,0.023760726534282114,0.783625
5535,5735,0.023760873929562432,0.7836875
15277,15678,0.02376102560059696,0.78375
9753,9925,0.023761172116635722,0.7838125
15056,15570,0.023761196714874804,0.783875
10848,11184,0.02376130361434519,0.7839375
9180,9347,0.023761306801969074,0.784
14788,14845,0.023761366771405012,0.7840625
14079,14213,0.02376151344144298,0.784125
10700,11208,0.0237615701648749,0.7841875
5299,5395,0.023761686901692756,0.78425
2252,2410,0.023761758960968885,0.7843125
15272,15708,0.023762113269855174,0.784375
10469,10904,0.023762116591213783,0.7844375
9070,9023,0.023762382770803496,0.7845
7772,8178,0.023762479681659694,0.7845625
10613,11102,0.023762564786828266,0.784625
7026,7263,0.023762835084593387,0.7846875
13229,13453,0.023762999396125566,0.78475
11924,12099,0.02376307920943628,0.7848125
3797,4015,0.023763299516696205,0.784875
12698,12789,0.02376336646353994,0.7849375
8864,9366,0.02376341494057989,0.785
4571,4816,0.023763665021580265,0.7850625
805,1077,0.023764142946723178,0.785125
11745,11913,0.023764216031674293,0.7851875
7302,7776,0.023764438130156242,0.78525
8025,8394,0.023764685903832183,0.7853125
15228,15315,0.02376479636554197,0.785375
7964,8496,0.02376488928895142,0.7854375
14608,14691,0.023764975879893735,0.7855
6309,6750,0.02376500943387651,0.7855625
10933,11290,0.02376513591080555,0.785625
5316,5586,0.023765141416340497,0.7856875
3590,3840,0.023765154872092017,0.78575
7028,7490,0.023765308139768376,0.7858125
1047,1408,0.023765327098937295,0.785875
137,166,0.02376544215689353,0.7859375
358,266,0.023765508300128323,0.786
7778,7851,0.023765568320534943,0.7860625
15303,15786,0.023765796815385466,0.786125
5497,5577,0.02376586341889474,0.7861875
6988,7454,0.023766154880293197,0.78625
6267,6560,0.02376617553435746,0.7863125
11285,11630,0.02376620512694833,0.786375
12512,12894,0.02376650617165444,0.7864375
8847,9302,0.02376660115211066,0.7865
1266,1560,0.02376668412741038,0.7865625
8938,9324,0.0237672235120469,0.786625
2269,2393,0.023767372859919412,0.7866875
746,1074,0.023767386205752597,0.78675
4155,4323,0.023767487047185443,0.7868125
5570,5882,0.023767989118373897,0.786875
3103,3223,0.02376808176121548,0.7869375
10376,10726,0.023768156774158562,0.787
3421,3655,0.023768291784801044,0.7870625
12244,12389,0.02376840695509056,0.787125
13776,13761,0.02376842124056084,0.7871875
7265,7720,0.02376862667757655,0.78725
11366,11407,0.023768661050667154,0.7873125
10468,10599,0.02376895046754852,0.787375
3850,4334,0.023769035962937207,0.7874375
7082,7486,0.023769180898219746,0.7875
11863,12154,0.02376924712006476,0.7875625
5548,5906,0.023769248710174284,0.787625
3717,3916,0.02376938250965552,0.7876875
9287,9323,0.02376966297969138,0.78775
10529,10908,0.023770172025223277,0.7878125
262,280,0.023770303352490696,0.787875
4541,4830,0.02377036475063737,0.7879375
12405,12467,0.023770372769872303,0.788
11932,11987,0.0237704903780116,0.7880625
10866,11160,0.023770608698356996,0.788125
11178,11121,0.023770823273820327,0.7881875
2277,2334,0.02377093816233692,0.78825
11553,11806,0.023771076829502375,0.7883125
1614,1943,0.023771080421900643,0.788375
7855,7947,0.023771198102418265,0.7884375
13030,13382,0.023771399891001643,0.7885
14968,15021,0.02377162405306476,0.7885625
161,100,0.023771689376959573,0.788625
5171,5592,0.023771755302166037,0.7886875
3080,3237,0.023771814734305622,0.78875
5160,5504,0.023772011656784737,0.7888125
8339,8487,0.023772054079759623,0.788875
12152,12578,0.02377219836121594,0.7889375
8296,8367,0.023772377006691353,0.789
2272,2365,0.023772477791709733,0.7890625
987,1075,0.023772683317763242,0.789125
5008,5404,0.023772748515052785,0.7891875
2276,2437,0.02377337667922476,0.78925
13069,13476,0.023773530491079414,0.7893125
13783,13887,0.0237735479515181,0.789375
11393,11493,0.02377356317874826,0.7894375
850,1021,0.02377358506671572,0.7895
6982,7404,0.023773597992007803,0.7895625
761,831,0.02377367683226718,0.789625
11213,11235,0.023773770090506054,0.7896875
369,21,0.023774020610982542,0.78975
14860,14977,0.02377418673932518,0.7898125
2117,2310,0.02377451917482202,0.789875
6883,7198,0.023774715093910253,0.7899375
15004,15560,0.0237747314524249,0.79
5930,6168,0.023774841803480353,0.7900625
12583,12944,0.023774950213870043,0.790125
6084,6432,0.023774978895748738,0.7901875
10759,11268,0.02377531190235206,0.79025
5850,5919,0.023775405209074518,0.7903125
8238,8345,0.023775470389086027,0.790375
11731,11931,0.02377561178577356,0.7904375
12289,12445,0.023775832006072035,0.7905
12245,12303,0.023775837012258032,0.7905625
7614,7753,0.023775941595700626,0.790625
12097,12648,0.02377612805875208,0.7906875
301,185,0.023776172347380286,0.79075
7934,8350,0.02377618538395074,0.7908125
144,209,0.023776277469835037,0.790875
13547,13639,0.023776319723509756,0.7909375
93,243,0.023776321842063755,0.791
12430,12493,0.023776344435191287,0.7910625
10774,11098,0.023776404809044725,0.791125
6944,7197,0.023776774225287206,0.7911875
11063,11470,0.023776902051341225,0.79125
5603,5956,0.023776907564856047,0.7913125
7248,7796,0.02377717922281152,0.791375
296,54,0.023777376530380503,0.7914375
1873,2067,0.023777478110220105,0.7915
2163,2240,0.023777502322006646,0.7915625
1295,1649,0.02377752544504937,0.791625
6842,6903,0.023777596152793214,0.7916875
5490,5880,0.023777731528066597,0.79175
2451,2279,0.023777976460943807,0.7918125
14349,14856,0.023778282077763568,0.791875
14530,14671,0.02377858574243776,0.7919375
2982,3336,0.02377882674948918,0.792
5118,5500,0.023778947341575752,0.7920625
2432,2816,0.02377898038196319,0.792125
8657,8729,0.02377906207726741,0.7921875
12355,12411,0.023779214477384042,0.79225
6814,6877,0.023779462047193594,0.7923125
14054,14558,0.023779820933452787,0.792375
8044,8213,0.02377998914954252,0.7924375
489,610,0.02378003289553452,0.7925
1948,2218,0.023780242087875332,0.7925625
12255,12422,0.023780475852364404,0.792625
4633,5023,0.02378052791182817,0.7926875
5886,6314,0.023780558948557018,0.79275
10070,10524,0.023780753207207034,0.7928125
7314,7371,0.023780768273348844,0.792875
8912,9288,0.023781172767335997,0.7929375
349,292,0.023781446434884293,0.793
14729,15156,0.023781918485879062,0.7930625
8508,8689,0.023781997792080314,0.793125
12963,13334,0.023782361546475197,0.7931875
11356,11381,0.02378239100741061,0.79325
8658,8779,0.023782528443962565,0.7933125
3789,4019,0.023782625495657714,0.793375
10850,11057,0.02378274293480089,0.7934375
14805,14893,0.02378277978620566,0.7935
12187,12400,0.023783023084059725,0.7935625
3111,3426,0.02378332594883588,0.793625
11370,11648,0.023783465856299316,0.7936875
674,973,0.023783478237589636,0.79375
11497,11836,0.023783478514429367,0.7938125
11517,11868,0.023783534376453776,0.793875
3686,3955,0.023783535639432758,0.7939375
12153,12386,0.02378380612963636,0.794
2148,2347,0.02378466888614279,0.7940625
1632,1698,0.023784719314994974,0.794125
8627,8627,0.02378495226448679,0.7941875
3795,4130,0.023785260499855992,0.79425
220,66,0.023785306543477318,0.7943125
9271,9357,0.023785513366273204,0.794375
10330,10285,0.023785564593348255,0.7944375
426,102,0.023785716070919352,0.7945
3065,3342,0.023785825379954797,0.7945625
5364,5716,0.02378593937724949,0.794625
14967,15181,0.02378607372444187,0.7946875
4592,5064,0.023786293731502546,0.79475
5126,5407,0.023786515910989937,0.7948125
13914,14406,0.023786855146383748,0.794875
477,566,0.023786921571634978,0.7949375
12435,12856,0.023787014180957602,0.795
15742,15953,0.023787487601133483,0.7950625
538,600,0.02378763293304514,0.795125
11351,11553,0.02378784934212086,0.7951875
5894,6091,0.02378788385380987,0.79525
4486,4727,0.023787953112587502,0.7953125
6837,6957,0.023787974953516547,0.795375
3805,4113,0.02378804632097202,0.7954375
10472,10960,0.02378808027471325,0.7955
11802,12166,0.023788219173908963,0.7955625
8677,8665,0.023788259848405248,0.795625
4236,4427,0.02378834586694155,0.7956875
3184,3537,0.023788438634604413,0.79575
364,272,0.023788441785151906,0.7958125
3510,3671,0.023788980442654768,0.795875
12533,12846,0.023788982917489102,0.7959375
11468,11896,0.023789013749282554,0.796
4714,5031,0.02378921342814238,0.7960625
9397,9758,0.0237892703217225,0.796125
12219,12279,0.023789290993780226,0.7961875
4957,5151,0.023789401942142286,0.79625
4159,4355,0.02378948336531656,0.7963125
1121,1226,0.023789706734603854,0.796375
2694,3064,0.023789769758032483,0.7964375
6538,6968,0.023789791477144415,0.7965
8222,8371,0.023789861886402298,0.7965625
5147,5485,0.023789895546775637,0.796625
11709,11907,0.023790190080693267,0.7966875
13597,13681,0.023790333005774832,0.79675
15175,15179,0.023790365923100833,0.7968125
11923,11953,0.02379067050227879,0.796875
9673,9873,0.0237909746821907,0.7969375
2578,2922,0.023791552855640476,0.797
14583,14729,0.023791560542755604,0.7970625
3113,3379,0.023791855584040088,0.797125
12782,13310,0.0237919525079739,0.7971875
3705,4152,0.02379203527008993,0.79725
5359,5666,0.02379203637104388,0.7973125
5260,5559,0.02379227809901269,0.797375
4238,4363,0.023792284698463794,0.7974375
752,875,0.023792289375088326,0.7975
5602,5747,0.023792984673587734,0.7975625
9129,9107,0.023793066696991313,0.797625
8895,9308,0.023793150836516196,0.7976875
6591,7100,0.02379322853187874,0.79775
2158,2236,0.023793237808781186,0.7978125
15196,15251,0.023793259861324238,0.797875
3265,3557,0.023793466321889174,0.7979375
1564,1624,0.02379409929386329,0.798
2573,2857,0.023794253477412743,0.7980625
308,67,0.023794255881513748,0.798125
1905,2258,0.023794262128285875,0.7981875
10442,10850,0.02379436792058254,0.79825
11785,11877,0.023794910161114513,0.7983125
3347,3643,0.023795047281265573,0.798375
7253,7748,0.02379542363947227,0.7984375
10256,10403,0.02379569747133406,0.7985
11269,11207,0.023795703607608347,0.7985625
11163,11133,0.023795900281178665,0.798625
15189,15618,0.023795961983203263,0.7986875
1519,1600,0.023795986264333793,0.79875
15167,15552,0.023796337551535585,0.7988125
6031,6360,0.023796576832555535,0.798875
9692,9807,0.02379680033273677,0.7989375
6622,6679,0.02379689744879628,0.799
11685,12004,0.023796957994536846,0.7990625
4113,4317,0.023796969780401404,0.799125
7064,7219,0.023797032269614337,0.7991875
1356,1578,0.023797162659112962,0.79925
13050,13123,0.023797340650475427,0.7993125
5971,6262,0.023797489436500015,0.799375
13622,13823,0.02379753824575762,0.7994375
15250,15335,0.023797764678821717,0.7995
564,6,0.023797946705039427,0.7995625
8292,8501,0.023798084947253575,0.799625
11128,11496,0.023798112395200893,0.7996875
5604,5918,0.023798127875202857,0.79975
14899,14971,0.023798263459853756,0.7998125
13733,13959,0.023798544080600757,0.799875
8031,8510,0.023798655840604536,0.7999375
10647,10669,0.023798687761148532,0.8
14065,14115,0.023798726940034456,0.8000625
11037,11175,0.02379882348383659,0.800125
279,86,0.023798857380900672,0.8001875
10694,11166,0.023799545312885896,0.80025
1664,1766,0.023799838814786183,0.8003125
9250,9317,0.023799898437374546,0.800375
10798,10919,0.023799919605594154,0.8004375
3209,3546,0.02379998172591001,0.8005
6560,6621,0.02380014652795772,0.8005625
11008,11269,0.02380031685705645,0.800625
9942,10171,0.023800424762645576,0.8006875
3320,3552,0.023800463558772467,0.80075
15216,15297,0.023800585621682867,0.8008125
7779,8180,0.02380070196002432,0.800875
15513,15405,0.023800854739926203,0.8009375
2174,2459,0.023800894392460845,0.801
8272,8349,0.02380126876950835,0.8010625
10283,10401,0.023801302981640647,0.801125
10683,10849,0.02380150615705881,0.8011875
1512,1711,0.023801720882986117,0.80125
5618,5809,0.023801775503967698,0.8013125
6325,6615,0.023801969152185316,0.801375
15231,15245,0.023802001367578568,0.8014375
1219,1302,0.023802386530401665,0.8015
1243,1383,0.02380242656356938,0.8015625
1921,2255,0.023802728512764406,0.801625
12213,12456,0.023803055656984547,0.8016875
12196,12307,0.023803203519260057,0.80175
1513,1596,0.023803278954395053,0.8018125
5236,5584,0.023803323809349183,0.801875
463,694,0.023803422854389023,0.8019375
7838,7941,0.023803455581586183,0.802
2351,2760,0.023803728711545756,0.8020625
2944,3183,0.023803762975642333,0.802125
14739,15126,0.02380424508805175,0.8021875
8907,9286,0.023804247574693214,0.80225
3653,3826,0.023804340402059518,0.8023125
8496,8617,0.023804625730712695,0.802375
8194,8311,0.023804680543610457,0.8024375
2893,3165,0.023805078207469597,0.8025
11353,11636,0.023805620524257366,0.8025625
10818,10825,0.02380584538674616,0.802625
3746,4066,0.023806339591701964,0.8026875
5090,5235,0.023806368869455016,0.80275
6212,6558,0.023806561192970827,0.8028125
11925,11973,0.02380684120133494,0.802875
9047,8991,0.02380685069156427,0.8029375
4695,5057,0.023806972775519544,0.803
53,33,0.02380705301359604,0.8030625
9813,9959,0.0238070572439243,0.803125
2535,2721,0.02380706553091189,0.8031875
367,242,0.023807302126173838,0.80325
2661,2875,0.023807442989971363,0.8033125
6186,6610,0.023807460188323824,0.803375
13380,13537,0.02380755431757748,0.8034375
1991,2073,0.02380775615422527,0.8035
12140,12223,0.023807834870613494,0.8035625
6764,6827,0.023807870846965458,0.803625
5839,6318,0.023807879039651713,0.8036875
5605,5707,0.0238080233878772,0.80375
10449,10587,0.023808394325780843,0.8038125
3755,4042,0.023808450118136912,0.803875
65,336,0.02380846199155429,0.8039375
5751,5903,0.02380864032634838,0.804
14684,14753,0.0238086798960431,0.8040625
13041,13135,0.023808766936286276,0.804125
3678,3976,0.023808795224902563,0.8041875
1212,1393,0.023808905656568034,0.80425
90,222,0.023809063225082885,0.8043125
14423,14832,0.02380918747822406,0.804375
330,574,0.02380925033306231,0.8044375
9908,10436,0.023809288772606525,0.8045
10568,10609,0.023809428834204307,0.8045625
584,837,0.0238095374027688,0.804625
11768,11901,0.02380965930288734,0.8046875
9956,10366,0.02380992449876524,0.80475
1381,1503,0.023810234464397093,0.8048125
454,132,0.023810247786425466,0.804875
11220,11219,0.02381088283036599,0.8049375
4471,4790,0.023810929594721596,0.805
5769,6176,0.02381127494604489,0.8050625
2009,2137,0.023811382237034138,0.805125
9658,9861,0.023811415658046273,0.8051875
12364,12798,0.023811689288928517,0.80525
10757,10841,0.023811776231556524,0.8053125
742,777,0.023811903400453402,0.805375
1340,1551,0.02381192895056694,0.8054375
2245,2550,0.023812007317525932,0.8055
10733,11190,0.023812164396969326,0.8055625
7567,7974,0.023812305611535335,0.805625
5525,5623,0.023812358923176024,0.8056875
1261,1507,0.023812427140722098,0.80575
5518,5657,0.023812492844056166,0.8058125
10723,11258,0.02381265439137967,0.805875
8144,8357,0.023812713345479054,0.8059375
11414,11379,0.023812812451421913,0.806
1567,1744,0.023812843268832713,0.8060625
7960,8412,0.023812952819473928,0.806125
4874,5258,0.023813260155988468,0.8061875
3329,3627,0.023813455537995493,0.80625
8814,8901,0.023813503797918235,0.8063125
2034,2256,0.023813697908106227,0.806375
6733,7238,0.02381374744793675,0.8064375
10250,10339,0.023813773230498554,0.8065
557,720,0.023813898537831692,0.8065625
12360,12543,0.023813911205920423,0.806625
2109,2346,0.023814127043645633,0.8066875
2042,2214,0.02381418125599316,0.80675
7794,8270,0.023814600924625676,0.8068125
1302,1385,0.02381504281456742,0.806875
4209,4373,0.02381506635564287,0.8069375
15547,15461,0.02381586768387669,0.807
11276,11325,0.023815906441273023,0.8070625
359,41,0.023815960389409547,0.807125
5895,6252,0.023815995261357473,0.8071875
10252,10786,0.02381604676345357,0.80725
13898,14376,0.02381610655190221,0.8073125
329,244,0.02381630595577779,0.807375
12534,12872,0.02381647182916318,0.8074375
2080,2268,0.02381652898911964,0.8075
4504,4771,0.023816675934802883,0.8075625
10185,10748,0.02381715311914265,0.807625
4910,5326,0.023817159020296772,0.8076875
6003,6466,0.023817173830980528,0.80775
2288,2421,0.02381729685706789,0.8078125
14561,14721,0.023817433367393323,0.807875
15551,15447,0.023817451667541085,0.8079375
11624,12012,0.023818051889804567,0.808
7140,7558,0.02381821817062784,0.8080625
12323,12477,0.023818769993335907,0.808125
14712,15248,0.02381904043830747,0.8081875
370,680,0.023819174712859104,0.80825
3173,3450,0.023819218396458747,0.8083125
14787,14939,0.02381938039566819,0.808375
10863,10871,0.023819467492238344,0.8084375
829,1039,0.023819571774053847,0.8085
15176,15598,0.0238195764166719,0.8085625
12220,12412,0.023819658053593575,0.808625
5003,5286,0.02381973835122547,0.8086875
6195,6528,0.023819929222222234,0.80875
6930,7356,0.023820254820930694,0.8088125
12745,12845,0.023820289592873807,0.808875
12343,12794,0.023820556136014043,0.8089375
15298,15684,0.023820582254745138,0.809
1623,1686,0.02382091293324208,0.8090625
7845,7951,0.023821293388288034,0.809125
1071,1336,0.023821502508077255,0.8091875
110,284,0.023821570293010855,0.80925
13968,14390,0.02382162884860945,0.8093125
7737,8220,0.023821889897644315,0.809375
5977,6402,0.02382207047389506,0.8094375
5867,6158,0.023822258102151744,0.8095
14638,15174,0.023822348072428844,0.8095625
11390,11650,0.023822415239635443,0.809625
5342,5583,0.023823163471911157,0.8096875
13688,13717,0.02382324204091659,0.80975
14564,15064,0.023823406144529522,0.8098125
7980,8382,0.023823444528909363,0.809875
3975,4241,0.023823485326324518,0.8099375
8053,8149,0.023823553256872923,0.81
9027,8985,0.023823580704554856,0.8100625
8681,8879,0.02382366343739364,0.810125
10393,10555,0.023823693266053176,0.8101875
1132,1224,0.02382407482632513,0.81025
2678,2938,0.023824615752148164,0.8103125
15283,15333,0.0238248788934257,0.810375
12513,12569,0.023824899032575626,0.8104375
3070,3347,0.023824927953325317,0.8105
460,592,0.023824944817453023,0.8105625
6889,7326,0.02382516030742391,0.810625
6581,6647,0.023825346036463378,0.8106875
43,356,0.0238255637603486,0.81075
2228,2389,0.02382559913906604,0.8108125
3578,3827,0.023825811850901997,0.810875
12191,12271,0.02382638908941758,0.8109375
11481,11655,0.02382643717348014,0.811
113,97,0.02382764602665892,0.8110625
3045,3269,0.023827657309397322,0.811125
7739,7861,0.023827815074384258,0.8111875
274,27,0.023827899567045844,0.81125
7508,7713,0.02382801463157895,0.8113125
11485,11445,0.023828135087446054,0.811375
3027,3181,0.023828295554078047,0.8114375
11280,11147,0.023828360271338632,0.8115
15219,15365,0.023828422632197227,0.8115625
12721,12831,0.023828606110357673,0.811625
9105,9285,0.023828608948994513,0.8116875
14044,14199,0.02382870515592815,0.81175
11786,11879,0.023828951720766087,0.8118125
605,408,0.023829133087582888,0.811875
6135,6576,0.023829487802685345,0.8119375
9758,9889,0.023829561294348954,0.812
1265,1340,0.023829561573539004,0.8120625
549,210,0.02382978103145862,0.812125
8300,8395,0.023830093481795548,0.8121875
1949,2274,0.023830140965450143,0.81225
435,220,0.023830447373452426,0.8123125
8624,8735,0.023830494551278832,0.812375
13639,13679,0.02383053527898907,0.8124375
11027,11171,0.02383060970300134,0.8125
3032,3277,0.02383069041037488,0.8125625
15299,15391,0.023830991623894068,0.812625
1477,1681,0.023831371715505024,0.8126875
5625,5719,0.023831595127529193,0.81275
5559,6038,0.023831673878439433,0.8128125
4857,5290,0.023831689546155277,0.812875
8519,8643,0.02383184750828995,0.8129375
6087,6476,0.02383185034402228,0.813
15352,15952,0.02383191078296558,0.8130625
14704,14747,0.02383194867823723,0.813125
10836,11140,0.023831971072110252,0.8131875
9273,9594,0.02383218717806406,0.81325
5610,5785,0.02383255781539155,0.8133125
11358,11557,0.023832749616091775,0.813375
14833,14929,0.023832755746010657,0.8134375
13681,13703,0.023833034332987033,0.8135
13221,13676,0.02383347741361777,0.8135625
5842,5921,0.023833573702100833,0.813625
5078,5275,0.023833597759339513,0.8136875
10291,10243,0.02383402367434996,0.81375
11952,12013,0.023834043024942898,0.8138125
11753,11893,0.023834141664897588,0.813875
1792,2051,0.023834183028236047,0.8139375
15252,15269,0.023834370383203796,0.814
5048,5281,0.023834583609830512,0.8140625
7933,8143,0.023834676020491535,0.814125
3026,3175,0.023834714557822427,0.8141875
415,256,0.023834869859791,0.81425
14748,14921,0.023834924401198096,0.8143125
11251,11255,0.02383511745057305,0.814375
4707,5088,0.023835156342493953,0.8144375
7349,7732,0.02383518281492446,0.8145
187,137,0.023835307116079958,0.8145625
4141,4399,0.0238353493797154,0.814625
11542,11796,0.02383565503074121,0.8146875
13141,13221,0.023835878457741176,0.81475
901,1119,0.02383608001045269,0.8148125
15297,15734,0.02383612885443478,0.814875
5002,5270,0.023836637934408336,0.8149375
1800,2065,0.023836650448928555,0.815
902,1137,0.023836967828666154,0.8150625
12095,12378,0.023837319742102306,0.815125
14390,14597,0.023837320148240006,0.8151875
9309,9632,0.02383735730852069,0.81525
2088,2366,0.023837419683014886,0.8153125
327,181,0.0238380676843308,0.815375
588,668,0.023838180990709636,0.8154375
6059,6438,0.023838298848848395,0.8155
9721,9817,0.023838427765151077,0.8155625
10055,10422,0.023838469917694092,0.815625
4814,5216,0.02383853078103774,0.8156875
6978,7476,0.02383855810639377,0.81575
8598,8637,0.023838701404293394,0.8158125
10317,10391,0.023838913508555253,0.815875
10415,10537,0.023838918571177665,0.8159375
3130,3480,0.02383929573531936,0.816
1509,1656,0.023839595936176693,0.8160625
10708,11046,0.023839602962325453,0.816125
13630,13695,0.02383986071099917,0.8161875
6607,7150,0.02384009783052847,0.81625
2064,2180,0.023840153630829263,0.8163125
6833,7274,0.02384018900812373,0.816375
3767,4064,0.023840833648053037,0.8164375
14536,14693,0.02384086556592153,0.8165
15000,15059,0.023841223752584118,0.8165625
3086,3452,0.023841291557224094,0.816625
6318,6557,0.02384141532296221,0.8166875
10160,10538,0.023841488247348337,0.81675
152,160,0.02384156922019397,0.8168125
1838,1997,0.023841624143817696,0.816875
11124,11532,0.023841653545505465,0.8169375
4940,5268,0.0238419228694049,0.817
6370,6581,0.02384245427385685,0.8170625
6873,6943,0.023842466646135454,0.817125
402,216,0.023842472255131007,0.8171875
11089,11111,0.023842650998369817,0.81725
12599,13054,0.023842663683762443,0.8173125
12413,12513,0.023842947995341254,0.817375
13024,13169,0.02384302516276391,0.8174375
2372,2329,0.023843069632154008,0.8175
10985,11404,0.023843098350142485,0.8175625
5579,5940,0.0238436863409879,0.817625
157,133,0.02384375805551739,0.8176875
211,212,0.023843787711969797,0.81775
10329,10455,0.023843941458210526,0.8178125
5019,5342,0.02384405146469819,0.817875
11437,11355,0.02384414260609898,0.8179375
6773,6913,0.02384418899329769,0.818
14725,15188,0.0238444324696728,0.8180625
8353,8415,0.023844519294574987,0.818125
4494,4786,0.023844627694940466,0.8181875
224,180,0.02384482057557825,0.81825
6311,6848,0.02384485250651216,0.8183125
398,88,0.023844853915560585,0.818375
3823,4086,0.02384487354019671,0.8184375
12431,12663,0.02384511570543006,0.8185
11574,11972,0.023845314493405143,0.8185625
11227,11566,0.023845569809295884,0.818625
15473,15425,0.02384558313735254,0.8186875
377,163,0.023845784425266234,0.81875
7177,7313,0.02384592813082817,0.8188125
5335,5439,0.02384599843340376,0.818875
500,658,0.023846062566553826,0.8189375
9805,9909,0.023846099376007582,0.819
7058,7297,0.023846207289654208,0.8190625
10479,10615,0.02384643900288352,0.819125
6480,6882,0.023846581039986898,0.8191875
10217,10710,0.02384673280493714,0.81925
1388,1411,0.023846881598496527,0.8193125
11888,12254,0.023847235862917985,0.819375
11876,11947,0.023847283479152707,0.8194375
89,52,0.023847359155293638,0.8195
7850,8212,0.02384748622507627,0.8195625
7333,7900,0.023847881615470787,0.819625
11936,12005,0.023848048207752392,0.8196875
2090,2377,0.023848059164886345,0.81975
8456,8611,0.023848531551656588,0.8198125
218,286,0.023848676738346297,0.819875
2650,2886,0.023848691145699246,0.8199375
14953,14997,0.023848872871050728,0.82
1866,2102,0.023848992759102572,0.8200625
12978,13352,0.0238490521896296,0.820125
2595,2908,0.023849164960790297,0.8201875
3508,3733,0.023849301425405874,0.82025
3304,3622,0.02384944220343524,0.8203125
8755,9268,0.02384971309163868,0.820375
11172,11512,0.02384973452182711,0.8204375
2138,2313,0.023850118348996488,0.8205
2144,2103,0.023850168324498325,0.8205625
4040,4442,0.023850177819037914,0.820625
8532,8775,0.023850283965812385,0.8206875
1903,2148,0.023850289029046342,0.82075
326,159,0.023850404017679665,0.8208125
8806,9300,0.02385045458182844,0.820875
10151,10546,0.023850462461727517,0.8209375
7483,7936,0.023850560398522375,0.821
12108,12175,0.023850643109733605,0.8210625
6832,6921,0.02385077261758502,0.821125
7572,7791,0.023851102703097756,0.8211875
2371,2141,0.023851137909542956,0.82125
10249,10612,0.023851179679799373,0.8213125
4072,4411,0.02385158658925683,0.821375
13852,14013,0.023851822655570527,0.8214375
890,1087,0.023852012559171874,0.8215
10092,10586,0.023852033068067956,0.8215625
8900,9312,0.02385219080859583,0.821625
14206,14700,0.02385245047339631,0.8216875
232,120,0.02385251053170522,0.82175
12741,12855,0.023852621425503363,0.8218125
10847,11210,0.023852992358408136,0.821875
11472,11908,0.023853174711964374,0.8219375
10411,10858,0.023853179061455333,0.822
1239,1453,0.023853408507529858,0.8220625
1522,1783,0.02385364486990466,0.822125
2255,2456,0.02385375282643139,0.8221875
10532,10926,0.02385377524750292,0.82225
9063,9135,0.023853846490113313,0.8223125
12690,13052,0.023853925719374006,0.822375
5409,5567,0.02385400566244388,0.8224375
360,530,0.023854206572389118,0.8225
8092,8191,0.023854709561373866,0.8225625
2041,2398,0.023854728768404204,0.822625
12182,12409,0.02385475732764598,0.8226875
353,60,0.02385487252250704,0.82275
6502,6876,0.023855585571730255,0.8228125
289,63,0.023855596158598915,0.822875
374,68,0.023856117659872323,0.8229375
14339,14844,0.023856120263208765,0.823
2199,2559,0.0238562296350758,0.8230625
8043,8480,0.023856420508998083,0.823125
13578,13745,0.023856468991661692,0.8231875
1244,1449,0.02385654649757532,0.82325
7093,7247,0.02385656587181954,0.8233125
10903,11342,0.02385661243953724,0.823375
9182,9616,0.023856981818900364,0.8234375
1406,1586,0.023857464768395596,0.8235
12989,13336,0.02385760264186187,0.8235625
3493,3974,0.023857826706402838,0.823625
10894,11350,0.02385789981242015,0.8236875
9811,9955,0.02385798442146278,0.82375
597,414,0.023858563657473165,0.8238125
13709,13791,0.02385867495298717,0.823875
13924,14167,0.023858730310005297,0.8239375
11972,12290,0.02385887064134095,0.824
2590,2883,0.023859195479300578,0.8240625
14282,14668,0.02385945681420452,0.824125
10711,11056,0.023859831168426788,0.8241875
12611,12803,0.02386006677491334,0.82425
3126,3382,0.023860211728457394,0.8243125
10744,10727,0.023860658976002445,0.824375
12133,12255,0.02386071365095748,0.8244375
14287,14670,0.02386084162827886,0.8245
7033,7253,0.02386130265674224,0.8245625
10832,10905,0.023861364699496013,0.824625
11029,11127,0.02386161611065134,0.8246875
1067,1284,0.023861695938583293,0.82475
12509,12854,0.02386184061821736,0.8248125
99,179,0.023861881759463705,0.824875
5229,5614,0.02386203975623435,0.8249375
8086,8243,0.023862056159742462,0.825
9202,9417,0.023862144610012605,0.8250625
13180,13652,0.023862422023211566,0.825125
4675,5040,0.02386255420435382,0.8251875
940,1160,0.023862671895063074,0.82525
2107,2292,0.023862769383712068,0.8253125
57,53,0.023862970958567452,0.825375
9135,9097,0.02386310924634537,0.8254375
6255,6630,0.023863455192996742,0.8255
3121,3267,0.023863892998923445,0.8255625
15069,15125,0.023864096995471307,0.825625
2040,2247,0.023864133355477293,0.8256875
11982,12318,0.023864192015811754,0.82575
10965,11031,0.023864397273489102,0.8258125
14285,14642,0.02386440813257172,0.825875
8153,8261,0.02386456393991656,0.8259375
10685,11180,0.02386485729651577,0.826
15005,15167,0.023864958657466042,0.8260625
14076,14606,0.023864985541237487,0.826125
15556,15499,0.02386507429045679,0.8261875
13619,13691,0.023865171668605443,0.82625
13546,13627,0.02386518129364568,0.8263125
14310,14706,0.023865444576473313,0.826375
1626,1718,0.0238655293807468,0.8264375
13923,14099,0.02386577798136048,0.8265
11026,11063,0.023865798149699607,0.8265625
973,1168,0.02386672616562897,0.826625
13073,13620,0.02386678307140474,0.8266875
459,564,0.023866847213201994,0.82675
191,148,0.023866931036018835,0.8268125
11221,11530,0.023866981527249025,0.826875
12363,12764,0.023866982548163298,0.8269375
5989,6263,0.023867234358348244,0.827
3576,3904,0.02386733270966823,0.8270625
1724,2100,0.023867363742980298,0.827125
8175,8305,0.023867656621055677,0.8271875
6680,6757,0.02386788247646104,0.82725
2609,2898,0.023868198844269422,0.8273125
2247,2468,0.023868345012056463,0.827375
11486,11509,0.023868387624001473,0.8274375
14137,14718,0.02386870379648192,0.8275
880,1107,0.02386879976951889,0.8275625
10867,10885,0.02386914218139506,0.827625
606,488,0.023869270112771523,0.8276875
12232,12698,0.02386947971582716,0.82775
7660,7887,0.023869668265318222,0.8278125
10812,11150,0.023869685768285756,0.827875
13054,13167,0.023869887119805124,0.8279375
14191,14383,0.02387021053977746,0.828
5040,5334,0.02387037748803978,0.8280625
7206,7285,0.023870535671170964,0.828125
11314,11327,0.023870574357286692,0.8281875
3290,3732,0.02387059866954645,0.82825
12432,12489,0.02387068670776629,0.8283125
5934,6015,0.023870925960170087,0.828375
2229,2520,0.023871005642301768,0.8284375
11871,12168,0.023871138390179954,0.8285
9298,9764,0.023871352529423046,0.8285625
10681,11116,0.023871360198086916,0.828625
13937,14396,0.02387153767614836,0.8286875
387,528,0.023871542123572388,0.82875
3546,3699,0.02387156779078108,0.8288125
5936,6101,0.023871607864305616,0.828875
2254,2441,0.02387165277151855,0.8289375
10272,10706,0.02387197928111501,0.829
11298,11321,0.02387216869521326,0.8290625
4365,4722,0.023872847407021676,0.829125
11444,11497,0.023872996735520378,0.8291875
15062,15169,0.023873350156309897,0.82925
1874,2131,0.023873417379177447,0.8293125
3622,3932,0.023873699744583317,0.829375
838,1033,0.02387385856461375,0.8294375
914,1057,0.023873885202249583,0.8295
1168,1550,0.023873974665872606,0.8295625
2280,2411,0.023874057867158634,0.829625
11473,11766,0.02387407892664104,0.8296875
5931,6182,0.02387409602162867,0.82975
5377,5465,0.023874139637407907,0.8298125
15554,15623,0.02387413977457187,0.829875
146,24,0.023874556688846412,0.8299375
8285,8401,0.02387498873546017,0.83
11994,12470,0.02387531860579187,0.8300625
1187,1268,0.02387548450863568,0.830125
4984,5360,0.02387562893238997,0.8301875
8378,8481,0.023875804833363577,0.83025
3254,3532,0.02387611505604297,0.8303125
14752,14791,0.023876162815183725,0.830375
10176,10650,0.02387619994496854,0.8304375
3439,3713,0.023876337519336464,0.8305
4930,5103,0.023876731316878744,0.8305625
425,4,0.02387673285889328,0.830625
15145,15564,0.023876871357012053,0.8306875
12134,12305,0.02387705951747121,0.83075
10072,10135,0.023877225032779562,0.8308125
15487,15507,0.0238774477114801,0.830875
3533,3942,0.023877451972469158,0.8309375
7011,7249,0.02387747485177467,0.831
12465,12685,0.023877584596778266,0.8310625
3668,4048,0.023878099185175826,0.831125
3188,3482,0.023878384630714043,0.8311875
6662,6759,0.02387838969383616,0.83125
7899,8256,0.02387868115854439,0.8313125
10891,10921,0.023878740831067613,0.831375
14624,14777,0.023878867372213897,0.8314375
8840,9322,0.02387890920869951,0.8315
11963,12376,0.02387896639937278,0.8315625
12141,12239,0.023879013434973013,0.831625
1959,2196,0.02387904567421339,0.8316875
14448,14968,0.023879160362183974,0.83175
8742,8925,0.023879399616752943,0.8318125
125,270,0.023879571750388136,0.831875
10770,11222,0.023879734445587535,0.8319375
13519,13647,0.02387973486654859,0.832
10563,11006,0.02387981368179906,0.8320625
124,94,0.023879854741898483,0.832125
11459,11443,0.023880039298170078,0.8321875
6032,6446,0.02388004309959537,0.83225
7602,8020,0.02388015959852691,0.8323125
8851,9292,0.02388016095819663,0.832375
10857,11015,0.023880738762872805,0.8324375
9793,10342,0.023880800544430054,0.8325
2136,2353,0.023881360693194565,0.8325625
9282,9325,0.02388164091844598,0.832625
258,538,0.023881659023632675,0.8326875
11360,11335,0.023881697345766957,0.83275
11594,11892,0.023882397681489777,0.8328125
7166,7588,0.023882439813763406,0.832875
11384,11688,0.02388254816578661,0.8329375
12712,12939,0.023882596792558053,0.833
4640,4994,0.023882698528221752,0.8330625
15321,15341,0.023882772398575718,0.833125
12613,13068,0.023883557608025973,0.8331875
3170,3576,0.023884013886937106,0.83325
10873,10879,0.023884124321772022,0.8333125
10707,11114,0.02388437036942677,0.833375
77,74,0.023884821967440382,0.8334375
10609,10821,0.023884855665937108,0.8335
6863,7043,0.02388490423079056,0.8335625
2652,2927,0.023885490095250886,0.833625
7210,7421,0.023885531250444396,0.8336875
676,442,0.023885561988066538,0.83375
6878,7286,0.023885596830421765,0.8338125
11471,11425,0.023885966371671313,0.833875
1887,2200,0.02388601678181652,0.8339375
6181,6698,0.02388602001761499,0.834
12010,12089,0.023886116264688624,0.8340625
9347,9660,0.023886184057342406,0.834125
3217,3466,0.023886186071425904,0.8341875
5348,5459,0.023886228947875423,0.83425
504,188,0.023886251448600553,0.8343125
11418,11714,0.02388642969261658,0.834375
5376,5652,0.0238865197863264,0.8344375
11984,12095,0.02388658513917404,0.8345
4945,5252,0.023886620413127398,0.8345625
812,867,0.023887042165272786,0.834625
11841,12184,0.02388718958707228,0.8346875
7963,8376,0.02388727709114708,0.83475
3793,4054,0.023887443831901053,0.8348125
210,15,0.023887772425816557,0.834875
11073,11151,0.023887938161824097,0.8349375
7013,7362,0.023888308066951896,0.835
734,789,0.023888421206059315,0.8350625
518,512,0.02388846406313063,0.835125
11109,11504,0.02388868524615446,0.8351875
98,83,0.023888720096539643,0.83525
14731,14785,0.02388878914851158,0.8353125
10268,10698,0.023888903922032755,0.835375
8607,9166,0.023888943034710643,0.8354375
11581,11813,0.023888978368310096,0.8355
10278,10473,0.023889213886042936,0.8355625
505,608,0.02388948323417054,0.835625
10372,10824,0.02388955282292642,0.8356875
15140,15566,0.02389004753772852,0.83575
11232,11223,0.02389010869973578,0.8358125
10699,11206,0.0238901748992846,0.835875
1445,1685,0.023890462251826637,0.8359375
3258,3577,0.02389058302969939,0.836
11808,12200,0.023890595907081136,0.8360625
9123,9083,0.023890596093608003,0.836125
13720,13749,0.023890710662879556,0.8361875
6732,7190,0.023891172351674976,0.83625
14866,14969,0.0238913404664784,0.8363125
3550,3828,0.02389160268509159,0.836375
170,113,0.02389180624202569,0.8364375
10404,10838,0.023891864390229646,0.8365
1977,2152,0.023891894150581624,0.8365625
91,252,0.023892052914387417,0.836625
6501,6627,0.023892101645192343,0.8366875
10321,10722,0.023892190835099164,0.83675
7291,7367,0.023892490854030533,0.8368125
2715,3077,0.02389287185756803,0.836875
14942,15472,0.023892920458178077,0.8369375
3356,3734,0.023892923763709443,0.837
14651,15082,0.023892971910953277,0.8370625
14508,14743,0.02389337187825684,0.837125
8722,9272,0.02389347333645428,0.8371875
13306,13521,0.023893535326749045,0.83725
11512,11661,0.023893710630999983,0.8373125
10692,10795,0.023894442745587052,0.837375
7931,8370,0.023894526018341772,0.8374375
15288,15650,0.023894801934614504,0.8375
1547,1660,0.023894842238447567,0.8375625
7372,7435,0.02389491399118141,0.837625
11375,11563,0.02389491779295745,0.8376875
935,1162,0.02389498270477498,0.83775
9137,9359,0.023895114680447874,0.8378125
479,682,0.023895221811569844,0.837875
11845,12007,0.023895488535990418,0.8379375
2320,2536,0.02389573471968319,0.838
13764,13833,0.023895779156480768,0.8380625
1374,1673,0.023895917668604594,0.838125
9537,10086,0.023895947980049757,0.8381875
1993,2192,0.02389596746410886,0.83825
10394,10868,0.023896226613081377,0.8383125
2224,2246,0.023896329732093945,0.838375
5144,5343,0.023896359804802376,0.8384375
11476,11547,0.023896656286379544,0.8385
14308,14902,0.02389700160739057,0.8385625
5594,6018,0.023897009697933267,0.838625
5526,5930,0.02389747987997262,0.8386875
5204,5538,0.023897747662160337,0.83875
5104,5265,0.023897775209106943,0.8388125
5736,5869,0.023898224539853977,0.838875
15273,15750,0.023899053228661597,0.8389375
10307,10784,0.02389917627621931,0.839
6972,7388,0.023899513029568744,0.8390625
5068,5213,0.02389956179767032,0.839125
15155,15401,0.023899568475700114,0.8391875
1154,1499,0.023899601354590114,0.83925
3185,3442,0.023899620812281416,0.8393125
11809,12081,0.023899693771289237,0.839375
7362,7493,0.023899769745939107,0.8394375
414,274,0.023899955558557624,0.8395
316,79,0.02390019036028099,0.8395625
12682,12907,0.023900324825840723,0.839625
3158,3534,0.023900515685856622,0.8396875
13868,14083,0.02390072863461522,0.83975
12197,12367,0.02390076970915742,0.8398125
10191,10550,0.023901004762719252,0.839875
11931,11997,0.023901018527378495,0.8399375
12018,12482,0.02390110593114315,0.84
7791,8194,0.023901342576442695,0.8400625
4615,5004,0.023901354512871537,0.840125
8139,8279,0.023901419170512257,0.8401875
8579,8707,0.023901449814295393,0.84025
2071,2387,0.023901479411437818,0.8403125
2336,2139,0.023901754299725617,0.840375
6639,6783,0.02390189319106278,0.8404375
3615,3878,0.023901952875580636,0.8405
14385,14828,0.023901953791013845,0.8405625
3528,3721,0.023902155981917063,0.840625
513,348,0.023902258546268706,0.8406875
421,16,0.0239027357276445,0.84075
1326,1425,0.023902869805083018,0.8408125
2923,3227,0.023903294994889173,0.840875
1702,2090,0.02390356802130022,0.8409375
6335,6854,0.023903614479677267,0.841
13564,14096,0.02390362224082149,0.8410625
11127,11189,0.023903651062721812,0.841125
12257,12331,0.023903771124379105,0.8411875
6617,6763,0.02390396348469099,0.84125
8834,9031,0.02390478564779971,0.8413125
12636,13050,0.02390481184722,0.841375
5502,5960,0.02390485510998625,0.8414375
2175,2075,0.02390499570326875,0.8415
9219,9307,0.023905081398581857,0.8415625
11467,11423,0.02390517302633727,0.841625
14604,14711,0.023905229384857427,0.8416875
523,316,0.02390539584567184,0.84175
7944,8420,0.02390561678833039,0.8418125
174,151,0.02390564374550197,0.841875
1126,1463,0.023905868422080832,0.8419375
893,1196,0.023905980537838104,0.842
12127,12311,0.023906269923646896,0.8420625
2154,2111,0.023906443830932246,0.842125
7328,7449,0.023906484484677856,0.8421875
14984,15203,0.023906836467209876,0.84225
12620,12809,0.02390690914196146,0.8423125
1055,1258,0.023907039916591162,0.842375
7023,7450,0.023907192887586,0.8424375
2052,2123,0.023907224835500788,0.8425
2709,3033,0.023907613490263255,0.8425625
13607,13687,0.02390774916550907,0.842625
5565,5697,0.023907958312499547,0.8426875
10834,10865,0.02390804795806749,0.84275
7856,7997,0.023908151342728688,0.8428125
2164,2242,0.02390818796247759,0.842875
735,843,0.02390844391252928,0.8429375
12122,12297,0.02390857889930632,0.843
3117,3283,0.023908732725786887,0.8430625
76,417,0.023908864618854855,0.843125
332,129,0.02390919134260537,0.8431875
12150,12644,0.023909541513217367,0.84325
12880,13091,0.023909636152946452,0.8433125
3222,3474,0.023910141627339343,0.843375
10386,10437,0.023910539890306864,0.8434375
5651,5879,0.023910685635070643,0.8435
844,1112,0.023911113723050086,0.8435625
6848,6945,0.02391153297533172,0.843625
10437,10519,0.023911660933983166,0.8436875
5505,5653,0.02391216924077045,0.84375
219,28,0.02391226340066988,0.8438125
7966,8137,0.023912285244737284,0.843875
11445,11705,0.023912382053199392,0.8439375
15247,15357,0.02391240806887888,0.844
10208,10570,0.023912492275288032,0.8440625
7814,8260,0.023912928958196567,0.844125
313,106,0.02391316194299711,0.8441875
12511,12727,0.02391342580575139,0.84425
3162,3594,0.02391350125052998,0.8443125
12972,13153,0.023913643889366575,0.844375
3186,3638,0.023913665553451174,0.8444375
11926,12354,0.02391375397719854,0.8445
10220,10618,0.0239138117065271,0.8445625
10540,10677,0.023914137158958314,0.844625
5225,5576,0.023914387599281137,0.8446875
1985,2101,0.023914416616591237,0.84475
9072,9648,0.023914692967078235,0.8448125
5275,5702,0.023914808477469907,0.844875
3147,3422,0.0239151769799308,0.8449375
5687,5925,0.023915383516226383,0.845
13886,14119,0.023915408595194493,0.8450625
11937,12298,0.023915450202102086,0.845125
14876,15420,0.023915523517227293,0.8451875
10222,10211,0.02391564004713942,0.84525
6762,6839,0.023915676987604394,0.8453125
1980,2197,0.023916070204129374,0.845375
1297,1467,0.02391614517115659,0.8454375
5741,5907,0.023916248812762882,0.8455
15462,15525,0.02391643044191749,0.8455625
7238,7698,0.023916439808788104,0.845625
15195,15672,0.02391662553689979,0.8456875
12480,12816,0.02391667174749695,0.84575
11234,11143,0.02391687705387577,0.8458125
524,544,0.023916928791682567,0.845875
12135,12542,0.02391704432169744,0.8459375
9220,9335,0.023917201181187092,0.846
11222,11173,0.02391731294348085,0.8460625
3077,3239,0.023917726064075846,0.846125
13772,13813,0.023917814265471054,0.8461875
9197,9564,0.023918914219225325,0.84625
5061,5542,0.023918934466135015,0.8463125
14301,14742,0.023918982144552965,0.846375
13060,13245,0.02391920935023511,0.8464375
9054,9179,0.023919457556008442,0.8465
14260,14646,0.023919481241079316,0.8465625
5734,6136,0.0239197838228835,0.846625
14122,14596,0.023919882508085095,0.8466875
15734,15957,0.023920014777607093,0.84675
12172,12404,0.02392030045804772,0.8468125
9345,9760,0.023920702375686997,0.846875
6252,6648,0.023920841576784833,0.8469375
404,344,0.023921045254494153,0.847
6169,6494,0.023921228511981498,0.8470625
7272,7391,0.023921250538846386,0.847125
11555,11920,0.023921282172876878,0.8471875
13700,13793,0.023921371673052416,0.84725
5825,6119,0.023921408300264915,0.8473125
11106,11135,0.02392229881104337,0.847375
1376,1682,0.023922567173821727,0.8474375
3543,3952,0.023922603203543665,0.8475
12398,12607,0.02392260749897784,0.8475625
13016,13171,0.02392264805284665,0.847625
13586,13689,0.02392274087394015,0.8476875
8545,8621,0.023922819786726855,0.84775
7799,8230,0.02392300158531684,0.8478125
10900,11005,0.023923171361399466,0.847875
8355,8858,0.023923318217851153,0.8479375
12053,12424,0.02392336924326024,0.848
121,69,0.023923557794440244,0.8480625
12681,13124,0.023923570916189064,0.848125
13313,13850,0.02392373227370625,0.8481875
3037,3229,0.02392377871748806,0.84825
3200,3542,0.023923846673269654,0.8483125
15263,15724,0.023924320513878952,0.848375
12503,12900,0.02392438017783281,0.8484375
15234,15273,0.023924583490702152,0.8485
7263,7519,0.023924613068965334,0.8485625
1499,1642,0.023925031350111408,0.848625
11167,11275,0.023925126758765118,0.8486875
5908,6228,0.023925158094082414,0.84875
2231,2059,0.023925345411263406,0.8488125
281,524,0.023925625564103877,0.848875
14496,14665,0.023925919824475898,0.8489375
6823,7202,0.023926197544044944,0.849
7788,7923,0.02392679064759387,0.8490625
15152,15640,0.023926940174298222,0.849125
3642,4082,0.023927092443983652,0.8491875
14724,14913,0.023927170966549966,0.84925
10221,10371,0.023927252792499302,0.8493125
14247,14678,0.023927325878176555,0.849375
2997,3279,0.023927721945302554,0.8494375
12456,12890,0.023927817629082682,0.8495
10302,10666,0.02392803471190088,0.8495625
10541,11052,0.023928293038102656,0.849625
10564,11008,0.023928543080337903,0.8496875
10902,11240,0.023928562888436124,0.84975
494,306,0.023928592354751504,0.8498125
12391,12886,0.023928797389131926,0.849875
9966,10159,0.02392927470797078,0.8499375
6322,6762,0.023929299809244502,0.85
8596,8739,0.023929325516632,0.8500625
706,1013,0.023929705079344114,0.850125
7790,7973,0.023929867367953207,0.8501875
11214,11548,0.0239299735639431,0.85025
1971,2170,0.023930136948026197,0.8503125
10776,10799,0.02393030030543297,0.850375
8666,8673,0.02393031147697651,0.8504375
14311,14750,0.023930496406179093,0.8505
5994,6063,0.023930563000586644,0.8505625
6473,6890,0.023930993982539936,0.850625
109,34,0.023931011775990826,0.8506875
4742,5035,0.02393107736063148,0.85075
15294,15475,0.02393109535585118,0.8508125
14182,14608,0.023931181550628136,0.850875
10323,10419,0.023931571926742487,0.8509375
5550,5948,0.023931635400792777,0.851
11597,12020,0.023931833588384487,0.8510625
8514,9122,0.023932286509441857,0.851125
11328,11646,0.023932325027124973,0.8511875
3422,3681,0.02393262523403518,0.85125
4837,5232,0.02393264599611048,0.8513125
14081,14097,0.02393275489343336,0.851375
6757,6845,0.02393301226951242,0.8514375
12295,12746,0.02393333911977483,0.8515
12143,12492,0.023933620303764634,0.8515625
4121,4415,0.023933624963371456,0.851625
603,849,0.023933829078866,0.8516875
154,161,0.023934048672299216,0.85175
11244,11155,0.023934116118896797,0.8518125
9688,9939,0.023934454493865786,0.851875
924,1202,0.023934781176024707,0.8519375
13737,13739,0.023935282015113513,0.852
14730,15162,0.02393529300987433,0.8520625
2027,2270,0.023935326722697634,0.852125
11295,11345,0.023935420772405964,0.8521875
699,855,0.023935420916534115,0.85225
4397,4812,0.023935513242652744,0.8523125
1078,1298,0.023935580399798522,0.852375
10718,11144,0.02393609496255884,0.8524375
14222,14684,0.023936328347242904,0.8525
6504,6633,0.023936396692824397,0.8525625
539,322,0.023936505781077852,0.852625
12237,12319,0.02393653178197555,0.8526875
1909,2223,0.023936591291525984,0.85275
261,246,0.023936849078881366,0.8528125
5498,5639,0.023936881816154113,0.852875
331,149,0.023936937190775952,0.8529375
2156,2487,0.023937198232691262,0.853
10706,10757,0.023937301064879946,0.8530625
11867,12188,0.023937538547206143,0.853125
510,630,0.023937604817359594,0.8531875
15302,15812,0.023937611898829442,0.85325
9741,9953,0.023937746513668118,0.8533125
1130,1242,0.02393776900665336,0.853375
1285,1439,0.02393778258944889,0.8534375
10802,10819,0.023938017559464494,0.8535
10526,11016,0.023938110863462002,0.8535625
10910,11344,0.023938296527039295,0.853625
6964,7318,0.02393840282703261,0.8536875
10748,11168,0.023938465445729473,0.85375
945,1188,0.02393877788518941,0.8538125
1520,1778,0.02393886751355974,0.853875
13561,13715,0.02393902800717378,0.8539375
4746,5082,0.023939159646890036,0.854
10496,10988,0.023939286033122748,0.8540625
10884,11228,0.02393954710747981,0.854125
11496,11489,0.023939745621075748,0.8541875
14666,15130,0.02393986870286152,0.85425
12083,12552,0.023940143653874497,0.8543125
6681,6829,0.023940205163667717,0.854375
287,184,0.02394032676528235,0.8544375
342,143,0.02394041765686827,0.8545
2082,2325,0.023940440005014364,0.8545625
8526,8633,0.023940481672290834,0.854625
1469,1640,0.023940609803620623,0.8546875
6933,7312,0.02394078240227987,0.85475
14710,14775,0.023940948697773655,0.8548125
1590,1750,0.023941071061142252,0.854875
14670,14783,0.023941506593026785,0.8549375
11427,11820,0.023941519975280785,0.855
11480,11730,0.023941636983688706,0.8550625
2069,2140,0.023941738823240046,0.855125
5213,5361,0.023941770385436077,0.8551875
5593,6154,0.023941894975495762,0.85525
11621,11865,0.023942277433679972,0.8553125
7315,7397,0.023942694688924484,0.855375
5946,6312,0.023943020012535784,0.8554375
176,71,0.023943275030859894,0.8555
1135,1437,0.023943277343611284,0.8555625
13004,13412,0.023943302901468812,0.855625
5140,5552,0.02394379890067839,0.8556875
78,238,0.023943866789996462,0.85575
2114,2127,0.023944387163932882,0.8558125
1421,1728,0.023944696669650146,0.855875
13043,13430,0.02394477830889815,0.8559375
3585,3830,0.023944822360944442,0.856
6775,6847,0.023944997522278643,0.8560625
1833,2118,0.023945064371184974,0.856125
1438,1652,0.02394507435001919,0.8561875
464,556,0.023945313454411046,0.85625
2105,2315,0.023945462738390298,0.8563125
10090,10500,0.02394564503504943,0.856375
233,214,0.023945728256117783,0.8564375
11569,11954,0.023945837036810694,0.8565
5562,5902,0.02394584835712971,0.8565625
4986,5274,0.023946037186743752,0.856625
3153,3454,0.02394608868672578,0.8566875
15132,15574,0.023946274955852265,0.85675
5187,5353,0.023946444390190544,0.8568125
11056,11199,0.023946777269471434,0.856875
2994,3364,0.023946793783653438,0.8569375
14084,14159,0.02394703516445594,0.857
12622,12994,0.023947279034961362,0.8570625
4171,4331,0.023947562714716004,0.857125
14615,14715,0.023947690484364396,0.8571875
2060,2160,0.023947840337652876,0.85725
5922,6284,0.023948145018263974,0.8573125
453,670,0.023948181103966716,0.857375
4525,4978,0.023948438861283883,0.8574375
14057,14211,0.023948468942644345,0.8575
9124,9313,0.023948913132424324,0.8575625
13621,13667,0.023948951418021818,0.857625
14685,14757,0.023948963752148097,0.8576875
9079,9604,0.02394903596455912,0.85775
11492,11665,0.02394921003291237,0.8578125
11153,11540,0.023949211302145702,0.857875
15256,15287,0.02394922242027448,0.8579375
547,56,0.02394983951155337,0.858
8531,8749,0.023949851044684736,0.8580625
5567,5765,0.023950000018602022,0.858125
8883,8941,0.023950134141115118,0.8581875
12381,12563,0.023950450151389243,0.85825
12302,12423,0.02395050682555422,0.8583125
5037,5237,0.023950595915293523,0.858375
11034,11197,0.02395071772578995,0.8584375
2049,2252,0.023950775700703805,0.8585
3582,3806,0.02395085184153407,0.8585625
14029,14546,0.02395101855480686,0.858625
242,548,0.023951041549324543,0.8586875
5958,6290,0.023951196373752964,0.85875
6022,6420,0.023951293606586727,0.8588125
6094,6410,0.023951393176891714,0.858875
2334,2486,0.02395139319129454,0.8589375
7224,7654,0.023951619984441383,0.859
13735,13891,0.023951755619895838,0.8590625
2089,2317,0.023952213214703037,0.859125
12377,12457,0.023952307634887572,0.8591875
13603,13705,0.023952726806740238,0.85925
7586,7787,0.02395279299669186,0.8593125
3243,3526,0.023952978328670833,0.859375
2362,2697,0.023953219687560076,0.8594375
5844,6286,0.023953266034054007,0.8595
11456,11499,0.023953289051777245,0.8595625
9472,9739,0.023953313790140637,0.859625
204,354,0.023953549138640957,0.8596875
4730,5046,0.023953709426900387,0.85975
5149,5536,0.023953737975986017,0.8598125
5256,5680,0.0239541716424355,0.859875
10771,10887,0.023954219417711274,0.8599375
1450,1638,0.023954385827519832,0.86
11491,11461,0.023954520843133147,0.8600625
227,200,0.02395455609752629,0.860125
4093,4279,0.023954729253344128,0.8601875
1373,1635,0.023954860030219353,0.86025
5738,6134,0.023954914872893994,0.8603125
5345,5620,0.023955458664056947,0.860375
14711,14781,0.023955687575906808,0.8604375
9909,10392,0.023955990810216817,0.8605
4802,5206,0.023956087888610575,0.8605625
10772,11067,0.023956235080497386,0.860625
900,1059,0.0239563696273628,0.8606875
9277,9427,0.023956716619143364,0.86075
15409,15451,0.02395756069597358,0.8608125
11832,12214,0.023957572173684365,0.860875
1377,1431,0.023957586393840543,0.8609375
341,308,0.02395789748602781,0.861
11891,12268,0.02395819859167172,0.8610625
5951,6005,0.023958416404411546,0.861125
4918,5157,0.023958485792783406,0.8611875
168,176,0.023958577512224372,0.86125
11170,11257,0.023958687901677874,0.8613125
3682,3890,0.023959112653010494,0.861375
12181,12241,0.023959158986252446,0.8614375
6578,6655,0.02395921117388807,0.8615
15305,15389,0.023959790392663296,0.8615625
6835,7372,0.023960051086364873,0.861625
10927,11149,0.02396020562287865,0.8616875
2012,2149,0.023960420949382798,0.86175
1430,1866,0.023960514762417517,0.8618125
2420,2862,0.023960540063869377,0.861875
13023,13163,0.023960613015754625,0.8619375
3484,3687,0.023960739390357165,0.862
10320,10672,0.023961331845007493,0.8620625
15058,15197,0.02396134926537687,0.862125
14760,14919,0.023961553757446713,0.8621875
1929,2128,0.02396187114663964,0.86225
7207,7289,0.023962031202399644,0.8623125
1837,2047,0.023962278085302144,0.862375
9228,9311,0.023962290995701695,0.8624375
1403,1742,0.02396241491192117,0.8625
5774,5989,0.02396267829374706,0.8625625
13732,14196,0.023963000652669517,0.862625
14956,15087,0.02396306370126463,0.8626875
15043,15578,0.02396314839184995,0.86275
4766,5188,0.023963484638676483,0.8628125
1898,2045,0.0239637156375139,0.862875
2073,2436,0.02396377276251802,0.8629375
13489,13635,0.023963797965903682,0.863
10522,10741,0.023963950790235253,0.8630625
14266,14644,0.023964428839543677,0.863125
4682,5078,0.023964488714670877,0.8631875
5592,5695,0.023964779658884314,0.86325
1156,1274,0.023964995007513486,0.8633125
10298,10740,0.023965005264678176,0.863375
7201,7315,0.023965043691758316,0.8634375
11750,12074,0.02396563058894105,0.8635
555,534,0.02396577422900833,0.8635625
703,879,0.023965869920028623,0.863625
5993,6362,0.02396593692245765,0.8636875
5264,5588,0.023966832076187976,0.86375
3495,3697,0.023967033409816273,0.8638125
12756,13015,0.023967065260840963,0.863875
5821,6166,0.023967375917029552,0.8639375
3233,3518,0.023967415255598572,0.864
14954,15085,0.023967526038487712,0.8640625
11057,11095,0.023967593978902697,0.864125
10350,10389,0.023967651189437954,0.8641875
1827,2031,0.023967829499015512,0.86425
2249,2135,0.023968075330647095,0.8643125
10703,10753,0.023968098372217094,0.864375
14703,14733,0.02396811369384044,0.8644375
10370,10429,0.02396845215219799,0.8645
5218,5544,0.023968543108511518,0.8645625
11202,11303,0.02396865515470632,0.864625
7308,7632,0.023968694939757226,0.8646875
12079,12384,0.023968848785262918,0.86475
5822,5937,0.0239690355921008,0.8648125
430,744,0.02396905696774308,0.864875
2665,2897,0.023969063317438675,0.8649375
802,1098,0.023969497594809975,0.865
1293,1415,0.0239696150676097,0.8650625
15369,15922,0.02396967224355478,0.865125
6451,6643,0.023970380606206446,0.8651875
9870,10340,0.02397042953197448,0.86525
12918,13366,0.02397063978641246,0.8653125
63,51,0.023970661726903878,0.865375
1284,1429,0.023970796944679493,0.8654375
6851,6925,0.023971101739547383,0.8655
13070,13251,0.023971582447639497,0.8655625
15238,15301,0.02397162006045145,0.865625
12110,12315,0.02397176196691372,0.8656875
1500,1731,0.02397178026691404,0.86575
1580,1690,0.023972238232978556,0.8658125
5326,5732,0.023972293939796722,0.865875
15201,15614,0.023972372834649765,0.8659375
11487,11742,0.023972438961953346,0.866
596,785,0.02397248663510977,0.8660625
1585,1674,0.023972551693282124,0.866125
8455,8575,0.023972692785554583,0.8661875
12366,12453,0.0239728643255431,0.86625
751,851,0.023973157902742594,0.8663125
10960,11334,0.023973538894469563,0.866375
7849,8206,0.02397375495847308,0.8664375
7729,8190,0.023973765639154754,0.8665
4895,5111,0.023974201251884358,0.8665625
6215,6572,0.023974260639953275,0.866625
10276,10287,0.023974360762291275,0.8666875
7577,7976,0.023974418969412613,0.86675
288,594,0.023974938940060735,0.8668125
92,314,0.023975013938917822,0.866875
11728,12216,0.02397504718677139,0.8669375
10414,10691,0.023975117668292766,0.867
198,109,0.023975306351322338,0.8670625
6083,6550,0.02397531329716915,0.867125
108,237,0.023975433850939473,0.8671875
10722,11178,0.023975692875868284,0.86725
10429,10880,0.023975782191529876,0.8673125
5553,5627,0.023976271953932805,0.867375
252,26,0.023976283004210792,0.8674375
3588,4000,0.023976372574745407,0.8675
5814,5947,0.023976491979696143,0.8675625
15080,15185,0.023976828984011444,0.867625
7289,7361,0.023976944030885322,0.8676875
5901,6230,0.02397700846746174,0.86775
493,2,0.023977392682801357,0.8678125
11226,11558,0.023977612829527404,0.867875
7723,7873,0.02397772103900404,0.8679375
6698,6797,0.023977791520246844,0.868
12132,12225,0.023977946443615287,0.8680625
11423,11511,0.023978089744397225,0.868125
5877,6340,0.02397809809018387,0.8681875
4657,5008,0.023978157902272226,0.86825
14353,14798,0.023978176551818664,0.8683125
995,1204,0.023978284622477197,0.868375
456,542,0.02397849282216144,0.8684375
11751,12078,0.023978550786067334,0.8685
11142,11686,0.023978589342971895,0.8685625
2169,2089,0.02397862619137489,0.868625
9944,10432,0.023978651287328154,0.8686875
853,1110,0.02397888874725768,0.86875
10824,11158,0.023979014806193057,0.8688125
10649,10737,0.023979039833493167,0.868875
11997,12131,0.023979049256046363,0.8689375
297,278,0.02397909912897765,0.869
10512,10619,0.02397923985173961,0.8690625
11588,12014,0.023979761042549196,0.869125
14069,14580,0.02397982522804423,0.8691875
9292,9658,0.023979933901993395,0.86925
7367,7489,0.02398066259283842,0.8693125
2017,2186,0.02398089987631147,0.869375
10669,11050,0.023981325757455995,0.8694375
11668,12016,0.02398178932663484,0.8695
8918,9476,0.023982097028809036,0.8695625
7242,7638,0.02398210263237221,0.869625
572,672,0.023982153175402633,0.8696875
15051,15542,0.02398217389729001,0.86975
6999,7189,0.023982360894464063,0.8698125
13723,13907,0.0239828721133486,0.869875
6291,6692,0.023982977686921474,0.8699375
10527,11028,0.02398345468888762,0.87
5300,5437,0.023983591780871588,0.8700625
9275,9766,0.02398367621132252,0.870125
2236,2423,0.023983728961410374,0.8701875
11887,12286,0.023983812769152246,0.87025
11268,11756,0.023983940819701628,0.8703125
9333,9638,0.02398403831437453,0.870375
4547,4818,0.023984437781006757,0.8704375
6815,6889,0.023984626017366947,0.8705
11253,11241,0.023984885860648918,0.8705625
13651,13861,0.023984911527772122,0.870625
1543,1752,0.023985520932428728,0.8706875
10216,10377,0.02398559100236956,0.87075
13046,13173,0.023986166233653523,0.8708125
3639,3956,0.0239865568260607,0.870875
12390,12601,0.02398668209100684,0.8709375
565,702,0.023986993376317878,0.871
1485,1692,0.02398835527273863,0.8710625
2001,2280,0.023988397115517552,0.871125
14919,15019,0.023988509431335212,0.8711875
8080,8247,0.023988614448217784,0.87125
12298,12487,0.023989086723487887,0.8713125
5809,6001,0.02398913180060039,0.871375
2340,2177,0.023989597641610523,0.8714375
15479,15519,0.023989636810350323,0.8715
12012,12115,0.023989730660336422,0.8715625
9719,9927,0.02399037312815845,0.871625
10755,10971,0.023990553544389212,0.8716875
8521,8685,0.023990678108707322,0.87175
11420,11910,0.023991024059554233,0.8718125
4497,4778,0.023991150365225148,0.871875
12598,13028,0.02399117532959237,0.8719375
10921,11280,0.023992148597360378,0.872
14489,15060,0.02399253376830531,0.8720625
512,40,0.023992609710242623,0.872125
738,797,0.023993106624105347,0.8721875
8045,8542,0.023993227055253315,0.87225
1495,1754,0.023993496961874514,0.8723125
11446,11429,0.023994207853585175,0.872375
14021,14175,0.023994397823735403,0.8724375
5945,6266,0.02399465636702829,0.8725
7066,7544,0.023994684117845125,0.8725625
1106,1371,0.023994684193938198,0.872625
13948,14093,0.0239952950936571,0.8726875
5408,5629,0.02399562138528325,0.87275
13689,13763,0.02399569019422512,0.8728125
2304,2231,0.02399650052536835,0.872875
2260,2454,0.023997285565301823,0.8729375
6545,6785,0.02399734754012636,0.873
12892,13354,0.023997400207826005,0.8730625
471,76,0.02399764890607767,0.873125
6475,6709,0.023997770924741722,0.8731875
7335,7690,0.023997875394704365,0.87325
11866,12338,0.023997887972707688,0.8733125
2160,2357,0.023998091525696326,0.873375
6947,7336,0.02399823761020133,0.8734375
388,532,0.02399852160050606,0.8735
15276,15774,0.023998575735132262,0.8735625
15190,15235,0.023999272571297234,0.873625
5320,5684,0.02399928837396992,0.8736875
8051,8552,0.023999326774087632,0.87375
10489,10585,0.023999411724608902,0.8738125
11813,11949,0.02399952095039521,0.873875
12120,12512,0.023999662938831223,0.8739375
5202,5606,0.023999924328748066,0.874
1315,1573,0.024000133859991977,0.8740625
11277,11592,0.024000155490225918,0.874125
10739,10781,0.024000330431108084,0.8741875
2103,2154,0.024000449243306785,0.87425
2139,2178,0.024000451355935343,0.8743125
4845,5230,0.024000694252054953,0.874375
6856,7264,0.024000798384463208,0.8744375
7478,7723,0.024000983611599663,0.8745
5214,5425,0.024001164914804984,0.8745625
5197,5572,0.024001324667139154,0.874625
7155,7538,0.024001378291693208,0.8746875
10684,11070,0.024001395038608535,0.87475
10413,10521,0.024001476469194448,0.8748125
10940,11368,0.02400195286848326,0.874875
6572,6689,0.02400271373303055,0.8749375
8005,8161,0.024002757255802584,0.875
205,368,0.024002971920719485,0.8750625
12211,12267,0.024003170098131073,0.875125
2306,2460,0.024003183976059054,0.8751875
2259,2375,0.02400319142946493,0.87525
6270,6664,0.024003289992160854,0.8753125
4938,5264,0.02400343914020852,0.875375
11143,11546,0.024003606341400422,0.8754375
3076,3225,0.024003631416899675,0.8755
3018,3390,0.024003728634035423,0.8755625
11219,11163,0.02400411340614518,0.875625
5261,5672,0.02400448909614615,0.8756875
2337,2285,0.024004543227439567,0.87575
9819,10298,0.0240045596059853,0.8758125
9283,9786,0.02400460238508858,0.875875
112,57,0.024004871469575063,0.8759375
9078,9095,0.024004947608668375,0.876
2220,2476,0.024005253777085386,0.8760625
1062,1208,0.024005283920877002,0.876125
12116,12486,0.024005292101446363,0.8761875
482,14,0.02400532540901519,0.87625
14636,14795,0.024005365098412376,0.8763125
1328,1646,0.024005469442924997,0.876375
7321,7403,0.02400565673229088,0.8764375
12393,12551,0.02400660704330426,0.8765
11319,11365,0.024006701191999907,0.8765625
5465,5874,0.024006810556776913,0.876625
1446,1669,0.024006826011684385,0.8766875
13637,13845,0.024006949782620877,0.87675
2305,2307,0.024007145201680853,0.8768125
11735,12028,0.024007366948164688,0.876875
12147,12426,0.024007389986736048,0.8769375
10215,10634,0.02400747989050545,0.877
1549,1762,0.02400767397547754,0.8770625
7114,7578,0.024007881931351945,0.877125
10253,10662,0.02400808775622465,0.8771875
5719,5889,0.02400819367226375,0.87725
6194,6600,0.024008217407139622,0.8773125
5311,5433,0.024008281904580347,0.877375
10926,11065,0.024008436080936956,0.8774375
7415,7695,0.02400857560160815,0.8775
14998,15510,0.024008601461515233,0.8775625
13494,13641,0.024008848444620656,0.877625
12562,12972,0.024008970932087263,0.8776875
14630,15132,0.024009018171591002,0.87775
11412,11375,0.02400946263068471,0.8778125
96,480,0.024009597320032335,0.877875
3613,3930,0.024010347121940504,0.8779375
10916,11029,0.024010417186828552,0.878
1804,2049,0.02401093770685101,0.8780625
14930,15017,0.024011098680558982,0.878125
14228,14397,0.024011160950214654,0.8781875
7278,7788,0.024011561646425407,0.87825
11782,12076,0.024011684897968174,0.8783125
15417,15409,0.024011951744415443,0.878375
9631,9825,0.024011995309804305,0.8784375
13095,13261,0.024012063172029734,0.8785
11860,12049,0.02401215394504678,0.8785625
14888,15063,0.024012198721925972,0.878625
5283,5622,0.024012224516311527,0.8786875
9222,9614,0.02401300009742619,0.87875
4195,4375,0.024013004981692697,0.8788125
3310,3640,0.024013073551305275,0.878875
1379,1662,0.024013073562388573,0.8789375
15169,15199,0.024013178458188365,0.879
10310,10349,0.024013674452559426,0.8790625
236,492,0.024013832086351265,0.879125
7995,8364,0.02401386608211108,0.8791875
4975,5159,0.024014044316395606,0.87925
5915,6087,0.02401466621495461,0.8793125
2357,2337,0.024014845110600924,0.879375
8853,9294,0.024014932962552044,0.8794375
310,84,0.024015069386082694,0.8795
250,340,0.024015078773628015,0.8795625
12406,12735,0.02401547586514909,0.879625
13824,14362,0.024015659569189815,0.8796875
3044,3251,0.024016533972404976,0.87975
13097,13217,0.024016858862068027,0.8798125
9007,9195,0.02401690635755281,0.879875
7046,7504,0.024016959146839434,0.8799375
11438,11469,0.02401698071412463,0.88
3397,3675,0.024016997895743054,0.8800625
11241,11251,0.024017273660291646,0.880125
10315,10660,0.02401741160306863,0.8801875
3537,3771,0.02401745438788606,0.88025
13121,13209,0.02401781844727815,0.8803125
9068,9554,0.024018114621236437,0.880375
12470,12840,0.02401817801635141,0.8804375
5513,5990,0.024018462658174082,0.8805
11322,11782,0.02401853855829985,0.8805625
12091,12203,0.024018542487265974,0.880625
5805,5917,0.024018729182826975,0.8806875
5803,6142,0.024018800002501766,0.88075
3608,3908,0.02401924672412784,0.8808125
3644,3922,0.024019596040882926,0.880875
13458,13661,0.02401994789163871,0.8809375
6054,6492,0.024020153647858592,0.881
8751,9306,0.024020281662665115,0.8810625
10242,10682,0.024020665601861356,0.881125
3042,3394,0.02402070723777534,0.8811875
2324,2466,0.024020769714074193,0.88125
12685,13074,0.024020871186828566,0.8813125
4138,4337,0.02402097077532081,0.881375
10485,10581,0.02402102873696785,0.8814375
399,370,0.024021342742420855,0.8815
373,18,0.024022183488091285,0.8815625
5506,5725,0.02402226682219438,0.881625
11756,11891,0.024022436446354187,0.8816875
3461,3779,0.02402282979413491,0.88175
15512,15459,0.02402308786465136,0.8818125
10842,10911,0.02402319143830531,0.881875
2332,2243,0.02402333930926991,0.8819375
13876,14065,0.02402349359219809,0.882
10193,10576,0.02402362479035583,0.8820625
5904,6215,0.024023865434381928,0.882125
12939,13372,0.024024046474794017,0.8821875
10640,11058,0.024024051163280036,0.88225
12627,13016,0.024024123128503622,0.8823125
5368,5852,0.024024456537155403,0.882375
351,44,0.02402449139343225,0.8824375
7828,8264,0.02402488473833932,0.8825
533,769,0.024025019843975773,0.8825625
12964,13131,0.024025269313073486,0.882625
13598,13671,0.02402551332918341,0.8826875
10374,10597,0.02402555859088725,0.88275
13064,13205,0.024026208906315075,0.8828125
2672,2939,0.024026225539867493,0.882875
7159,7564,0.02402678093484035,0.8829375
6525,6791,0.024027069535299077,0.883
10686,10771,0.024027079773137314,0.8830625
10316,10337,0.024027151304358903,0.883125
1899,2107,0.02402737623448915,0.8831875
3011,3372,0.02402752606375453,0.88325
248,426,0.024028446054454537,0.8833125
12919,13109,0.024028550079310602,0.883375
15343,15385,0.024028572724957342,0.8834375
2232,2105,0.02402860386214775,0.8835
10760,10839,0.02402873852158989,0.8835625
5586,5992,0.024028837466604135,0.883625
14214,14628,0.024028857292547057,0.8836875
11367,11521,0.024029390009132366,0.88375
10874,11212,0.024029526527283334,0.8838125
12379,12475,0.024029577355505278,0.883875
2159,2345,0.024029668968385296,0.8839375
12314,12515,0.024029852003412407,0.884
8356,8603,0.02402997036515755,0.8840625
602,841,0.024030049279846925,0.884125
15342,15874,0.024030599474786248,0.8841875
1488,1748,0.024030946599492176,0.88425
10167,10355,0.024031546513771884,0.8843125
9312,9700,0.024031593926731445,0.884375
7942,8362,0.024032130181017693,0.8844375
149,569,0.024032166881662136,0.8845
5219,5632,0.024032298819311595,0.8845625
14946,15039,0.02403253770957211,0.884625
8770,8949,0.02403253944156762,0.8846875
4693,5066,0.02403284271473446,0.88475
419,104,0.02403300564881288,0.8848125
8958,8971,0.024033172588517882,0.884875
311,522,0.024033276595680827,0.8849375
385,536,0.024033710419536683,0.885
6706,6803,0.024033807396463627,0.8850625
7973,8151,0.024034251327450934,0.885125
416,500,0.02403449507960222,0.8851875
179,338,0.024034686565219062,0.88525
2020,2333,0.024034777629005636,0.8853125
271,364,0.024034785975021466,0.885375
6778,6951,0.02403499351599913,0.8854375
6831,6917,0.024035005488837625,0.8855
10696,10749,0.02403526382312631,0.8855625
10864,10909,0.024035427872079886,0.885625
5419,5587,0.024035644387742607,0.8856875
2108,2319,0.02403579478124745,0.88575
15521,15503,0.024035899772764383,0.8858125
7054,7333,0.024036067268574827,0.885875
420,162,0.024036889219946133,0.8859375
3619,3911,0.024036906750456673,0.886
5560,5637,0.02403726066624241,0.8860625
1044,1280,0.024037394383606518,0.886125
11162,11129,0.02403782365554074,0.8861875
10048,10520,0.024038477452598888,0.88625
4381,4798,0.024038541797196798,0.8863125
1736,2086,0.02403857883743021,0.886375
2239,2430,0.0240386921334637,0.8864375
2241,2369,0.0240390786657815,0.8865
10667,10815,0.024039370427063625,0.8865625
5308,5513,0.024039524899243537,0.886625
10144,10614,0.024039599111809976,0.8866875
5277,5409,0.024039707462653666,0.88675
12990,13364,0.024039768171622018,0.8868125
7971,8472,0.024040102399899687,0.886875
4418,4713,0.02404063622707062,0.8869375
535,698,0.024040906509864256,0.887
3624,3884,0.024041282069517538,0.8870625
9107,9283,0.024042031239464773,0.887125
4524,4952,0.02404211447681349,0.8871875
8277,8419,0.02404307516636729,0.88725
5340,5541,0.024043096825381475,0.8873125
14765,14843,0.024043235201850473,0.887375
8291,8485,0.02404338821900382,0.8874375
13315,13519,0.024043711405281405,0.8875
6994,7221,0.02404374727296145,0.8875625
3618,3858,0.024044190900707474,0.887625
8829,8937,0.02404419095091354,0.8876875
2023,2166,0.024044268155893393,0.88775
1927,2117,0.024044358512251677,0.8878125
5270,5654,0.024044962094166844,0.887875
3587,3972,0.02404502267323869,0.8879375
10813,11276,0.02404548583822457,0.888
8837,8981,0.024045594312928603,0.8880625
10017,10169,0.02404569764522148,0.888125
4533,4808,0.024046141673748807,0.8881875
1236,1399,0.024046289336549207,0.88825
3154,3438,0.02404645990732245,0.8883125
4793,5059,0.02404656327188195,0.888375
12071,12462,0.024046645215729478,0.8884375
2058,2219,0.024046675691850372,0.8885
9514,10060,0.024046935600536824,0.8885625
7271,7734,0.02404713051383509,0.888625
7905,8314,0.024047398270057644,0.8886875
2588,2978,0.024047607733263126,0.88875
11352,11702,0.02404767673300273,0.8888125
9814,10013,0.024047915365824468,0.888875
11805,11939,0.024047986404831214,0.8889375
13325,13523,0.024048045225282134,0.889
3087,3287,0.02404815642210768,0.8890625
5185,5405,0.024048185088731185,0.889125
7111,7540,0.024048206502978862,0.8891875
5142,5566,0.024048384326204913,0.88925
2146,2287,0.024048649972115907,0.8893125
10546,10663,0.02404905915767716,0.889375
1393,1722,0.024049285005068137,0.8894375
5307,5429,0.024049644693813144,0.8895
249,152,0.02404975508092253,0.8895625
3249,3618,0.024049976632731288,0.889625
10853,10899,0.02405036800172516,0.8896875
5116,5319,0.024050722740961945,0.88975
10196,10341,0.024051102632603273,0.8898125
1410,1655,0.02405126417351444,0.889875
3025,3255,0.02405142749141658,0.8899375
10464,10687,0.024051836890193905,0.89
371,64,0.024051890038292723,0.8900625
14780,14983,0.024052031244006608,0.890125
10230,10247,0.02405301653910483,0.8901875
5443,5655,0.024053165792701794,0.89025
7294,7459,0.024053492587660024,0.8903125
12068,12402,0.024053520986803714,0.890375
5067,5303,0.024053864916072677,0.8904375
7682,8234,0.02405397003339947,0.8905
11916,12360,0.02405408769316008,0.8905625
318,140,0.024054286197742202,0.890625
10907,11007,0.024054426138100254,0.8906875
15306,15399,0.024054538314449724,0.89075
517,466,0.024054665965938204,0.8908125
10840,11242,0.024054956618735055,0.890875
10539,10627,0.02405507657188579,0.8909375
10846,10947,0.024055653082287142,0.891
8554,8813,0.024056431980431083,0.8910625
8338,8417,0.024056569470391368,0.891125
11911,11965,0.02405671606950787,0.8911875
10672,11074,0.024056830385224798,0.89125
4881,5238,0.024056934520864937,0.8913125
2545,2958,0.024057214172235993,0.891375
1487,1724,0.024057273875682517,0.8914375
7356,7445,0.02405737878796369,0.8915
15498,15615,0.024057727938204328,0.8915625
340,164,0.024057891944581553,0.891625
11185,11283,0.024058104634974566,0.8916875
13031,13386,0.024058149976156858,0.89175
3052,3265,0.02405819358108114,0.8918125
15229,15680,0.024058207298144074,0.891875
5532,5825,0.024058358620531232,0.8919375
2576,2882,0.024058695325124838,0.892
11399,11718,0.024059135395693636,0.8920625
5475,5679,0.024059193654386902,0.892125
2214,2449,0.02405923793852572,0.8921875
10931,11011,0.024059259386190034,0.89225
4994,5185,0.024059278778176197,0.8923125
5330,5658,0.024059307282897836,0.892375
10477,10946,0.024059612749724884,0.8924375
4074,4313,0.0240599696124325,0.8925
5448,5661,0.024060052125811776,0.8925625
5973,6376,0.02406019386806044,0.892625
9161,9343,0.02406042616492081,0.8926875
7909,8324,0.02406047582992167,0.89275
6159,6608,0.024060589341546073,0.8928125
323,128,0.024060810248781792,0.892875
4456,4762,0.02406082136016947,0.8929375
4423,4758,0.024060896917858666,0.893
960,1238,0.02406093394017308,0.8930625
11956,12344,0.024061107265189063,0.893125
5927,6204,0.02406117831919736,0.8931875
5891,6320,0.024061639740752296,0.89325
14468,15022,0.024061755893616085,0.8933125
2298,2349,0.024062205928969075,0.893375
13727,13851,0.024062288069558728,0.8934375
12148,12478,0.02406292111928338,0.8935
9031,9197,0.024062943648554873,0.8935625
1533,1732,0.024062956542707792,0.893625
3379,3786,0.024063247217693415,0.8936875
10292,10297,0.024063439564325575,0.89375
2263,2512,0.02406362135344762,0.8938125
10026,10414,0.024064591360654905,0.893875
1597,1684,0.02406469925272697,0.8939375
10262,10393,0.02406479241570967,0.894
5318,5553,0.02406493396340169,0.8940625
7785,8282,0.024066054397932392,0.894125
5902,6079,0.02406634491277537,0.8941875
10232,10600,0.02406668411864894,0.89425
4291,4748,0.02406676662176566,0.8943125
12271,12455,0.024066880183621436,0.894375
1950,2121,0.02406696280381717,0.8944375
7807,8246,0.024067078006453586,0.8945
2184,2433,0.02406716620838697,0.8945625
10501,10617,0.024067171718800195,0.894625
12997,13211,0.024067316954166407,0.8946875
6467,6661,0.024067371868257848,0.89475
10880,11366,0.024067488305028167,0.8948125
3928,4372,0.024067548184698456,0.894875
9038,9103,0.024067687254151277,0.8949375
8984,9265,0.024067707355465283,0.895
12164,12480,0.02406778142170794,0.8950625
10166,10335,0.02406784005770657,0.895125
15220,15634,0.024067959957661943,0.8951875
147,358,0.024068038571514953,0.89525
10555,10719,0.024068063143735566,0.8953125
1147,1401,0.024068171517458676,0.895375
6917,7334,0.02406849982136227,0.8954375
11898,12121,0.02406859810511902,0.8955
2153,2462,0.024068754057582232,0.8955625
13738,13773,0.024069177278621276,0.895625
4864,5095,0.024069575150725723,0.8956875
11449,11856,0.024069871426928128,0.89575
14267,14702,0.024070158072621653,0.8958125
1013,1312,0.024070344202035226,0.895875
10517,10693,0.024070415681142737,0.8959375
7196,7566,0.024070503973205457,0.896
12242,12369,0.024070550229432705,0.8960625
4617,5104,0.024070650679746643,0.896125
215,134,0.024070655482599745,0.8961875
11451,11485,0.024070698882722306,0.89625
7175,7606,0.02407108016809246,0.8963125
11469,11770,0.024072418393605202,0.896375
4679,5074,0.024072499609699635,0.8964375
2532,2795,0.024073140155188022,0.8965
1939,2163,0.02407332799022067,0.8965625
8575,8687,0.02407376190210494,0.896625
3515,3802,0.024074825371002438,0.8966875
2945,3233,0.024075202185718497,0.89675
5770,6196,0.02407535991684039,0.8968125
920,1190,0.024075506936015404,0.896875
2525,2753,0.0240757609629228,0.8969375
10631,11090,0.02407579254895284,0.897
4954,5173,0.02407655807033791,0.8970625
3218,3566,0.024076818718782787,0.897125
3108,3386,0.024077065286552544,0.8971875
11422,11491,0.024077308418398363,0.89725
4444,4733,0.024077507310435477,0.8973125
393,12,0.02407753213260969,0.897375
12052,12215,0.02407778578114272,0.8974375
10102,10534,0.02407807929223663,0.8975
9769,9851,0.024078182703665605,0.8975625
1076,1357,0.02407823784390486,0.897625
13609,13829,0.024078357605642194,0.8976875
8250,8365,0.02407848205036619,0.89775
48,258,0.024078565141467955,0.8978125
10615,11134,0.024078691209713985,0.897875
10190,10263,0.024079256136107143,0.8979375
9243,9642,0.024079327062349037,0.898
5485,5675,0.024079671794178484,0.8980625
2194,2409,0.024080616774854624,0.898125
10490,10944,0.024080652417110333,0.8981875
12171,12355,0.02408076781403848,0.89825
15204,15345,0.02408129127976501,0.8983125
473,436,0.024081413969177946,0.898375
560,688,0.024081436246135627,0.8984375
3093,3502,0.024083033932742727,0.8985
9171,9309,0.024083087673250052,0.8985625
7801,7961,0.024083214702205587,0.898625
13525,13781,0.02408322148599181,0.8986875
4489,4782,0.024083358441253408,0.89875
5211,5628,0.024083496602388496,0.8988125
14449,14677,0.024084416256292346,0.898875
5333,5595,0.02408466787966993,0.8989375
5313,5740,0.024084716456724584,0.899
14080,14654,0.024085335179003912,0.8990625
1088,1377,0.024085834269971174,0.899125
12671,13076,0.02408602702581034,0.8991875
10271,10325,0.024086047683126968,0.89925
15743,15983,0.024086199475187496,0.8993125
15101,15183,0.02408663099016793,0.899375
12194,12690,0.024087593726879058,0.8994375
2628,2962,0.024087695597779533,0.8995
2195,2431,0.02408782789496684,0.8995625
13541,13735,0.024087969326254708,0.899625
13415,13617,0.02408802113478401,0.8996875
11211,11299,0.024088037487265953,0.89975
8839,8969,0.02408857533187939,0.8998125
818,1126,0.024089116763020665,0.899875
2045,2194,0.02408929114067974,0.8999375
9216,9606,0.02408930815734387,0.9
6571,6659,0.024089399374729665,0.9000625
5537,5950,0.024089938096696968,0.900125
3601,3900,0.0240899692846722,0.9001875
8217,8361,0.0240899846022291,0.90025
5554,5643,0.024090045479509485,0.9003125
11494,11952,0.024090782442002,0.900375
12664,12847,0.024090815514381192,0.9004375
4326,4724,0.024090883790284564,0.9005
11207,11181,0.024091295489536164,0.9005625
12901,13348,0.024091324896346644,0.900625
11560,11992,0.02409147082511131,0.9006875
1872,2116,0.02409218419956543,0.90075
10024,10418,0.024092590578846593,0.9008125
10226,10289,0.02409265444744103,0.900875
3300,3624,0.02409276964415906,0.9009375
12209,12710,0.02409283540810853,0.901
1834,2216,0.024092872061925664,0.9010625
11448,11503,0.024092894529837035,0.901125
6423,6609,0.02409309522235614,0.9011875
11718,11881,0.024093416699716447,0.90125
11350,11738,0.024093562708504882,0.9013125
14012,14101,0.024093643932552786,0.901375
13996,14143,0.02409420600077128,0.9014375
12121,12217,0.024094576224688222,0.9015
1516,1761,0.02409499595935597,0.9015625
15108,15293,0.024095280732409168,0.901625
14926,15031,0.02409565097939937,0.9016875
12230,12333,0.02409681869424372,0.90175
7264,7662,0.0240970229669725,0.9018125
8013,8179,0.02409836027299786,0.901875
10237,10451,0.024098966227545725,0.9019375
10913,11434,0.024099057254346294,0.902
3017,3353,0.024099171151261412,0.9020625
4841,5135,0.024099310110273404,0.902125
10158,10373,0.024099436826763153,0.9021875
6968,7498,0.02409972752682733,0.90225
2640,2911,0.024100155017311897,0.9023125
10379,10441,0.02410018577790126,0.902375
7052,7580,0.024100188115869815,0.9024375
7231,7373,0.024100288373800367,0.9025
6229,6682,0.0241006362510626,0.9025625
10964,11203,0.02410075765595775,0.902625
6152,6562,0.024101735476590412,0.9026875
1843,2181,0.024102764219764258,0.90275
10353,10477,0.02410281789825664,0.9028125
162,460,0.024102976335060415,0.902875
391,490,0.024103078960239097,0.9029375
7686,8170,0.024103138032542108,0.903
11385,11696,0.024103169403914545,0.9030625
5017,5215,0.02410331269165648,0.903125
3534,3804,0.02410331630204548,0.9031875
12159,12420,0.024103426511376074,0.90325
5196,5676,0.024103472981068873,0.9033125
4736,5027,0.024103536019309747,0.903375
12384,12792,0.02410388287646077,0.9034375
3350,3756,0.024104035484591477,0.9035
5239,5503,0.024105062848134722,0.9035625
9039,9165,0.02410516457316206,0.903625
136,114,0.024105856660930795,0.9036875
1891,2234,0.024106018286103734,0.90375
5823,5945,0.024106040847228657,0.9038125
5180,5451,0.024106218082411115,0.903875
6553,6629,0.024106395129051595,0.9039375
11000,11053,0.024106693926864237,0.904
7889,8418,0.024107551065882228,0.9040625
4508,4876,0.024108216572570833,0.904125
12102,12173,0.024108453581418127,0.9041875
8484,9026,0.024108921349223808,0.90425
5026,5315,0.02410900726517773,0.9043125
3088,3437,0.02410917004266284,0.904375
10932,11159,0.02410930136626184,0.9044375
2310,2309,0.02410933555277775,0.9045
10939,11075,0.02410945286744846,0.9045625
10742,10873,0.02410959707912033,0.904625
6975,7422,0.02411002666934076,0.9046875
3545,3739,0.024110046685675224,0.90475
13398,13651,0.02411006382928334,0.9048125
5585,5926,0.02411007663622624,0.904875
10870,11392,0.02411012245939419,0.9049375
11065,11115,0.02411023094092024,0.905
9014,9167,0.024110430577722924,0.9050625
3299,3676,0.024110794063942106,0.905125
6736,6849,0.024110869354026197,0.9051875
34,491,0.024110949617803027,0.90525
9772,9901,0.024110980448447287,0.9053125
2219,2351,0.024111031265546437,0.905375
5317,5463,0.024111595208891796,0.9054375
4806,5284,0.024111809606186415,0.9055
11383,11411,0.024111890134568822,0.9055625
14486,14723,0.0241121904725867,0.905625
5290,5790,0.024112248546915977,0.9056875
10977,11456,0.02411285321852064,0.90575
13665,14158,0.024112881997629315,0.9058125
5910,6328,0.0241133221513925,0.905875
4919,5181,0.024113348734926928,0.9059375
128,92,0.024113592355332846,0.906
7118,7524,0.024113682962066833,0.9060625
2614,2827,0.024113820650435977,0.906125
5199,5401,0.024114141538061674,0.9061875
9775,9877,0.024114194725571164,0.90625
2145,2233,0.024114265265333463,0.9063125
2178,2458,0.024114711996922007,0.906375
4509,4906,0.024115473019175725,0.9064375
6265,6780,0.024115718051248614,0.9065
3388,3790,0.02411597119269914,0.9065625
15068,15622,0.02411618585212447,0.906625
6218,6632,0.02411622315970667,0.9066875
15356,15493,0.024116270886408425,0.90675
315,684,0.024116495491059632,0.9068125
6521,6755,0.02411769021236247,0.906875
1467,1648,0.02411775186128941,0.9069375
6660,6813,0.02411776397672006,0.907
9872,10065,0.024117830158883437,0.9070625
8775,8965,0.02411874359406172,0.907125
1448,1774,0.024118773544578687,0.9071875
750,1158,0.0241188572711725,0.90725
9227,9740,0.024119038295913997,0.9073125
5268,5493,0.0241193294146917,0.907375
6782,6867,0.024119548952464008,0.9074375
5898,6194,0.02411980991565164,0.9075
5194,5443,0.024120036587495477,0.9075625
6066,6422,0.024120334255041526,0.907625
15265,15393,0.024120506523413483,0.9076875
3092,3400,0.024120622178617837,0.90775
12114,12325,0.02412082855046797,0.9078125
10096,10205,0.024120863852192274,0.907875
8120,8700,0.024121044521681234,0.9079375
7763,7963,0.02412130826926592,0.908
270,98,0.024121415968565076,0.9080625
2006,2158,0.024121426842871267,0.908125
2078,2293,0.024121485474714884,0.9081875
12156,12269,0.024121994242442633,0.90825
8106,8299,0.024122639741340258,0.9083125
8731,9232,0.024122883377502933,0.908375
4912,5147,0.024122903589702847,0.9084375
2240,2472,0.024122928235476477,0.9085
3255,3612,0.024122999398066537,0.9085625
6542,6637,0.024123150562731087,0.908625
11927,12444,0.02412349070499979,0.9086875
11817,12055,0.024123532125577375,0.90875
11777,11951,0.024123568482502123,0.9088125
1240,1493,0.024123727024481133,0.908875
8537,8629,0.02412386946536243,0.9089375
12980,13239,0.024124179641543606,0.909
7220,7347,0.02412477415694938,0.9090625
8812,9342,0.024124901526270774,0.909125
3468,3832,0.024125149573837032,0.9091875
111,158,0.024125289706733992,0.90925
7286,7808,0.02412559810492706,0.9093125
1119,1375,0.024125798918073187,0.909375
9325,9738,0.024126031374948623,0.9094375
11834,12272,0.02412655763859083,0.9095
11165,11277,0.024126741079120318,0.9095625
8962,8977,0.024126805730092026,0.909625
10712,10829,0.024126853833908505,0.9096875
12624,13034,0.024126957376846697,0.90975
10882,10943,0.024127463522606946,0.9098125
9248,9409,0.024128220718711874,0.909875
2666,3071,0.02412836497369864,0.9099375
5905,6444,0.02412844305166109,0.91
7797,8009,0.024128486617339802,0.9100625
8811,9332,0.02412850931995351,0.910125
6685,6809,0.024128655112517286,0.9101875
4599,5018,0.024128694231982478,0.91025
11869,12280,0.024128718883541133,0.9103125
11865,12322,0.024128861528684483,0.910375
10855,11244,0.024129306200001744,0.9104375
11184,11273,0.02412932646930651,0.9105
11169,11165,0.024130651332101266,0.9105625
13853,14061,0.024130951879170203,0.910625
5840,5955,0.024131416769374126,0.9106875
4507,4870,0.024131619308565427,0.91075
4873,5244,0.024131837106617527,0.9108125
10856,10903,0.02413190630265216,0.910875
5294,5469,0.0241321765643557,0.9109375
11771,12224,0.02413244652036113,0.911
6812,7250,0.024133072603307028,0.9110625
11498,11922,0.024133152028282447,0.911125
11983,12362,0.02413358925723816,0.9111875
7059,7303,0.02413387819782878,0.91125
11819,12092,0.024135190730798704,0.9113125
10231,10395,0.024135195702650932,0.911375
13989,14183,0.02413574102660043,0.9114375
9858,10085,0.024135897432274577,0.9115
11836,12086,0.024135988876056006,0.9115625
5969,6400,0.024136478931549105,0.911625
12652,13094,0.02413650591149712,0.9116875
7941,8504,0.02413712030138189,0.91175
2554,2868,0.024137190716529255,0.9118125
15410,15593,0.0241372262969583,0.911875
6096,6464,0.02413727162382435,0.9119375
1474,1730,0.024138210659874048,0.912
5926,6077,0.024138265624931626,0.9120625
266,144,0.024138355487635384,0.912125
5552,5673,0.024138439487719415,0.9121875
13462,13693,0.024138616881877576,0.91225
2043,2165,0.024138722682869155,0.9123125
10664,11100,0.024138751693864313,0.912375
15425,15531,0.024138918426358822,0.9124375
5956,6354,0.024139036718537125,0.9125
8841,9356,0.024139622882524383,0.9125625
2081,2428,0.024139685848301517,0.912625
13861,14111,0.02413985267930385,0.9126875
9716,9845,0.02413988041970318,0.91275
6035,6518,0.024139978687411114,0.9128125
3536,3926,0.024140219432083262,0.912875
1962,2142,0.024140351449066275,0.9129375
396,708,0.02414115248351981,0.913
7068,7271,0.02414117258840135,0.9130625
2092,2133,0.024141420674968016,0.913125
10210,10291,0.024141545730884475,0.9131875
10877,11348,0.024141556628014357,0.91325
6547,6651,0.02414181998950801,0.9133125
4887,5294,0.024142411078166493,0.913375
7441,7950,0.02414248115828015,0.9134375
4151,4503,0.024143888702793014,0.9135
1137,1351,0.024143907001106135,0.9135625
11829,12194,0.02414400027952375,0.913625
5811,5971,0.02414423934446869,0.9136875
14914,15081,0.024144358446959616,0.91375
11474,11822,0.024144667789957944,0.9138125
11489,11894,0.024145130392071647,0.913875
5757,5933,0.0241453825616563,0.9139375
3010,3211,0.02414554696847749,0.914
319,382,0.024145573514991657,0.9140625
10308,10810,0.02414606963037987,0.914125
1924,2097,0.024146221035049563,0.9141875
2131,2440,0.024146273453900358,0.91425
11837,11945,0.024147084803186402,0.9143125
429,502,0.024147509368963146,0.914375
12427,12828,0.024148554541434896,0.9144375
9097,9087,0.02414886892449544,0.9145
11258,11598,0.024149013841383328,0.9145625
12278,12419,0.0241490351174869,0.914625
13710,13843,0.024149854159385108,0.9146875
23,58,0.02415016357931032,0.91475
13020,13492,0.024150173937511177,0.9148125
13949,14121,0.024150207812985505,0.914875
15510,15535,0.02415025512373977,0.9149375
5005,5217,0.024151051313772414,0.915
47,123,0.024151077349322994,0.9150625
5837,5965,0.02415156035280022,0.915125
1277,1585,0.024151860822139697,0.9151875
10328,10417,0.024152149408319907,0.91525
11354,11684,0.024152214889173396,0.9153125
8346,8513,0.024152374823549743,0.915375
5849,6214,0.024152454187230683,0.9154375
10784,11254,0.024152684729956207,0.9155
9041,9057,0.024152850868797118,0.9155625
11901,12063,0.024153687830712603,0.915625
3033,3281,0.024153963139145453,0.9156875
11443,11788,0.024153998362916772,0.91575
7300,7694,0.024154028090761413,0.9158125
10388,10872,0.02415427590336091,0.915875
11336,11762,0.024154653180030565,0.9159375
951,1286,0.024155352775934575,0.916
1745,2084,0.024155429201571734,0.9160625
9262,9383,0.024156035093575032,0.916125
6642,6793,0.02415611397912474,0.9161875
10661,10891,0.024156584749356346,0.91625
6257,6702,0.024157439187974285,0.9163125
2151,2253,0.024157492200505257,0.916375
3504,3729,0.024157588754422588,0.9164375
1,168,0.024157684303063216,0.9165
15312,15415,0.024157984412196246,0.9165625
6751,6861,0.024158307395105345,0.916625
9996,10181,0.02415840550370847,0.9166875
9276,9373,0.02415886283193537,0.91675
5574,5954,0.024158974287674866,0.9168125
10765,11218,0.02415917184652031,0.916875
12112,12410,0.024159462876553312,0.9169375
13902,14462,0.024159585476230153,0.917
5678,5911,0.02415959528361427,0.9170625
9303,9734,0.02415969715624907,0.917125
6497,6932,0.024159756821381072,0.9171875
10228,10411,0.02415984798265519,0.91725
6747,7208,0.024160583652879607,0.9173125
3569,3854,0.024160806976637576,0.917375
5139,5357,0.024161216259093718,0.9174375
348,719,0.024161268213385774,0.9175
2285,2143,0.024161364063842585,0.9175625
2244,2251,0.02416182127283523,0.917625
8914,9484,0.024161933166348536,0.9176875
8063,8229,0.024161952628671837,0.91775
14949,15093,0.02416218607564022,0.9178125
175,390,0.024162323986904252,0.917875
11987,12364,0.024163443385665416,0.9179375
11409,11571,0.02416388428081216,0.918
9251,9668,0.02416453711689565,0.9180625
6134,6566,0.02416454386898828,0.918125
5427,5611,0.024164711218555075,0.9181875
8509,8631,0.024164895078490154,0.91825
4511,4799,0.024165067700248892,0.9183125
143,36,0.0241652193320705,0.918375
11058,11578,0.024165565615143977,0.9184375
8825,8989,0.024165726680629034,0.9185
9252,9355,0.024165966695129968,0.9185625
12858,13358,0.024166070560114255,0.918625
11755,12258,0.024166462064024695,0.9186875
11833,12252,0.024166944280488108,0.91875
9973,10426,0.024167114210708232,0.9188125
13657,13795,0.024167649942436958,0.918875
9096,9085,0.024167728062859686,0.9189375
5885,6242,0.024167755649845742,0.919
4012,4430,0.024168231371802757,0.9190625
10641,11088,0.024168270670478203,0.919125
11849,12015,0.024168708641097523,0.9191875
10341,10405,0.024168845943458306,0.91925
8746,8921,0.024169502144682338,0.9193125
13066,13199,0.024170295363728868,0.919375
14420,14934,0.024171204258035806,0.9194375
217,627,0.024171483911343956,0.9195
10860,11372,0.024171532451837355,0.9195625
3649,3896,0.02417174066686166,0.919625
10238,10738,0.024172035508148327,0.9196875
806,1132,0.02417218441823909,0.91975
1995,2237,0.024173339144545954,0.9198125
10294,10467,0.024173533654207602,0.919875
11868,12035,0.02417410059234767,0.9199375
3529,3753,0.02417433480939544,0.92
7870,8366,0.024174377936398164,0.9200625
5522,5713,0.024174506745028135,0.920125
11118,11612,0.024174515883845935,0.9201875
7895,8332,0.024174793466152367,0.92025
2187,2249,0.024174819030076067,0.9203125
10218,10447,0.02417569613480722,0.920375
507,825,0.024176276148125942,0.9204375
16,261,0.024176313199588562,0.9205
11200,11243,0.024176674257947214,0.9205625
14629,14741,0.024176834011620404,0.920625
13658,13817,0.024177316039919076,0.9206875
15398,15553,0.024177324885371644,0.92075
1945,2156,0.024177446728199742,0.9208125
13699,13765,0.024177500880450373,0.920875
486,396,0.024177556778349228,0.9209375
2211,2179,0.024177877542115263,0.921
3059,3261,0.024178535808830316,0.9210625
2182,2209,0.024178640684893397,0.921125
5538,5894,0.024178718786506397,0.9211875
3463,3745,0.02417872443791217,0.92125
12032,12430,0.024178896944660886,0.9213125
11132,11185,0.024179269569711587,0.921375
657,1078,0.024179653359151877,0.9214375
10287,10459,0.02417971837216968,0.9215
10403,10517,0.024180158572258678,0.9215625
8583,8671,0.024180217560991667,0.921625
10547,10701,0.024180559220024662,0.9216875
27,95,0.024181253871267225,0.92175
389,376,0.024181427632306744,0.9218125
8322,8607,0.024181700544434966,0.921875
12115,12243,0.024181902785368515,0.9219375
11237,11367,0.024182324256682868,0.922
5649,6124,0.0241836618583406,0.9220625
5808,6202,0.024184688279598843,0.922125
12970,13350,0.024185076952514654,0.9221875
13026,13203,0.02418511915355059,0.92225
7327,7417,0.02418525441938835,0.9223125
2026,2168,0.024185307893588647,0.922375
2423,2711,0.02418553358352526,0.9224375
2265,2281,0.024185572272856372,0.9225
306,362,0.024185583360044227,0.9225625
550,424,0.024185903523373974,0.922625
2212,2259,0.024185909634389224,0.9226875
10258,10702,0.024186467119151046,0.92275
542,418,0.024186684714483563,0.9228125
6811,6923,0.024187338912598687,0.922875
8594,8667,0.0241876545711699,0.9229375
13006,13428,0.02418779865888517,0.923
5701,5887,0.02418802810099975,0.9230625
10819,11232,0.024189420517951577,0.923125
11806,12134,0.024189724348767094,0.9231875
15237,15710,0.024189879395740927,0.92325
5230,5626,0.024190117855787,0.9233125
11825,12100,0.024190274730397546,0.923375
3034,3307,0.024190374292702363,0.9234375
6932,7163,0.024190496724774874,0.9235
3064,3484,0.024190586749790802,0.9235625
11426,11774,0.02419103742799083,0.923625
8961,9175,0.02419110454222213,0.9236875
5838,6272,0.02419164808958927,0.92375
11062,11239,0.024191962368307708,0.9238125
10697,11104,0.02419199857570728,0.923875
8540,8625,0.0241922571228772,0.9239375
9176,9678,0.024192705083344656,0.924
10883,11087,0.024192716488177893,0.9240625
13974,14155,0.024193230915286114,0.924125
3043,3404,0.024193270312463433,0.9241875
1963,2227,0.02419380151996251,0.92425
3273,3644,0.02419428276300505,0.9243125
12085,12468,0.024194661391924804,0.924375
11323,11393,0.02419522065342532,0.9244375
14822,15043,0.024195283241033264,0.9245
2074,2155,0.024195388014980373,0.9245625
2167,2195,0.024196163272883656,0.924625
8124,8329,0.02419624022922269,0.9246875
9145,9608,0.024196400924649097,0.92475
7215,7652,0.0241967237586101,0.9248125
2183,2239,0.02419695583174114,0.924875
2013,2191,0.02419721055139021,0.9249375
2302,2211,0.024197659765855768,0.925
11843,12108,0.02419781095711838,0.9250625
10995,11081,0.024198028100413396,0.925125
2311,2341,0.024198113751092747,0.9251875
10209,10680,0.024198114755547694,0.92525
6738,6841,0.02419871526249051,0.9253125
8995,9157,0.024199604932150405,0.925375
2267,2145,0.024199789487437385,0.9254375
767,1081,0.02419999733742638,0.9255
11395,11569,0.024200216319250945,0.9255625
6969,7350,0.024200779872784708,0.925625
9528,9773,0.02420110756711003,0.9256875
8611,8675,0.024201150351410874,0.92575
6879,7300,0.02420232863548343,0.9258125
14680,14751,0.024202664528183565,0.925875
13781,14358,0.02420298807349302,0.9259375
6737,7180,0.024203702263907743,0.926
7743,7913,0.024203803776034778,0.9260625
7277,7640,0.024204677852122474,0.926125
2971,3333,0.024205515920022787,0.9261875
10007,10456,0.024205673083997837,0.92625
2980,3195,0.024205741472786292,0.9263125
9172,9371,0.024205926314449636,0.926375
126,328,0.024206712624333875,0.9264375
11396,11471,0.02420778209713726,0.9265
7755,8204,0.02420837711937986,0.9265625
6438,6645,0.024208618994815773,0.926625
13014,13396,0.02420874239742727,0.9266875
4604,5036,0.024209089606076487,0.92675
3083,3231,0.024209161479611198,0.9268125
11171,11614,0.024209196609256738,0.926875
8980,9033,0.024209282171978066,0.9269375
9785,10057,0.024209592031300776,0.927
11807,12244,0.024209666906614857,0.9270625
5853,6133,0.02420971230603319,0.927125
8644,8929,0.024210004585646906,0.9271875
4515,4826,0.024210019216935684,0.92725
2191,2359,0.024210425980422664,0.9273125
5607,6094,0.02421048078541562,0.927375
15516,15555,0.024210547222477487,0.9274375
2165,2438,0.02421076180773731,0.9275
10273,10732,0.02421102749377729,0.9275625
440,494,0.0242116025178652,0.927625
7198,7451,0.024211966348646,0.9276875
11873,11979,0.024212036336414715,0.92775
1954,2318,0.024212405807343317,0.9278125
10008,10155,0.024212759829114586,0.927875
14883,15466,0.024212861666810418,0.9279375
5020,5558,0.02421320110766668,0.928
82,430,0.02421326134640148,0.9280625
10752,10923,0.02421405831343026,0.928125
11848,12196,0.02421414195986444,0.9281875
6105,6540,0.02421432709093701,0.92825
10591,11068,0.02421439441650253,0.9283125
14727,14823,0.024214432585394772,0.928375
10597,11060,0.024214456302024227,0.9284375
1973,2167,0.02421496601288107,0.9285
1242,1634,0.02421506926894873,0.9285625
9991,10430,0.024215198857567517,0.928625
9306,9650,0.024215399647954158,0.9286875
11290,11794,0.024215534990875177,0.92875
5286,5473,0.024216148133366,0.9288125
384,476,0.0242162898001419,0.928875
14147,14624,0.02421650874378693,0.9289375
503,404,0.02421755097133941,0.929
3514,3816,0.024217632949369093,0.9290625
9314,9666,0.024217927382995778,0.929125
9943,10410,0.02421818996296163,0.9291875
11196,11347,0.024218304927038893,0.92925
12008,12155,0.02421844853958042,0.9293125
4454,4785,0.024218868995312066,0.929375
5479,5701,0.024219186677229294,0.9294375
9151,9602,0.02421952942181617,0.9295
11433,11832,0.024219536818561756,0.9295625
12,461,0.02421955981451633,0.929625
13028,13402,0.024219822482506717,0.9296875
10678,11188,0.024219856920693984,0.92975
3251,3635,0.02422019174801833,0.9298125
2323,2171,0.02422074173993078,0.929875
10780,10845,0.024221174777066576,0.9299375
5470,5709,0.024221177188884224,0.93
7338,7437,0.024221672151039427,0.9300625
12038,12237,0.024221996999999072,0.930125
6090,6520,0.02422200003331322,0.9301875
15454,15467,0.02422210408612268,0.93025
12064,12502,0.024222638698809494,0.9303125
4526,4863,0.024222944145062594,0.930375
12853,13147,0.024223041326240882,0.9304375
6007,6418,0.024223259984429937,0.9305
11612,12056,0.024223422055481808,0.9305625
15478,15441,0.024223862517802508,0.930625
14667,14771,0.02422409951721633,0.9306875
2979,3199,0.024224413015335608,0.93075
11405,11439,0.024224442015255192,0.9308125
10720,10797,0.0242249878458074,0.930875
11195,11588,0.024224997383163267,0.9309375
5539,5827,0.024225115995419783,0.931
7513,8024,0.024225544898791345,0.9310625
10422,10591,0.02422554803282107,0.931125
3219,3646,0.02422645218085077,0.9311875
3523,3894,0.024226895874612547,0.93125
13973,14149,0.02422689665060613,0.9313125
1805,2055,0.02422690061961949,0.931375
5464,5669,0.024227101230221926,0.9314375
13447,13677,0.02422766094821363,0.9315
100,374,0.02422798721661079,0.9315625
5398,5603,0.024229047042183125,0.931625
502,821,0.02422918528929003,0.9316875
1417,1677,0.024229660995162192,0.93175
10698,11194,0.02422977224915956,0.9318125
1424,1672,0.02423005753418556,0.931875
11116,11253,0.024230163453947417,0.9319375
10029,10526,0.02423084625757599,0.932
15096,15201,0.02423125870528925,0.9320625
10652,11156,0.02423129690165957,0.932125
5899,6234,0.024231734696662083,0.9321875
10192,10231,0.024231948076377824,0.93225
1100,1482,0.02423198886835459,0.9323125
11263,11427,0.024232315297977938,0.932375
166,514,0.024232395015677713,0.9324375
29,146,0.024232399492925674,0.9325
14091,14636,0.024232965040770445,0.9325625
1691,2094,0.024233211828950413,0.932625
14168,14423,0.02423343750007207,0.9326875
10387,10543,0.02423353540269092,0.93275
11125,11554,0.024234014165237322,0.9328125
11364,11804,0.024234090551063427,0.932875
2116,2193,0.02423438902276432,0.9329375
5404,5619,0.02423486873677954,0.933
4477,4796,0.024235131109964086,0.9330625
7707,7919,0.024235321463041526,0.933125
7970,8430,0.024235325150019766,0.9331875
609,793,0.024235672402870053,0.93325
13672,14262,0.024235681473093306,0.9333125
15081,15610,0.024235928199357947,0.933375
10660,10807,0.024236584418887392,0.9334375
11942,12103,0.024236900380852397,0.9335
7199,7616,0.02423741292727161,0.9335625
320,470,0.02423784338044131,0.933625
5511,5711,0.02423801718892368,0.9336875
5652,5899,0.02423881019214486,0.93375
4068,4526,0.024239393907964868,0.9338125
11345,11389,0.024239707210872402,0.933875
12103,12466,0.024239855107506706,0.9339375
3054,3271,0.024240194528045062,0.934
114,157,0.02424021520257746,0.9340625
6119,6484,0.024240246181570026,0.934125
10843,11294,0.02424044186966167,0.9341875
9237,9363,0.024240608133739933,0.93425
12041,12193,0.024240669391477836,0.9343125
5344,5593,0.02424082664432857,0.934375
5892,5985,0.024241462906261207,0.9344375
4963,5175,0.024241477301424622,0.9345
10794,11198,0.024241513692424426,0.9345625
11699,11915,0.02424159534344404,0.934625
13701,14228,0.024241605176425398,0.9346875
3541,3818,0.024242231614753067,0.93475
12035,12416,0.024242900096629966,0.9348125
568,819,0.024243034835642607,0.934875
14600,14745,0.024243410271273226,0.9349375
11131,11618,0.024244342616644647,0.935
11478,11846,0.024244853545659056,0.9350625
580,919,0.024245731085111355,0.935125
12495,12980,0.024246059705430013,0.9351875
12832,13318,0.024246068481836473,0.93525
11520,12022,0.024246392846453982,0.9353125
12081,12199,0.024246623898372507,0.935375
5399,5609,0.024246751745301318,0.9354375
6061,6514,0.024247245815276475,0.9355
11218,11341,0.024247260398524817,0.9355625
4966,5205,0.024247364401759557,0.935625
11783,12130,0.02424766603521993,0.9356875
10282,10483,0.024247753060247203,0.93575
5672,6148,0.024247965705736903,0.9358125
5241,5634,0.024248246018399092,0.935875
2063,2414,0.024248808623953746,0.9359375
9274,9746,0.02425015902887195,0.936
11969,12137,0.024250275776925533,0.9360625
2261,2275,0.024250606444195313,0.936125
6731,6883,0.024250622311090396,0.9361875
5947,6045,0.02425098248820352,0.93625
10112,10173,0.024251028309229213,0.9363125
10701,10793,0.024251733816124495,0.936375
9747,9867,0.024251955893605803,0.9364375
11224,11391,0.024252119682979346,0.9365
5887,6220,0.024252735476686618,0.9365625
2110,2514,0.024253298364064587,0.936625
3280,3680,0.024253456470173594,0.9366875
7339,7461,0.02425355389744759,0.93675
9979,10223,0.024253758910755076,0.9368125
11324,11455,0.02425412725482106,0.936875
10318,10465,0.024254391137047374,0.9369375
1986,2241,0.024254435189806016,0.937
11889,12053,0.024254781232344112,0.9370625
6562,6717,0.02425525475075725,0.937125
14008,14125,0.02425559055021375,0.9371875
5828,6294,0.02425759853834156,0.93725
10638,10811,0.024257946167130905,0.9373125
1208,1447,0.02425801760782123,0.937375
10820,11264,0.024258753314452354,0.9374375
11748,11933,0.02425881829069867,0.9375
7234,7357,0.02425925634150377,0.9375625
10887,11270,0.02425956425034451,0.937625
9933,10191,0.024259619417395833,0.9376875
3498,3717,0.02425971925238392,0.93775
6618,6863,0.024260097333839617,0.9378125
6769,6887,0.024260984699311684,0.937875
10837,10993,0.024261316203696873,0.9379375
5869,6246,0.02426214847055092,0.938
13676,14182,0.0242623657368211,0.9380625
7491,8004,0.024262799084480417,0.938125
8443,8609,0.024263270715838867,0.9381875
11313,11652,0.024263752070847664,0.93825
11895,12352,0.02426386353613275,0.9383125
10075,10183,0.024263915025512485,0.938375
13581,13701,0.024264291965635943,0.9384375
5031,5255,0.024264839513228775,0.9385
15491,15477,0.024264851571571915,0.9385625
10139,10329,0.024265385999971818,0.938625
5862,6258,0.024265535207008693,0.9386875
6920,7310,0.024266620694556457,0.93875
13042,13195,0.024266920132155985,0.9388125
10313,10439,0.02426716075465523,0.938875
6434,6914,0.02426726135276664,0.9389375
6970,7275,0.02426828471420711,0.939
2605,3052,0.02426862215794689,0.9390625
4467,4824,0.02427020650535005,0.939125
10170,10604,0.024271069188526413,0.9391875
14698,15210,0.024271252447438944,0.93925
3720,4098,0.024271507190864978,0.9393125
9881,10113,0.024274121635051854,0.939375
8909,9017,0.024274488062063053,0.9394375
6703,6833,0.024275326940121886,0.9395
11382,11409,0.024275553562412417,0.9395625
11210,11447,0.024275657731112472,0.939625
3161,3590,0.024276010445758115,0.9396875
2170,2470,0.02427778653602861,0.93975
13985,14103,0.024278191930520145,0.9398125
10838,11354,0.024278280432758516,0.939875
2122,2161,0.024279274812594235,0.9399375
2059,2448,0.024279395285945363,0.94
12217,12431,0.024280061715553185,0.9400625
5868,6061,0.024280372616915954,0.940125
10890,11296,0.02428047215905078,0.9401875
6898,7364,0.024280559478942695,0.94025
6709,7200,0.024280854210489075,0.9403125
11562,11849,0.02428111759882893,0.940375
11289,11712,0.024281338690558738,0.9404375
11326,11858,0.024282415356485645,0.9405
11945,12446,0.024283399445078287,0.9405625
3542,3842,0.0242837156804188,0.940625
4597,5070,0.024284424324306594,0.9406875
9004,9189,0.024284714512671498,0.94075
5385,5621,0.024285180542931217,0.9408125
2268,2289,0.02428623145791531,0.940875
8559,8669,0.024286530652416045,0.9409375
352,434,0.02428665402107833,0.941
10124,10620,0.024287143778023792,0.9410625
5041,5540,0.024288084279035838,0.941125
7165,7339,0.024288109263670143,0.9411875
5146,5570,0.024288182003810704,0.94125
5119,5600,0.024288224937092227,0.9413125
2243,2153,0.024289342701896918,0.941375
15143,15209,0.02428969378654207,0.9414375
3140,3446,0.024290830176175872,0.9415
11135,11616,0.024290911892846174,0.9415625
3050,3273,0.02429116610799568,0.941625
6818,7266,0.02429197983071935,0.9416875
6653,6811,0.024292261002432484,0.94175
446,420,0.024292297834402295,0.9418125
54,300,0.024292434559478358,0.941875
12839,13069,0.024292806211329145,0.9419375
15720,15999,0.02429348721931989,0.942
13010,13378,0.024293611593074062,0.9420625
7188,7379,0.02429373725643969,0.942125
2253,2363,0.024294602701414935,0.9421875
10212,10271,0.02429532909008776,0.94225
6112,6488,0.024295756484366268,0.9423125
2152,2427,0.024295863592945045,0.942375
18,124,0.024297536953202876,0.9424375
11816,12116,0.024298589672225177,0.9425
12106,12235,0.024299586303362503,0.9425625
6178,6662,0.024299851839634082,0.942625
7996,8484,0.02430062610281802,0.9426875
6723,6843,0.024301153799637886,0.94275
11970,12388,0.02430198751446266,0.9428125
11265,11608,0.02430200940045251,0.942875
7636,8186,0.024302234370366476,0.9429375
2567,2847,0.02430249297181467,0.943
3316,3750,0.0243026152767914,0.9430625
11826,12248,0.024302937878333333,0.943125
11308,11457,0.02430297048866325,0.9431875
10594,10713,0.024303254454020488,0.94325
1942,2205,0.024303351584078106,0.9433125
9249,9626,0.024303445486505322,0.943375
4438,4788,0.02430366290075664,0.9434375
12236,12750,0.02430452249634485,0.9435
88,201,0.02430491472944927,0.9435625
5134,5383,0.024305521638905155,0.943625
5529,5757,0.024305894866109644,0.9436875
13873,14075,0.024305979410484232,0.94375
11938,12408,0.024306726048329567,0.9438125
10265,10427,0.02430693226075463,0.943875
10084,10301,0.024308862227991612,0.9439375
10973,11089,0.024310311713393665,0.944
1943,2207,0.024310921775283035,0.9440625
2930,3245,0.02431095210803206,0.944125
5451,5942,0.02431198371524081,0.9441875
11883,12059,0.02431276709304573,0.94425
7116,7327,0.024312928671763323,0.9443125
70,268,0.02431320317910746,0.944375
2701,3055,0.024314184539318603,0.9444375
4869,5278,0.02431428779816565,0.9445
3539,3876,0.02431522437800179,0.9445625
3600,3860,0.024315448174922143,0.944625
10087,10568,0.02431565988303197,0.9446875
10251,10305,0.024318856401486517,0.94475
15006,15205,0.024318930740328024,0.9448125
15089,15285,0.02431950059484848,0.944875
5442,5633,0.02431972616144763,0.9449375
6136,6634,0.024319972800812276,0.945
11416,11639,0.02432022684399183,0.9450625
10795,10933,0.024321536934950126,0.945125
38,455,0.024321917958478267,0.9451875
3383,3794,0.02432247546402602,0.94525
10814,10949,0.02432258340246171,0.9453125
10482,11002,0.024322712999676824,0.945375
10782,10917,0.024323385783942227,0.9454375
9645,9973,0.024323672211593542,0.9455
5507,5908,0.02432472824734337,0.9455625
9214,9636,0.02432669921494984,0.945625
6469,6653,0.02432716285652782,0.9456875
10868,10977,0.024327533417259687,0.94575
8803,8983,0.02432801378727412,0.9458125
6824,7330,0.02432914568399416,0.945875
11762,12174,0.024329568891460162,0.9459375
1967,2187,0.024330323267711815,0.946
1407,1727,0.024330593796073954,0.9460625
11672,11883,0.024330652912096393,0.946125
10459,10954,0.024332837481989125,0.9461875
1849,2125,0.024333049818165586,0.94625
15128,15654,0.024333242510912862,0.9463125
11721,12044,0.024333428038797247,0.946375
12428,12888,0.024334778132602236,0.9464375
3526,3864,0.024335043177873904,0.9465
9759,9945,0.024335108448088765,0.9465625
7331,7447,0.024335167404265737,0.946625
5861,6071,0.024335405106587184,0.9466875
14255,14754,0.02433582071794969,0.94675
6523,6675,0.024336053690824762,0.9468125
11374,11543,0.024336422355637863,0.946875
11530,12026,0.024336712180022483,0.9469375
9844,10123,0.024337028821511057,0.947
10735,10869,0.02433752867129535,0.9470625
14048,14618,0.024337706171216004,0.947125
12092,12227,0.024337712055113255,0.9471875
15164,15261,0.02433821285290958,0.94725
15197,15676,0.024339161172717654,0.9473125
6864,7109,0.02433960820571733,0.947375
2079,2474,0.02433982717372683,0.9474375
11076,11157,0.02434020660551531,0.9475
10653,11096,0.0243423884323799,0.9475625
14733,14943,0.024342641300579317,0.947625
2119,2169,0.02434343455605366,0.9476875
256,484,0.02434362736133229,0.94775
8576,8695,0.024344181892790886,0.9478125
3591,3856,0.024344819755731894,0.947875
11036,11161,0.024345237668410423,0.9479375
12938,13356,0.024345406674909496,0.948
6689,6871,0.024345520944924145,0.9480625
11215,11395,0.02434682447262604,0.948125
8952,8997,0.02434737999680167,0.9481875
9244,9716,0.024348890191890807,0.94825
10135,10630,0.02434916918482477,0.9483125
2425,2791,0.02434972080300259,0.948375
11334,11463,0.024350832697897923,0.9484375
336,444,0.024351374641707,0.9485
2926,3201,0.02435283700649704,0.9485625
5987,6392,0.024353395473826662,0.948625
579,815,0.024353506867518863,0.9486875
11660,12112,0.024355191879304915,0.94875
4057,4307,0.024355192803345665,0.9488125
5883,6023,0.024355754949341245,0.948875
7640,7859,0.024357344075117065,0.9489375
11082,11139,0.02435832351168237,0.949
10277,10413,0.02435863544794046,0.9490625
4757,5083,0.024359408459338927,0.949125
10161,10365,0.024359454893046962,0.9491875
13943,14095,0.02435968140099934,0.94925
2318,2663,0.024360501589359405,0.9493125
5810,6256,0.024360645812001713,0.949375
338,458,0.024360947223607314,0.9494375
10809,11308,0.024361225574902393,0.9495
10319,10497,0.02436184260181729,0.9495625
7275,7505,0.02436235361560513,0.949625
11343,11529,0.0243626691337108,0.9496875
13650,13783,0.024363074944241395,0.94975
11279,11451,0.02436313650833224,0.9498125
11856,12061,0.02436327442631112,0.949875
33,443,0.02436344596047103,0.9499375
11373,11431,0.024363540415367917,0.95
12145,12417,0.024363770747093793,0.9500625
11278,11826,0.024364882897981322,0.950125
9114,9612,0.024365785126784594,0.9501875
3480,3848,0.02436580820856594,0.95025
5826,6236,0.024365989028071564,0.9503125
6897,7354,0.024366328751956122,0.950375
5889,6051,0.02436680319781995,0.9504375
5928,6380,0.024366916269304636,0.9505
2206,2235,0.024367423786912437,0.9505625
6809,7055,0.024367789222131765,0.950625
847,1186,0.02436865615930091,0.9506875
1900,2183,0.024368694341018668,0.95075
10917,11468,0.02436876135848163,0.9508125
15104,15259,0.024369281472163995,0.950875
990,1348,0.02436943590894721,0.9509375
10740,11226,0.024369834348485036,0.951
8504,8693,0.024371414746518064,0.9510625
10243,10758,0.024373203276198196,0.951125
4956,5271,0.024373471949449624,0.9511875
4457,4784,0.024374033808744158,0.95125
10578,10711,0.024374053054686363,0.9513125
4827,5298,0.024374060950613643,0.951375
2181,2311,0.024376084171219923,0.9514375
11299,11359,0.024376931131623526,0.9515
795,1150,0.024377804607173977,0.9515625
9075,9273,0.024378072955809522,0.951625
3620,4036,0.024378667608588634,0.9516875
15403,15435,0.02438063647049463,0.95175
11377,11798,0.02438212209146745,0.9518125
2550,2928,0.02438352370653432,0.951875
11821,11967,0.02438391574536666,0.9519375
11193,11313,0.02438502112191407,0.952
11769,11929,0.024385367040731507,0.9520625
7270,7700,0.024385617296653953,0.952125
14592,14793,0.024385714170572344,0.9521875
10598,10745,0.02438641745092163,0.95225
7864,8342,0.02438712223893796,0.9523125
7840,8061,0.024387181039579417,0.952375
10082,10167,0.024387273894540925,0.9524375
9057,9081,0.024388605809399,0.9525
2205,2189,0.02438861565913463,0.9525625
11054,11215,0.024388675387080644,0.952625
5246,5644,0.024389266335538007,0.9526875
13909,14201,0.02438998493726865,0.95275
1405,1726,0.024390008713405097,0.9528125
230,412,0.02439015740473913,0.952875
2129,2225,0.02439046095970411,0.9529375
11791,12212,0.024390578391781423,0.953
2004,2185,0.024390647210098832,0.9530625
12251,12497,0.02439369516260652,0.953125
11368,11583,0.024393945438473022,0.9531875
42,110,0.024393990670095587,0.95325
2157,2572,0.024394006178163802,0.9533125
2044,2175,0.024394064821159495,0.953375
10607,10751,0.02439451351704301,0.9534375
2047,2147,0.024396050383131675,0.9535
2952,3189,0.024396427564025974,0.9535625
56,513,0.024396612291550837,0.953625
148,378,0.024396715102127316,0.9536875
346,478,0.024398026251534092,0.95375
1165,1443,0.024398079834278382,0.9538125
9666,9853,0.024398079918317956,0.953875
5860,6047,0.024398108824249993,0.9539375
45,211,0.02439835340973207,0.954
10954,11085,0.02439840220274865,0.9540625
4972,5321,0.024399051870681338,0.954125
11126,11576,0.02439983727570913,0.9541875
1085,1417,0.02440005323635523,0.95425
4431,4822,0.024400595708643016,0.9543125
3572,3872,0.024401179445592096,0.954375
9958,10153,0.024402796582045812,0.9544375
2106,2217,0.024403033838310106,0.9545
9195,9389,0.024403267118058857,0.9545625
11504,11996,0.02440343967051648,0.954625
1947,2172,0.02440378441659339,0.9546875
11245,11337,0.02440491966198412,0.95475
10822,11262,0.024404991690535158,0.9548125
4949,5229,0.024405270449446747,0.954875
15270,15445,0.024405305849206794,0.9549375
11159,11289,0.024405994172120138,0.955
2233,2263,0.024406974417781443,0.9550625
12541,13024,0.024407391697639568,0.955125
12043,12442,0.024407477808584727,0.9551875
10790,10915,0.02440876353390446,0.95525
15184,15712,0.024409744517745472,0.9553125
9864,10428,0.024410033973127285,0.955375
2207,2327,0.024410625770361596,0.9554375
11061,11177,0.02441092835874207,0.9555
11637,12062,0.024412783320965418,0.9555625
9302,9712,0.024412926013538276,0.955625
10643,10765,0.024413218662885212,0.9556875
10996,11103,0.024413531655981553,0.95575
3240,3718,0.024413771383483863,0.9558125
6888,7320,0.024414365904366273,0.955875
5096,5339,0.024414721255105732,0.9559375
55,352,0.024414750653737546,0.956
11964,12380,0.02441590531875729,0.9560625
206,394,0.024416259542594396,0.956125
13919,14139,0.0244179916477098,0.9561875
12886,13376,0.02441952188491018,0.95625
17,82,0.0244198730119478,0.9563125
10804,11202,0.024420732950567424,0.956375
11052,11572,0.024421621495327218,0.9564375
12890,13464,0.024422089312917877,0.9565
8522,8753,0.024422301346557835,0.9565625
10611,10813,0.024422406501042115,0.956625
5695,5961,0.024422688746409096,0.9566875
11254,11449,0.024423062654710566,0.95675
9921,10508,0.024423392899013463,0.9568125
1758,2079,0.024423589203885914,0.956875
11953,12460,0.024423700793285767,0.9569375
6907,7324,0.024423740285630744,0.957
307,632,0.024424214239134278,0.9570625
10680,10851,0.024424305035726873,0.957125
1097,1391,0.02442442791085065,0.9571875
2622,2933,0.024424901337400974,0.95725
10361,10507,0.02442505743708515,0.9573125
9232,9708,0.024425180710926916,0.957375
2203,2173,0.024425776882188013,0.9574375
13969,14504,0.024425962918050513,0.9575
5370,5605,0.02442777861893385,0.9575625
5843,6208,0.024427839438172644,0.957625
6654,6815,0.024427865139140383,0.9576875
10165,10315,0.02442800595131144,0.95775
7900,8163,0.02442835949081931,0.9578125
837,1235,0.024429019596364485,0.957875
2054,2203,0.02442915687986636,0.9579375
6760,7254,0.02442974088452718,0.958
4875,5139,0.024430942056168276,0.9580625
5437,5663,0.024431070708801888,0.958125
9727,9967,0.024431138291939228,0.9581875
9268,9702,0.024431643951736477,0.95825
11338,11704,0.024431857164403083,0.9583125
11246,11600,0.024432964266886507,0.958375
12003,12221,0.02443325369022155,0.9584375
10967,11191,0.02443372551494761,0.9585
1125,1421,0.024434550790117086,0.9585625
7303,7465,0.024434854934616942,0.958625
30,507,0.024435299344279408,0.9586875
2197,2215,0.024435330772125317,0.95875
12204,12702,0.024435702198125218,0.9588125
5800,6139,0.024437356389121125,0.958875
1829,2114,0.024437463217753714,0.9589375
282,622,0.02443802990154521,0.959
5446,5691,0.024438858650648997,0.9590625
4400,4764,0.024439040458492173,0.959125
2218,2305,0.02443959353038603,0.9591875
14392,14932,0.0244403124677511,0.95925
105,384,0.024440696091969687,0.9593125
9133,9644,0.02444146082229159,0.959375
2147,2297,0.02444378893128658,0.9594375
13307,13573,0.02444402950378504,0.9595
10791,11238,0.02444441376435761,0.9595625
11392,11479,0.02444455380804378,0.959625
11910,12097,0.02444503654363714,0.9596875
9971,10468,0.024445257139968955,0.95975
8941,9019,0.024445514666650233,0.9598125
9280,9694,0.024445821496806994,0.959875
11369,11748,0.02444863287986643,0.9599375
15193,15704,0.024449077502329945,0.96
5914,6039,0.02444931327874893,0.9600625
5480,5946,0.02445214119239588,0.960125
10184,10279,0.02445319996415115,0.9601875
5619,5885,0.024453528007577396,0.96025
8460,8715,0.024453549551520574,0.9603125
2951,3360,0.024453655057074173,0.960375
6587,6807,0.024454818659556055,0.9604375
11792,12104,0.024454824151857332,0.9605
11281,11357,0.024454857031399425,0.9605625
8809,8979,0.02445486481609251,0.960625
11830,12372,0.024455467202589832,0.9606875
12976,13370,0.024455713844583483,0.96075
11152,11343,0.024457261788304537,0.9608125
7301,7463,0.024457669129193702,0.960875
11814,12033,0.02445784752932786,0.9609375
12195,12734,0.02445833620979255,0.961
12238,12443,0.024459309051317907,0.9610625
7075,7554,0.02445960143330946,0.961125
10621,10817,0.02446165778808374,0.9611875
15202,15403,0.02446170807272007,0.96125
13611,13753,0.024461804143372096,0.9613125
11205,11624,0.02446326801442738,0.961375
12395,12860,0.024464223787685983,0.9614375
3446,3751,0.024464422193579537,0.9615
7575,8126,0.024464444520924562,0.9615625
325,422,0.024465445410161095,0.961625
11282,11758,0.02446554589048861,0.9616875
192,388,0.024465600088696363,0.96175
304,402,0.024466138051180635,0.9618125
298,516,0.02446652316527303,0.961875
3424,3836,0.024466532680649737,0.9619375
8859,9458,0.024466849212403097,0.962
2484,2793,0.02446751900991059,0.9620625
6367,6625,0.024467844444773592,0.962125
36,302,0.0244679680152101,0.9621875
1570,2014,0.02446827973904154,0.96225
7363,7667,0.024468296313618725,0.9623125
2198,2303,0.024468377685413895,0.962375
8894,8987,0.02446868580954449,0.9624375
5863,5999,0.02446917812097866,0.9625
7698,7955,0.02446973564954908,0.9625625
11796,12128,0.024471029817065493,0.962625
10054,10163,0.02447110453286775,0.9626875
5534,5928,0.024472412014214556,0.96275
5916,6414,0.024474115702792974,0.9628125
11362,11515,0.024474652905391126,0.962875
11284,11433,0.02447470830743222,0.9629375
11797,11985,0.024475126445772596,0.963
10146,10209,0.02447555586590181,0.9630625
11561,12038,0.024475840959359813,0.963125
11864,12057,0.024476365798861168,0.9631875
11288,11672,0.024477250416890046,0.96325
9200,9670,0.02447904041077663,0.9633125
2028,2291,0.02447935484559206,0.963375
10974,11137,0.024479914022136298,0.9634375
10608,10773,0.024480025287058636,0.9635
1380,1723,0.024480346053968295,0.9635625
2657,3094,0.024480783688198175,0.963625
5776,6172,0.024481139815231222,0.9636875
5716,5973,0.024482637639066804,0.96375
25,142,0.02448349107395474,0.9638125
7720,8196,0.024484434156152916,0.963875
1992,2257,0.02448828718660025,0.9639375
7259,7511,0.024488787412371406,0.964
10630,10783,0.024489898625414296,0.9640625
5324,5581,0.02449031476292953,0.964125
10875,11117,0.02449131036326322,0.9641875
245,482,0.02449204739276055,0.96425
9208,9744,0.02449262098378219,0.9643125
10602,10747,0.024495637882605694,0.964375
2062,2245,0.024495966469418377,0.9644375
46,208,0.024495989203746238,0.9645
3436,3769,0.024496013371016992,0.9645625
6890,7394,0.02449701873847409,0.964625
12017,12213,0.024497033787022268,0.9646875
5117,5377,0.02449750174077815,0.96475
7162,7604,0.0244976450041599,0.9648125
7168,7415,0.024498383573572032,0.964875
9708,9883,0.02449884606992176,0.9649375
13034,13361,0.024499571668723383,0.965
5463,5659,0.024501428782616626,0.9650625
4442,4926,0.024501489448031568,0.965125
2533,2902,0.02450167147195974,0.9651875
10815,11246,0.0245019197131558,0.96525
10002,10165,0.024502611082899493,0.9653125
12241,12511,0.024502693360519783,0.965375
12412,12848,0.024503430634542342,0.9654375
9678,9921,0.02450398642813468,0.9655
408,809,0.024504031306675222,0.9655625
5438,5685,0.024504264768404112,0.965625
11534,12018,0.02450478922250223,0.9656875
5875,6027,0.024505749279843093,0.96575
8826,9027,0.024506373615646823,0.9658125
7221,7387,0.024507869121566005,0.965875
15156,15674,0.024508934560656153,0.9659375
6745,6901,0.024508946260497693,0.966
9156,9646,0.024509284428029337,0.9660625
11137,11371,0.024509463024639803,0.966125
5371,5635,0.02450947962415447,0.9661875
39,468,0.024510618994259145,0.96625
10248,10780,0.024510760625144973,0.9663125
9831,10077,0.02451136565946758,0.966375
10899,11091,0.024511404771034997,0.9664375
356,454,0.0245115448320738,0.9665
11333,11419,0.024511837119372902,0.9665625
11300,11401,0.024511953341777054,0.966625
7273,7393,0.024512013021153904,0.9666875
5785,6007,0.024513458542178398,0.96675
10562,10743,0.024513773489436876,0.9668125
11316,11664,0.024513994442091576,0.966875
1835,2151,0.024514137251160344,0.9669375
11302,11784,0.02451492544801464,0.967
12960,13394,0.024520760964231867,0.9670625
3403,3707,0.024521786541114376,0.967125
277,450,0.024522738593079,0.9671875
7106,7568,0.024526198429210774,0.96725
10174,10245,0.024527572525040182,0.9673125
13463,13699,0.024529042371145116,0.967375
11341,11690,0.024529198174173542,0.9674375
231,474,0.024530213212777055,0.9675
15492,15627,0.024533187158124938,0.9675625
5135,5435,0.024533427912107317,0.967625
778,1136,0.02453352899513439,0.9676875
12438,12916,0.024534669708662252,0.96775
7130,7586,0.024540146276028,0.9678125
11386,11467,0.024540274246349074,0.967875
7702,8021,0.024541647557778688,0.9679375
552,857,0.024543218543365043,0.968
13854,14402,0.024543431748872233,0.9680625
5452,6016,0.024543459512019434,0.968125
6744,6875,0.024544165623953954,0.9681875
14170,14752,0.02454473908682573,0.96825
10211,10700,0.024545226110810878,0.9683125
10523,10755,0.02454585869091276,0.968375
10737,10951,0.02454829628097273,0.9684375
5356,5667,0.0245497879577599,0.9685
339,464,0.02454988572752733,0.9685625
3492,3846,0.024550704522732704,0.968625
10088,10177,0.024550817285267607,0.9686875
1877,2150,0.024551176058182418,0.96875
11450,11946,0.02455156957913355,0.9688125
12994,13388,0.02455266164914285,0.968875
10695,10843,0.024553495363530634,0.9689375
9189,9732,0.024553977791061218,0.969
11286,11399,0.024554336680936248,0.9690625
9563,9783,0.024554404108519494,0.969125
2929,3205,0.0245544114364998,0.9691875
11204,11584,0.02455479305020489,0.96925
8850,9035,0.024555017254454286,0.9693125
12098,12265,0.024555826992889135,0.969375
3555,3906,0.024556917628690698,0.9694375
10183,10261,0.024560053740134386,0.9695
5718,6178,0.02456178799178303,0.9695625
5764,6350,0.02456524419150138,0.969625
3169,3571,0.02456571057488819,0.9696875
5221,5477,0.024565847641180697,0.96975
2487,2896,0.024567664091730633,0.9698125
7932,8193,0.02456775682422502,0.969875
28,117,0.024567928071713475,0.9699375
2099,2213,0.024569092360707864,0.97
13585,14138,0.024571576642434582,0.9700625
1979,2301,0.024571922224212405,0.970125
12951,13442,0.024572062898433892,0.9701875
11357,11786,0.024572707308832747,0.97025
180,392,0.02457288839981204,0.9703125
11764,11991,0.024573913104470865,0.970375
10342,10499,0.024574093580806065,0.9704375
11266,11501,0.024575059786402644,0.9705
1885,2222,0.024575450461979682,0.9705625
263,438,0.024575766146759093,0.970625
8924,9129,0.024576210247435306,0.9706875
14642,14811,0.024576259812111128,0.97075
7274,7423,0.024576556554683358,0.9708125
11161,11305,0.024576872195128482,0.970875
1875,2277,0.024577073634816073,0.9709375
19,3,0.024577395461119974,0.971
2161,2506,0.024578619090101665,0.9710625
9106,9618,0.024580455412528505,0.971125
10990,11169,0.024580774256193757,0.9711875
8969,9029,0.024581707866622306,0.97125
10673,11182,0.02458194312570031,0.9713125
10625,10779,0.02458227380259822,0.971375
11206,11660,0.024582415257479888,0.9714375
10569,10761,0.024583857134594912,0.9715
1729,2063,0.024584664847551473,0.9715625
7077,7383,0.02458583741718435,0.971625
2992,3444,0.024585917724723166,0.9716875
272,452,0.024586274709863933,0.97175
11160,11297,0.024587410930593488,0.9718125
11330,11415,0.024588188331693496,0.971875
13270,13511,0.02458904457713688,0.9719375
11121,11319,0.024589375250183176,0.972
11359,11862,0.024590024260635265,0.9720625
12403,12918,0.024590087659501655,0.972125
3627,3981,0.02459017041618258,0.9721875
3641,4100,0.024590593034164006,0.97225
7060,7319,0.024591904260635216,0.9723125
4976,5267,0.024593267621251132,0.972375
14674,14817,0.02459346888588509,0.9724375
10457,10679,0.024595179372924398,0.9725
74,386,0.024595322981107014,0.9725625
15029,15606,0.024598353677446637,0.972625
6899,7396,0.024600751554483866,0.9726875
3930,4261,0.024602497545073855,0.97275
4933,5225,0.024602858785789328,0.9728125
6727,7234,0.024604427335767,0.972875
11996,12484,0.024604725280525815,0.9729375
5224,5535,0.024605170668258628,0.973
14573,14819,0.02460586309311165,0.9730625
9024,9073,0.024607146336256935,0.973125
11147,11582,0.024608149242843068,0.9731875
11320,11710,0.02460830045048859,0.97325
9923,10157,0.0246092582332362,0.9733125
8739,9296,0.024609517685797236,0.973375
7644,7901,0.024609993071147286,0.9734375
2039,2199,0.024610341328582173,0.9735
12165,12491,0.02461110987027013,0.9735625
11701,12064,0.024611507901643633,0.973625
9,472,0.02461414134506954,0.9736875
11619,12182,0.024614815757043624,0.97375
1314,1666,0.024617590514131794,0.9738125
41,32,0.024618091108980632,0.973875
12576,13084,0.024618982081868922,0.9739375
11632,12118,0.024619467236896765,0.974
3,154,0.02461957990529922,0.9740625
15565,15717,0.024619825445788675,0.974125
13604,13785,0.0246228587300228,0.9741875
5744,5969,0.02462296240387366,0.97425
7119,7600,0.024623172822139532,0.9743125
12504,13042,0.024624203759538645,0.974375
6551,6831,0.024624386492073966,0.9744375
3409,3898,0.02462473044756262,0.9745
11038,11183,0.024625029692265384,0.9745625
14811,15396,0.024625148111246487,0.974625
11683,12040,0.0246252292177402,0.9746875
11659,12042,0.024625753482474783,0.97475
10924,11516,0.024626043378271227,0.9748125
3337,3770,0.024627799683716235,0.974875
7212,7724,0.024628516751867908,0.9749375
10787,10961,0.02462933413159518,0.975
268,640,0.024631205696828265,0.9750625
11642,12036,0.024631998882058376,0.975125
6671,7176,0.02463262432665042,0.9751875
2067,2321,0.024633412228762534,0.97525
11248,11459,0.02463374439851934,0.9753125
12854,13151,0.024637687822206534,0.975375
11761,12140,0.024639916512729888,0.9754375
7245,7471,0.024640446774005863,0.9755
15370,15505,0.024640580638036112,0.9755625
7673,7915,0.024642622054530498,0.975625
8902,9007,0.02464280565696163,0.9756875
5172,5646,0.024643377476440232,0.97575
6694,7192,0.02464348216173196,0.9758125
5405,5689,0.02464381671171611,0.975875
11625,12034,0.02464435141349299,0.9759375
3260,3696,0.02464492572559098,0.976
1890,2159,0.024646240147713543,0.9760625
10097,10381,0.02464654521015634,0.976125
22,326,0.024647655977804137,0.9761875
9997,10213,0.024647936522516702,0.97625
4803,5312,0.02465006357357731,0.9763125
11673,12046,0.024652999202908307,0.976375
10169,10239,0.024653125145175554,0.9764375
4563,5024,0.02465689246526386,0.9765
15349,15497,0.024656993301730847,0.9765625
10049,10187,0.024658450922756776,0.976625
11236,11363,0.024659452948538104,0.9766875
11262,11373,0.024661891388105355,0.97675
9013,9093,0.024662359445383916,0.9768125
12044,12233,0.024662726171044896,0.976875
10,350,0.02466336343399606,0.9769375
1857,2288,0.024663491725775852,0.977
10724,10989,0.024663652935378814,0.9770625
8465,8683,0.024666910242735846,0.977125
14916,15193,0.024669411461170205,0.9771875
11532,11841,0.024670987800314077,0.97725
10147,10219,0.024671411708857588,0.9773125
4992,5508,0.024672243390980144,0.977375
12226,12742,0.0246741235544839,0.9774375
5044,5389,0.024676624200428345,0.9775
202,498,0.02467897305486176,0.9775625
8872,9003,0.02468015668832893,0.977625
11622,11871,0.02468041141979251,0.9776875
10141,10433,0.0246827766724641,0.97775
8903,9011,0.02468370900901523,0.9778125
7041,7323,0.024683943476357967,0.977875
1840,2164,0.024686718992620392,0.9779375
10808,11306,0.02468886386676698,0.978
11117,11333,0.024689094088458995,0.9780625
5978,6458,0.024690384891998023,0.978125
9768,10350,0.02469134280959362,0.9781875
11119,11638,0.02469198760699422,0.97825
11272,11644,0.02469288069973555,0.9783125
9694,9919,0.02469562637964953,0.978375
214,456,0.024697938920633575,0.9784375
6817,7121,0.024698978384557337,0.9785
13523,13747,0.02470065040239687,0.9785625
11626,12070,0.024701234350455677,0.978625
9149,9730,0.02470210948429918,0.9786875
6919,7171,0.024703098942110778,0.97875
9959,10496,0.024704587575680666,0.9788125
15010,15303,0.02470565264780629,0.978875
12571,12801,0.024707681251396416,0.9789375
9010,9079,0.024709819246927993,0.979
11229,11724,0.024710547959065365,0.9790625
9207,9714,0.0247113834340608,0.979125
9257,9696,0.024712433751353183,0.9791875
10235,10425,0.024713323174062832,0.97925
12940,13434,0.024713962400488062,0.9793125
8833,9025,0.02471487523905892,0.979375
12927,13177,0.02471599531108858,0.9794375
9999,10532,0.024716459479767833,0.9795
14782,14991,0.024719137861634,0.9795625
11585,12080,0.024719488073208565,0.979625
10803,10999,0.024720127112280905,0.9796875
12342,12555,0.024721535061928365,0.97975
11361,11465,0.024722014181327558,0.9798125
5636,5909,0.024723107740967046,0.979875
7284,7455,0.024723374642535937,0.9799375
9242,9814,0.02472404602437393,0.98
10195,10431,0.02472604312887095,0.9800625
4557,5026,0.02472875520145594,0.980125
3164,3614,0.02472963984243533,0.9801875
10515,11064,0.02472976726273085,0.98025
11267,11642,0.02473013589340781,0.9803125
5813,6244,0.02473336891420386,0.980375
35,178,0.024734530753307008,0.9804375
145,560,0.024734861291959672,0.9805
11854,12348,0.024734938958622103,0.9805625
11180,11682,0.024736536671585967,0.980625
13007,13241,0.024736785838272986,0.9806875
2003,2271,0.02473742821709411,0.98075
11020,11552,0.02473828125370259,0.9808125
7006,7508,0.024738838767928407,0.980875
8936,9047,0.02473934855419382,0.9809375
5555,5853,0.02474184319584145,0.981
10110,10313,0.024741936117563652,0.9810625
10675,10853,0.02474297982455954,0.981125
5739,6210,0.024744756436369354,0.9811875
12077,12257,0.024745669779203793,0.98125
6146,6654,0.02474709774018829,0.9813125
11600,12090,0.024748415983032724,0.981375
3501,4032,0.02475007198944799,0.9814375
9848,10368,0.02475232012519281,0.9815
11376,11928,0.02475285716720865,0.9815625
357,692,0.024755039933326412,0.981625
12082,12317,0.02475541856853562,0.9816875
7490,8014,0.024756265398857138,0.98175
5784,6274,0.02475779181185945,0.9818125
8459,8655,0.02475838331257824,0.981875
1683,2071,0.024758579263318058,0.9819375
10668,11234,0.02475944647239065,0.982
12821,13346,0.024761251390161897,0.9820625
6081,6620,0.0247636423914513,0.982125
10604,10803,0.024768124356843293,0.9821875
3020,3434,0.024768249884731093,0.98225
11378,11834,0.024770662284301536,0.9823125
5771,6238,0.024771112035090363,0.982375
5659,5915,0.024771168197092273,0.9824375
11720,12142,0.024774411592935783,0.9825
11744,12156,0.02477491993753357,0.9825625
7096,7644,0.024776362493406808,0.982625
10451,10697,0.024776945450920605,0.9826875
11,20,0.02477797179524549,0.98275
9448,9727,0.024778692342945562,0.9828125
10077,10369,0.02477956317210032,0.982875
12335,12557,0.024780130155481837,0.9829375
14617,14813,0.02478047228286804,0.983
13592,13799,0.02478492757706984,0.9830625
10433,10671,0.024785327997169527,0.983125
12261,12539,0.024786381883739966,0.9831875
10989,11580,0.024790693158360133,0.98325
1975,2201,0.02479135805361183,0.9833125
5460,5934,0.024792856235100483,0.983375
2898,3374,0.02479302210201271,0.9834375
14655,14865,0.02479416259843301,0.9835
10109,10235,0.024796259125092347,0.9835625
11680,12190,0.024797683520198326,0.983625
9866,10107,0.02479768723559075,0.9836875
10558,11092,0.024798813013686232,0.98375
11271,11716,0.02479937733317768,0.9838125
6415,6683,0.02480103039040983,0.983875
14601,14809,0.02480612037927314,0.9839375
7181,7443,0.02481047502122622,0.984
15036,15253,0.024811130776783062,0.9840625
5063,5341,0.02481212504764249,0.984125
11270,11453,0.024812688056368732,0.9841875
11242,11668,0.024816052372452595,0.98425
1996,2267,0.024822063630095585,0.9843125
11216,11622,0.02482351429238104,0.984375
10922,11227,0.024823531831308497,0.9844375
7195,7409,0.024823653505134106,0.9845
2392,2765,0.024828057578847547,0.9845625
140,462,0.02482835135859668,0.984625
5107,5403,0.0248293542984334,0.9846875
4334,4820,0.024830018928247547,0.98475
11897,12428,0.024833096462466144,0.9848125
10311,10589,0.024836312073531253,0.984875
10520,10759,0.024837267953658336,0.9849375
10106,10606,0.024837890888904007,0.985
132,506,0.024838578176566872,0.9850625
15121,15670,0.024838809645224905,0.985125
6603,7164,0.02483954413103616,0.9851875
1968,2221,0.024842167796314044,0.98525
14627,14815,0.024843505111282572,0.9853125
14663,14885,0.024846311273620435,0.985375
12326,12844,0.024850258678437206,0.9854375
6661,6881,0.024853910928437528,0.9855
14809,15045,0.024853988726303726,0.9855625
11712,12072,0.024854140689876035,0.985625
6615,7156,0.024856622468635497,0.9856875
4606,5098,0.024857439904116818,0.98575
12730,13041,0.02485827340793315,0.9858125
14542,14803,0.0248612670014389,0.985875
5189,5678,0.024862061469020345,0.9859375
10066,10215,0.024862856317951668,0.986
11707,12126,0.024863443530370247,0.9860625
5742,6240,0.024865666501267106,0.986125
15266,15491,0.02487018814092297,0.9861875
4358,4854,0.0248705976646252,0.98625
5698,6224,0.024871306436230166,0.9863125
5366,5641,0.024874624068905032,0.986375
5796,6306,0.024876253106018053,0.9864375
10654,10859,0.02487700470433748,0.9865
9101,9634,0.024877402101326725,0.9865625
7699,8216,0.024877683913879543,0.986625
127,406,0.024881335186206027,0.9866875
11208,11666,0.02488164960354459,0.98675
14410,14988,0.02489143601567488,0.9868125
12248,12818,0.024896801863512806,0.986875
60,440,0.02490208336850997,0.9869375
11238,11700,0.024904365390918098,0.987
10162,10696,0.02490474749200043,0.9870625
10036,10275,0.024904767749297108,0.987125
10145,10241,0.024905005062370165,0.9871875
80,504,0.024911824057105087,0.98725
11725,12094,0.024914672725159178,0.9873125
24,116,0.024920010098962428,0.987375
12647,13240,0.02492590999834755,0.9874375
8066,8379,0.024927140346662515,0.9875
4842,5366,0.024928664160262605,0.9875625
11309,11814,0.024929534584267846,0.987625
6652,7216,0.024934284943989048,0.9876875
1116,1489,0.024937942206255816,0.98775
7097,7375,0.02493889796135349,0.9878125
8975,9069,0.02493898002355104,0.987875
4518,4990,0.024943325588996198,0.9879375
10955,11209,0.02494361294139926,0.988
11700,11963,0.02494377718945322,0.9880625
8991,9101,0.024944521450767334,0.988125
1969,2269,0.02494583576074943,0.9881875
5745,5993,0.02494957874162185,0.98825
10493,10733,0.02495279219948331,0.9883125
10225,10475,0.024956861901264612,0.988375
11250,11680,0.02496176495511718,0.9884375
8982,9077,0.02496776495856617,0.9885
12914,13185,0.02496825023553918,0.9885625
6346,6874,0.024980363079946482,0.988625
11156,11656,0.024987972992662574,0.9886875
10076,10267,0.025002627360459998,0.98875
10138,10265,0.02500432573401406,0.9888125
11644,12162,0.025006469180415554,0.988875
3145,3602,0.025008327269739363,0.9889375
67,428,0.025010776773239908,0.989
10058,10221,0.025010819825609504,0.9890625
8930,9055,0.025013291980422597,0.989125
444,845,0.02501365937436849,0.9891875
4724,5218,0.025013809223413074,0.98925
15235,15437,0.025016917654082597,0.9893125
8678,8957,0.025018137871199213,0.989375
11999,12299,0.025020583894048265,0.9894375
9882,10185,0.025024890821753163,0.9895
6702,7017,0.025040130002706808,0.9895625
13399,13663,0.025042650256280188,0.989625
8913,9053,0.025054420706234936,0.9896875
1002,1416,0.025056818636333744,0.98975
11691,12178,0.025063681534853176,0.9898125
14904,15490,0.0250704801081707,0.989875
10108,10367,0.025077614629703496,0.9899375
6588,6897,0.02508239405747209,0.99
11609,12124,0.025084023027013277,0.9900625
66,400,0.025084047596460067,0.990125
12502,12777,0.02508760563390147,0.9901875
12394,12912,0.0250911317642895,0.99025
2495,2831,0.02509186915449952,0.9903125
15014,15255,0.025100094189755968,0.990375
5102,5431,0.025101124324624927,0.9904375
26,510,0.025102856125806535,0.9905
8910,9059,0.025107288482961176,0.9905625
13705,13983,0.025109271589813777,0.990625
11705,12144,0.025109540703570844,0.9906875
8931,9091,0.025111897573954645,0.99075
9898,10193,0.02511444495438987,0.9908125
10736,11304,0.025130886958197155,0.990875
10702,10939,0.025135671945404118,0.9909375
9060,9628,0.02513734255245706,0.991
7955,8249,0.025146655109867216,0.9910625
5510,6072,0.025147096886886593,0.991125
1798,2144,0.02514821522140357,0.9911875
102,526,0.025152888413040593,0.99125
8888,9123,0.02518279731383627,0.9913125
11693,12096,0.025184678408853228,0.991375
8316,8599,0.025185528966021557,0.9914375
14846,15109,0.025186008344925816,0.9915
11098,11640,0.025190448673163786,0.9915625
8752,9362,0.02519325472740811,0.991625
10829,11097,0.025194916625999646,0.9916875
1011,1397,0.025198104170058945,0.99175
7025,7301,0.025207137831574505,0.9918125
2927,3335,0.025210130794706635,0.991875
11794,12067,0.025211875251201134,0.9919375
4017,4383,0.02521218688485795,0.992
5252,5597,0.025212811467249442,0.9920625
3002,3393,0.025213732692663585,0.992125
1813,2224,0.02522166898839946,0.9921875
12709,13013,0.0252265582974891,0.99225
8668,8939,0.025228183673544614,0.9923125
6604,6911,0.025229080260736843,0.992375
13618,14238,0.02523345957407483,0.9924375
15624,15805,0.025251446622496777,0.9925
9569,9833,0.025258799948465548,0.9925625
1678,2087,0.025262793369753126,0.992625
3373,3820,0.025264197792006216,0.9926875
8184,8453,0.025265415957439374,0.99275
6626,6949,0.025282543079532004,0.9928125
7202,7784,0.025282580158365393,0.992875
2,25,0.025288246462572835,0.9929375
9438,10018,0.025292524009091485,0.993
75,496,0.025294554144129896,0.9930625
3434,3886,0.025303015892934464,0.993125
11107,11377,0.02530793884954242,0.9931875
4832,5191,0.02531313773660819,0.99325
2378,2759,0.02531497342649219,0.9933125
11516,11853,0.0253273381945719,0.993375
4,65,0.025338379103645763,0.9934375
2854,3249,0.02533896374331766,0.9935
13503,13755,0.02534268679276265,0.9935625
5964,6490,0.02534402604550834,0.993625
11669,12138,0.025346189752862264,0.9936875
4575,5084,0.025350220046055565,0.99375
7482,8026,0.02535474061098869,0.9938125
1617,2120,0.025360794463657396,0.993875
5629,5953,0.02536481160312776,0.9939375
11310,11824,0.02536802564218959,0.994
10682,10957,0.025373413387590638,0.9940625
8905,9504,0.025382674500972605,0.994125
11115,11369,0.02538585952924536,0.9941875
8908,9115,0.02540039679183722,0.99425
8863,9075,0.02540647822926051,0.9943125
8645,8951,0.025411790668092762,0.994375
8717,9278,0.025415907686649607,0.9944375
11521,12066,0.02541628343848983,0.9945
9929,10492,0.025425114996407868,0.9945625
7007,7530,0.025433916922001396,0.994625
10023,10249,0.02543883747213378,0.9946875
12301,12850,0.025449002265848807,0.99475
4548,5034,0.025449090528614663,0.9948125
10665,10937,0.02545101205914909,0.994875
8,8,0.025456257213355978,0.9949375
12929,13494,0.02546736312334657,0.995
12548,12839,0.025479691398865727,0.9950625
12844,13450,0.02549358538568814,0.995125
1057,1427,0.02549865233999416,0.9951875
2444,2807,0.025504015890087415,0.99525
10888,11153,0.025513441367016863,0.9953125
7018,7317,0.025517914214378757,0.995375
1778,2210,0.02553061967956108,0.9954375
12935,13223,0.025533427125538907,0.9955
5215,5529,0.02553558849589548,0.9955625
14,42,0.025537407519223575,0.995625
2836,3187,0.025543458904516526,0.9956875
11187,11740,0.025544200394855755,0.99575
11882,12159,0.025559778763198007,0.9958125
5072,5393,0.02556538659856848,0.995875
10487,10777,0.025571376719422556,0.9959375
3589,4090,0.025573558445275653,0.996
10662,10941,0.025601150323139973,0.9960625
11261,11776,0.025609232592398355,0.996125
14516,14789,0.02561360763160117,0.9961875
11861,12149,0.025620492455669077,0.99625
8391,8653,0.025640474778726777,0.9963125
12540,12815,0.025642539413929244,0.996375
3943,4472,0.025647831568093134,0.9964375
11646,12136,0.02564874668779227,0.9965
13,96,0.025691272096418576,0.9965625
10862,11428,0.02569340640752799,0.996625
7928,8235,0.025724905597163988,0.9966875
9754,10352,0.025751360090418073,0.99675
11628,12152,0.025755495825040723,0.9968125
5248,5589,0.025796864381313653,0.996875
10550,11122,0.02579841996193751,0.9969375
14873,15139,0.025809578520843278,0.997
3393,3797,0.02582409342124746,0.9970625
11252,11864,0.025826978245575775,0.997125
4632,5007,0.025847500848472604,0.9971875
9009,9299,0.02589314608264799,0.99725
9607,9899,0.025893319459184577,0.9973125
2506,2861,0.025895165479824744,0.997375
10011,10584,0.02589666136392409,0.9974375
13574,13839,0.025898119152713332,0.9975
8866,9111,0.025901457212562994,0.9975625
12471,13046,0.025921054311094274,0.997625
1308,1738,0.025972447763857664,0.9976875
11297,11850,0.025984425502994152,0.99775
10336,10910,0.025990178604778327,0.9978125
5,255,0.025999443709006045,0.997875
2325,2719,0.026024742954110357,0.9979375
9674,9989,0.026046649079416874,0.998
11564,12106,0.026058274664362748,0.9980625
6606,6899,0.026127943923140762,0.998125
7304,7607,0.026133328072927006,0.9981875
11260,11818,0.02613470213660747,0.99825
14892,15538,0.02615663683168288,0.9983125
10015,10257,0.02615735765673946,0.998375
10103,10688,0.026167345953014887,0.9984375
6037,6379,0.026270309170879167,0.9985
9116,9698,0.026327550154513053,0.9985625
4146,4686,0.026457272595071996,0.998625
3661,4073,0.026471986801338197,0.9986875
12421,13020,0.026474431347624915,0.99875
15194,15471,0.026498524209508625,0.9988125
12810,13380,0.026524594921824834,0.998875
7008,7610,0.026595830882913302,0.9989375
5421,5982,0.02664005691218102,0.999
13371,13683,0.026649260696878535,0.9990625
6102,6684,0.026904836920863626,0.999125
11623,11937,0.027120284251486194,0.9991875
10205,10535,0.02727284204759185,0.99925
10392,11020,0.027282033882637308,0.9993125
11453,11789,0.027425545317165605,0.999375
10536,11148,0.02749650412865645,0.9994375
5440,6032,0.02771682559479034,0.9995
11274,11876,0.02793178502752673,0.9995625
3377,3795,0.027998018442332098,0.999625
406,888,0.028279330738422502,0.9996875
11510,12114,0.0283610002543884,0.99975
12416,13030,0.029259210835646324,0.9998125
7920,8536,0.029705533649849777,0.999875
244,751,0.03002293783558064,0.9999375
10580,11214,0.031322769015184763,1.0
