,Request Id,request_e2e_time_normalized,cdf
1690,1827,0.03764376548062292,0.00011161960040183056
2868,3071,0.040649595549224996,0.00022323920080366113
1581,1779,0.04386279002165545,0.0003348588012054917
855,946,0.04434885872802554,0.00044647840160732226
854,936,0.046043912042081185,0.0005580980020091528
231,319,0.04654850024230926,0.0006697176024109834
2817,2947,0.048371375452651265,0.000781337202812814
1720,1831,0.04869563143176764,0.0008929568032146445
2820,2949,0.04932678703763903,0.001004576403616475
1696,1819,0.04938152496251528,0.0011161960040183055
839,937,0.04967086670660943,0.0012278156044201363
1673,1823,0.050858258612454674,0.0013394352048219668
8829,9060,0.05234971601785313,0.0014510548052237974
2807,2941,0.05247774635245057,0.001562674405625628
8249,8448,0.0527983278645262,0.0016742940060274585
8673,8874,0.052804080438706526,0.001785913606429289
687,778,0.05314104234345544,0.0018975332068311196
2772,2939,0.05371455523314356,0.00200915280723295
2794,2943,0.05388591395204921,0.0021207724076347805
2544,2750,0.05400093863709857,0.002232392008036611
8657,8878,0.05450062558963964,0.002344011608438442
8680,8884,0.05491030469152169,0.0024556312088402726
867,933,0.05529870827536243,0.002567250809242103
436,569,0.055751412884237087,0.0026788704096439337
858,922,0.05635156244157104,0.002790490010045764
835,932,0.056661059034736685,0.0029021096104475948
2845,2950,0.05703858436826038,0.0030137292108494253
2403,2622,0.057167735176713565,0.003125348811251256
690,766,0.057561589116580554,0.0032369684116530864
859,943,0.057646870732547324,0.003348588012054917
2843,2948,0.05765523738188347,0.0034602076124567475
8666,8880,0.05842426610343219,0.003571827212858578
870,941,0.058640383965536766,0.0036834468132604086
8661,8868,0.05881650325486156,0.003795066413662239
852,921,0.058888463248137526,0.00390668601406407
8271,8438,0.05894015239841008,0.0040183056144659
255,315,0.058975929348721354,0.004129925214867731
856,928,0.059333750247688805,0.004241544815269561
2790,2937,0.05958318540935555,0.004353164415671392
8675,8872,0.05969303121847833,0.004464784016073222
857,916,0.05992257689548264,0.004576403616475053
2842,2944,0.06054549702318203,0.004688023216876884
8931,9166,0.06128927671760454,0.004799642817278714
1770,1927,0.06134205029366563,0.004911262417680545
691,776,0.061545926778739386,0.005022882018082375
861,910,0.06168074916615223,0.005134501618484206
2813,2936,0.06172193924173936,0.005246121218886036
647,768,0.06186725649574929,0.005357740819287867
2830,2956,0.06194612157740324,0.005469360419689697
1730,1809,0.062195572298022334,0.005580980020091528
1701,1822,0.062370441831530926,0.0056925996204933585
241,309,0.06238866031827802,0.0058042192208951895
1724,1797,0.06252970133143047,0.00591583882129702
3566,3714,0.06258761637535432,0.006027458421698851
1731,1807,0.06297421229521458,0.006139078022100681
2933,3072,0.06312241028758546,0.006250697622502512
6237,6474,0.06312965675515668,0.006362317222904342
1941,2087,0.06318632093248674,0.006473936823306173
2932,3092,0.06332293006359847,0.006585556423708003
2849,2962,0.06346469958458832,0.006697176024109834
232,291,0.06356911745949483,0.006808795624511664
1705,1799,0.06362479685437004,0.006920415224913495
2815,2934,0.06363923545190285,0.007032034825315325
2836,2942,0.06385881467799014,0.007143654425717156
2769,2935,0.06392127873583338,0.007255274026118986
391,535,0.06408300646286078,0.007366893626520817
270,297,0.06417234470716797,0.007478513226922647
2825,2958,0.06418877424825631,0.007590132827324478
205,299,0.06426778192205683,0.0077017524277263084
8409,8640,0.06432647730707686,0.00781337202812814
668,770,0.06453293874043446,0.00792499162852997
3531,3704,0.06453840682047596,0.0080366112289318
235,301,0.06482122637225422,0.00814823082933363
822,939,0.06505460908393915,0.008259850429735462
1732,1813,0.06508027708208493,0.008371470030137293
8658,8866,0.06522477989471445,0.008483089630539122
3569,3708,0.06542013173595529,0.008594709230940953
868,896,0.06543272736880675,0.008706328831342784
277,293,0.06563749392922229,0.008817948431744615
407,537,0.0658126619550377,0.008929568032146444
1723,1793,0.06605260687703786,0.009041187632548275
2887,3076,0.06625412967408313,0.009152807232950106
872,926,0.06632636110781251,0.009264426833351937
1620,1801,0.06647180903348043,0.009376046433753768
667,762,0.06648158197308902,0.009487666034155597
1725,1810,0.0666211341751425,0.009599285634557428
8401,8634,0.06675843286820964,0.00971090523495926
2827,2938,0.06698150332511146,0.00982252483536109
1699,1816,0.06714844452872386,0.00993414443576292
846,898,0.06721162989079837,0.01004576403616475
3527,3700,0.06736225510151371,0.010157383636566581
1700,1812,0.06771025684467169,0.010269003236968412
3096,3276,0.06777276000750969,0.010380622837370242
658,764,0.06777400788577913,0.010492242437772073
2835,2930,0.06801226878721739,0.010603862038173904
226,285,0.06820513186770592,0.010715481638575735
865,902,0.06862148339732284,0.010827101238977564
875,918,0.06884571199066682,0.010938720839379395
243,281,0.06898050266232611,0.011050340439781226
430,531,0.06901752124150348,0.011161960040183057
2819,2925,0.06906031156571397,0.011273579640584886
247,312,0.06914828662819972,0.011385199240986717
8450,8646,0.06919898534067345,0.011496818841388548
8659,8862,0.0694182309306638,0.011608438441790379
3528,3718,0.06966473791173497,0.011720058042192208
406,547,0.06974855199616681,0.01183167764259404
879,948,0.07001983135581497,0.01194329724299587
679,752,0.07014370786059027,0.012054916843397701
1674,1815,0.070750218414198,0.01216653644379953
34,131,0.07077677501255544,0.012278156044201361
3467,3646,0.07096382662405176,0.012389775644603192
281,350,0.07140195117506647,0.012501395245005023
1706,1781,0.07162007590190866,0.012613014845406853
2809,2923,0.07175193243522357,0.012724634445808684
427,525,0.07200972573365735,0.012836254046210515
248,283,0.07204390299693306,0.012947873646612346
8665,8864,0.07207796989243499,0.013059493247014175
685,756,0.07214757731872737,0.013171112847416006
2885,3074,0.07225229551531137,0.013282732447817837
3448,3638,0.07234659483794716,0.013394352048219668
8684,8860,0.07239769769271659,0.013505971648621497
725,780,0.07255091158044413,0.013617591249023328
229,298,0.07283032175611895,0.013729210849425159
3480,3644,0.07286443245523011,0.01384083044982699
1880,2007,0.07286976925621502,0.013952450050228821
821,923,0.07290187225080509,0.01406406965063065
3575,3698,0.07297449301713374,0.014175689251032481
834,894,0.07311975724967555,0.014287308851434312
1879,2003,0.0731725696537674,0.014398928451836143
676,754,0.07330258353201666,0.014510548052237972
271,318,0.07332446492197973,0.014622167652639803
874,930,0.07343283547293686,0.014733787253041634
678,748,0.0735104327941082,0.014845406853443465
1737,1789,0.07367699776184429,0.014957026453845295
850,899,0.07373442303626551,0.015068646054247126
8276,8424,0.07380740902230977,0.015180265654648957
739,832,0.07386893924281586,0.015291885255050788
276,334,0.07386958497912872,0.015403504855452617
218,302,0.07409198137027403,0.015515124455854448
8246,8422,0.07418306705364026,0.01562674405625628
866,887,0.07458827768446517,0.015738363656658108
853,907,0.07467289129194686,0.01584998325705994
2810,2932,0.07478946275847158,0.01596160285746177
880,906,0.07478954353203585,0.0160732224578636
222,300,0.07483259667871173,0.016184842058265432
1703,1804,0.07492275868734531,0.01629646165866726
8270,8414,0.07513672556435817,0.016408081259069094
680,740,0.07519117668115478,0.016519700859470923
2848,2914,0.0754879915867012,0.016631320459872753
239,273,0.07584456656361162,0.016742940060274585
3508,3696,0.0758599529557576,0.016854559660676414
8244,8416,0.07595838529029239,0.016966179261078244
677,746,0.07600988115857286,0.017077798861480076
280,336,0.0763040383031657,0.017189418461881906
1728,1818,0.07631396480957738,0.01730103806228374
252,314,0.07643255075049141,0.017412657662685568
863,909,0.07645088861863128,0.017524277263087397
2824,2924,0.07656089668710415,0.01763589686348923
1707,1769,0.07658231414517262,0.01774751646389106
510,641,0.07669511499035232,0.017859136064292888
278,328,0.0767257735871135,0.01797075566469472
2410,2604,0.07680711266250569,0.01808237526509655
825,908,0.07687730607739378,0.018193994865498383
1693,1773,0.07701148815174215,0.018305614465900212
2828,2913,0.07706169654966522,0.01841723406630204
888,931,0.07710936912379442,0.018528853666703874
2811,2926,0.07759458105084406,0.018640473267105703
889,944,0.07771926927508427,0.018752092867507536
2785,2929,0.07791428524047958,0.018863712467909365
836,901,0.07796371728644945,0.018975332068311195
2802,2917,0.07814410166419261,0.019086951668713027
2938,3070,0.07828543707250901,0.019198571269114856
3574,3690,0.07834233761129848,0.019310190869516686
2833,2912,0.07843960812273368,0.01942181046991852
877,904,0.07862251496321437,0.019533430070320348
8239,8430,0.07864384253943278,0.01964504967072218
843,911,0.07885415184979168,0.01975666927112401
717,774,0.07909752362507456,0.01986828887152584
2861,2946,0.07913696598049005,0.01997990847192767
1698,1806,0.07921511211972151,0.0200915280723295
8280,8426,0.07923189300217724,0.02020314767273133
6245,6466,0.07933202758371749,0.020314767273133163
848,893,0.07946449701469227,0.020426386873534992
291,287,0.07964514147693323,0.020538006473936825
8224,8420,0.0796599170898816,0.020649626074338654
871,913,0.07971764825598641,0.020761245674740483
1662,1805,0.0799441275439892,0.020872865275142316
797,912,0.08008688642387496,0.020984484875544145
1717,1824,0.08030225953341823,0.021096104475945975
7999,8220,0.08071696157422571,0.021207724076347807
228,275,0.08072356902062677,0.021319343676749637
8678,8854,0.08105612385501425,0.02143096327715147
279,294,0.08122761500574521,0.0215425828775533
262,325,0.08123679464572162,0.021654202477955128
3541,3684,0.08134897277424466,0.02176582207835696
8261,8402,0.08137544055110386,0.02187744167875879
715,821,0.08139385936855259,0.02198906127916062
1667,1811,0.08148097573225777,0.02210068087956245
296,305,0.08156308369203893,0.02221230047996428
2936,3094,0.08156769127518697,0.022323920080366114
274,292,0.08159623375123444,0.022435539680767943
253,296,0.08184365537294065,0.022547159281169772
2826,2910,0.08195241084800943,0.022658778881571605
3570,3682,0.08206978178571778,0.022770398481973434
721,758,0.08218185609421587,0.022882018082375267
832,882,0.08224942349102969,0.022993637682777096
1695,1763,0.08226276823650125,0.023105257283178925
283,308,0.08234012632395706,0.023216876883580758
709,796,0.08243962378398996,0.023328496483982587
2947,3068,0.08263869295645365,0.023440116084384417
8014,8234,0.08266031801205997,0.02355173568478625
555,665,0.08272292969099,0.02366335528518808
2982,3086,0.08284208345307055,0.02377497488558991
1313,1482,0.08302673288829279,0.02388659448599174
729,792,0.08306373218064016,0.02399821408639357
2958,3078,0.08312544551052721,0.024109833686795402
8260,8396,0.08319751547181538,0.02422145328719723
860,816,0.08320189922073964,0.02433307288759906
840,842,0.08321245003547817,0.024444692488000894
1772,1921,0.0834148006251587,0.024556312088402723
3543,3650,0.08355273065243597,0.024667931688804556
2563,2746,0.08356619593080142,0.024779551289206385
1912,2032,0.08360559052488349,0.024891170889608214
1735,1800,0.08374517822847402,0.025002790490010047
6247,6462,0.08391076105956982,0.025114410090411876
3545,3666,0.08391997496162455,0.025226029690813705
3093,3258,0.08396006412768504,0.025337649291215538
711,738,0.08408748494880372,0.025449268891617367
1776,1919,0.08408978377175957,0.0255608884920192
2847,2894,0.08416484429292292,0.02567250809242103
2912,3061,0.08420377373697363,0.02578412769282286
1870,1999,0.08426938824758268,0.02589574729322469
8305,8536,0.08427019310885374,0.02600736689362652
881,872,0.08427838914097262,0.02611898649402835
456,539,0.0842933269494398,0.026230606094430182
824,884,0.08433413820201109,0.02634222569483201
1734,1826,0.08433650679912834,0.026453845295233844
1682,1771,0.08440830348302121,0.026565464895635674
8273,8380,0.08440874654323861,0.026677084496037503
1750,1821,0.08442503982781022,0.026788704096439336
8266,8392,0.08446649613918727,0.026900323696841165
2415,2596,0.08447545764202057,0.027011943297242994
2831,2888,0.08464793874952561,0.027123562897644827
2844,2905,0.08479310564770362,0.027235182498046656
2560,2744,0.08498922340982751,0.02734680209844849
1820,1932,0.08535888392393882,0.027458421698850318
289,311,0.08539631826122547,0.027570041299252147
837,786,0.0855203159074207,0.02768166089965398
2856,2954,0.08557441706541913,0.02779328050005581
8663,8852,0.08558394182045538,0.027904900100457642
1740,1802,0.08561821494877525,0.02801651970085947
236,271,0.0856347712339654,0.0281281393012613
1167,1353,0.08566164306332028,0.028239758901663133
3567,3642,0.08571321646142405,0.028351378502064963
1669,1777,0.08583558318470053,0.028462998102466792
8430,8632,0.08591439471485748,0.028574617702868624
8677,8850,0.08592490293987035,0.028686237303270454
841,824,0.08605669793635243,0.028797856903672286
2948,3091,0.08611606161307493,0.028909476504074116
738,726,0.08617792245602322,0.029021096104475945
3585,3662,0.08619601903793776,0.029132715704877778
7987,8216,0.08622295211056041,0.029244335305279607
831,750,0.08622923976921654,0.029355954905681436
2854,2919,0.08624843648990727,0.02946757450608327
2914,3075,0.08625315857322324,0.029579194106485098
864,873,0.08629865452365093,0.02969081370688693
2945,3089,0.08657522907324766,0.02980243330728876
826,915,0.08663054296150229,0.02991405290769059
816,886,0.08668765241341016,0.030025672508092422
670,732,0.08676868762090738,0.03013729210849425
290,277,0.08678996540095313,0.03024891170889608
8253,8378,0.08689828516813708,0.030360531309297913
1727,1794,0.08703618637385781,0.030472150909699743
1709,1753,0.08711007301723926,0.030583770510101575
1927,1990,0.08715099570570892,0.030695390110503405
2806,2901,0.08724539483426157,0.030807009710905234
2899,3064,0.08730549658519662,0.030918629311307066
1878,2014,0.0873183870472992,0.031030248911708896
847,862,0.08736260788608866,0.031141868512110725
293,321,0.08736444785773535,0.03125348811251256
849,716,0.08739978489685284,0.03136510771291439
869,863,0.08747215214927953,0.031476727313316216
8429,8630,0.08750157418394788,0.03158834691371805
878,830,0.08765026492448044,0.03169996651411988
579,663,0.08778159132683416,0.03181158611452171
268,267,0.08781815917748927,0.03192320571492354
2832,2895,0.08788103055675858,0.03203482531532537
845,866,0.08800149265708747,0.0321464449157272
81,178,0.08805266262867815,0.03225806451612903
537,639,0.088339834783774,0.032369684116530864
1610,1775,0.08844291021718524,0.0324813037169327
2788,2909,0.0884800121081283,0.03259292331733452
2793,2907,0.08848885866990269,0.032704542917736355
217,284,0.08851873860809893,0.03281616251813819
876,905,0.08859218628730663,0.032927782118540014
1874,1934,0.0886189868919895,0.033039401718941847
282,282,0.08866405782060927,0.03315102131934368
8676,8848,0.08869835890532292,0.033262640919745505
3544,3672,0.08876434142342343,0.03337426052014734
3617,3710,0.08882482150928385,0.03348588012054917
251,251,0.08888932757811283,0.033597499720950996
2758,2928,0.08899760324968342,0.03370911932135283
240,253,0.08913496149767554,0.03382073892175466
6432,6634,0.08915565430726409,0.03393235852215649
8431,8642,0.08917443337749217,0.03404397812255832
548,631,0.08923413430906453,0.03415559772296015
3562,3660,0.08929021189196379,0.034267217323361986
796,784,0.08936540312327648,0.03437883692376381
1952,2048,0.08944013168735147,0.034490456524165644
887,949,0.08946665666107807,0.03460207612456748
1065,1279,0.08949062818097449,0.0347136957249693
8419,8614,0.08958430241293443,0.034825315325371135
8683,8844,0.08959282835783033,0.03493693492577297
570,633,0.08996994312587389,0.035048554526174794
1968,2046,0.09008387926031425,0.03516017412657663
2838,2872,0.09010421131316808,0.03527179372697846
6406,6612,0.09014672310023211,0.035383413327380285
6431,6618,0.09018921340354306,0.03549503292778212
1722,1733,0.0902102181658351,0.03560665252818395
272,229,0.09022319437924163,0.035718272128585776
2908,3066,0.09026137934120515,0.03582989172898761
6401,6620,0.09064862785609601,0.03594151132938944
3587,3620,0.090808112027174,0.036053130929791274
723,800,0.09082458115150652,0.0361647505301931
701,722,0.09087221534041502,0.03627637013059493
556,657,0.09105514890085128,0.036387989730996766
2853,2959,0.09111959076617021,0.03649960933139859
571,647,0.09118568486816775,0.036611228931800424
8399,8618,0.09129298629408154,0.03672284853220226
722,814,0.09139497063363232,0.03683446813260408
3586,3732,0.09139840629314365,0.036946087733005915
559,669,0.09139983123068648,0.03705770733340775
2860,2904,0.09141440502026427,0.037169326933809574
2991,3138,0.09143348409694026,0.03728094653421141
820,878,0.09147294875953971,0.03739256613461324
408,517,0.09155560414236957,0.03750418573501507
259,290,0.0916658960829033,0.0376158053354169
851,871,0.09177913008175542,0.03772742493581873
3534,3664,0.09186108653341823,0.03783904453622056
1739,1780,0.0918648381970157,0.03795066413662239
544,667,0.09191132134311943,0.03806228373702422
2777,2922,0.09191397529608239,0.038173903337426054
8412,8612,0.09192711655811137,0.03828552293782788
8716,8930,0.09194763486036164,0.03839714253822971
828,885,0.09197927441806598,0.038508762138631546
2779,2916,0.09201217970409516,0.03862038173903337
3529,3636,0.09204085056810644,0.038732001339435204
3537,3628,0.09238750791557897,0.03884362093983704
1846,1928,0.0924060394779611,0.03895524054023886
275,191,0.09253548596698546,0.039066860140640695
1815,1930,0.09254031343997492,0.03917847974104253
2874,3055,0.09263872959683014,0.03929009934144436
1718,1786,0.09264926097516199,0.03940171894184619
844,858,0.09265176843530298,0.03951333854224802
1899,2010,0.0926791062775449,0.03962495814264985
286,288,0.09269397045993413,0.03973657774305168
2900,3060,0.09273217716227908,0.03984819734345351
1803,1803,0.09275538665605568,0.03995981694385534
1961,2079,0.0927964091168216,0.04007143654425717
242,245,0.09281484772487297,0.040183056144659
784,760,0.09282269730151196,0.040294675745060834
3568,3670,0.09291219137635746,0.04040629534546266
8223,8412,0.09295152986597892,0.04051791494586449
779,890,0.0929523503632216,0.040629534546266326
819,895,0.09296241368788734,0.04074115414666815
1752,1829,0.09311709265088443,0.040852773747069984
8418,8610,0.09318596349459242,0.04096439334747182
284,195,0.09336362941892318,0.04107601294787365
2850,2899,0.09345325174951677,0.041187632548275475
806,919,0.09352298709835263,0.04129925214867731
8438,8626,0.09362417735898902,0.04141087174907914
532,675,0.09364063804523262,0.04152249134948097
8247,8372,0.0937113198919235,0.0416341109498828
1410,1547,0.09371405819640033,0.04174573055028463
1742,1792,0.09373819911591415,0.04185735015068646
748,794,0.09375548830602645,0.04196896975108829
269,227,0.09378255599060203,0.04208058935149012
830,903,0.0940327908631107,0.04219220895189195
2539,2712,0.09404178850324814,0.04230382855229378
730,812,0.09418624193936001,0.042415448152695615
1782,1926,0.09422982966414448,0.04252706775309745
6414,6608,0.09429845058156766,0.04263868735349927
3564,3654,0.09431175433508335,0.042750306953901106
1963,1980,0.09436850750644735,0.04286192655430294
883,877,0.09440031877742934,0.042973546154704764
1895,1978,0.09445464662460995,0.0430851657551066
1898,1966,0.0944574457233595,0.04319678535550843
327,417,0.09446587109692944,0.043308404955910255
266,278,0.09453959806385967,0.04342002455631209
234,259,0.09454894001176622,0.04353164415671392
3600,3702,0.09465792359634748,0.04364326375711575
829,810,0.09466805569236118,0.04375488335751758
1736,1717,0.09468083980910927,0.04386650295791941
130,197,0.09473646496583424,0.04397812255832124
1855,1988,0.09474075549457653,0.04408974215872307
2841,2887,0.09477780792221324,0.0442013617591249
2923,2915,0.09479907841048542,0.044312981359526736
273,272,0.09496063437339883,0.04442460095992856
263,248,0.09505978974471653,0.044536220560330395
1689,1755,0.09509029102468958,0.04464784016073223
8245,8374,0.09509728090571505,0.04475945976113405
261,280,0.09515734669193417,0.044871079361535886
672,718,0.09529240273433655,0.04498269896193772
1733,1784,0.09544201138732279,0.045094318562339544
264,256,0.09547619424725381,0.04520593816274138
260,247,0.09549026934828388,0.04531755776314321
303,307,0.09552236052573064,0.045429177363545035
1819,1924,0.09553624214996434,0.04554079696394687
148,196,0.09558466820668765,0.0456524165643487
1884,1938,0.09564649045593691,0.045764036164750534
505,637,0.095722154527725,0.04587565576515236
1844,1974,0.09578719892542419,0.04598727536555419
3560,3656,0.09589357347206146,0.046098894965956025
8235,8394,0.09591101202573005,0.04621051456635785
2434,2600,0.09604448739215732,0.04632213416675968
2863,2957,0.09612628085108461,0.046433753767161516
267,266,0.0961276670035741,0.04654537336756334
3526,3596,0.096268854222424,0.046656992967965175
302,303,0.09627376989330882,0.04676861256836701
12,61,0.09628393819627021,0.04688023216876883
812,891,0.0964387246753165,0.046991851769170666
773,724,0.09653026254115235,0.0471034713695725
733,676,0.09654121010094596,0.047215090969974324
2967,3081,0.09658611202389887,0.04732671057037616
8187,8384,0.09686396256372398,0.04743833017077799
8,58,0.09686985927747771,0.04754994977117982
3588,3686,0.09687186395603588,0.04766156937158165
300,317,0.09690848778700903,0.04777318897198348
2984,3067,0.09694865030211652,0.047884808572385314
2941,3085,0.09712651298804631,0.04799642817278714
3535,3652,0.0971389215822118,0.04810804777318897
818,798,0.09714795421859969,0.048219667373590805
2980,3065,0.09715851843017236,0.04833128697399263
582,541,0.0971690051578133,0.04844290657439446
2975,3056,0.09716971758432914,0.048554526174796296
1918,2008,0.09719432821115613,0.04866614577519812
611,629,0.09723207431623596,0.048777765375599955
238,241,0.09729297101786862,0.04888938497600179
809,897,0.09736519993438426,0.04900100457640361
519,533,0.09736771207923674,0.049112624176805446
1930,1814,0.09741652567384776,0.04922424377720728
6225,6458,0.09745604007379925,0.04933586337760911
1951,1948,0.0974781348243961,0.04944748297801094
882,861,0.09748572563237862,0.04955910257841277
734,819,0.09748936286826125,0.0496707221788146
21,95,0.0974949686102471,0.04978234177921643
1887,1795,0.09751492235144117,0.04989396137961826
2538,2710,0.09755731679321684,0.050005580980020094
256,286,0.09759093084012024,0.05011720058042192
1685,1757,0.09769809588259087,0.05022882018082375
547,625,0.09777679389208636,0.050340439781225585
5576,5848,0.09780331439504455,0.05045205938162741
814,848,0.09781236565343833,0.05056367898202924
8316,8406,0.09788768447851161,0.050675298582431076
1753,1796,0.09790506323617276,0.05078691818283291
1885,1817,0.09797317415762478,0.050898537783234735
626,744,0.09798570504623028,0.05101015738363657
3520,3676,0.09799326348742549,0.0511217769840384
285,274,0.0980063062964115,0.051233396584440226
328,269,0.09808042587678696,0.05134501618484206
1840,1976,0.09808681578392985,0.05145663578524389
146,240,0.0981171354808761,0.05156825538564572
1917,1996,0.09815479528981706,0.05167987498604755
6422,6610,0.09816459811248225,0.05179149458644938
1802,1825,0.09817675000774569,0.05190311418685121
2961,3058,0.09819506112796843,0.05201473378725304
209,260,0.09820457003791438,0.052126353387654874
787,900,0.09824119689145153,0.0522379729880567
508,543,0.09824336644459691,0.05234959258845853
6248,6446,0.09843725854814155,0.052461212188860365
2922,3041,0.09855718825328687,0.0525728317892622
897,938,0.0985575918339326,0.05268445138966402
0,25,0.09867078208994264,0.052796070990065856
143,194,0.09869889567207092,0.05290769059046769
1876,1960,0.09876594706747116,0.053019310190869515
8670,8810,0.09876729283069043,0.05313092979127135
245,242,0.09879215042089241,0.05324254939167318
1754,1787,0.09880686112597593,0.053354168992075006
1896,2002,0.09884366811996684,0.05346578859247684
707,700,0.09889570224853923,0.05357740819287867
288,345,0.09893959259856293,0.0536890277932805
2950,3054,0.09898053861564018,0.05380064739368233
3100,3242,0.09900303294799193,0.05391226699408416
1817,1936,0.09903357723411207,0.05402388659448599
765,788,0.09905638587968703,0.05413550619488782
8211,8418,0.09907663326148557,0.054247125795289654
3483,3604,0.0990855010458241,0.054358745395691487
693,714,0.09919649924932869,0.05447036499609331
233,244,0.09920047557150154,0.054581984596495145
3616,3692,0.0992018064735261,0.05469360419689698
211,246,0.09928282015493456,0.054805223797298804
8650,8858,0.09929476340656382,0.054916843397700636
227,189,0.09930556678528596,0.05502846299810247
1924,2005,0.09937544847489142,0.055140082598504295
2983,3063,0.09938508126069927,0.05525170219890613
675,710,0.09941774622908771,0.05536332179930796
902,772,0.09944474093319107,0.055474941399709786
1932,2018,0.09954767236396374,0.05558656100011162
838,823,0.09958386110411588,0.05569818060051345
1666,1791,0.09958420875493937,0.055809800200915284
2803,2900,0.09963341934336327,0.05592141980131711
1744,1782,0.09963571057438994,0.05603303940171894
3509,3632,0.09967367869695393,0.056144659002120775
563,635,0.09974170226034741,0.0562562786025226
3485,3637,0.09975801352901842,0.056367898202924434
2754,2927,0.0998016900485173,0.05647951780332627
618,653,0.09984306791757504,0.05659113740372809
2852,2893,0.0999054389824257,0.056702757004129925
817,806,0.09998451407730244,0.05681437660453176
842,867,0.10007219342376522,0.056925996204933584
8309,8408,0.10011315867104328,0.057037615805335416
1843,1920,0.10013170793950799,0.05714923540573725
2866,2945,0.10014354001444269,0.057260855006139075
1949,2026,0.10016561681981771,0.05737247460654091
2977,3093,0.10022524659668876,0.05748409420694274
8669,8814,0.10023381665185764,0.05759571380734457
794,836,0.10037241777570177,0.0577073334077464
1748,1798,0.10043640261709019,0.05781895300814823
1948,2051,0.10052785872970246,0.057930572608550064
566,659,0.10056947900613308,0.05804219220895189
3086,3212,0.10058057242586337,0.05815381180935372
1799,1820,0.10058095324435704,0.058265431409755555
292,304,0.10059288192883487,0.05837705101015738
3003,3073,0.10059779296942149,0.058488670610559214
265,326,0.1006510364677164,0.05860029021096105
1970,1982,0.10071033844261347,0.05871190981136287
1877,1987,0.10072074857750535,0.058823529411764705
1677,1759,0.1007958670396672,0.05893514901216654
2994,3062,0.10086963871391799,0.059046768612568364
2427,2580,0.10090749391401142,0.059158388212970196
1881,1904,0.10099026617719933,0.05927000781337203
8786,8870,0.10099734350083224,0.05938162741377386
1170,1329,0.10106013411377708,0.05949324701417569
2953,3044,0.10107744325227873,0.05960486661457752
3084,3226,0.101107998032462,0.05971648621497935
2750,2933,0.10116929456747943,0.05982810581538118
1818,1914,0.1011829845645006,0.05993972541578301
1947,2049,0.10122774166325826,0.060051345016184844
2962,3096,0.10123040887817143,0.06016296461658667
2829,2856,0.10129176904852964,0.0602745842169885
1767,1808,0.1013294858467373,0.060386203817390335
8092,8270,0.10136782332759113,0.06049782341779216
1853,1984,0.101390351044223,0.060609443018193994
202,250,0.10140960394896859,0.06072106261859583
2986,3083,0.10145928991249525,0.06083268221899766
216,263,0.10147086043960055,0.060944301819399485
737,654,0.10149264857141704,0.06105592141980132
3016,3082,0.10157997538903632,0.06116754102020315
258,186,0.10159178299029435,0.061279160620604976
663,712,0.10161720235734906,0.06139078022100681
3603,3634,0.10162956622233803,0.06150239982140864
2814,2860,0.10166566395400323,0.06161401942181047
8860,9054,0.10169989318197431,0.0617256390222123
2511,2684,0.10171959325745727,0.06183725862261413
8856,9058,0.10172941073929989,0.06194887822301596
2990,3048,0.10173042290351128,0.06206049782341779
2893,2931,0.10173419583125173,0.062172117423819624
776,826,0.10178031998275366,0.06228373702422145
536,621,0.10193193543673747,0.06239535662462328
1883,1878,0.1020361122412627,0.06250697622502512
1792,1832,0.10221537859243589,0.06261859582542695
1928,2000,0.1022229241434355,0.06273021542582878
1863,1968,0.1022442425787377,0.0628418350262306
1933,2012,0.10227335494140641,0.06295345462663243
8252,8354,0.10234684686546211,0.06306507422703427
219,216,0.10244207055590218,0.0631766938274361
2452,2602,0.10253726458727207,0.06328831342783793
736,815,0.10254793473503199,0.06339993302823976
2776,2878,0.1025677264727931,0.0635115526286416
86,177,0.1025881175774692,0.06362317222904341
1813,1922,0.10266825076111033,0.06373479182944525
237,219,0.10270885604898167,0.06384641142984708
1894,1972,0.10271481326447658,0.06395803103024891
562,649,0.10275562228938154,0.06406965063065075
2485,2606,0.10275645155576175,0.06418127023105258
2774,2880,0.1027723114246925,0.0642928898314544
2766,2908,0.10282541830287127,0.06440450943185623
150,182,0.10284665683334064,0.06451612903225806
458,289,0.10284877167732405,0.0646277486326599
2987,3051,0.10285016702516013,0.06473936823306173
631,671,0.10287806220064123,0.06485098783346356
1906,1997,0.10291688091836353,0.0649626074338654
1697,1709,0.1029297938774698,0.06507422703426721
3519,3680,0.10303643109694038,0.06518584663466905
2974,3050,0.1030676664298341,0.06529746623507088
759,820,0.10307171671509163,0.06540908583547271
745,817,0.1031427269859222,0.06552070543587454
3573,3568,0.10325787666713292,0.06563232503627638
639,742,0.10329982292333284,0.0657439446366782
1309,1465,0.10330667202387285,0.06585556423708003
795,808,0.10334636922364948,0.06596718383748186
8306,8432,0.10335369052191798,0.06607880343788369
8509,8670,0.10338496351372685,0.06619042303828553
662,690,0.1034174924144442,0.06630204263868736
1746,1768,0.10344628066013392,0.06641366223908918
196,254,0.1034605017949066,0.06652528183949101
2569,2720,0.1034750402189036,0.06663690143989284
2557,2618,0.10356309483140229,0.06674852104029468
3511,3606,0.10357206259013274,0.06686014064069651
3605,3592,0.10361449369527649,0.06697176024109834
8506,8606,0.10364912910055622,0.06708337984150017
689,666,0.10365790865619162,0.06719499944190199
716,678,0.1036789677173155,0.06730661904230383
2954,3036,0.1037311778917088,0.06741823864270566
630,661,0.10381663501485174,0.06752985824310749
2907,3077,0.10381996353577674,0.06764147784350932
2545,2672,0.10385331527955466,0.06775309744391116
8698,8886,0.10387855571523899,0.06786471704431297
1915,1890,0.10388254438383378,0.06797633664471481
1914,1993,0.1039140079701162,0.06808795624511664
1965,2062,0.10392084187059317,0.06819957584551847
1944,2077,0.10394371817849682,0.0683111954459203
2944,3057,0.10395156885063773,0.06842281504632214
1866,1918,0.10401219509849403,0.06853443464672397
1661,1767,0.10406160704144264,0.06864605424712579
220,270,0.10413230143137532,0.06875767384752762
827,875,0.10414030235616757,0.06886929344792946
1715,1758,0.10414515982752064,0.06898091304833129
3559,3707,0.10421492753393347,0.06909253264873312
2883,2918,0.10426953844241678,0.06920415224913495
1974,1788,0.10435992290514894,0.06931577184953677
3620,3588,0.10436310644202618,0.0694273914499386
8217,8398,0.10437263152482613,0.06953901105034044
330,428,0.10439603382478148,0.06965063065074227
1875,1923,0.10440648940189262,0.0697622502511441
1716,1756,0.10441793181109915,0.06987386985154594
1923,1844,0.1044189104995953,0.06998548945194777
2862,2966,0.10450120596731906,0.07009710905234959
8251,8268,0.10450632686108986,0.07020872865275142
1377,1529,0.10450786813460024,0.07032034825315325
815,852,0.10459133774660508,0.07043196785355509
1726,1736,0.10459642395585171,0.07054358745395692
1857,1942,0.1046114721192753,0.07065520705435875
1810,1937,0.10463347040221192,0.07076682665476057
1423,1535,0.10480230427553407,0.0708784462551624
2995,2964,0.10481987936990528,0.07099006585556424
6426,6600,0.10484226850760903,0.07110168545596607
1868,2004,0.10489200529424293,0.0712133050563679
517,551,0.10494374909395975,0.07132492465676973
8263,8338,0.10495197847945015,0.07143654425717155
783,802,0.10504248953091244,0.07154816385757339
8234,8368,0.1051098190301171,0.07165978345797522
8324,8436,0.10519011080867664,0.07177140305837705
2441,2594,0.10521654265797191,0.07188302265877888
2773,2876,0.10529346277559949,0.07199464225918072
770,822,0.10531291075728105,0.07210626185958255
1713,1693,0.10535688595504392,0.07221788145998437
1910,1721,0.1053691888231634,0.0723295010603862
8032,8224,0.1053832684687853,0.07244112066078803
3447,3635,0.10542273585476054,0.07255274026118987
650,730,0.10543127766151993,0.0726643598615917
2546,2588,0.10543896030099283,0.07277597946199353
664,686,0.1055090170509009,0.07288759906239535
804,889,0.10552123834301229,0.07299921866279718
297,155,0.10560850196830887,0.07311083826319902
885,839,0.1056318456027211,0.07322245786360085
8511,8690,0.10563753933040464,0.07333407746400268
448,485,0.1056445437018325,0.07344569706440451
583,611,0.10564799252745767,0.07355731666480635
8258,8290,0.10579966126239317,0.07366893626520817
8727,8828,0.10589922957362626,0.07378055586561
565,619,0.10592700808309395,0.07389217546601183
1950,1868,0.10595450726758868,0.07400379506641366
568,609,0.10597468453543515,0.0741154146668155
665,706,0.10598530578939487,0.07422703426721733
1785,1725,0.10601625099778554,0.07433865386761915
713,791,0.10607527981381484,0.07445027346802098
8335,8538,0.10608006584968843,0.07456189306842281
1757,1747,0.10612399219647975,0.07467351266882465
1962,2038,0.10613951052253329,0.07478513226922648
8269,8334,0.10617690305577125,0.07489675186962831
145,193,0.10618377414479252,0.07500837147003014
895,942,0.10618737885255261,0.07511999107043196
8447,8598,0.10624720660911949,0.0752316106708338
771,818,0.10625309365037694,0.07534323027123563
2905,3053,0.10628035967062352,0.07545484987163746
2,20,0.10638894829874906,0.0755664694720393
778,880,0.10640148680269859,0.07567808907244113
3510,3586,0.10646222138666679,0.07578970867284295
1902,2009,0.10649562650391513,0.07590132827324478
862,755,0.10655068270880794,0.07601294787364661
1787,1897,0.1065532047517485,0.07612456747404844
144,184,0.10656166415533583,0.07623618707445028
1323,1485,0.10656612978268659,0.07634780667485211
257,210,0.10657676015357649,0.07645942627525393
8016,8204,0.10660952286500648,0.07657104587565576
892,929,0.1066298242073783,0.0766826654760576
5,32,0.10664779245902585,0.07679428507645943
8296,8404,0.10666186646668431,0.07690590467686126
1888,1858,0.10672021085162109,0.07701752427726309
8213,8386,0.10673131819216793,0.07712914387766492
2846,2592,0.10674652167518044,0.07724076347806674
2532,2724,0.10675505835198099,0.07735238307846858
2996,3087,0.1067905439877623,0.07746400267887041
1860,1898,0.10687416742755,0.07757562227927224
1937,1729,0.10687433335676767,0.07768724187967407
524,549,0.1068759651943163,0.0777988614800759
2857,2879,0.1068912604543442,0.07791048108047773
15,53,0.10690862095761687,0.07802210068087956
1867,1946,0.10694330258372957,0.07813372028128139
1652,1778,0.10697137363855529,0.07824533988168322
249,220,0.10697496746878214,0.07835695948208506
933,920,0.10703789959247148,0.07846857908248689
1745,1764,0.10704523657789501,0.07858019868288872
201,188,0.10711013713182012,0.07869181828329054
2973,3042,0.10715036223380685,0.07880343788369237
8221,8390,0.107199988966541,0.0789150574840942
2840,2814,0.10726134805574535,0.07902667708449604
8243,8356,0.10729998007609094,0.07913829668489787
2978,3110,0.10734709741490418,0.0792499162852997
1721,1675,0.10734811899806881,0.07936153588570152
439,421,0.10748326793875275,0.07947315548610336
2393,2582,0.10751237745145692,0.07958477508650519
3041,3208,0.10752992345482602,0.07969639468690702
621,553,0.1075555463634594,0.07980801428730885
3610,3608,0.10757520326366161,0.07991963388771069
208,230,0.10757592233280183,0.08003125348811252
682,529,0.10759524474153727,0.08014287308851434
1259,1437,0.10761530322643519,0.08025449268891617
2963,3046,0.10762298988146779,0.080366112289318
417,431,0.10762607102467327,0.08047773188971984
230,171,0.10779228012304298,0.08058935149012167
1155,1323,0.10780860189237396,0.0807009710905235
1680,1749,0.10787255492561851,0.08081259069092532
8501,8666,0.10797959731869948,0.08092421029132715
3135,3080,0.10803220555143679,0.08103582989172899
215,207,0.1080860913955901,0.08114744949213082
2965,3049,0.10814016770238875,0.08125906909253265
210,226,0.10822420557162211,0.08137068869293448
3094,3180,0.1082296272507343,0.0814823082933363
8410,8410,0.10828438339292981,0.08159392789373814
3131,2906,0.10828840983546499,0.08170554749413997
8494,8622,0.10842164679313696,0.0818171670945418
105,170,0.10847825708859875,0.08192878669494363
198,199,0.10848672606066832,0.08204040629534547
813,879,0.1084972997805812,0.0821520258957473
1688,1719,0.10850515281393917,0.08226364549614912
719,644,0.10852416501055467,0.08237526509655095
1426,1519,0.10853956561634809,0.08248688469695278
287,343,0.10854592457125713,0.08259850429735462
8248,8346,0.10857384316452832,0.08271012389775645
1852,1940,0.10859727704413329,0.08282174349815828
3394,3576,0.10864777023451246,0.0829333630985601
8097,8282,0.1086686162081779,0.08304498269896193
2419,2566,0.10867841168177302,0.08315660229936377
1692,1705,0.10873283122507464,0.0832682218997656
212,249,0.10881451012608141,0.08337984150016743
379,279,0.1088190926749842,0.08349146110056926
1943,2063,0.10883774915676005,0.0836030807009711
2918,3039,0.10884220896400716,0.08371470030137292
1432,1455,0.10886336357912411,0.08382631990177475
1916,1971,0.10888132407670319,0.08393793950217658
2957,3079,0.10889509779440966,0.08404955910257841
1790,1893,0.10893556364085441,0.08416117870298025
1411,1461,0.10895656877887665,0.08427279830338208
561,655,0.10896130734563417,0.0843844179037839
1430,1457,0.10897907464607914,0.08449603750418573
97,166,0.10899292979902277,0.08460765710458756
1814,1912,0.10899791238123786,0.0847192767049894
2930,3032,0.10901190406973524,0.08483089630539123
1845,1958,0.10908050520854456,0.08494251590579306
1756,1715,0.10909346187192835,0.0850541355061949
1873,1933,0.10915112897106383,0.08516575510659671
153,198,0.10917800452773267,0.08527737470699855
3064,3238,0.10921149308188483,0.08538899430740038
1796,1776,0.10922867676516779,0.08550061390780221
2952,3030,0.10930709283113996,0.08561223350820404
128,190,0.10942713745900147,0.08572385310860588
1797,1828,0.10945592991347874,0.0858354727090077
2435,2576,0.10947223952010798,0.08594709230940953
2934,3018,0.10953996265538178,0.08605871190981136
2708,2884,0.10956088092218863,0.0861703315102132
3078,3202,0.10956147065739746,0.08628195111061503
1835,1892,0.10957389000059425,0.08639357071101686
214,225,0.10958986620467723,0.08650519031141868
8113,8222,0.10965091086975824,0.08661680991182051
8262,8318,0.10966284101322755,0.08672842951222234
499,527,0.10972438020847407,0.08684004911262418
2458,2598,0.10973705594210903,0.08695166871302601
790,876,0.10982750569157691,0.08706328831342784
1841,1906,0.1098434118506147,0.08717490791382967
2969,3021,0.10987745235727225,0.0872865275142315
3546,3512,0.10988699402551662,0.08739814711463333
1908,1975,0.10990926570843228,0.08750976671503516
1919,1925,0.10991640629324892,0.08762138631543699
213,203,0.10992091613242477,0.08773300591583882
149,222,0.10993930801112888,0.08784462551624066
533,511,0.10997140763477353,0.08795624511664248
535,613,0.10999182457800058,0.08806786471704431
1967,2065,0.11001212590493238,0.08817948431744614
1663,1783,0.11006060261597449,0.08829110391784797
1945,1901,0.11010323892013882,0.0884027235182498
1955,2047,0.11010477624002246,0.08851434311865164
8700,8808,0.11011652802155598,0.08862596271905347
1871,1856,0.11013270770368265,0.08873758231945529
1164,1325,0.11015864509146499,0.08884920191985712
8407,8434,0.11019758907770658,0.08896082152025896
3640,3719,0.11021024694589822,0.08907244112066079
1719,1671,0.11021432387853645,0.08918406072106262
8087,8276,0.11029250396001941,0.08929568032146445
585,557,0.11031277301836032,0.08940729992186627
648,728,0.11035277283638685,0.0895189195222681
1424,1481,0.11036196134778183,0.08963053912266994
304,327,0.11043368396205944,0.08974215872307177
513,561,0.11044702140699526,0.0898537783234736
688,623,0.1105280629531184,0.08996539792387544
2877,2920,0.11052943841472082,0.09007701752427727
494,521,0.11071418289028241,0.09018863712467909
1907,1913,0.11074159475596212,0.09030025672508092
3506,3600,0.11074642269583265,0.09041187632548275
2554,2682,0.11075317484445096,0.09052349592588459
165,192,0.11075926323108456,0.09063511552628642
606,697,0.11076741090674329,0.09074673512668825
2487,2616,0.11078312814778071,0.09085835472709007
3540,3550,0.11081384369456035,0.0909699743274919
622,689,0.11081923411056308,0.09108159392789374
8858,8888,0.11083474289647681,0.09119321352829557
1461,1569,0.11086364522988863,0.0913048331286974
223,175,0.1108823357885875,0.09141645272909923
601,695,0.11091243943390497,0.09152807232950107
2549,2658,0.11091377936631781,0.09163969192990289
326,329,0.1109257097694936,0.09175131153030472
188,233,0.11099452643145882,0.09186293113070655
2408,2568,0.1110502629091621,0.09197455073110838
307,333,0.11114581962851539,0.09208617033151022
8208,8382,0.11122288962627863,0.09219778993191205
2729,2886,0.11124604361464528,0.09230940953231387
2902,2953,0.11125154654254586,0.0924210291327157
3000,3100,0.11128521521448939,0.09253264873311753
2543,2664,0.11134881583792715,0.09264426833351937
2556,2668,0.11138070819102701,0.0927558879339212
162,252,0.1114105003050134,0.09286750753432303
500,235,0.1114248146479046,0.09297912713472485
598,691,0.11142867741918774,0.09309074673512668
1449,1553,0.111493131890506,0.09320236633552852
1966,2015,0.11151375802454458,0.09331398593593035
1911,1835,0.11152548884612848,0.09342560553633218
587,615,0.1115566004198202,0.09353722513673401
324,349,0.11161970305224946,0.09364884473713585
1160,1285,0.11163059050914909,0.09376046433753767
772,804,0.11163985069294378,0.0938720839379395
884,952,0.1116554864555102,0.09398370353834133
8514,8580,0.11168727355346629,0.09409532313874316
1865,1886,0.1117121552521817,0.094206942739145
567,607,0.11179121344475751,0.09431856233954683
6415,6582,0.11180200328799071,0.09443018193994865
1893,2001,0.11185474343937657,0.09454180154035048
833,847,0.1118678444846157,0.09465342114075231
200,232,0.11189654197996082,0.09476504074115415
1773,1772,0.11196167965657622,0.09487666034155598
2489,2590,0.11196841603041358,0.09498827994195781
2589,2610,0.11199566877816616,0.09509989954235964
1711,1766,0.11201976674024977,0.09521151914276146
8075,8228,0.11205485071543744,0.0953231387431633
141,164,0.11216510393461329,0.09543475834356513
803,860,0.11219083812620954,0.09554637794396696
2490,2620,0.1122191467045482,0.0956579975443688
2989,2994,0.11225526786698961,0.09576961714477063
3020,3084,0.11236902012808048,0.09588123674517245
1356,1467,0.1123759443787837,0.09599285634557428
3095,3160,0.11238234516269202,0.09610447594597611
127,211,0.11239599811710005,0.09621609554637794
1960,1985,0.11245650363612927,0.09632771514677978
99,160,0.11251412690265432,0.09643933474718161
206,239,0.11256620401257737,0.09655095434758344
1678,1735,0.11257312969062877,0.09666257394798526
704,617,0.11258599888693388,0.0967741935483871
2567,2734,0.11259154297577112,0.09688581314878893
2013,2164,0.11259508957866547,0.09699743274919076
1704,1706,0.11260864840212287,0.09710905234959259
708,723,0.11266127996587284,0.09722067194999442
8656,8800,0.11266259162707423,0.09733229155039624
2488,2586,0.11266406303149588,0.09744391115079808
2926,2972,0.11266717968199089,0.09755553075119991
789,854,0.1126853988883531,0.09766715035160174
3077,3200,0.11268606193588085,0.09777876995200357
2913,2968,0.11269655664897986,0.09789038955240541
8449,8586,0.1127323679403135,0.09800200915280723
8487,8628,0.11274803145996624,0.09811362875320906
2966,3037,0.11275013895327535,0.09822524835361089
764,838,0.11277867080955324,0.09833686795401272
1783,1910,0.1127824179201046,0.09844848755441456
1940,1941,0.11282210461884724,0.09856010715481639
1714,1740,0.11282966443877057,0.09867172675521822
2871,2961,0.112831289817712,0.09878334635562004
1954,2023,0.11287155490467557,0.09889496595602187
706,743,0.11288218095576463,0.0990065855564237
8776,8812,0.11290432483058059,0.09911820515682554
207,257,0.11294090832732324,0.09922982475722737
735,825,0.11296202730339171,0.0993414443576292
404,495,0.1129971248199787,0.09945306395803102
3507,3574,0.11307639749333506,0.09956468355843286
8714,8838,0.11309765119408119,0.09967630315883469
1420,1492,0.11310395401985843,0.09978792275923652
2864,2903,0.11311935449108633,0.09989954235963835
2436,2570,0.1131326805066416,0.10001116196004019
8436,8604,0.11314312784790624,0.10012278156044202
3101,3116,0.11316513963991535,0.10023440116084384
700,648,0.11322748993072296,0.10034602076124567
8731,8796,0.11325238311843265,0.1004576403616475
2562,2648,0.11326833701196476,0.10056925996204934
899,813,0.11326984835588387,0.10068087956245117
2839,2642,0.11330308882992719,0.100792499162853
3513,3610,0.11336568332558272,0.10090411876325482
441,548,0.11339298258050566,0.10101573836365665
2873,2892,0.11350252686453852,0.10112735796405849
1729,1665,0.11359123061249306,0.10123897756446032
8225,8272,0.11374079819893339,0.10135059716486215
8703,8830,0.11375416090020017,0.10146221676526399
683,673,0.1137695880589423,0.10157383636566582
1959,2039,0.11378443635031896,0.10168545596606764
8871,8882,0.11382206060141836,0.10179707556646947
1925,1939,0.11386084169338265,0.1019086951668713
1859,1962,0.1138962437892289,0.10202031476727313
8679,8786,0.11391881723640784,0.10213193436767497
546,605,0.1139600043965847,0.1022435539680768
2753,2874,0.11401976493806154,0.10235517356847862
2928,2798,0.11402415184264811,0.10246679316888045
798,588,0.11414396827761383,0.10257841276928228
16,51,0.1141983397982723,0.10269003236968412
632,717,0.11423649265045668,0.10280165197008595
192,265,0.11432213515813586,0.10291327157048778
471,523,0.11433145754966287,0.1030248911708896
560,85,0.11434651588381228,0.10313651077129143
435,379,0.11437894163158631,0.10324813037169327
184,183,0.11440961150460287,0.1033597499720951
671,493,0.11448677056895071,0.10347136957249693
531,475,0.1145155701554803,0.10358298917289877
1946,1977,0.11453439643830426,0.1036946087733006
308,341,0.11453657836922668,0.10380622837370242
911,934,0.11457866584798176,0.10391784797410425
740,829,0.11464600929896679,0.10402946757450608
1451,1539,0.11466840272689424,0.10414108717490791
8705,8794,0.11467086292689409,0.10425270677530975
1836,1854,0.11467160877286825,0.10436432637571158
8534,8636,0.11472160927766419,0.1044759459761134
1847,1850,0.11477019477498261,0.10458756557651523
539,591,0.1148437075019588,0.10469918517691706
1926,2017,0.11485385438901106,0.1048108047773189
1958,1947,0.11486559624943311,0.10492242437772073
2821,2748,0.11489335188722831,0.10503404397812256
8822,9012,0.11497049108752481,0.1051456635785244
167,258,0.11501495738643779,0.10525728317892621
250,81,0.1150337749634199,0.10536890277932805
890,957,0.11505059294191161,0.10548052237972988
8456,8592,0.11505087565107841,0.10559214198013171
1465,1505,0.11506055660774228,0.10570376158053355
8685,8176,0.11507887701961364,0.10581538118093538
1394,1469,0.11513691027893891,0.1059270007813372
1901,1969,0.1151457872643391,0.10603862038173903
294,37,0.1151696104429179,0.10615023998214086
1670,1737,0.11520842729474048,0.1062618595825427
1934,1989,0.11524912203727762,0.10637347918294453
2946,3020,0.1152601715428603,0.10648509878334636
225,215,0.11526691127372543,0.10659671838374819
669,652,0.1152721793297328,0.10670833798415001
1936,1959,0.11527448006244803,0.10681995758455184
2951,3024,0.11528327609362322,0.10693157718495368
1466,1513,0.11528846522276708,0.10704319678535551
3040,3196,0.11535156683315816,0.10715481638575734
2780,2858,0.11535566928913872,0.10726643598615918
549,583,0.11537119992701551,0.107378055586561
2920,3038,0.11538797468077203,0.10748967518696283
3628,3769,0.11540495307358849,0.10760129478736466
8702,8798,0.11544502884130742,0.10771291438776649
1702,1746,0.11547844292096665,0.10782453398816833
3474,3618,0.11549658578232083,0.10793615358857016
3521,3554,0.11550877860883592,0.10804777318897198
2756,2898,0.11551765925294678,0.10815939278937381
1982,2016,0.11553577720099975,0.10827101238977564
197,174,0.11554129115109776,0.10838263199017747
591,587,0.11554858727988898,0.10849425159057931
891,853,0.11555926098958295,0.10860587119098114
2542,2554,0.11558307559181322,0.10871749079138297
714,685,0.1156126982363879,0.10882911039178479
2763,2870,0.11563483165193165,0.10894072999218662
528,559,0.1156407667202355,0.10905234959258846
3019,3040,0.11566262448576047,0.10916396919299029
1434,1526,0.11568343078487725,0.10927558879339212
8433,8444,0.11568750240539544,0.10938720839379396
557,571,0.11569088808568101,0.10949882799419577
384,515,0.11571654356829177,0.10961044759459761
644,720,0.1157344757572459,0.10972206719499944
921,874,0.11579650072493318,0.10983368679540127
2787,2832,0.11580353006425424,0.1099453063958031
115,173,0.11584366650063534,0.11005692599620494
686,721,0.11585945753313853,0.11016854559660677
426,457,0.11586869554760214,0.11028016519700859
1425,295,0.11589943555286443,0.11039178479741042
2816,2865,0.11600032315480856,0.11050340439781225
2924,2995,0.11601050564869488,0.11061502399821409
8259,8142,0.11602317017101235,0.11072664359861592
8529,8644,0.1160258413902566,0.11083826319901775
2981,2980,0.11603292240006524,0.11094988279941957
2999,3115,0.11603809367216257,0.1110615023998214
1897,1973,0.11607811361438541,0.11117312200022324
2778,2864,0.11610763892700834,0.11128474160062507
1939,2043,0.11612870477074753,0.1113963612010269
1957,1945,0.11615714193345757,0.11150798080142874
1614,1761,0.1161867871686438,0.11161960040183057
309,387,0.11619287162743952,0.11173122000223239
2553,2690,0.11620881912808034,0.11184283960263422
1800,1908,0.11621768304739785,0.11195445920303605
3104,2796,0.11623135304578454,0.11206607880343789
169,214,0.11623605599834005,0.11217769840383972
1147,1283,0.11625133903922016,0.11228931800424155
402,503,0.11625463285053952,0.11240093760464337
1435,1532,0.11629818514278058,0.1125125572050452
2988,2988,0.1163047908518784,0.11262417680544703
1861,1917,0.11630888853968019,0.11273579640584887
1913,1251,0.11636900271866692,0.1128474160062507
720,785,0.11637533487099534,0.11295903560665253
518,589,0.1163935389721825,0.11307065520705435
299,139,0.1164011770293313,0.11318227480745618
3002,3111,0.11640223421822472,0.11329389440785802
2921,3001,0.11641051619853857,0.11340551400825985
2970,3016,0.11643015694412019,0.11351713360866168
3021,3090,0.11643276120706728,0.11362875320906352
823,835,0.1164395553589592,0.11374037280946535
1751,1836,0.11646327633013479,0.11385199240986717
1869,1907,0.11648096270574311,0.113963612010269
431,9,0.11649069490904881,0.11407523161067083
1821,1876,0.1165095539673419,0.11418685121107267
3068,3136,0.11651884683869004,0.1142984708114745
3495,3640,0.11652648642468967,0.11441009041187633
3073,3204,0.11653577401772197,0.11452171001227815
120,172,0.1165357808186802,0.11463332961267998
1886,1909,0.11653600195667296,0.11474494921308181
600,679,0.11654315601475469,0.11485656881348365
530,347,0.11654977624199843,0.11496818841388548
433,560,0.11657675061395191,0.11507980801428731
886,961,0.11659519868964091,0.11519142761468915
3071,3098,0.11662804083397392,0.11530304721509096
2927,2500,0.11665286600540645,0.1154146668154928
2972,3026,0.116702499131836,0.11552628641589463
1842,1952,0.11670599536135787,0.11563790601629646
1778,1840,0.11671561824193857,0.1157495256166983
364,167,0.11673734072787836,0.11586114521710013
732,793,0.11676502087570943,0.11597276481750195
3145,3333,0.11679257039778383,0.11608438441790378
3001,3095,0.11680618538108385,0.11619600401830561
1789,231,0.11682303916745372,0.11630762361870745
661,593,0.11686635794167062,0.11641924321910928
3538,2608,0.11687473530808565,0.11653086281951111
2968,3008,0.11687647150133051,0.11664248241991294
2979,3025,0.11693295872840043,0.11675410202031476
1834,1864,0.11696816353887209,0.1168657216207166
392,501,0.11698941444577943,0.11697734122111843
1319,1489,0.11701648573588727,0.11708896082152026
318,310,0.11705840495853091,0.1172005804219221
2783,2584,0.1170787704758317,0.11731220002232393
1442,1509,0.11708584015452185,0.11742381962272574
8500,8326,0.11713197261504386,0.11753543922312758
1749,1676,0.1171471890148753,0.11764705882352941
2498,2614,0.11715707358514416,0.11775867842393124
7,30,0.11715808481999983,0.11787029802433308
1903,1963,0.11719087595731183,0.11798191762473491
743,739,0.11720670013747952,0.11809353722513673
2786,2842,0.11720894788498246,0.11820515682553856
1445,1545,0.11724321779482583,0.11831677642594039
2818,2837,0.11728215052112667,0.11842839602634223
3069,3224,0.11728745227196784,0.11854001562674406
1953,2013,0.1173078190387762,0.11865163522714589
788,850,0.11731776139096825,0.11876325482754772
3475,3580,0.11733654464008762,0.11887487442794954
2997,3023,0.11736156476142146,0.11898649402835138
1786,1842,0.11737222773211012,0.11909811362875321
6421,6590,0.11739856776932628,0.11920973322915504
8240,8252,0.11740928749702724,0.11932135282955687
14,11,0.11741392888342901,0.1194329724299587
1161,1313,0.11744635420506924,0.11954459203036052
3632,3779,0.1174519890238314,0.11965621163076236
135,180,0.1174541819675216,0.11976783123116419
1421,1475,0.1174822439827593,0.11987945083156602
2875,2952,0.11749191467434518,0.11999107043196786
3106,3210,0.11751740937831995,0.12010269003236969
589,595,0.11751934471711208,0.12021430963277152
155,162,0.11752902346762227,0.12032592923317334
1443,1445,0.11754285611845484,0.12043754883357517
8872,9016,0.11754877341177453,0.120549168433977
254,112,0.11757798100303436,0.12066078803437884
367,313,0.11758707236443404,0.12077240763478067
349,121,0.11763021432088558,0.1208840272351825
3717,3959,0.11764073022055908,0.12099564683558432
3067,3114,0.11765253223350522,0.12110726643598616
1285,1463,0.11765970684535706,0.12121888603638799
1468,1555,0.11772063576762264,0.12133050563678982
1851,1954,0.11776517319550737,0.12144212523719165
617,577,0.1177654608966251,0.12155374483759349
6240,6440,0.11778532923243425,0.12166536443799532
480,519,0.11780575488662512,0.12177698403839714
1976,1991,0.11781251470942503,0.12188860363879897
336,323,0.11782108556853506,0.1220002232392008
325,405,0.11782286943819692,0.12211184283960264
1422,1503,0.11782560953397271,0.12222346244000447
741,737,0.1178296882639358,0.1223350820404063
8710,8788,0.1178573193229044,0.12244670164080812
1710,1720,0.11788933020941054,0.12255832124120995
1822,1533,0.1179190419832309,0.12266994084161179
1381,1480,0.11792817122257702,0.12278156044201362
2472,2578,0.11794168073520629,0.12289318004241545
109,179,0.11794734775467806,0.12300479964281728
8303,8304,0.11797056762541645,0.1231164192432191
221,136,0.11804704459532765,0.12322803884362094
6411,6454,0.11804861201669474,0.12333965844402277
2496,2612,0.11808101559165969,0.1234512780444246
6820,7056,0.1181457385493136,0.12356289764482643
2503,2564,0.11817120518084495,0.12367451724522827
1816,1872,0.11818316590866465,0.1237861368456301
8508,8652,0.11818378938187896,0.12389775644603192
8795,8820,0.1181875301511991,0.12400937604643375
1828,169,0.11825195932211562,0.12412099564683558
1329,1435,0.1182552522240579,0.12423261524723742
3720,3939,0.11829895315822576,0.12434423484763925
2804,2694,0.11830877707558522,0.12445585444804108
8227,8344,0.11838151943085726,0.1245674740484429
1992,1902,0.11839960848041581,0.12467909364884473
1956,563,0.11841044381798453,0.12479071324924657
1972,2028,0.11845461966383912,0.1249023328496484
8233,8348,0.11848329696113911,0.12501395245005023
2808,2839,0.11850775549911835,0.12512557205045205
1920,1957,0.11854167763240035,0.1252371916508539
637,736,0.11864503113662614,0.12534881125125572
1429,1528,0.11865299219716774,0.12546043085165756
724,753,0.11866332645412997,0.12557205045205938
3004,2969,0.11866414786623022,0.1256836700524612
6308,6518,0.11867821332744989,0.12579528965286305
8067,8226,0.11867901849039506,0.12590690925326486
1414,1327,0.11869006293092094,0.1260185288536667
8118,8294,0.11872838023209228,0.12613014845406853
1771,75,0.11873635916825485,0.12624176805447038
1905,1953,0.11874003980977704,0.1263533876548722
1964,2056,0.11875740430862419,0.12646500725527401
3641,3688,0.11876229294139011,0.12657662685567586
8671,8688,0.11878355877155432,0.12668824645607768
3476,3612,0.11878929560732537,0.12679986605647953
2822,2754,0.11884411409697053,0.12691148565688135
1891,1931,0.11884676851287937,0.1270231052572832
1459,1423,0.11886139806183948,0.127134724857685
1657,1743,0.11886147488994891,0.12724634445808683
1777,651,0.11890849019291481,0.12735796405848868
8852,9052,0.11891372772773252,0.1274695836588905
8462,8602,0.11897095746165895,0.12758120325929234
929,927,0.1189817236235412,0.12769282285969416
1921,471,0.1190244166143348,0.12780444246009598
1831,1566,0.11906128350733278,0.12791606206049783
6381,6480,0.11908285939252133,0.12802768166089964
1762,1770,0.11908845151912174,0.1281393012613015
487,509,0.11909700089403258,0.1282509208617033
6288,6476,0.11914513767809877,0.12836254046210516
316,306,0.11920980721812911,0.12847416006250698
1909,1979,0.1192310679228816,0.1285857796629088
681,683,0.1192366998446162,0.12869739926331064
425,463,0.11924674904091549,0.12880901886371246
8873,8454,0.1192733391213247,0.1289206384641143
452,469,0.1192988946595116,0.12903225806451613
2585,2626,0.1193402718172968,0.12914387766491797
8231,8316,0.11936402119348172,0.1292554972653198
712,709,0.11939569510779449,0.1293671168657216
727,747,0.11941653912384118,0.12947873646612346
2931,2982,0.11941862710598965,0.12959035606652528
1922,1983,0.11947112989746508,0.12970197566692712
1995,1964,0.11949893507451269,0.12981359526732894
8762,8856,0.119501789590172,0.1299252148677308
1399,1466,0.11955985381950784,0.1300368344681326
1668,1741,0.11957183486337979,0.13014845406853442
2942,2996,0.11959015733510871,0.13026007366893627
2761,2574,0.11962514545402031,0.1303716932693381
628,677,0.11964198669800477,0.13048331286973994
1395,1488,0.11971034195148274,0.13059493247014176
8757,8824,0.11971406414633882,0.13070655207054357
8081,8202,0.11971449946696651,0.13081817167094542
8101,8260,0.11972801457860126,0.13092979127134724
8579,8616,0.11975165456694654,0.1310414108717491
2501,2562,0.11975298521691244,0.1311530304721509
8435,8594,0.11975620939656612,0.13126465007255275
8660,8702,0.1197662442994117,0.13137626967295457
2971,2986,0.11978133111156326,0.1314878892733564
1687,1697,0.11978379991686412,0.13159950887375824
1892,1995,0.11978421918756893,0.13171112847416006
1983,2044,0.11979942661135501,0.1318227480745619
1837,39,0.11980512156944091,0.13193436767496372
3012,2963,0.11984078001442189,0.13204598727536557
2695,2882,0.11987019282406444,0.13215760687576739
3536,2716,0.11988934572919892,0.1322692264761692
1403,1483,0.11993994439687024,0.13238084607657105
189,221,0.11998481135165326,0.13249246567697287
8566,8400,0.12004133061055954,0.13260408527737472
8088,8184,0.1200496275067873,0.13271570487777654
8543,8648,0.12008769499445117,0.13282732447817835
1510,187,0.12009405613172848,0.1329389440785802
2935,2999,0.12010977429244139,0.13305056367898202
6393,6478,0.120110926049331,0.13316218327938387
1708,1618,0.12011740439686087,0.13327380287978569
190,236,0.12012202079273476,0.13338542248018753
811,851,0.12014452096277382,0.13349704208058935
8451,8532,0.12015594296458887,0.13360866168099117
529,603,0.12019397373447455,0.13372028128139302
8297,8352,0.1202633650842883,0.13383190088179484
726,715,0.12027055489841088,0.13394352048219668
1779,1838,0.12038653928544081,0.1340551400825985
1467,1525,0.12040803649973289,0.13416675968300035
8921,9014,0.12048144554670082,0.13427837928340217
1712,699,0.12055410407719389,0.13438999888380398
1938,2071,0.12066640190465268,0.13450161848420583
8345,8358,0.12069806728088205,0.13461323808460765
1780,1916,0.12071820990082843,0.1347248576850095
490,437,0.12072345403340169,0.13483647728541132
1162,1263,0.12075223096848346,0.13494809688581316
396,489,0.12076460802790935,0.13505971648621498
8479,8232,0.12076479899244173,0.1351713360866168
8864,9006,0.12079738572777061,0.13528295568701865
450,524,0.12083241655195734,0.13539457528742047
645,681,0.12083413242184352,0.1355061948878223
1450,1517,0.1208374407618161,0.13561781448822413
8748,8826,0.12084746208973268,0.13572943408862595
1321,1453,0.12088467041156185,0.1358410536890278
766,834,0.12099221573992959,0.13595267328942962
8884,8988,0.12099316509777726,0.13606429288983146
1788,827,0.12100771510053779,0.13617591249023328
810,805,0.12101705621481862,0.13628753209063513
1433,1446,0.12102637173422928,0.13639915169103695
418,391,0.12104728380458442,0.13651077129143876
8085,8174,0.12105652773347712,0.1366223908918406
2001,1281,0.12105756604901238,0.13673401049224243
152,238,0.12107125745165238,0.13684563009264428
1827,1833,0.1210732547441994,0.1369572496930461
7984,8190,0.12114449260858412,0.13706886929344794
731,767,0.12118405775959787,0.13718048889384976
1373,1343,0.12121173827229288,0.13729210849425158
1807,1884,0.12121230310889056,0.13740372809465343
8121,8284,0.12122382739195188,0.13751534769505525
1890,1903,0.12123108382747344,0.1376269672954571
2026,397,0.12133975913905472,0.1377385868958589
1804,1899,0.12134451176950357,0.13785020649626073
3079,1970,0.12134752731714601,0.13796182609666258
6340,6540,0.12141828042076018,0.1380734456970644
1858,1950,0.12146947460292554,0.13818506529746624
2960,2404,0.12149033328900322,0.13829668489786806
8708,8556,0.12151188812387577,0.1384083044982699
224,90,0.1215342213162038,0.13851992409867173
747,579,0.12154348551388539,0.13863154369907355
8749,8718,0.12157216921609307,0.1387431632994754
488,497,0.12158944178200211,0.1388547828998772
8493,8588,0.12160002550870705,0.13896640250027906
1380,1460,0.1216207108172806,0.13907802210068088
479,425,0.1216298657536401,0.13918964170108272
3561,3691,0.12164785076791385,0.13930126130148454
8794,8782,0.12173008640081742,0.13941288090188636
2527,2558,0.12177090889783376,0.1395245005022882
8150,8214,0.12181022367980816,0.13963612010269003
3232,2940,0.12181784549182884,0.13974773970309187
1904,1873,0.12186997082282515,0.1398593593034937
1366,1493,0.12190706946367683,0.13997097890389554
8206,8376,0.12191352315309426,0.14008259850429736
2880,2871,0.12193450843006563,0.14019421810469918
8853,9008,0.1219355349444859,0.14030583770510102
1574,223,0.12193834899225796,0.14041745730550284
3043,1986,0.12195225977776109,0.1405290769059047
3501,3626,0.1219619053228328,0.1406406965063065
502,415,0.12201570816142791,0.14075231610670833
8874,9042,0.12211675911883166,0.14086393570711017
3463,3625,0.12215009069740128,0.140975555307512
1029,645,0.12215373243316371,0.14108717490791384
416,395,0.1221700749059872,0.14119879450831566
1854,1956,0.12220366315938558,0.1413104141087175
8195,8388,0.12220616835357095,0.14142203370911932
8725,8892,0.12221686001291118,0.14153365330952114
1393,1468,0.12221884459200971,0.141645272909923
1330,1331,0.12224352574970344,0.1417568925103248
3481,3520,0.12224427839932572,0.14186851211072665
8800,8094,0.12224846439659051,0.14198013171112847
2929,2984,0.12227121624680075,0.14209175131153032
317,276,0.12227428357675799,0.14220337091193214
1154,1225,0.1222833898764486,0.14231499051233396
1993,2006,0.12228464645478723,0.1424266101127358
6380,6468,0.12229801643050797,0.14253822971313762
8084,8166,0.12231328957068067,0.14264984931353947
8895,8836,0.12231659339228065,0.1427614689139413
2985,2783,0.12238272700794312,0.1428730885143431
8940,9088,0.12238907360345243,0.14298470811474495
485,477,0.12239697367996114,0.14309632771514677
8750,8696,0.12240039335327947,0.14320794731554862
509,451,0.12241772186256179,0.14331956691595044
193,264,0.1224703374355155,0.14343118651635228
3146,1992,0.12247247829490172,0.1435428061167541
805,50,0.12250179022168674,0.14365442571715592
2504,2534,0.12251212229706959,0.14376604531755777
2068,643,0.12255204211250481,0.14387766491795959
3606,3717,0.12255902659994736,0.14398928451836143
3408,3598,0.12256136362409045,0.14410090411876325
791,711,0.12256493892722121,0.1442125237191651
1440,1568,0.12257607819203198,0.14432414331956692
8957,9000,0.12259374652496526,0.14443576291996874
348,331,0.12259907970068279,0.14454738252037058
1408,1359,0.12262687976207322,0.1446590021207724
2018,2066,0.12262918447671867,0.14477062172117425
2555,2636,0.12263992350938924,0.14488224132157607
180,205,0.12265032706153872,0.1449938609219779
1832,1647,0.12265144214842219,0.14510548052237973
3075,3216,0.1226694896235216,0.14521710012278155
1676,1658,0.1226757529930545,0.1453287197231834
8938,9090,0.12268597823368863,0.14544033932358522
1664,1708,0.12271370878815918,0.14555195892398706
1376,1471,0.12271388563296855,0.14566357852438888
744,727,0.12271772580804532,0.1457751981247907
674,568,0.12272337501391226,0.14588681772519255
3503,3582,0.12276678511281984,0.14599843732559437
1759,1830,0.12279908450482518,0.1461100569259962
684,713,0.12286780488525312,0.14622167652639803
8647,8816,0.12290569433721325,0.14633329612679988
13,7,0.12291663184075219,0.1464449157272017
1324,1449,0.12292317789273595,0.14655653532760352
1441,1501,0.1229441566181293,0.14666815492800536
154,200,0.1229616360633961,0.14677977452840718
2805,2841,0.12297331659971374,0.14689139412880903
415,369,0.12297492257577598,0.14700301372921085
2976,3108,0.12298252515676329,0.1471146333296127
8932,9028,0.12301872570571674,0.1472262529300145
244,80,0.12314667637408651,0.14733787253041633
8074,8248,0.12317914228952584,0.14744949213081818
314,371,0.123186444562992,0.14756111173122
176,181,0.12328904546902475,0.14767273133162184
171,185,0.12330481929276885,0.14778435093202366
2855,2782,0.12331558804485195,0.14789597053242548
654,656,0.12331749232461267,0.14800759013282733
491,499,0.12332942161946713,0.14811920973322915
1413,1215,0.1233942233330973,0.148230829333631
1143,1317,0.12345357929785973,0.1483424489340328
2588,2706,0.12345378895360935,0.14845406853443466
3371,2624,0.12345524433906692,0.14856568813483648
3615,3633,0.12350800948725599,0.1486773077352383
6443,6586,0.12353049578500117,0.14878892733564014
444,538,0.12357043137514148,0.14890054693604196
1463,1403,0.12357996840542591,0.1490121665364438
246,10,0.1235920522653405,0.14912378613684563
873,955,0.1236036749929982,0.14923540573724747
388,419,0.12361273611093435,0.1493470253376493
195,262,0.1236206679281705,0.1494586449380511
2748,2911,0.12366219194214952,0.14957026453845296
1691,1613,0.12369252236735535,0.14968188413885478
1755,1704,0.12369536835765035,0.14979350373925662
1428,1524,0.1237179100506554,0.14990512333965844
1416,881,0.12371841229617189,0.1500167429400603
3612,3699,0.12372532403599136,0.1501283625404621
2713,2890,0.12373506537518016,0.15023998214086393
3058,3134,0.12389762293330508,0.15035160174126577
187,153,0.12392943984579816,0.1504632213416676
8507,8656,0.12393219860139629,0.15057484094206944
1409,1473,0.1239425962468033,0.15068646054247126
2784,2736,0.12395660570600806,0.15079808014287308
8823,9004,0.12399046491706567,0.15090969974327492
1988,2022,0.12401548606133482,0.15102131934367674
1654,1734,0.12401852521001994,0.1511329389440786
410,459,0.12404845780765328,0.1512445585444804
8726,8032,0.12410549835843734,0.15135617814488225
1139,1319,0.12411345942865709,0.15146779774528407
905,935,0.12413383019767203,0.1515794173456859
1795,1896,0.12416473576307549,0.15169103694608774
8090,8246,0.12419533866549619,0.15180265654648956
659,646,0.12427479531422321,0.1519142761468914
8595,8608,0.12429020833699563,0.15202589574729322
478,483,0.1242934611896333,0.15213751534769507
3637,3739,0.12432955910371135,0.1522491349480969
1900,1965,0.12434001449856244,0.1523607545484987
1152,1287,0.12435322702289954,0.15247237414890055
1118,1277,0.12436888693306013,0.15258399374930237
2533,1790,0.12437178472527768,0.15269561334970422
2505,2496,0.12437421922901526,0.15280723295010604
1385,1491,0.12439000708520999,0.15291885255050786
1775,1843,0.12440634128904221,0.1530304721509097
1401,1458,0.12443433042108154,0.15314209175131152
2949,782,0.12445121170860658,0.15325371135171337
91,158,0.12445153598821565,0.1533653309521152
3626,3735,0.12446191590976048,0.15347695055251703
113,161,0.12446506419397617,0.15358857015291885
405,355,0.12450385114214714,0.15370018975332067
728,781,0.12451006753843342,0.15381180935372252
8752,8722,0.12452045017102702,0.15392342895412434
1793,1848,0.12452443609088708,0.15403504855452618
3625,3733,0.12455000737030779,0.154146668154928
1969,1981,0.12455866942079967,0.15425828775532985
1379,1442,0.12455953807365995,0.15436990735573167
1351,1339,0.12456437957599474,0.15448152695613349
8059,8210,0.12459804556254805,0.15459314655653533
1647,1714,0.12461429007729709,0.15470476615693715
6314,6472,0.12466770073842519,0.154816385757339
780,787,0.1246843301475665,0.15492800535774082
802,779,0.12471532461436836,0.15503962495814266
8166,8218,0.12474186922431171,0.15515124455854448
3390,3517,0.12476262268360645,0.1552628641589463
649,702,0.1247685122118784,0.15537448375934815
451,520,0.12480063980017775,0.15548610335974997
8815,8834,0.12484279688697869,0.1555977229601518
1446,1551,0.12484629146403756,0.15570934256055363
8188,8278,0.12487097913177964,0.15582096216095545
6295,6508,0.1249459622832587,0.1559325817613573
2009,624,0.12496325483430368,0.15604420136175912
8782,8980,0.1250093762189282,0.15615582096216096
2919,3028,0.12503768686293734,0.15626744056256278
159,212,0.12506860630965866,0.15637906016296463
8402,8124,0.12508572413660315,0.15649067976336645
792,856,0.12511852527658418,0.15660229936376827
758,773,0.125134526333438,0.1567139189641701
3505,3510,0.12515798910406176,0.15682553856457193
3228,1678,0.12516330427207636,0.15693715816497378
3137,3232,0.12517496324039123,0.1570487777653756
8189,8266,0.1251896256393678,0.15716039736577744
8110,8192,0.12519134711037402,0.15727201696617926
2537,2480,0.12520396836629788,0.15738363656658108
3065,3188,0.12521313792718433,0.15749525616698293
767,844,0.1252203821187702,0.15760687576738475
6424,6572,0.12522299091793926,0.1577184953677866
1086,693,0.12525864387056823,0.1578301149681884
2795,2863,0.12526365720047708,0.15794173456859023
3645,3678,0.12528557067663315,0.15805335416899208
156,206,0.12528612611086312,0.1581649737693939
1929,598,0.1253082157442169,0.15827659336979574
799,807,0.12532518160782288,0.15838821297019756
1848,1883,0.12537308460197788,0.1584998325705994
3583,3641,0.12539248566882932,0.15861145217100123
1354,1431,0.12540108997600768,0.15872307177140305
1942,2031,0.12544795021831565,0.1588346913718049
807,757,0.12545460902661346,0.1589463109722067
1839,1891,0.12548285045919086,0.15905793057260856
8056,8212,0.125486571484446,0.15916955017301038
6427,6502,0.1254921455115514,0.15928116977341222
1649,1744,0.12553683645263472,0.15939278937381404
503,465,0.12559902913797855,0.15950440897421586
3614,3503,0.12561571611768602,0.1596160285746177
8156,8286,0.12563954117927337,0.15972764817501953
2823,1852,0.12567099885369148,0.15983926777542137
6383,6534,0.12567160563756638,0.1599508873758232
1437,1438,0.12571544401639503,0.16006250697622504
2139,337,0.12572580344581621,0.16017412657662686
1331,1429,0.12581929455618907,0.16028574617702868
395,381,0.1258313953693699,0.16039736577743052
8746,8840,0.12583272675572793,0.16050898537783234
801,803,0.12584311041540275,0.1606206049782342
8769,8832,0.1258692767347255,0.160732224578636
1864,1879,0.12594104484008656,0.16084384417903783
8930,9078,0.12595520541688293,0.16095546377943967
397,445,0.12599121650947953,0.1610670833798415
393,385,0.125995299781303,0.16117870298024334
8215,8364,0.1259984901917489,0.16129032258064516
2530,2660,0.12600611562593955,0.161401942181047
2484,2544,0.12601023813102075,0.16151356178144882
2520,2698,0.12603126078401092,0.16162518138185064
3037,3059,0.12605319019032785,0.1617368009822525
2964,590,0.12611252005954596,0.1618484205826543
2939,3014,0.12618515265933541,0.16196004018305615
8701,8774,0.1261936203600037,0.16207165978345797
966,914,0.12630551303606977,0.16218327938385982
1369,1484,0.1263321905762043,0.16229489898426164
2462,2556,0.12634282825926219,0.16240651858466346
2925,2034,0.12634686591274083,0.1625181381850653
1454,1405,0.12634790297268128,0.16262975778546712
3478,3627,0.12637577724520854,0.16274137738586897
1769,1905,0.1263855706148343,0.1628529969862708
8232,8116,0.12639118441757977,0.1629646165866726
3465,3572,0.1263977176077385,0.16307623618707445
1694,1632,0.1263994885832398,0.16318785578747627
1872,1949,0.12643358723445666,0.16329947538787812
2870,2825,0.12644164674944786,0.16341109498827994
2174,377,0.12645990310490818,0.16352271458868178
2531,2666,0.12648099563515972,0.1636343341890836
1798,1862,0.12648473721738399,0.16374595378948542
8788,8758,0.12652188516707957,0.16385757338988727
8491,8700,0.12652975760594828,0.1639691929902891
2028,2150,0.1265377428659716,0.16408081259069093
8439,8522,0.12657840621390676,0.16419243219109275
1935,2035,0.12658951405577262,0.1643040517914946
8843,9010,0.12659753828227113,0.16441567139189642
1655,1752,0.12660307501873244,0.16452729099229824
8210,8298,0.12663853029997837,0.16463891059270008
1850,1875,0.1266444459390539,0.1647505301931019
8956,9156,0.1266464777827214,0.16486214979350375
1683,1750,0.12664883546370437,0.16497376939390557
3634,3701,0.12665355311502458,0.1650853889943074
2502,1654,0.12666117419417383,0.16519700859470923
2416,2528,0.12669013923669215,0.16530862819511105
1617,741,0.12671249646854327,0.1654202477955129
718,432,0.12676445762919097,0.16553186739591472
157,132,0.12677638853941356,0.16564348699631656
2096,2024,0.12678458809968268,0.16575510659671838
1794,1894,0.12679817619191677,0.1658667261971202
2903,3000,0.12681215116973857,0.16597834579752205
185,243,0.12682739033484067,0.16608996539792387
1665,1762,0.12689184117466948,0.1662015849983257
498,447,0.12689694308115848,0.16631320459872753
3013,3015,0.12692799513712794,0.16642482419912938
2834,2799,0.12695740654429344,0.1665364437995312
2865,2955,0.12698649972582757,0.16664806339993302
8301,8336,0.12706019720370604,0.16675968300033486
8344,8446,0.12706770621932967,0.16687130260073668
527,599,0.12707265135474732,0.16698292220113853
31,35,0.12709815716808257,0.16709454180154035
982,687,0.1271405462351972,0.1672061614019422
1653,1650,0.12715178295908325,0.167317781002344
742,761,0.1271779586467959,0.16742940060274583
640,674,0.12719268643204093,0.16754102020314768
1812,1870,0.1271947562478561,0.1676526398035495
1686,1716,0.12723271728009566,0.16776425940395134
1375,1451,0.12723948787214837,0.16787587900435316
6445,6516,0.12725658578025817,0.16798749860475498
8617,8624,0.12728161188719123,0.16809911820515683
3054,3102,0.1272891174315542,0.16821073780555865
3059,3146,0.12730700298312675,0.1683223574059605
1338,1433,0.12732472871155046,0.1684339770063623
2858,2803,0.12732569363842594,0.16854559660676416
3039,3043,0.12733203530442755,0.16865721620716598
1085,707,0.12736250138243208,0.1687688358075678
381,427,0.12737336277836828,0.16888045540796964
1741,626,0.1274217263788238,0.16899207500837146
182,237,0.12744679295562777,0.1691036946087733
2399,2536,0.12747215292201317,0.16921531420917513
335,440,0.1274849020780313,0.16932693380957697
199,70,0.1274859142244296,0.1694385534099788
1856,1998,0.1274864629444764,0.1695501730103806
543,575,0.12752165944694016,0.16966179261078246
1986,2020,0.12753510396006631,0.16977341221118428
3035,3069,0.1275364957025603,0.16988503181158612
306,407,0.12763798993058012,0.16999665141198794
2082,218,0.12763890309509243,0.1701082710123898
8844,8984,0.12764272794056525,0.1702198906127916
3665,3706,0.12765085560814182,0.17033151021319343
1163,1183,0.12765895647059902,0.17044312981359527
8362,8428,0.12766562130436437,0.1705547494139971
8012,8164,0.127671364684415,0.17066636901439894
1975,2045,0.12770625199712546,0.17077798861480076
131,152,0.12770791394213524,0.17088960821520258
455,522,0.1277855808273485,0.17100122781560442
2937,924,0.1277991975718873,0.17111284741600624
2799,2833,0.1278069401246255,0.1712244670164081
1838,1855,0.127835265177682,0.1713360866168099
183,224,0.12784853675603988,0.17144770621721175
8444,8558,0.1278535142284743,0.17155932581761357
3518,3462,0.1278720087427549,0.1716709454180154
118,151,0.12787992346564542,0.17178256501841724
1305,1436,0.12788455353469516,0.17189418461881906
3070,3144,0.1279293898534605,0.1720058042192209
8766,8842,0.12793760844619062,0.17211742381962272
8885,8926,0.12795598051045776,0.17222904342002457
20,17,0.12797594692292658,0.1723406630204264
1357,1464,0.1280043182085867,0.1724522826208282
8602,8600,0.1280216855428208,0.17256390222123005
757,729,0.12802335024516603,0.17267552182163187
1402,1507,0.12802492795631124,0.17278714142203372
756,795,0.12802990300630948,0.17289876102243554
1464,1544,0.12803801435903475,0.17301038062283736
2716,2902,0.12808323715785572,0.1731220002232392
8928,9066,0.1280866692462406,0.17323361982364102
3452,3508,0.12808944543748776,0.17334523942404287
1672,1701,0.12811190270469422,0.1734568590244447
1931,2025,0.12813931879178567,0.17356847862484653
698,703,0.12814751383649747,0.17368009822524835
6,42,0.12819043911413122,0.17379171782565017
2959,2981,0.1282093754098827,0.17390333742605202
2507,2652,0.12824766773385324,0.17401495702645384
3675,1994,0.12827754138948325,0.17412657662685568
1646,1710,0.12831634517026655,0.1742381962272575
3015,3007,0.12832855996689752,0.17434981582765935
383,513,0.1283362053951881,0.17446143542806117
390,373,0.12833805861432054,0.174573055028463
697,735,0.12834359756097877,0.17468467462886483
8443,8572,0.12834884029539026,0.17479629422926665
2812,828,0.12836669256651942,0.1749079138296685
1153,1301,0.12837904589820975,0.17501953343007032
3699,1900,0.12840977643263485,0.17513115303047216
8091,8250,0.12841540213940014,0.17524277263087398
8060,8208,0.12841670496832547,0.1753543922312758
8441,8516,0.12842181046172454,0.17546601183167765
3679,3705,0.1284396460087006,0.17557763143207947
2413,2530,0.12850276630991042,0.17568925103248131
3047,3027,0.1285225335409245,0.17580087063288313
3455,2851,0.1285461085019705,0.17591249023328495
2598,2676,0.12857747743816414,0.1760241098336868
3646,3645,0.12858821352347252,0.17613572943408862
2284,487,0.12861582504440497,0.17624734903449046
8192,8302,0.12863090835790775,0.17635896863489228
8446,8502,0.12863978451022684,0.17647058823529413
6244,6410,0.12864657421633133,0.17658220783569595
2497,1504,0.1286492263997397,0.17669382743609777
3525,3118,0.1286519391925789,0.1768054470364996
2940,3017,0.12866136469925651,0.17691706663690143
8489,8576,0.12867182657641935,0.17702868623730328
666,578,0.12867499231789434,0.1771403058377051
6425,6564,0.12870214721989617,0.17725192543810694
2909,2993,0.12870793643585732,0.17736354503850876
6423,6506,0.12875320224388243,0.17747516463891058
3482,3456,0.12877335278426633,0.17758678423931243
8867,9036,0.12879610461771002,0.17769840383971425
2144,576,0.12883606345895482,0.1778100234401161
1809,1847,0.1288365823029852,0.1779216430405179
8859,8990,0.12890497102134996,0.17803326264091973
3627,3729,0.12891554506784722,0.17814488224132158
179,163,0.1289302962185273,0.1782565018417234
3042,3142,0.1289425528209191,0.17836812144212524
3460,3589,0.12898053055706382,0.17847974104252706
8855,8976,0.12900845823405735,0.1785913606429289
3031,3132,0.1290137646451091,0.17870298024333073
2115,48,0.12902106098290597,0.17881459984373255
98,120,0.1290282477604563,0.1789262194441344
403,449,0.1290396465784918,0.1790378390445362
2137,1273,0.12903989545942907,0.17914945864493806
3496,3570,0.12907414516621085,0.17926107824533988
760,763,0.12908413820448364,0.17937269784574172
1406,1516,0.1292208332665011,0.17948431744614354
8442,8560,0.1292293737820858,0.17959593704654536
777,799,0.12926414039520226,0.1797075566469472
2157,1205,0.1293270085788066,0.17981917624734903
2495,2674,0.12933223972510877,0.17993079584775087
808,855,0.12936803893314544,0.1800424154481527
1438,1518,0.12942663164258356,0.18015403504855454
8108,8152,0.1294295362123097,0.18026565464895636
8711,8750,0.12946035097158415,0.18037727424935818
8946,9048,0.12949157312936838,0.18048889384976002
2859,2787,0.12950081452346354,0.18060051345016184
482,555,0.1295151552645361,0.1807121330505637
699,733,0.12953205366444698,0.1808237526509655
1889,1865,0.12953461787135503,0.18093537225136733
781,765,0.1295726691220039,0.18104699185176917
1811,1874,0.12958494464695075,0.181158611452171
342,335,0.12958837355669467,0.18127023105257284
6376,6448,0.12963607806119665,0.18138185065297466
8047,8188,0.1296461568012145,0.1814934702533765
8396,8450,0.12965413717560254,0.18160508985377832
588,719,0.12965672222950606,0.18171670945418014
6488,6526,0.12967997583043947,0.181828329054582
657,638,0.12968729973450432,0.1819399486549838
3051,3013,0.1296956247532279,0.18205156825538565
710,416,0.129699102456592,0.18216318785578747
786,870,0.12971070656282804,0.18227480745618932
3571,3647,0.12973820323416824,0.18238642705659114
344,316,0.12977106060315569,0.18249804665699296
774,783,0.1297771749680157,0.1826096662573948
2915,2971,0.1297869455353696,0.18272128585779662
8915,8998,0.12979268934490001,0.18283290545819847
3624,3745,0.12984337959611084,0.1829445250586003
2509,2510,0.12987067783660913,0.18305614465900213
6356,6470,0.12987888790090818,0.18316776425940395
112,93,0.12992990898324125,0.18327938385980577
1507,1459,0.12996200259504584,0.18339100346020762
6413,6558,0.1300275032294265,0.18350262306060944
1151,1197,0.1300379927228958,0.18361424266101128
705,809,0.13010982876382438,0.1837258622614131
8413,8574,0.130114958910729,0.18383748186181492
437,150,0.13014371683080891,0.18394910146221677
497,565,0.13018406987414516,0.1840607210626186
8866,8974,0.1301866295429625,0.18417234066302043
1997,1895,0.1301918965394785,0.18428396026342225
2791,2859,0.1302027262201626,0.1843955798638241
3663,3783,0.13023838483669467,0.18450719946422592
33,26,0.1302442265227138,0.18461881906462774
1763,1837,0.13025296973342193,0.18473043866502958
2461,2552,0.1302985200394225,0.1848420582654314
3464,3509,0.13029918988640837,0.18495367786583325
1808,1944,0.130308129033208,0.18506529746623507
1679,1615,0.13032742601735198,0.18517691706663691
6382,6442,0.1303367832986576,0.18528853666703873
3489,3578,0.13034585881833,0.18540015626744055
7996,8196,0.13038417788066284,0.1855117758678424
1781,1880,0.1303909161525731,0.18562339546824422
754,775,0.1303990372066457,0.18573501506864606
1476,1349,0.13040895560553695,0.18584663466904788
6416,6500,0.1304123096848,0.1859582542694497
3107,3166,0.13041619911024818,0.18606987386985155
1456,1573,0.13041972631206233,0.18618149347025337
468,479,0.13046966966591184,0.18629311307065521
2587,2654,0.13047893724698764,0.18640473267105703
3623,3721,0.13048717038296762,0.18651635227145888
3023,3045,0.1304887481954646,0.1866279718718607
1474,1530,0.13048983694025418,0.18673959147226252
1157,606,0.13051604783618218,0.18685121107266436
2420,2482,0.13053372059302584,0.18696283067306618
139,140,0.1305342857846546,0.18707445027346803
3487,3584,0.13053925124818214,0.18718606987386985
3108,3252,0.1305529047873965,0.1872976894742717
1352,1499,0.13055310178256815,0.1874093090746735
394,399,0.1305621309946896,0.18752092867507533
3622,3728,0.13056845869750647,0.18763254827547718
2992,960,0.13059942190307972,0.187744167875879
2521,2650,0.1306236473407824,0.18785578747628084
111,148,0.13066046390759142,0.18796740707668266
1671,1699,0.1306680725199502,0.1880790266770845
1996,1841,0.13068713598328088,0.18819064627748633
3577,3639,0.1306985863838233,0.18830226587788815
2993,3104,0.13070925538448164,0.18841388547829
3609,3727,0.13073188237220917,0.1885255050786918
8466,8582,0.1307621204379787,0.18863712467909366
191,147,0.13078193127857518,0.18874874427949548
702,769,0.13086247535763154,0.1888603638798973
1419,1514,0.13086296664959055,0.18897198348029914
2910,3004,0.13086740901682625,0.18908360308070096
2445,2526,0.1308750368110026,0.1891952226811028
1142,869,0.13088506178518186,0.18930684228150463
8899,8978,0.13088831137016402,0.18941846188190647
315,365,0.1308974283625894,0.1895300814823083
332,430,0.13091481301293623,0.1896417010827101
2366,790,0.1309394052526426,0.18975332068311196
3055,3190,0.13096757684626006,0.18986494028351378
8148,8274,0.13097846228256668,0.18997655988391562
2837,2286,0.1309949764037468,0.19008817948431744
194,0,0.1310105126870932,0.1901997990847193
8154,8300,0.13103662332583962,0.1903114186851211
3554,3515,0.13103711755187816,0.19042303828552293
1391,1444,0.13105371251254866,0.19053465788592477
3119,1016,0.13105924261822297,0.1906462774863266
477,473,0.13110108461234996,0.19075789708672844
1004,883,0.13110648569784697,0.19086951668713026
142,213,0.1311270845605438,0.19098113628753208
11,33,0.13114494758534812,0.19109275588793392
3,5,0.13114502404528922,0.19120437548833574
2519,2670,0.13119947212648073,0.1913159950887376
3691,2867,0.13121546618439783,0.1914276146891394
8175,8162,0.13123043263472572,0.19153923428954125
204,268,0.13125837823514414,0.19165085388994307
123,176,0.1313312158489194,0.1917624734903449
8202,8238,0.13133295021228375,0.19187409309074674
1337,1259,0.13133536260739215,0.19198571269114856
1675,1588,0.13133659992638633,0.1920973322915504
1475,1462,0.1313493008872328,0.19220895189195222
298,339,0.13139202765543712,0.19232057149235407
2015,2070,0.13141942863126105,0.1924321910927559
696,701,0.1314475805188124,0.1925438106931577
3072,3162,0.131453098535833,0.19265543029355955
1528,1495,0.13145368516483866,0.19276704989396137
1398,1432,0.1314636076296152,0.19287866949436322
3497,3616,0.13147516129036754,0.19299028909476504
2451,2532,0.13148264883427574,0.19310190869516689
8445,8494,0.13149086172926128,0.1932135282955687
3030,3194,0.13150293551011763,0.19332514789597052
1439,1520,0.13150318319428145,0.19343676749637237
1389,1454,0.13155792737827826,0.1935483870967742
7986,8168,0.13156535773026007,0.19366000669717603
186,145,0.13160643547364664,0.19377162629757785
8216,8310,0.13162703856693797,0.19388324589797967
1651,1694,0.13163035282085658,0.19399486549838152
3272,2068,0.1316617590425848,0.19410648509878334
1477,1541,0.13166271681517783,0.19421810469918518
6357,6460,0.13168270586678743,0.194329724299587
3130,3220,0.13168298351493912,0.19444134389998885
181,217,0.13169056691728045,0.19455296350039067
1311,234,0.13169195553232374,0.1946645831007925
8448,8486,0.13169681645553805,0.19477620270119433
2523,2680,0.13173170070907755,0.19488782230159615
1418,1498,0.1317321395827287,0.194999441901998
166,138,0.13173401942685461,0.19511106150239982
351,383,0.1317364411203045,0.19522268110280167
22,15,0.1317377048304107,0.19533430070320348
8070,8230,0.13175990025422285,0.1954459203036053
2741,2850,0.13183699065253898,0.19555753990400715
651,650,0.13183961245505513,0.19566915950440897
1387,1479,0.13184096607850315,0.19578077910481081
30,62,0.13190306205369362,0.19589239870521263
643,704,0.13194874513011506,0.19600401830561445
2396,2538,0.13196769474833575,0.1961156379060163
19,52,0.13198080255270506,0.19622725750641812
3044,3170,0.13199889169340326,0.19633887710681996
8145,8182,0.13204204898674643,0.19645049670722178
3074,3254,0.13210343611954387,0.19656211630762363
1392,1474,0.1321506436535815,0.19667373590802545
1141,1265,0.13219480500187028,0.19678535550842727
971,917,0.1322184297185821,0.19689697510882911
6364,6452,0.13223539376488253,0.19700859470923093
8111,8264,0.13224279713308457,0.19712021430963278
753,771,0.1322507009431457,0.1972318339100346
2603,545,0.13228879625139767,0.19734345351043645
8717,8898,0.13232156024739977,0.19745507311083826
800,843,0.13233210073322033,0.19756669271124008
8482,8534,0.13233233225761626,0.19767831231164193
653,612,0.13235188883370616,0.19778993191204375
8096,8240,0.13235477852179423,0.1979015515124456
469,505,0.13237000148716688,0.1980131711128474
1977,2086,0.13237310605767397,0.19812479071324926
2526,2678,0.1324092432488784,0.19823641031365108
3601,3525,0.13241290237962677,0.1983480299140529
1149,1305,0.1324314182777144,0.19845964951445474
624,734,0.13243160304854976,0.19857126911485656
3025,3112,0.13243420821859558,0.1986828887152584
3473,3478,0.13243790726308416,0.19879450831566023
1516,1291,0.1324654470467644,0.19890612791606205
1738,1334,0.13247634379778045,0.1990177475164639
6332,6450,0.13251481916309785,0.1991293671168657
2916,988,0.13254756538797655,0.19924098671726756
3459,3507,0.13255503190466028,0.19935260631766938
2740,2854,0.13255603201215718,0.19946422591807123
2917,2979,0.13262077860791827,0.19957584551847304
8058,8206,0.13264238719457352,0.19968746511887486
140,201,0.13266263812612683,0.1997990847192767
660,749,0.13266312219838028,0.19991070431967853
3060,3186,0.13273183728030669,0.20002232392008037
1342,1456,0.1327344803013799,0.2001339435204822
3695,2074,0.13274652448638025,0.20024556312088404
1457,1496,0.13274690469810468,0.20035718272128586
1774,1857,0.13275848559313802,0.20046880232168768
1524,1494,0.1327788413957702,0.20058042192208952
8641,8806,0.13283417711105738,0.20069204152249134
2759,435,0.13286521033084922,0.2008036611228932
2412,2524,0.13291587736896546,0.200915280723295
6441,6560,0.13296499050624755,0.20102690032369683
1333,1439,0.13297473205886703,0.20113851992409867
1522,1409,0.1330021514537606,0.2012501395245005
2789,2855,0.13301522766437068,0.20136175912490234
2021,2092,0.13302617694596203,0.20147337872530416
353,228,0.13304182997392894,0.201584998325706
3669,3709,0.13305459870260836,0.20169661792610782
1374,1426,0.13310125092923047,0.20180823752650964
2688,2868,0.13311151120854106,0.2019198571269115
6398,6436,0.1331221715882725,0.2020314767273133
2374,925,0.13312620366432706,0.20214309632771515
6405,6548,0.1331311980067538,0.20225471592811697
151,202,0.13315256057701055,0.20236633552851882
793,831,0.13317243511070975,0.20247795512892064
1307,1355,0.13320011529843684,0.20258957472932246
3129,3174,0.13326498680826473,0.2027011943297243
8498,8550,0.13326743291019622,0.20281281393012612
1390,1477,0.13327983384747583,0.20292443353052797
763,797,0.13328531972140775,0.2030360531309298
1480,1486,0.1333233569634797,0.20314767273133164
1643,1680,0.13332429679648092,0.20325929233173345
1159,1195,0.13335061035816134,0.20337091193213527
8488,8564,0.13337465286629535,0.20348253153253712
385,507,0.13337825598398947,0.20359415113293894
599,705,0.1333952546773296,0.20370577073334079
2464,2484,0.1334036427989008,0.2038173903337426
1382,1418,0.13341971354509444,0.20392900993414442
2757,2889,0.13342106440682017,0.20404062953454627
1805,1851,0.13342953980310776,0.2041522491349481
2460,2522,0.13344485823373958,0.20426386873534993
8480,8596,0.13345542295989918,0.20437548833575175
8481,8528,0.13350553632718168,0.2044871079361536
1632,518,0.13354796077572745,0.20459872753655542
102,22,0.13356399530223523,0.20471034713695724
1469,1490,0.1336042942176634,0.20482196673735908
1981,2067,0.1336076608260796,0.2049335863377609
3491,3622,0.1336582841536605,0.20504520593816275
8854,8972,0.13366124531975346,0.20515682553856457
3639,3724,0.13371007598772347,0.20526844513896642
1427,1500,0.13371281004178806,0.20538006473936823
8954,9086,0.13379935074330745,0.20549168433977005
8907,9018,0.1338095054441889,0.2056033039401719
3484,3471,0.13381553004296975,0.20571492354057372
3454,3530,0.13388221354667965,0.20582654314097557
3542,3513,0.13388519714755207,0.20593816274137738
2943,3005,0.13389869026066942,0.2060497823417792
3456,3540,0.13391886271119285,0.20616140194218105
785,868,0.13394852836334206,0.20627302154258287
3006,1269,0.13397343570540068,0.20638464114298471
203,115,0.13403175437880294,0.20649626074338653
8551,8590,0.13404251010454324,0.20660788034378838
3549,3499,0.1340455764047235,0.2067194999441902
2367,846,0.13412694681414994,0.20683111954459202
3490,3624,0.13413574065541525,0.20694273914499386
1349,1448,0.13414119925865803,0.20705435874539568
2529,2420,0.13414459894020334,0.20716597834579753
2055,2158,0.13418578338486464,0.20727759794619935
104,106,0.13420457539301492,0.2073892175466012
3450,3552,0.13421222703771296,0.20750083714700301
1618,1147,0.13422376637975028,0.20761245674740483
1388,1450,0.13423507643959562,0.20772407634780668
4153,1882,0.1342442032686936,0.2078356959482085
1415,1510,0.13424793199437174,0.20794731554861035
1806,1877,0.13425829444343157,0.20805893514901216
2608,2700,0.13426128474509647,0.208170554749414
2606,2662,0.13428714093180133,0.20828217434981583
3599,2997,0.13429108489564232,0.20839379395021765
1971,2090,0.1342951237927711,0.2085054135506195
29,57,0.13437764937172808,0.2086170331510213
3303,3519,0.13437819114070473,0.20872865275142316
1659,1718,0.13442248756143893,0.20884027235182498
8141,8200,0.13442395158447734,0.2089518919522268
2707,2504,0.13443514517744062,0.20906351155262864
3548,3649,0.13445530043544227,0.20917513115303046
8009,8180,0.13446906590710814,0.2092867507534323
692,745,0.13448891663750354,0.20939837035383413
3468,3544,0.1344976721800283,0.20950998995423598
1648,1636,0.13449893317690778,0.2096216095546378
2781,2843,0.13450167425871506,0.2097332291550396
1862,1951,0.134502538898273,0.20984484875544146
3921,2050,0.13450431714475622,0.20995646835584328
8426,8526,0.13451904091857722,0.21006808795624513
8951,9152,0.13458544662010385,0.21017970755664694
1140,1221,0.13468338457021234,0.2102913271570488
3444,3614,0.13476410925829713,0.2104029467574506
6287,6464,0.134768988613959,0.21051456635785243
3677,3693,0.13478667572501585,0.21062618595825428
8434,8512,0.13479544509576322,0.2107378055586561
3128,3178,0.13483001756828586,0.21084942515905794
8222,8328,0.1348301152632229,0.21096104475945976
652,546,0.13487572540752332,0.21107266435986158
1358,1472,0.1348879274102066,0.21118428396026342
1998,2040,0.1349129120977825,0.21129590356066524
6307,6406,0.1349450223332209,0.2114075231610671
751,789,0.13497025924682857,0.2115191427614689
6377,6536,0.13499754295976787,0.21163076236187076
2762,2828,0.13499794723727795,0.21174238196227257
3629,3667,0.13499904385640676,0.2118540015626744
975,865,0.13505510074099725,0.21196562116307624
1339,1419,0.13506025360660553,0.21207724076347806
3660,3703,0.1350621454960077,0.2121888603638799
8927,9114,0.13507258485064158,0.21230047996428172
8833,8970,0.13507648639813108,0.21241209956468357
8570,8668,0.13508795698487788,0.2125237191650854
6296,6426,0.13510394560644937,0.2126353387654872
1471,1470,0.1351488184720737,0.21274695836588906
2405,2492,0.13515469442590744,0.21285857796629087
8638,8846,0.1351863817535734,0.21297019756669272
6391,6512,0.13521255488266765,0.21308181716709454
8847,8994,0.1352181408864384,0.21319343676749639
8919,9044,0.13522054914903636,0.2133050563678982
8364,8442,0.13522325229813809,0.21341667596830002
2014,2098,0.135243371735634,0.21352829556870187
3032,3120,0.13526705786193216,0.2136399151691037
3689,3463,0.13529620314668095,0.21375153476950554
3092,1229,0.135324312855524,0.21386315436990735
2705,1170,0.13534779154803572,0.21397477397030917
2508,2644,0.13536426086666584,0.21408639357071102
3056,3140,0.13538206017751692,0.21419801317111284
72,60,0.13539463489861253,0.21430963277151469
1340,1497,0.13539709665458077,0.2144212523719165
3449,3486,0.13539781041042087,0.21453287197231835
18,24,0.13540739710905403,0.21464449157272017
8920,8944,0.1354424449247066,0.214756111173122
1332,1299,0.13544532805235787,0.21486773077352384
2017,2072,0.13548222832404933,0.21497935037392565
3524,1189,0.13552437360531827,0.2150909699743275
3122,3182,0.1355268351878109,0.21520258957472932
3217,3002,0.13554174401529326,0.21531420917513117
1400,1422,0.13554807572989785,0.21542582877553298
2745,2897,0.13556032648954383,0.2155374483759348
8140,8198,0.13556491482768832,0.21564906797633665
6412,6388,0.13558116157262848,0.21576068757673847
6378,6528,0.13560210466428768,0.21587230717714032
6399,6576,0.13560380404899802,0.21598392677754213
3613,3685,0.13561367490673845,0.21609554637794395
2605,2634,0.13561895191506323,0.2162071659783458
2645,2494,0.13562267804898007,0.21631878557874762
1407,1410,0.13562499103530948,0.21643040517914947
6315,6484,0.13563243660032773,0.21654202477955128
3385,1211,0.13570291888616112,0.21665364437995313
1636,342,0.13570436892173163,0.21676526398035495
8662,8760,0.13575386922593563,0.21687688358075677
2586,2640,0.13576799865967723,0.21698850318115862
6293,6404,0.1357772235708339,0.21710012278156043
1645,1668,0.135801222920429,0.21721174238196228
2051,2170,0.13581353940664154,0.2173233619823641
8672,8742,0.13583843224487643,0.21743498158276595
3321,1345,0.13584481505504617,0.21754660118316776
1829,1915,0.13584973884044496,0.21765822078356958
389,467,0.1358633708961978,0.21776984038397143
8427,8518,0.1358747398617281,0.21788145998437325
3441,3516,0.13587484134032493,0.2179930795847751
4077,4288,0.13589790592439452,0.21810469918517691
1444,1540,0.13590799791686828,0.21821631878557876
2418,2450,0.1359572577220471,0.21832793838598058
1320,1447,0.13596469706065178,0.2184395579863824
147,23,0.13599203033593288,0.21855117758678425
6363,6482,0.13601906535346614,0.21866279718718606
3470,3453,0.13606748138940197,0.2187744167875879
8042,8172,0.13608304829494955,0.21888603638798973
1453,1546,0.13610915909944646,0.21899765598839155
7997,8156,0.13612606944306493,0.2191092755887934
1849,1955,0.13619737605538387,0.21922089518919521
1386,1407,0.13623009260106542,0.21933251478959706
90,122,0.1362308118680001,0.21944413438999888
87,77,0.1362558581356464,0.21955575399040073
1541,1561,0.13625628535943582,0.21966737359080254
3062,3184,0.1362906018935064,0.21977899319120436
6303,6434,0.13629550994182424,0.2198906127916062
6484,6530,0.1363569506534228,0.22000223239200803
1404,1373,0.13641040406244115,0.22011385199240988
3654,3785,0.13642516016079567,0.2202254715928117
3799,1441,0.13644177567748236,0.22033709119321354
3552,3593,0.1364558104668221,0.22044871079361536
3539,3479,0.13647193477212669,0.22056033039401718
1276,1333,0.13647959736064885,0.22067194999441903
8437,8498,0.13651840728875947,0.22078356959482084
703,801,0.13653138285933628,0.2208951891952227
2771,2818,0.1365646310994406,0.2210068087956245
134,128,0.13657186583137587,0.22111842839602633
8470,8584,0.1365974804625881,0.22123004799642818
2058,2166,0.13661573118518283,0.22134166759683
1343,1440,0.13667627591953485,0.22145328719723184
3163,3192,0.13670505101931552,0.22156490679763366
2955,2589,0.13671683831827677,0.2216765263980355
3173,3130,0.1367356852055977,0.22178814599843732
8903,9062,0.13675318370161246,0.22189976559883914
1133,1209,0.13678483412380396,0.222011385199241
3462,3411,0.1368118566906663,0.2221230047996428
3407,3594,0.13681627719092598,0.22223462440004466
3126,1133,0.13683146564683,0.22234624400044647
79,31,0.1368476710352269,0.22245786360084832
1013,945,0.13686946923103466,0.22256948320125014
3802,3035,0.13687474052818155,0.22268110280165196
2439,2518,0.13688412300309788,0.2227927224020538
8079,8122,0.13691432434031955,0.22290434200245562
3442,3595,0.1369435706680061,0.22301596160285747
3443,3562,0.13695079629341905,0.2231275812032593
3685,1751,0.1369719705841038,0.22323920080366114
3367,3031,0.1369770784577799,0.22335082040406296
2528,2692,0.13698711597985522,0.22346244000446477
6390,6544,0.1369879527406712,0.22357405960486662
3382,1109,0.1370013720213322,0.22368567920526844
137,102,0.13702598376596797,0.22379729880567029
1355,1411,0.137049107448863,0.2239089184060721
3472,1577,0.13706211276924726,0.22402053800647392
8151,8306,0.13706994417224802,0.22413215760687577
2039,2172,0.13707559327629987,0.2242437772072776
2730,2740,0.13712780575574418,0.22435539680767944
4131,2388,0.13713117900400637,0.22446701640808125
136,104,0.1371407898929285,0.2245786360084831
1328,1415,0.13718419746322214,0.22469025560888492
638,698,0.13718992986752498,0.22480187520928674
6410,6496,0.13722736102156927,0.22491349480968859
3305,3034,0.13722890844834543,0.2250251144100904
138,144,0.13727547174824642,0.22513673401049225
1251,1275,0.1372861155954454,0.22524835361089407
3451,3623,0.13728873963294577,0.22535997321129592
627,696,0.13730111333349396,0.22547159281169774
2463,2452,0.13730169649054935,0.22558321241209955
2667,2632,0.13731605679641554,0.2256948320125014
1134,1227,0.13731705089726318,0.22580645161290322
2682,2696,0.1373324457252612,0.22591807121330507
1491,1476,0.13733716940173954,0.22602969081370688
3584,3657,0.137351126145547,0.2261413104141087
3547,3491,0.13735627758462346,0.22625293001451055
695,731,0.13737454655629425,0.22636454961491237
27,28,0.13738870855602417,0.22647616921531422
2020,2181,0.13739133217842436,0.22658778881571603
1882,982,0.13740347633758676,0.22669940841611788
3494,3460,0.13744710274010527,0.2268110280165197
8149,8262,0.13749417170337047,0.22692264761692152
1363,1478,0.13750733585057637,0.22703426721732337
8214,8322,0.13752438320787724,0.22714588681772518
8635,8804,0.137535655309811,0.22725750641812703
1220,1335,0.13754450214383618,0.22736912601852885
106,157,0.13756180838724874,0.2274807456189307
4322,2548,0.13760013589769576,0.22759236521933252
3604,3697,0.13760377216488476,0.22770398481973433
8071,8136,0.13762191880444224,0.22781560442013618
3221,1487,0.137641882973415,0.227927224020538
4068,2106,0.13766207549516007,0.22803884362093985
8916,9046,0.13769283225039333,0.22815046322134167
1336,1425,0.13770048873985327,0.2282620828217435
8027,8194,0.13771033875022362,0.22837370242214533
340,411,0.13772978178855974,0.22848532202254715
3089,1785,0.13774186714063885,0.228596941622949
449,484,0.1377538546821478,0.22870856122335081
1533,1563,0.13778193963447147,0.22882018082375266
8653,8768,0.1377860349460156,0.22893180042415448
775,864,0.13783757473175637,0.2290434200245563
1764,1839,0.1378754015760716,0.22915503962495815
8562,8530,0.1378900689451503,0.22926665922535996
564,156,0.13791412295673183,0.2293782788257618
1493,1542,0.13793876095046814,0.22948989842616363
642,616,0.13795889558315932,0.22960151802656548
2616,2704,0.13796916378663718,0.2297131376269673
1502,1531,0.13797485497391856,0.22982475722736911
4025,2773,0.13798143438898292,0.22993637682777096
28,38,0.13798995691685825,0.23004799642817278
4041,2960,0.13800640911241724,0.23015961602857463
1362,1452,0.1380749041127846,0.23027123562897645
3965,1765,0.1381442682341555,0.2303828552293783
1105,947,0.13820402045364474,0.2304944748297801
1991,2030,0.1382562768314851,0.23060609443018193
1217,1213,0.13825794822163068,0.23071771403058378
8642,8684,0.13827881905183048,0.2308293336309856
8484,8562,0.13828412833426026,0.23094095323138744
338,413,0.13828907584348998,0.23105257283178926
1658,1594,0.13830559179742732,0.23116419243219108
2643,2488,0.13831302711581667,0.23127581203259293
3017,3128,0.13831559495866091,0.23138743163299474
3405,2991,0.1383295535458986,0.2314990512333966
1473,1536,0.13836062662429832,0.2316106708337984
3471,3440,0.13837333661264647,0.23172229043420026
3618,3734,0.13837836567241593,0.23183391003460208
2801,2801,0.13841618847791315,0.2319455296350039
323,400,0.13842646717610596,0.23205714923540574
100,79,0.13842938350346407,0.23216876883580756
1287,1443,0.1385114362794818,0.2322803884362094
2911,3012,0.13854734435780286,0.23239200803661123
2792,2817,0.13855204298800325,0.23250362763701307
3697,3715,0.13855941289178347,0.2326152472374149
1256,1307,0.13856488961909522,0.2327268668378167
1508,1543,0.1385831404082551,0.23283848643821856
605,751,0.13859692478778812,0.23295010603862037
1345,1430,0.13863913501983424,0.23306172563902222
168,159,0.13864263602458993,0.23317334523942404
8846,8912,0.13864317513455454,0.2332849648398259
2881,2965,0.13867306523008766,0.2333965844402277
6532,6456,0.13869801199655776,0.23350820404062952
3029,3122,0.13872150606104877,0.23361982364103137
3198,1027,0.13872904134419403,0.2337314432414332
3582,3683,0.13875845729500022,0.23384306284183504
1221,1337,0.13880366909445482,0.23395468244223686
3120,1589,0.1388136941261258,0.23406630204263867
17,34,0.13886324541754888,0.23417792164304052
3551,3421,0.1389347065179001,0.23428954124344234
1630,1688,0.1389434116626483,0.2344011608438442
2110,2036,0.1389925391234985,0.234512780444246
3678,3855,0.13900980782706363,0.23462440004464785
129,141,0.13905121423918784,0.23473601964504967
8100,8092,0.13914288812912187,0.2348476392454515
1597,1523,0.1391748849214153,0.23495925884585334
3647,3771,0.1391757611984956,0.23507087844625515
1396,1521,0.13918515438315884,0.235182498046657
3710,3500,0.13922295511648675,0.23529411764705882
3576,3599,0.13925898609791346,0.23540573724746067
3488,3492,0.1392817534115005,0.23551735684786249
2889,3006,0.13930279785413782,0.2356289764482643
1405,1508,0.13936911891101267,0.23574059604866615
1298,1434,0.13941552897221357,0.23585221564906797
3580,3659,0.13945116498469773,0.23596383524946982
1684,1637,0.13946769844949872,0.23607545484987164
1631,1707,0.13952450036533467,0.23618707445027345
445,482,0.13953978297765182,0.2362986940506753
459,552,0.1395609558411508,0.23641031365107712
3572,3629,0.13958112518572618,0.23652193325147897
3391,3541,0.13959688908146645,0.23663355285188079
8465,8470,0.13960404845812663,0.23674517245228263
1987,2042,0.13963409998366982,0.23685679205268445
1633,1739,0.13970284749690956,0.23696841165308627
8835,8908,0.13971665076528478,0.23708003125348812
3602,3547,0.13973455212001712,0.23719165085388993
3533,3531,0.13975351949501807,0.23730327045429178
125,56,0.13977625285687656,0.2374148900546936
3479,3431,0.1397883938802901,0.23752650965509545
2440,2444,0.1398040048489246,0.23763812925549727
110,55,0.1398086254880812,0.23774974885589908
2652,2656,0.13980969512371347,0.23786136845630093
3057,3172,0.13982980463544237,0.23797298805670275
3593,3529,0.13983525225535845,0.2380846076571046
1185,1253,0.1398559965378748,0.23819622725750642
782,859,0.1398752882552741,0.23830784685790826
8004,8178,0.1398775376517051,0.23841946645831008
3619,3677,0.13991203362286733,0.2385310860587119
3563,3553,0.139928738760114,0.23864270565911375
1980,2029,0.1399358028233953,0.23875432525951557
3063,3218,0.1399696853684044,0.2388659448599174
2782,2790,0.13999968357861206,0.23897756446031923
2061,2168,0.14000514440186798,0.23908918406072105
610,694,0.14001216530675598,0.2392008036611229
1417,1388,0.1400335243673282,0.23931242326152471
6497,6584,0.14005772172222739,0.23942404286192656
2041,2052,0.14006229806178006,0.23953566246232838
3611,3671,0.14006925898259429,0.23964728206273023
3530,3419,0.1400855731595857,0.23975890166313205
6404,6498,0.14009313600072346,0.23987052126353386
6373,6416,0.14012806007470735,0.2399821408639357
8865,9076,0.1401380064951199,0.24009376046433753
3361,3497,0.14015475262936303,0.24020538006473938
1116,1201,0.14016777189154203,0.2403169996651412
3694,3585,0.14022262114665845,0.24042861926554304
1202,1341,0.14024928852054314,0.24054023886594486
3353,3501,0.14026473686705682,0.24065185846634668
580,204,0.14027562551502226,0.24076347806674853
2045,2060,0.1403341928976479,0.24087509766715035
2886,3052,0.14033892120788696,0.2409867172675522
2032,2148,0.14039658292902307,0.241098336867954
3445,3521,0.14041223182615556,0.24120995646835583
1644,1760,0.14041499850954212,0.24132157606875768
88,47,0.14045903522181127,0.2414331956691595
378,481,0.14054558572298823,0.24154481526956134
1350,1413,0.140608666128912,0.24165643486996316
1260,1365,0.14065592668912844,0.241768054470365
4642,2873,0.14066568309705904,0.24187967407076683
6316,6424,0.14070329604281887,0.24199129367116864
3159,3011,0.14071786670396608,0.2421029132715705
96,6,0.14073248035300734,0.2422145328719723
80,14,0.14074014250144942,0.24232615247237416
8201,8370,0.14074993552134565,0.24243777207277598
3556,3579,0.14076737306654713,0.24254939167317782
1194,1185,0.140772208013098,0.24266101127357964
4070,1679,0.14077992907103137,0.24277263087398146
1518,1537,0.14078696259795764,0.2428842504743833
319,340,0.14081437025572607,0.24299587007478513
442,498,0.14083031933941326,0.24310748967518697
8629,8658,0.14084633661288648,0.2432191092755888
2800,2797,0.14091394069846228,0.24333072887599064
1303,1424,0.1409331350375008,0.24344234847639246
8167,8254,0.14094067474409708,0.24355396807679427
1132,1315,0.14095982267539253,0.24366558767719612
1191,1249,0.14096379904732464,0.24377720727759794
339,375,0.1410364421390732,0.2438888268779998
2369,2572,0.14103840273369428,0.2440004464784016
3657,3689,0.14107480061629837,0.24411206607880342
1979,2027,0.14108296263164474,0.24422368567920527
629,688,0.14108299026989052,0.2443353052796071
507,573,0.14109531116942733,0.24444692488000894
3557,3543,0.1411228529208529,0.24455854448041076
6472,6542,0.14114152893877807,0.2446701640808126
1681,1639,0.14116279787168207,0.24478178368121442
3630,1853,0.14116424648320236,0.24489340328161624
1131,1199,0.1411726095289346,0.2450050228820181
6317,6428,0.14117821382899812,0.2451166424824199
3461,3429,0.14118574269253398,0.24522826208282175
1635,1689,0.14124754016559926,0.24533988168322357
6845,7054,0.14127386554810914,0.24545150128362542
3702,3711,0.14127718803166114,0.24556312088402724
117,40,0.14128761842616125,0.24567474048442905
67,2,0.14136371186164295,0.2457863600848309
2906,2985,0.1413952060711669,0.24589797968523272
32,74,0.14140179622124466,0.24600959928563457
893,951,0.141411967320064,0.24612121888603639
175,127,0.14141315446246686,0.2462328384864382
1628,1774,0.14143151612501265,0.24634445808684005
4423,2815,0.14144432192507053,0.24645607768724187
1743,1866,0.14146161417592112,0.24656769728764372
8904,8956,0.1414748809749353,0.24667931688804554
3121,3154,0.14147639288298766,0.24679093648844738
2276,1032,0.14148752626701386,0.2469025560888492
1229,1223,0.14151591984679301,0.24701417568925102
4316,2834,0.1415317957273717,0.24712579528965287
2506,2638,0.1415430445896261,0.24723741489005469
656,486,0.14162088821408064,0.24734903449045653
636,660,0.14162216094750985,0.24746065409085835
694,725,0.14167693448574054,0.2475722736912602
3395,3542,0.1416943502153572,0.24768389329166202
3523,3597,0.14170495895017107,0.24779551289206384
132,208,0.14173410815137458,0.24790713249246568
8857,8954,0.14174896827507769,0.2480187520928675
3457,3206,0.14178384424622326,0.24813037169326935
3705,2391,0.14179963710147797,0.24824199129367117
8204,8362,0.1418002633230113,0.248353610894073
2040,2058,0.1418571299797962,0.24846523049447483
2047,2152,0.14186084799082754,0.24857685009487665
1211,1247,0.14189240998457708,0.2486884696952785
8432,8462,0.1419069384333165,0.24880008929568032
95,98,0.14193229856445014,0.24891170889608216
1791,1869,0.14196669565601858,0.24902332849648398
331,389,0.14197044851962837,0.2491349480968858
1637,1698,0.14198555524007864,0.24924656769728765
752,777,0.14202231818294636,0.24935818729768947
2069,2160,0.1420583818977159,0.2494698068980913
1826,1935,0.14205878189938587,0.24958142649849313
446,420,0.142108832618549,0.24969304609889498
7985,8160,0.14214241389795212,0.2498046656992968
8648,8792,0.1421489175126093,0.24991628529969862
2417,2424,0.14225094845536462,0.25002790490010046
8582,8714,0.1422572036239729,0.2501395245005023
1498,1572,0.1422913271648355,0.2502511441009041
1283,840,0.14233066472553946,0.25036276370130595
2450,2516,0.142346588497165,0.2504743833017078
8158,8308,0.14236205738802524,0.2505860029021096
1595,1565,0.14237656881989472,0.25069762250251143
8777,8896,0.14251577715046387,0.2508092421029133
2749,2824,0.14253480698843274,0.2509208617033151
1506,1559,0.1425423597399836,0.2510324813037169
457,516,0.14255486519348284,0.25114410090411876
3109,3268,0.1425628537707148,0.2512557205045206
1642,1598,0.1425651243387323,0.2513673401049224
3550,3631,0.14263806546803393,0.25147895970532425
4206,2689,0.1426408991774284,0.2515905793057261
380,441,0.1426924899612996,0.25170219890612794
2265,2442,0.1427115383228005,0.25181381850652973
3607,3687,0.1427197980654387,0.2519254381069316
4644,2761,0.1427432840400228,0.2520370577073334
1240,1217,0.14275505335775285,0.2521486773077352
8939,9104,0.14276835459001008,0.25226029690813706
8117,8068,0.14277797498974976,0.2523719165085389
122,130,0.14278443692687184,0.25248353610894075
1335,1129,0.14278584831431712,0.25259515570934254
1611,1713,0.14278806588349127,0.2527067753097444
3758,2331,0.14278869759304214,0.25281839491014624
3323,3505,0.14280984296890592,0.25293001451054803
8848,8946,0.14288722400970652,0.2530416341109499
1801,1845,0.14288782890686716,0.2531532537113517
2005,2011,0.14292812147749745,0.25326487331175357
2797,2785,0.14298433966556043,0.25337649291215536
8417,8466,0.1429968829861288,0.2534881125125572
6359,6532,0.1430027587072312,0.25359973211295905
8230,7924,0.14302190591485126,0.25371135171336084
121,137,0.1430362817564349,0.2538229713137627
3862,1911,0.14305082350504084,0.25393459091416454
92,68,0.14306621468132869,0.2540462105145664
8917,6524,0.143091272922208,0.2541578301149682
3667,3731,0.14315695555185656,0.25426944971537
3469,3137,0.14316155733030192,0.25438106931577187
2601,2726,0.14318213755570813,0.25449268891617366
1228,1267,0.14319613119302568,0.2546043085165755
2851,2695,0.14329051484401667,0.25471592811697735
1258,1421,0.14329515655242342,0.2548275477173792
4622,2686,0.1432983689429494,0.254939167317781
85,67,0.14331857943511647,0.25505078691818284
8806,8934,0.14336114337095973,0.2551624065185847
5282,2951,0.1433621398409103,0.2552740261189865
116,125,0.1433819848426989,0.2553856457193883
160,165,0.1433833712226142,0.25549726531979017
1106,1207,0.14339043444025001,0.25560888492019196
2070,2186,0.14342945979727886,0.2557205045205938
1784,1859,0.14347244088131797,0.25583212412099565
634,668,0.14350501208611618,0.2559437437213975
1470,1522,0.14354584025972453,0.2560553633217993
3123,3244,0.14359098223497102,0.25616698292220114
8005,8146,0.14362111381444517,0.256278602522603
3597,3581,0.1436363562149522,0.2563902221230048
4654,2681,0.14364024051816823,0.2565018417234066
6470,6398,0.14370711059151317,0.25661346132380847
3631,2295,0.1437726898171276,0.2567250809242103
655,448,0.1438088881989211,0.2568367005246121
1503,1512,0.14381821471282089,0.25694832012501395
1460,1358,0.1439080438744661,0.2570599397254158
3384,3528,0.14392874847053796,0.2571715593258176
8007,8144,0.14393832018943425,0.25728317892621944
633,672,0.1439476551015645,0.2573947985266213
2746,2891,0.14397611153331938,0.25750641812702313
3555,3561,0.14398005112437,0.2576180377274249
1627,1626,0.14399325584433736,0.25772965732782677
8478,8500,0.14400961520590272,0.2578412769282286
4409,2581,0.14407501672427897,0.2579528965286304
8076,8054,0.14413062169462684,0.25806451612903225
761,841,0.1442224362704056,0.2581761357294341
6596,6580,0.14424516626606182,0.25828775532983594
345,363,0.14425213036307616,0.25839937493023774
1609,1687,0.1442797617334228,0.2585109945306396
366,423,0.1442837718690401,0.25862261413104143
71,114,0.14430655966918154,0.2587342337314432
170,149,0.14431598960155953,0.25884585333184507
1150,1153,0.14432133123470073,0.2589574729322469
6322,6514,0.14433001632378167,0.25906909253264876
1552,1656,0.14436756019825422,0.25918071213305055
3636,3797,0.14439370285736194,0.2592923317334524
1760,1834,0.14441108704368374,0.25940395133385424
1557,1511,0.1444366352151704,0.25951557093425603
8724,7124,0.14444923068636034,0.2596271905346579
2727,2830,0.144449741475913,0.25973881013505973
1490,1404,0.14445201164049104,0.2598504297354616
350,359,0.14446343621687086,0.25996204933586337
1384,1395,0.14450508310122961,0.2600736689362652
3453,3430,0.14450805997523694,0.26018528853666706
164,209,0.14451602612037862,0.26029690813706885
2728,2846,0.14453786952296427,0.2604085277374707
1496,1515,0.14456860104869282,0.26052014733787254
3132,3246,0.14460456030136468,0.26063176693827433
1554,1549,0.1446244849981193,0.2607433865386762
6304,6394,0.14463571082631949,0.260855006139078
6353,6430,0.14463643486328528,0.2609666257394799
2038,2054,0.14463968537750235,0.26107824533988166
3007,3106,0.14465067924661196,0.2611898649402835
3594,3601,0.14468938854376717,0.26130148454068536
3393,3518,0.1447176081220489,0.26141310414108715
8477,8492,0.14472608961620392,0.261524723741489
1825,1889,0.14473578773712723,0.26163634334189084
3389,3485,0.14474167947582703,0.2617479629422927
4369,2529,0.14474927575204183,0.2618595825426945
4544,3047,0.14475790190710505,0.2619712021430963
3313,1929,0.14476784833883724,0.2620828217434982
372,429,0.14477421778966365,0.26219444134389996
3409,3590,0.14479536147377822,0.2623060609443018
3907,3603,0.14481262091174948,0.26241768054470366
8913,6278,0.14481435805996698,0.2625293001451055
8569,8664,0.14482457165642434,0.2626409197455073
1124,1261,0.14482495546914628,0.26275253934590914
1634,1732,0.14482782876914027,0.262864158946311
4536,2820,0.14483202230610245,0.2629757785467128
8174,8292,0.14489695280376108,0.2630873981471146
8879,9024,0.14490839203178793,0.2631990177475165
1512,1564,0.1449202714623047,0.2633106373479183
8824,8902,0.14493323419901163,0.2634222569483201
4402,2523,0.14494032843277252,0.26353387654872196
89,64,0.1449455608561773,0.2636454961491238
8712,8900,0.14497304282015952,0.2637571157495256
1605,1396,0.1450143659929605,0.26386873534992744
1536,1648,0.1450446666311561,0.2639803549503293
82,63,0.14507530789642079,0.26409197455073113
8144,8244,0.14508871788983374,0.2642035941511329
8785,8924,0.14510039643298747,0.26431521375153477
3127,3266,0.14510254551169055,0.2644268333519366
1513,1502,0.14510577797332377,0.2645384529523384
108,1,0.14511064585192002,0.26465007255274026
2106,2184,0.1451185682071095,0.2647616921531421
23,36,0.1451299512475736,0.26487331175354395
1257,1363,0.14520051655267277,0.26498493135394574
1629,1590,0.14521311066843604,0.2650965509543476
1190,1245,0.14522048139491778,0.26520817055474943
3659,3775,0.145223885769866,0.2653197901551512
2029,2088,0.14527387107885975,0.26543140975555307
5534,2849,0.14528674343775946,0.2655430293559549
8499,8680,0.14528744391899906,0.2656546489563567
174,119,0.14529093622009456,0.26576626855675856
172,143,0.14529439761317975,0.2658778881571604
475,320,0.14533351196513866,0.26598950775756225
133,76,0.14535039204474196,0.26610112735796404
3661,3661,0.14536461132802522,0.2662127469583659
3403,3577,0.1453902529412691,0.26632436655876773
615,682,0.1454236623581515,0.2664359861591695
1455,1534,0.1454265557577066,0.26654760575957137
361,433,0.14544640908399661,0.2666592253599732
8596,8704,0.1454511707008997,0.26677084496037506
5134,2563,0.14547504778956682,0.26688246456077686
746,845,0.14548655084244314,0.2669940841611787
3486,3569,0.1455050603439097,0.26710570376158055
8740,7120,0.14551624401098365,0.26721732336198234
3439,3472,0.14554543301880427,0.2673289429623842
3558,3565,0.14559054147416312,0.26744056256278603
1353,1369,0.1455940652146963,0.2675521821631879
2411,2426,0.14559592920287628,0.26766380176358967
1206,1171,0.14563888241104092,0.2677754213639915
6400,6562,0.14566753068473207,0.26788704096439336
6584,6624,0.1456739120979704,0.26799866056479515
762,857,0.14574387031686686,0.268110280165197
1378,1387,0.14575321155803067,0.26822189976559885
8817,8996,0.14578470951290834,0.2683335193660007
93,84,0.1458005784749736,0.2684451389664025
1436,1344,0.14585679639317375,0.26855675856680433
2661,2122,0.14589806355728968,0.2686683781672062
1583,1606,0.14593665647361911,0.26877999776760797
2775,2823,0.14596994090452856,0.2688916173680098
3381,3557,0.1459945186720813,0.26900323696841166
2726,2836,0.14601935012714928,0.2691148565688135
4966,3003,0.14607324849408596,0.2692264761692153
1624,1610,0.1460905478471044,0.26933809576961715
3018,3097,0.14620817705125672,0.269449715370019
3498,3107,0.14621571479503936,0.2695613349704208
2956,3099,0.1462230224635482,0.26967295457082263
1999,2064,0.1462455854385202,0.2697845741712245
3516,2019,0.1462572665372643,0.2698961937716263
5056,2498,0.14627346843953276,0.2700078133720281
1526,1662,0.14638678260519036,0.27011943297242996
2551,1611,0.1463869707960212,0.2702310525728318
3440,3587,0.14640071094130577,0.2703426721732336
2798,2743,0.14641396202176685,0.27045429177363545
2486,2646,0.14644407412581317,0.2705659113740373
1253,1361,0.14647686390345166,0.2706775309744391
3579,3655,0.14650188229510566,0.27078915057484093
6336,6520,0.14650596685668496,0.2709007701752428
1615,1683,0.14654245700239607,0.2710123897756446
69,72,0.14659872490970693,0.2711240093760464
1590,1562,0.14660832601991114,0.27123562897644826
2426,2502,0.1466108096247999,0.2713472485768501
8207,8320,0.14661808817727734,0.2714588681772519
1640,1754,0.14663274361136683,0.27157048777765375
3589,3651,0.14663509459067217,0.2716821073780556
119,134,0.14665116685899848,0.27179372697845744
1537,1567,0.14666784631621413,0.27190534657885923
4936,2467,0.14668882367326985,0.2720169661792611
3038,1871,0.14669291463765946,0.2721285857796629
3810,3725,0.14669780708461003,0.2722402053800647
641,596,0.1467073641538994,0.27235182498046656
1119,1167,0.14673431854127683,0.2724634445808684
454,492,0.14676351516379355,0.27257506418127025
635,562,0.14676706259021965,0.27268668378167205
1626,1686,0.14678644286480613,0.2727983033820739
2896,2990,0.14680452283586018,0.27290992298247574
3435,3458,0.14681505224731045,0.27302154258287753
2480,2190,0.1468890770486675,0.2731331621832794
1555,1624,0.14692186257337037,0.2732447817836812
5273,2499,0.1469579636964166,0.27335640138408307
750,811,0.14706532445330778,0.27346802098448486
3437,3493,0.14708028686271846,0.2735796405848867
1623,1703,0.14708943002299005,0.27369126018528855
3680,3757,0.14712753126051023,0.27380287978569035
8205,8340,0.147129324908306,0.2739144993860922
4802,2866,0.14716070795999805,0.27402611898649404
3380,3465,0.14717145075172233,0.2741377385868959
2998,3121,0.14721067695250578,0.2742493581872977
573,692,0.14723339171518213,0.2743609777876995
3027,1861,0.1472721650479254,0.27447259738810137
6476,6592,0.14728365778628064,0.27458421698850316
3849,3723,0.14734899571506707,0.274695836588905
1489,1506,0.14741064301523465,0.27480745618930685
8603,8698,0.14743526445971442,0.2749190757897087
4902,2413,0.14749617058472814,0.2750306953901105
2662,2722,0.14752510060658658,0.27514231499051234
8649,8772,0.1475369485916821,0.2752539345909142
2004,2021,0.1475600272060969,0.275365554191316
6590,6364,0.14759906186366964,0.2754771737917178
5265,2489,0.14761716965741856,0.27558879339211967
7977,8158,0.14762842247384453,0.27570041299252146
2107,2178,0.14770323049621098,0.2758120325929233
1138,1237,0.1477170298485081,0.27592365219332515
3837,3781,0.1477183676045332,0.276035271793727
1530,1652,0.14773591488174034,0.2761468913941288
3737,3694,0.14775962288952701,0.27625851099453064
4133,2053,0.14781383856320893,0.2763701305949325
8771,6744,0.14786270629934312,0.2764817501953343
1244,1321,0.14792866686776063,0.2765933697957361
3644,3722,0.14794447826397172,0.27670498939613797
1201,1255,0.14797085202136004,0.2768166089965398
4962,2728,0.1479730582470781,0.2769282285969416
504,597,0.1479730584876749,0.27703984819734345
4839,2848,0.14798806583398344,0.2771514677977453
3565,3615,0.14803785604131978,0.2772630873981471
1553,1608,0.14815325983812414,0.27737470699854894
4718,2774,0.14815346618825856,0.2774863265989508
3700,3658,0.14815438461146074,0.27759794619935263
2037,2156,0.14816276390770264,0.2777095657997544
2444,2412,0.14821494515709668,0.27782118540015627
3578,3609,0.1482229832161774,0.2779328050005581
1650,1593,0.1482462304509795,0.2780444246009599
6227,6420,0.14826523000360475,0.27815604420136175
4856,3481,0.1482855911738874,0.2782676638017636
1447,1538,0.14828958165115383,0.27837928340216544
8812,8932,0.14832119184236786,0.27849090300256724
3674,3773,0.14838540600217087,0.2786025226029691
1234,1293,0.1484025155417131,0.27871414220337093
3383,3423,0.14841939274170354,0.2788257618037727
2016,2116,0.14842303569226384,0.27893738140417457
8089,7984,0.14845056448041022,0.2790490010045764
63,100,0.14847194687562576,0.27916062060497826
3522,3583,0.1484951549424081,0.27927224020538005
2904,2975,0.14851083970488085,0.2793838598057819
1523,1571,0.14852208052858895,0.27949547940618374
2091,2180,0.1485420759028632,0.27960709900658554
1241,1295,0.14854679100078455,0.2797187186069874
3388,3443,0.1485700974002355,0.27983033820738923
3402,3447,0.14858585680136105,0.2799419578077911
64,44,0.14864490700494057,0.28005357740819287
3396,3487,0.14864718591810508,0.2801651970085947
558,684,0.14868497191180755,0.28027681660899656
3650,3679,0.148706010932819,0.28038843620939835
8751,6748,0.14871414364839122,0.2805000558098002
3134,3335,0.14871475050394112,0.28061167541020204
39,27,0.14871726446408215,0.28072329501060383
1272,892,0.1487892775067861,0.2808349146110057
334,367,0.14879211499935824,0.28094653421140753
1056,1241,0.14879393185112366,0.2810581538118094
3502,3402,0.14884518777598374,0.28116977341221117
3422,3504,0.14886037339084454,0.281281393012613
3692,3712,0.14886983046697774,0.28139301261301486
75,73,0.14889065676609475,0.28150463221341665
6346,6384,0.14894082361571762,0.2816162518138185
6822,7030,0.1490453731494985,0.28172787141422034
623,628,0.14906162381578064,0.2818394910146222
1088,1181,0.14914159027758164,0.281951110615024
1548,1604,0.14915990045198227,0.2820627302154258
2642,2702,0.1492029113929501,0.2821743498158277
8372,8452,0.1492110653027457,0.28228596941622947
3333,3511,0.14921170137187942,0.2823975890166313
483,567,0.1492659296560868,0.28250920861703316
1495,1548,0.14926771255894458,0.282620828217435
3397,3526,0.14931332684487406,0.2827324478178368
8958,9126,0.14932395210033528,0.28284406741823864
8925,9070,0.14936633851122594,0.2829556870186405
8787,8904,0.14937855954921417,0.2830673066190423
3011,3124,0.1494043468086943,0.2831789262194441
114,133,0.14940495732567852,0.283290545819846
2027,2091,0.14946505372680075,0.2834021654202478
8400,8508,0.1495515342284034,0.2835137850206496
8644,6616,0.14955940201842424,0.28362540462105146
4099,2229,0.14956579787439428,0.2837370242214533
432,434,0.1495673218446705,0.2838486438218551
3398,3536,0.14957240202895086,0.28396026342225694
769,833,0.1495905332978935,0.2840718830226588
1327,1414,0.149603036661046,0.28418350262306064
3401,3331,0.14961372439048398,0.2842951222234624
443,444,0.14964850295798726,0.2844067418238643
8820,8938,0.14965764055707673,0.2845183614242661
1558,1557,0.1496901236375631,0.2846299810246679
2056,2138,0.14970254899336707,0.28474160062506976
84,41,0.14976398127597637,0.2848532202254716
124,88,0.14983020057871194,0.28496483982587345
4616,2093,0.14983756587909472,0.28507645942627524
3608,3669,0.1498833561835118,0.2851880790266771
2395,2550,0.14990105734664885,0.28529969862707893
2671,2738,0.1499030217878337,0.2854113182274807
301,351,0.14998879896404801,0.2855229378278826
3671,3749,0.15003503497828155,0.2856345574282844
178,107,0.1500540307464703,0.2857461770286862
2736,2802,0.15007936215616433,0.28585779662908806
3590,3713,0.15008051907549477,0.2859694162294899
8143,8036,0.15010672073289208,0.28608103582989175
2888,2992,0.15010987647791202,0.28619265543029354
4987,3141,0.15014085300568453,0.2863042750306954
2475,2406,0.15015912789334576,0.28641589463109723
94,86,0.15016351358700822,0.286527514231499
5072,3321,0.15019128085403857,0.28663913383190087
3783,3747,0.1502183443714741,0.2867507534323027
1061,1239,0.15024404414891243,0.28686237303270457
8781,8928,0.15027874699916086,0.28697399263310636
4623,3527,0.15029540102719552,0.2870856122335082
1824,1885,0.1503205488251764,0.28719723183391005
2694,2896,0.15032064976542484,0.28730885143431184
1367,1406,0.15034331007204285,0.2874204710347137
2633,2708,0.1503813003671813,0.28753209063511553
3430,3496,0.15038834799285167,0.2876437102355174
1284,1347,0.15039782033806323,0.28775532983591917
9,13,0.1504055746808248,0.287866949436321
6482,6614,0.15041805153293464,0.28797856903672286
1571,1628,0.15047577504980705,0.28809018863712466
1566,1664,0.15047959930865845,0.2882018082375265
3553,3617,0.15051573676194657,0.28831342783792835
7976,8154,0.15051613561289673,0.2884250474383302
3721,3759,0.15052040633594538,0.288536667038732
1146,1083,0.15055074335389199,0.28864828663913383
8827,8960,0.15069975041111755,0.2887599062395357
3046,3113,0.15073619736571575,0.28887152583993747
3734,3767,0.15079703987061105,0.2889831454403393
3672,3673,0.15081323072233438,0.28909476504074116
3655,3743,0.15082602100326828,0.289206384641143
8609,8692,0.1508697915588376,0.2893180042415448
2031,2128,0.150934058777557,0.28942962384194665
1499,1586,0.1509444624266687,0.2895412434423485
3379,3498,0.15095036680328996,0.2896528630427503
1612,1731,0.15095532908817352,0.28976448264315213
8902,9034,0.15099056583245396,0.289876102243554
375,409,0.15101897278736123,0.2899877218439558
65,29,0.15104918673784296,0.2900993414443576
3136,3286,0.15105287081050608,0.29021096104475946
56,16,0.15107349657756436,0.2903225806451613
3421,3514,0.1510962460525621,0.2904342002455631
6337,6510,0.15111849028767407,0.29054581984596495
5638,3243,0.15115848331620224,0.2906574394463668
8897,9040,0.15118887205328344,0.2907690590467686
73,21,0.1512035921080096,0.29088067864717043
8819,8910,0.15122005401892952,0.2909922982475723
755,837,0.15126282716619244,0.2911039178479741
1129,1231,0.15126400299696105,0.2912155374483759
3008,3126,0.15130648148642878,0.29132715704877776
54,54,0.1513274393549224,0.2914387766491796
370,439,0.15132781606416895,0.2915503962495814
8138,8280,0.1513725628802515,0.29166201584998325
2103,1961,0.15137710330135729,0.2917736354503851
1130,1115,0.15141499098054498,0.29188525505078694
362,353,0.15141913395844522,0.29199687465118873
2123,2078,0.1514296184658693,0.2921084942515906
1606,1614,0.15143458753149197,0.2922201138519924
400,438,0.1514616929607799,0.2923317334523942
3673,3737,0.1514838094550379,0.29244335305279606
1235,1297,0.15152161476137707,0.2925549726531979
2376,2540,0.15160171385559046,0.29266659225359976
6262,6422,0.15161212683065647,0.29277821185400155
8203,8350,0.15163938460695114,0.2928898314544034
749,888,0.1516691989519889,0.29300145105480524
2098,2194,0.15167134439433402,0.29311307065520703
2768,2869,0.15168292894531188,0.2932246902556089
1431,1550,0.15171930481404589,0.2933363098560107
646,586,0.1517294202471686,0.29344792945641257
8619,8720,0.15175177552895652,0.29355954905681436
5467,3549,0.15176127037054257,0.2936711686572162
8497,6814,0.15185398316721935,0.29378278825761805
481,627,0.15192722750786683,0.29389440785801985
5097,2786,0.15193588042690623,0.2940060274584217
3368,3293,0.15193613404145567,0.29411764705882354
3416,3506,0.15194407038573185,0.2942292666592254
1315,1370,0.15199513651601115,0.2943408862596272
3581,3675,0.15202572489209404,0.294452505860029
3438,3548,0.15204081581251655,0.29456412546043087
8393,8456,0.1520445806525054,0.29467574506083266
6598,6786,0.1520605632674645,0.2947873646612345
3477,3354,0.15209185590330254,0.29489898426163635
6101,3385,0.15216926497620234,0.2950106038620382
2755,2792,0.15218175801492334,0.29512222346244
1448,1346,0.1521846522730806,0.29523384306284184
3387,3295,0.15223544077643586,0.2953454626632437
1565,1660,0.15227370301902507,0.2954570822636455
1638,1748,0.15229101571716994,0.2955687018640473
1551,1580,0.152300066293734,0.29568032146444917
8620,8676,0.15230130609992648,0.29579194106485096
1452,1570,0.15233396527257265,0.2959035606652528
8057,8120,0.15236495080062032,0.29601518026565465
2135,2182,0.15237159176489726,0.2961267998660565
5938,3387,0.15237753387574332,0.2962384194664583
177,99,0.1523902189187288,0.29635003906686014
5909,3383,0.1523999644332099,0.296461658667262
1563,1558,0.15243158924012035,0.2965732782676638
2390,2432,0.15245139310632586,0.2966848978680656
337,393,0.15245346909567942,0.29679651746846747
2089,2154,0.1524630973548206,0.2969081370688693
1317,1400,0.15248715725439546,0.2970197566692711
6285,6408,0.15248753144280852,0.29713137626967295
2365,2542,0.15250719531124973,0.2972429958700748
8826,8950,0.15252112089566938,0.2973546154704766
3373,3448,0.15260411789988085,0.29746623507087844
5852,3325,0.15264869261424915,0.2975778546712803
2305,2490,0.1526703422199374,0.29768947427168213
1219,1303,0.1526981940449238,0.2978010938720839
101,113,0.15273040988399053,0.29791271347248577
1203,1309,0.15273401898469416,0.2980243330728876
3718,3668,0.1527587898597161,0.2981359526732894
3050,3109,0.15276069617209845,0.29824757227369125
1535,1600,0.15280325359163072,0.2983591918740931
8799,8906,0.1528082165268853,0.29847081147449495
3434,3523,0.15281827112382748,0.29858243107489674
2500,2688,0.15282136895799517,0.2986940506752986
2867,2967,0.152847594701438,0.29880567027570043
3446,3406,0.15284803511149164,0.2989172898761022
8923,9072,0.15284908353224402,0.29902890947650407
6396,6566,0.15286720477103732,0.2991405290769059
6478,6602,0.1528680191593884,0.29925214867730776
8055,8118,0.15287510159139664,0.29936376827770955
6578,6772,0.15288019551818424,0.2994753878781114
1639,1164,0.152922926700854,0.29958700747851325
1547,1602,0.1529945230182122,0.29969862707891504
3331,3495,0.15300030905461787,0.2998102466793169
2112,1967,0.153082821745787,0.29992186627971873
1830,1863,0.15313188942910505,0.3000334858801206
6477,6598,0.1531383665805887,0.30014510548052237
2402,2400,0.15314625485567127,0.3002567250809242
5590,3591,0.1531515480278975,0.30036834468132606
1531,1682,0.15315496869365722,0.30047996428172785
6572,6726,0.15318007432439704,0.3005915838821297
1360,1412,0.1531912623906513,0.30070320348253154
3290,3150,0.15319875533293403,0.30081482308293334
2478,2262,0.15322069782108322,0.3009264426833352
1973,2055,0.15322267785979493,0.30103806228373703
3844,3763,0.1532249131431282,0.3011496818841389
3250,3198,0.15326691791395536,0.30126130148454067
1621,1691,0.15328367027141732,0.3013729210849425
173,261,0.15328973900082246,0.30148454068534436
1534,1638,0.15329365829974773,0.30159616028574615
10,65,0.15332382698973487,0.301707779886148
1619,1228,0.15337799549398984,0.30181939948654984
6222,6418,0.1533836279722973,0.3019310190869517
3515,3555,0.1533979107846006,0.3020426386873535
609,658,0.15341201125012474,0.30215425828775533
1582,1700,0.1535017973561634,0.3022658778881572
1090,940,0.1535213659998093,0.30237749748855897
6823,7014,0.15354368903500823,0.3024891170889608
1081,1187,0.1535437782548339,0.30260073668936266
8892,9030,0.1535667894157104,0.3027123562897645
1568,1575,0.1535797661533948,0.3028239758901663
1193,1151,0.15361269921013648,0.30293559549056814
3149,3280,0.15364550830676213,0.30304721509097
5494,3695,0.1536912635793318,0.3031588346913718
8637,8790,0.15370624493647772,0.30327045429177363
3420,3467,0.15375982767631222,0.3033820738921755
2898,3010,0.1537664932639076,0.3034936934925773
6508,6554,0.15378003437872023,0.3036053130929791
1299,1420,0.15382180838251105,0.30371693269338096
2479,2628,0.15383024294900088,0.3038285522937828
1823,1881,0.15385457132938685,0.3039401718941846
6480,6596,0.15386737163829747,0.30405179149458644
2737,2794,0.1538697337633527,0.3041634110949883
4040,3288,0.15388833233490037,0.30427503069539014
2895,3029,0.1539183327681359,0.3043866502957919
2894,3019,0.1539648589124506,0.3044982698961938
6349,6486,0.15396934826498238,0.3046098894965956
8406,6990,0.15399927264181698,0.3047215090969974
3167,3260,0.15400553411670379,0.30483312869739926
1117,1053,0.1540107344923385,0.3049447482978011
6355,6522,0.15406994884708325,0.30505636789820295
3696,3777,0.15411919270038577,0.30516798749860474
8327,8458,0.15412614209252146,0.3052796070990066
2036,2080,0.15414794471962523,0.30539122669940844
6354,6386,0.1541488268700284,0.3055028462998102
24,46,0.15416290174284783,0.3056144659002121
4880,3088,0.15417796769961264,0.3057260855006139
8182,8366,0.15417816254805586,0.3058377051010157
3410,3449,0.15420942334974566,0.30594932470141756
1365,1356,0.15420979001455717,0.3060609443018194
3378,3476,0.15420991903327122,0.30617256390222125
3796,3741,0.15432834294696018,0.30628418350262304
6395,6546,0.15433802581922862,0.3063958031030249
4088,4230,0.15438468464648486,0.30650742270342674
2117,2096,0.15441733689139417,0.3066190423038285
3500,3308,0.1544343515709095,0.3067306619042304
6515,6570,0.1545133448420703,0.3068422815046322
3427,3399,0.15452843055625903,0.30695390110503407
8331,6344,0.1545422318902867,0.30706552070543586
3753,3952,0.15455289549118478,0.3071771403058377
2722,2921,0.1545644520378493,0.30728875990623955
2380,2560,0.15457185318938432,0.30740037950664134
8842,8962,0.15457897605322632,0.3075119991070432
1591,1674,0.15458175597363644,0.30762361870744503
2124,2146,0.15462173291069742,0.3077352383078469
3400,3546,0.15465301182921953,0.30784685790824867
2715,2808,0.1547037275288072,0.3079584775086505
6698,6254,0.15474481785246771,0.30807009710905237
158,129,0.15478472356211534,0.30818171670945416
1218,1141,0.15481061319703054,0.308293336309856
2386,2446,0.15484627572375592,0.30840495591025785
1412,1320,0.154881737819247,0.3085165755106597
6464,6578,0.15493071407946243,0.3086281951110615
3369,3361,0.15493970133661492,0.30873981471146333
1326,1374,0.15495068259248504,0.3088514343118652
5153,3789,0.15497406994074958,0.30896305391226697
612,618,0.15502443337112978,0.3090746735126688
6471,6298,0.1550330262659597,0.30918629311307066
8065,8108,0.15507901140805821,0.3092979127134725
1479,1574,0.1550850622349926,0.3094095323138743
5574,3787,0.15510306141827807,0.30952115191427615
2385,2486,0.1551066851792831,0.309632771514678
577,554,0.15510770672421967,0.3097443911150798
1613,1684,0.15512066395400703,0.30985601071548163
126,103,0.15514404057533357,0.3099676303158835
8139,8256,0.15521466924263796,0.3100792499162853
305,361,0.15523292067907843,0.3101908695166871
1111,977,0.15525640524276105,0.31030248911708896
2897,3022,0.1552669155407628,0.3104141087174908
1550,1642,0.15527162708854098,0.3105257283178926
1546,1640,0.1554022992669907,0.31063734791829445
382,491,0.15543851995093833,0.3107489675186963
8015,8110,0.1554609638472281,0.3108605871190981
3354,3405,0.1554836390964747,0.31097220671949993
1104,1219,0.15553708830186005,0.3110838263199018
2033,2124,0.15556038900112829,0.3111954459203036
8627,8802,0.15561417043989825,0.3113070655207054
6379,4403,0.15562684908690969,0.31141868512110726
48,4,0.15563484441066014,0.3115303047215091
8565,8716,0.15564163047787088,0.3116419243219109
8069,8236,0.15564519102194221,0.31175354392231275
1525,1644,0.15564883216462264,0.3118651635227146
7934,8150,0.15566118156005684,0.31197678312311644
8389,7242,0.15569790969923733,0.31208840272351823
1359,1360,0.1557308850833936,0.3122000223239201
6367,4525,0.15574987561411302,0.3123116419243219
77,43,0.15575275221717358,0.3124232615247237
6522,6588,0.1557570927941117,0.31253488112512556
2046,2142,0.15575855134021724,0.3126465007255274
608,540,0.15581456006263966,0.31275812032592926
68,19,0.1558335223109881,0.31286973992633105
8955,9112,0.15594509336144619,0.3129813595267329
5444,4327,0.15609549843396997,0.31309297912713474
476,424,0.1561251420615566,0.31320459872753653
1346,1352,0.1561300670939641,0.3133162183279384
1135,1071,0.1561486573420615,0.3134278379283402
1308,1399,0.1562091827454097,0.31353945752874207
2398,2508,0.1562393063004008,0.31365107712914386
2404,2374,0.15626102441831904,0.3137626967295457
6475,4543,0.1562777324825738,0.31387431632994756
2003,2037,0.1562932158410515,0.31398593593034935
1325,1366,0.1563438751705009,0.3140975555307512
8064,8050,0.1563609405149328,0.31420917513115304
6275,3833,0.15637149175809448,0.3143207947315549
3362,3461,0.15639790040735485,0.3144324143319567
5379,3951,0.15643453306811145,0.3145440339323585
1458,1560,0.15644574428857408,0.31465565353276037
3417,3522,0.15652075596918213,0.31476727313316216
5417,4139,0.1565387291046244,0.314878892733564
625,446,0.15654000946741983,0.31499051233396586
1562,1240,0.15655927160892427,0.3151021319343677
1462,1554,0.15656460357181343,0.3152137515347695
44,18,0.15657266410767567,0.31532537113517134
1057,1233,0.15658955922307394,0.3154369907355732
8001,8074,0.1566094046015472,0.315548610335975
6465,6568,0.15661399009017102,0.3156602299363768
1304,1390,0.15662777221067398,0.31577184953677867
8010,8058,0.15662783548152184,0.31588346913718046
1656,1641,0.1566374726106083,0.3159950887375823
1641,1659,0.15665575600471093,0.31610670833798415
2071,2196,0.1566752113059048,0.316218327938386
26,96,0.1567560960461082,0.3163299475387878
2640,2714,0.15677827010041592,0.31644156713918964
1584,1692,0.15677870691751777,0.3165531867395915
6220,4197,0.15679928826877756,0.3166648063399933
3138,3239,0.15681691379794935,0.3167764259403951
6447,4859,0.1568484674395938,0.31688804554079697
3423,3445,0.1568488040642429,0.3169996651411988
1192,1357,0.15688597532564186,0.3171112847416006
4091,4248,0.15688998413438707,0.31722290434200245
440,474,0.15689274690110477,0.3173345239424043
6321,4791,0.15690292872117098,0.3174461435428061
6474,6604,0.15692541823010223,0.31755776314320794
2770,2805,0.1569348644371064,0.3176693827436098
5584,5770,0.15693883183849214,0.31778100234401163
6461,4731,0.15695034613420758,0.3178926219444134
3355,3439,0.1569644419652236,0.31800424154481527
1200,1311,0.15706352335664683,0.3181158611452171
3183,3117,0.1571049297365747,0.3182274807456189
8054,8096,0.15710879851053264,0.31833910034602075
1497,1582,0.1571264229569859,0.3184507199464226
1,8,0.15714452535066445,0.31856233954682445
3642,3736,0.15719060921629313,0.31867395914722624
5459,3841,0.15721698042283466,0.3187855787476281
6473,6606,0.15724212774066418,0.31889719834802993
1361,1354,0.15726071765765165,0.3190088179484317
3223,3228,0.15728958984620917,0.31912043754883357
8046,8112,0.15729387541037976,0.3192320571492354
2394,2392,0.15731387141053008,0.31934367674963726
2375,2466,0.15734395214901767,0.31945529635003905
3433,3560,0.1574339988458964,0.3195669159504409
3375,3464,0.15745249110021242,0.31967853555084275
6778,4145,0.15747160771586666,0.31979015515124454
3116,3105,0.15747565908601271,0.3199017747516464
8006,8060,0.157477668228141,0.32001339435204823
3635,3751,0.15749926766385786,0.3201250139524501
3310,3457,0.15752868755816718,0.32023663355285187
6239,6390,0.1575416824225817,0.3203482531532537
896,979,0.15754563362241247,0.32045987275365556
3972,3362,0.15755054381437353,0.32057149235405735
8814,8936,0.15759634146391802,0.3206831119544592
35,59,0.15765617695305262,0.32079473155486105
4801,3865,0.15766754017430706,0.32090635115526284
1112,1041,0.1577167471686119,0.3210179707556647
6051,4157,0.15775847509208868,0.32112959035606653
3638,3740,0.15779110672469973,0.3212412099564684
5579,5766,0.1578239249864235,0.32135282955687017
8914,9082,0.15783669544097062,0.321464449157272
5268,2976,0.1578659039410117,0.32157606875767386
8821,8968,0.15788208632224088,0.32168768835807565
3458,3380,0.15790082032642458,0.3217993079584775
1087,1043,0.15791286855157133,0.32191092755887935
489,585,0.15791781800665206,0.3220225471592812
8184,8324,0.15796768639795428,0.322134166759683
1660,1643,0.1580205617020038,0.32224578636008483
8398,8566,0.15806724499193706,0.3223574059604867
3140,3237,0.15808609060146644,0.32246902556088847
6251,6382,0.15810205608353595,0.3225806451612903
602,558,0.15810967182674093,0.32269226476169216
8035,8082,0.15814734024735852,0.322803884362094
1033,1203,0.1581886572776291,0.3229155039624958
5507,4479,0.15820049519922447,0.32302712356289764
1347,1350,0.1582098434578632,0.3231387431632995
8540,8674,0.1582275172071368,0.3232503627637013
62,146,0.15824770228573254,0.32336198236410313
6728,6330,0.1582687136556799,0.323473601964505
3414,3602,0.15829216178155112,0.3235852215649068
2653,2752,0.15833931347371855,0.3236968411653086
36,69,0.15834069946425317,0.32380846076571046
1383,1527,0.15836541576275445,0.3239200803661123
6870,4547,0.15840590308701957,0.3240316999665141
6659,4883,0.15841572593245892,0.32414331956691594
4090,4216,0.15846292659504718,0.3242549391673178
3499,3535,0.1584645126540395,0.32436655876771964
6078,4097,0.15847872184988604,0.32447817836812143
3676,3791,0.15849503319308278,0.3245897979685233
3347,3477,0.1585456067630022,0.3247014175689251
3466,3322,0.15856502461752647,0.3248130371693269
6871,4647,0.1585731796594956,0.32492465676972876
6897,4407,0.15857527997908086,0.3250362763701306
6098,4675,0.15859814677859857,0.32514789597053245
6678,6574,0.15861984184723896,0.32525951557093424
6674,6556,0.15869906598524877,0.3253711351713361
3322,3469,0.15873338848915056,0.32548275477173794
6602,6788,0.15878323072429754,0.3255943743721397
8130,8288,0.15878735605355518,0.3257059939725416
74,49,0.15879601182015488,0.3258176135729434
1322,1392,0.15879754522161943,0.3259292331733452
3374,3564,0.15880095828707194,0.32604085277374706
2126,2134,0.15885564860940948,0.3261524723741489
1113,1289,0.15885889990626076,0.32626409197455075
8896,9084,0.1588626884176847,0.32637571157495254
495,601,0.15889324402604416,0.3264873311753544
461,436,0.1589072881036463,0.32659895077575624
3392,3428,0.15896723278382605,0.326710570376158
6489,5005,0.15897249272237493,0.3268221899765599
6628,4927,0.15897869592636482,0.3269338095769617
1625,1690,0.15900758334565285,0.32704542917736357
1084,1173,0.15913606652994292,0.32715704877776536
5771,3961,0.15914034386685702,0.3272686683781672
5581,5764,0.15914144056384785,0.32738028797856905
3591,3613,0.159145932442875,0.32749190757897084
6965,4539,0.1592304803302435,0.3276035271793727
8813,8920,0.15924114882289248,0.32771514677977454
4082,4264,0.1592469970228637,0.3278267663801764
3195,3222,0.15926278695618545,0.3279383859805782
607,410,0.1592830805673728,0.32805000558098
3621,3750,0.15929138488906544,0.32816162518138187
37,89,0.15931425529716825,0.32827324478178366
161,111,0.15937181419223964,0.3283848643821855
2733,2788,0.1593910918135251,0.32849648398258735
49,12,0.15939275113146986,0.3286081035829892
1054,1103,0.1594173637663747,0.328719723183391
447,452,0.15942140314877834,0.32883134278379283
472,418,0.15948705148027195,0.3289429623841947
3517,3567,0.15948969848954747,0.3290545819845965
7242,6538,0.15951264622511227,0.3291662015849983
8310,8496,0.15953742220311373,0.32927782118540017
1101,1271,0.15953822983389615,0.329389440785802
7152,4147,0.15955582346973315,0.3295010603862038
2644,2718,0.15957295359506754,0.32961267998660565
516,556,0.15958780933362693,0.3297242995870075
3372,3248,0.1596606913309394,0.3298359191874093
1545,1672,0.1596907089721936,0.32994753878781113
1607,1712,0.1597941645595054,0.330059158388213
673,759,0.15980158714150375,0.3301707779886148
2111,2132,0.1598331233991782,0.3302823975890166
925,958,0.15983940835543137,0.33039401718941847
8183,6164,0.1598569047861215,0.3305056367898203
3192,3236,0.15985814050471903,0.3306172563902221
1532,1670,0.15994010747439222,0.33072887599062395
1488,1556,0.15994427499433894,0.3308404955910258
4271,3630,0.16002502628212942,0.3309521151914276
6276,6438,0.16004389395385316,0.33106373479182943
3288,3317,0.1600636792321317,0.3311753543922313
6318,5161,0.16007197101827336,0.3312869739926331
2022,2073,0.16010675568004226,0.3313985935930349
3418,3524,0.16010749426979248,0.33151021319343676
3980,3889,0.16010893476862656,0.3316218327938386
620,508,0.1601163143140297,0.3317334523942404
3085,3101,0.16013146438194542,0.33184507199464225
1292,1379,0.16013381313851305,0.3319566915950441
4659,4343,0.16015238892406766,0.33206831119544594
3504,3643,0.16018611410420788,0.33217993079584773
2010,2102,0.1601942737248952,0.3322915503962496
542,330,0.1602104389588308,0.3324031699966514
434,506,0.16025311732052783,0.3325147895970532
2471,2630,0.1602699188596361,0.33262640919745506
6848,7002,0.1602955677004804,0.3327380287978569
1115,1065,0.16033518889427903,0.33284964839825876
1397,1314,0.1603929336270307,0.33296126799866055
2000,2082,0.1603943672749523,0.3330728875990624
572,550,0.16047000446589146,0.33318450719946424
8013,8010,0.16048791839467658,0.33329612679986603
8040,8106,0.1605157947183032,0.3334077464002679
5816,4005,0.1605469474875672,0.3335193660006697
2057,2041,0.16058423631977534,0.3336309856010716
553,512,0.16063869064808622,0.33374260520147336
2370,2460,0.16064882210256975,0.3338542248018752
8043,8062,0.16065221780529837,0.33396584440227706
7100,5976,0.1607244652135647,0.33407746400267885
3425,3566,0.16078085789416768,0.3341890836030807
2181,2174,0.16080751952107392,0.33430070320348254
3343,3475,0.16081435993376367,0.3344123228038844
8152,6070,0.1608427367147942,0.3345239424042862
3412,3488,0.1608495220473913,0.334635562004688
6339,6316,0.16086696259404534,0.33474718160508987
4854,4613,0.160867479302192,0.33485880120549166
6369,6232,0.16088374473803652,0.3349704208058935
2083,2130,0.16095418264022693,0.33508204040629536
538,332,0.16095467563232038,0.3351936600066972
3366,3468,0.16096484865049931,0.335305279607099
422,348,0.16097235347350994,0.33541689920750084
3406,3490,0.16099596485285608,0.3355285188079027
3352,3339,0.1609970654194159,0.3356401384083045
2109,2136,0.1610150170763355,0.3357517580087063
1300,1398,0.1610584597936401,0.33586337760910817
3342,3301,0.16106463613005853,0.33597499720950996
6358,6358,0.1611033290351581,0.3360866168099118
3297,3311,0.1611375215357182,0.33619823641031366
1073,1097,0.16113993404591306,0.3363098560107155
3318,3263,0.16114796646610094,0.3364214756111173
6771,6552,0.16115135456504578,0.33653309521151914
8029,8088,0.16123506129720172,0.336644714811921
569,442,0.1612640679667927,0.3367563344123228
428,514,0.16127162601944853,0.3368679540127246
107,109,0.16132594141521459,0.33697957361312647
3592,3653,0.16132977198082182,0.3370911932135283
413,422,0.16135138797520282,0.3372028128139301
540,566,0.16140916248313994,0.33731443241433196
341,346,0.161451425382471,0.3374260520147338
768,849,0.1615269845367121,0.3375376716151356
3426,3538,0.16153227406492063,0.33764929121553744
6297,6300,0.16157476321756267,0.3377609108159393
3693,3761,0.16158075905903252,0.33787253041634113
8176,5528,0.16165117520272268,0.3379841500167429
6407,5325,0.1616563591373319,0.33809576961714477
8632,8784,0.1616627753419986,0.3382073892175466
5580,5772,0.1616794729577058,0.3383190088179484
4756,4495,0.16173805288653398,0.33843062841835025
2081,2198,0.16174027997227275,0.3385422480187521
1573,1696,0.16174325905843406,0.33865386761915395
386,322,0.16181171805300895,0.33876548721955574
5812,4677,0.16183505064545636,0.3388771068199576
1079,1101,0.16190252370762878,0.33898872642035943
1492,1612,0.16192922476210908,0.3391003460207612
6867,5494,0.16195695718482306,0.33921196562116307
6821,7012,0.16204288345854892,0.3393235852215649
584,680,0.16209166605281977,0.33943520482196676
1484,1552,0.16209902066303755,0.33954682442236855
520,324,0.1621372478112129,0.3396584440227704
1529,1592,0.16220044930594354,0.33977006362317225
3299,3415,0.16220378010919523,0.33988168322357404
387,426,0.1622046966574909,0.3399933028239759
7668,4841,0.16221061296515835,0.34010492242437773
1060,1193,0.16224664784941734,0.3402165420247796
7081,4971,0.16224876147959327,0.34032816162518137
2077,2140,0.16229333008439858,0.3404397812255832
8397,8568,0.1623107275673245,0.34055140082598506
6561,5307,0.16237011026458742,0.34066302042638685
8567,8682,0.16238894631330456,0.3407746400267887
7227,5750,0.16239395551555572,0.34088625962719055
53,126,0.16241327647445783,0.34099787922759234
1539,1596,0.1624231243279515,0.3411094988279942
2133,2126,0.16247243964526942,0.34122111842839603
8030,8098,0.16249163603910935,0.3413327380287979
3736,3963,0.16251593778151405,0.34144435762919967
8185,8332,0.16251681932539594,0.3415559772296015
357,344,0.16253569133171608,0.34166759683000336
3598,3665,0.16257736295004452,0.34177921643040515
3337,3489,0.16259078735409638,0.341890836030807
3325,3483,0.16264065820862855,0.34200245563120885
2084,2192,0.162645321821782,0.3421140752316107
6819,7020,0.16266463924573094,0.3422256948320125
1067,1159,0.16267090578311494,0.34233731443241433
8634,8770,0.1626740195330228,0.3424489340328162
3865,3801,0.16270569075997043,0.34256055363321797
6577,6768,0.16271045362894992,0.3426721732336198
7990,8052,0.16271690099915312,0.34278379283402166
1046,1047,0.1627629762468478,0.3428954124344235
3341,3473,0.16277655086948867,0.3430070320348253
3399,3418,0.16278235810015068,0.34311865163522715
3202,3234,0.16280861799424687,0.343230271235629
6905,5179,0.16281767531369304,0.3433418908360308
5130,3230,0.16285574501050146,0.34345351043643263
3314,3403,0.16287971183948816,0.3435651300368345
8828,9026,0.16288666650570577,0.3436767496372363
932,962,0.16292358761532633,0.3437883692376381
8651,8740,0.16294160088993048,0.34389998883803996
1114,1149,0.16295873306920314,0.3440116084384418
597,670,0.16301126670416757,0.3441232280388436
3682,3726,0.1630194709695583,0.34423484763924544
8028,8070,0.16303987373383216,0.3443464672396473
8066,8242,0.16304234943312423,0.34445808684004914
1092,1191,0.16311896411562882,0.34456970644045093
8780,8918,0.16315451450121174,0.3446813260408528
2884,2998,0.16315584352022106,0.3447929456412546
8068,5788,0.163185574901138,0.3449045652416564
3280,3313,0.16319451379767044,0.34501618484205826
3701,3765,0.16326282592056238,0.3451278044424601
6587,6742,0.16334031773593458,0.34523942404286195
1371,1322,0.16335476389038545,0.34535104364326374
3088,3233,0.16338154273740477,0.3454626632436656
1110,1257,0.16339646187516962,0.34557428284406744
7972,8148,0.16343033757096473,0.34568590244446923
8137,8258,0.1634741858737345,0.3457975220448711
3143,3231,0.16348115547489275,0.3459091416452729
2197,2162,0.16349196003437716,0.3460207612456747
312,338,0.16358184017670616,0.34613238084607656
322,386,0.16359065285994198,0.3462440004464784
347,406,0.16369056281723413,0.34635562004688025
6626,3558,0.1638253243000671,0.34646723964728204
8559,8694,0.16385049891952932,0.3465788592476839
8564,8712,0.16389437280177374,0.34669047884808574
8747,8894,0.16392017200287884,0.34680209844848753
1765,1860,0.16392729210584214,0.3469137180488894
7998,6034,0.16392737971658788,0.3470253376492912
8801,8948,0.16397982131069203,0.34713695724969307
5594,4749,0.16402032779990527,0.34724857685009486
1102,1165,0.16403825009155384,0.3473601964504967
1600,1711,0.16406035614319603,0.34747181605089855
1078,1177,0.1640621691175904,0.34758343565130034
295,357,0.16406275601588127,0.3476950552517022
3771,3955,0.16408288130901508,0.34780667485210404
3424,3556,0.16411602729208075,0.3479182944525059
6298,6332,0.16411973814415928,0.3480299140529077
1527,1124,0.16414765998667877,0.3481415336533095
6927,5287,0.16416756616780195,0.34825315325371137
8037,7956,0.16418614157220526,0.34836477285411316
5841,3214,0.16426732057646565,0.348476392454515
60,118,0.16428210402500523,0.34858801205491685
5128,4823,0.1642915572197941,0.3486996316553187
6365,6504,0.16431318688266472,0.3488112512557205
7412,5786,0.1643291503287783,0.34892287085612234
2796,2403,0.16435712769277055,0.3490344904565242
3307,3427,0.16439651395125818,0.349146110056926
3532,3611,0.16448560700241616,0.3492577296573278
1372,1296,0.16450010258327544,0.34936934925772967
473,476,0.1645315440611819,0.3494809688581315
1603,1745,0.1645772228326516,0.3495925884585333
3306,3250,0.16459291698828418,0.34970420805893515
2059,2108,0.16460599620157432,0.349815827659337
552,534,0.16460600553224242,0.3499274472597388
466,478,0.16460648196600935,0.35003906686014064
1210,1351,0.1646689453558258,0.3501506864605425
7415,4977,0.164681679640831,0.35026230606094433
6556,6780,0.16468805419359225,0.3503739256613461
6593,6738,0.16470697077802673,0.35048554526174797
619,572,0.1647259833500076,0.3505971648621498
2767,2757,0.16472819979347103,0.3507087844625516
2304,2458,0.16478874458381743,0.35082040406295345
6495,6630,0.16489848701715498,0.3509320236633553
6862,5763,0.16493383789953583,0.3510436432637571
3840,3863,0.16494425724044282,0.35115526286415893
8109,5212,0.16494852862090828,0.3512668824645608
8181,8314,0.16495934474801466,0.35137850206496263
6989,5344,0.1649914116014013,0.3514901216653644
1580,1617,0.16500311644493643,0.35160174126576627
7639,6020,0.16506805368493332,0.3517133608661681
4015,4222,0.16509427077980748,0.3518249804665699
3715,3895,0.16516245040054017,0.35193660006697175
2247,2188,0.16519535367636876,0.3520482196673736
4000,3941,0.16520111080048092,0.35215983926777544
4765,4589,0.16520194963716173,0.35227145886817723
4081,4214,0.165211111232255,0.3523830784685791
103,135,0.16521400498847402,0.3524946980689809
2764,2819,0.1652212840656426,0.3526063176693827
550,544,0.16526855448274308,0.35271793726978456
8639,8764,0.16527856982993305,0.3528295568701864
465,404,0.16528606669467835,0.35294117647058826
8008,7962,0.16530591552934168,0.35305279607099005
2397,2368,0.16531660507556098,0.3531644156713919
4160,3819,0.16537086395406403,0.35327603527179374
1039,1179,0.16541494178985128,0.35338765487219553
4072,4270,0.16543719069740132,0.3534992744725974
8026,8090,0.16546189137853834,0.3536108940729992
3028,3156,0.16547033811641743,0.3537225136734011
3411,3551,0.16547918582156243,0.35383413327380286
1519,1666,0.16547974866523682,0.3539457528742047
4094,4188,0.16549585955168974,0.35405737247460656
3308,3450,0.1655509816554968,0.35416899207500835
1504,1584,0.16562785765485485,0.3542806116754102
1344,1342,0.16563798524817622,0.35439223127581204
1334,1385,0.16564823076779153,0.3545038508762139
3312,3264,0.16569445311687905,0.3546154704766157
6525,6622,0.16572477726002743,0.3547270900770175
6908,7062,0.16574235369256649,0.3548387096774194
7436,5187,0.16574895465379005,0.35495032927782116
7110,5372,0.16576263653682594,0.355061948878223
3761,3793,0.16576573159096245,0.35517356847862486
2094,2110,0.16579816853441876,0.3552851880790267
2760,2821,0.16580632165784434,0.3553968076794285
8163,6834,0.16582999380821578,0.35550842727983034
596,608,0.1658326012390157,0.3556200468802322
1622,1724,0.1658470223203644,0.355731666480634
4073,4236,0.16586494468294563,0.3558432860810358
3988,3945,0.16592072438316122,0.35595490568143767
7287,5227,0.16592654444063085,0.35606652528183946
6563,6730,0.16593692658268033,0.3561781448822413
6625,3716,0.1659774985299772,0.35628976448264316
3842,3674,0.16604785158786609,0.356401384083045
7967,6218,0.166141804470331,0.3565130036834468
3514,3619,0.16614303572771683,0.35662462328384864
8408,8546,0.1661888871122144,0.3567362428842505
8395,8578,0.1661890369907986,0.3568478624846523
7555,5482,0.16619797192521044,0.3569594820850541
1316,1383,0.16620616835647503,0.35707110168545597
2648,2732,0.1662453498642475,0.3571827212858578
3779,3720,0.16630802455390156,0.3572943408862596
3935,3861,0.16633705648292746,0.35740596048666146
2294,2462,0.16634131506384045,0.3575175800870633
3014,3133,0.16636199376541397,0.3576291996874651
2006,2085,0.16640279910375808,0.35774081928786694
6236,6374,0.1664194425800622,0.3578524388882688
936,1039,0.16647645126678967,0.35796405848867063
578,614,0.16651078820421147,0.3580756780890724
6372,6494,0.16653763850979858,0.35818729768947427
7051,5615,0.16653824088345973,0.3582989172898761
7251,5196,0.16658106790131327,0.3584105368902779
3286,3389,0.16661954989927308,0.35852215649067976
50,66,0.16665500538078398,0.3586337760910816
2275,2440,0.1666835182998022,0.35874539569148345
1505,1620,0.1667271054193957,0.35885701529188524
4138,4267,0.16676086849366267,0.3589686348922871
474,536,0.16678942639101185,0.35908025449268893
613,630,0.16680898700668398,0.3591918740930907
6642,6798,0.16687436847110534,0.35930349369349257
6574,6762,0.16688962612775785,0.3594151132938944
4078,4218,0.16704022138783403,0.35952673289429626
7222,5301,0.16705974214435673,0.35963835249469805
6616,4596,0.16707453602765204,0.3597499720950999
1481,1616,0.16707484412650198,0.35986159169550175
6283,6432,0.16707965231539332,0.35997321129590354
6964,7076,0.16708949998695838,0.3600848308963054
3729,3817,0.16711706128042933,0.36019645049670723
3756,3815,0.16712147183689566,0.3603080700971091
512,414,0.16712247584356318,0.36041968969751087
1482,1578,0.16712650999905806,0.3605313092979127
3340,3425,0.1671366778541242,0.36064292889831456
7653,5423,0.16718491219768258,0.36075454849871635
1010,1049,0.16722088303957178,0.3608661680991182
6328,6348,0.1672586695012859,0.36097778769952005
3413,3532,0.16728862766579777,0.3610894072999219
58,71,0.1672899374574967,0.3612010269003237
3596,3663,0.1673259225153182,0.36131264650072553
7980,5717,0.16736220829627424,0.3614242661011274
5830,3290,0.1673666412260538,0.36153588570152917
7491,5422,0.16737612216266792,0.361647505301931
3346,3256,0.16741660254952,0.36175912490233286
2012,2118,0.16744172608101981,0.36187074450273465
6294,5901,0.16747088137156455,0.3619823641031365
3160,3139,0.16752222691024557,0.36209398370353835
7888,5829,0.16753432437729399,0.3622056033039402
6463,6594,0.1675351791888383,0.362317222904342
6319,6200,0.16753752378445533,0.36242884250474383
2700,2840,0.1675423763680119,0.3625404621051457
7781,5415,0.1675594031918894,0.36265208170554747
8584,8776,0.16756174018865894,0.3627637013059493
1047,1031,0.16762280371631816,0.36287532090635116
2389,2512,0.1676374413615722,0.362986940506753
41,168,0.16765749159409302,0.3630985601071548
8044,5723,0.16767693565019856,0.36321017970755665
2363,2464,0.16772054255012114,0.3633217993079585
1585,1726,0.16773986118880657,0.3634334189083603
4477,4289,0.16774583814732358,0.36354503850876213
6595,3936,0.16783173860473524,0.363656658109164
3285,3375,0.16785206890984514,0.3637682777095658
4087,4204,0.16794654129404307,0.3638798973099676
3359,3474,0.1679488309074916,0.36399151691036946
4603,4475,0.16795016815278477,0.3641031365107713
7975,8128,0.16801854613174538,0.3642147561111731
6483,4200,0.16802331147793748,0.36432637571157495
6284,6396,0.1680292149794105,0.3644379953119768
6085,5317,0.16803579675062646,0.36454961491237864
3214,3241,0.16805274655167818,0.36466123451278043
6292,5970,0.1680600857754065,0.3647728541131823
2008,2144,0.1680642251302235,0.3648844737135841
8061,5705,0.16809502573619434,0.3649960933139859
7669,5573,0.16810090934065716,0.36510771291438776
4511,4371,0.1681175994030591,0.3652193325147896
4501,4333,0.16817981058634981,0.36533095211519145
8485,8654,0.16819585082267421,0.36544257171559325
3932,3949,0.16821358863250382,0.3655541913159951
5740,3340,0.1682202256863628,0.36566581091639694
6827,6954,0.16822031113833708,0.36577743051679873
3826,3943,0.1682576523400739,0.3658890501172006
2872,2989,0.16830263563199044,0.3660006697176024
7694,5895,0.16830774443188812,0.36611228931800427
6208,3274,0.1683319332938668,0.36622390891840606
3099,3129,0.16835575682728177,0.3663355285188079
593,488,0.16835885372135306,0.36644714811920975
8626,8778,0.1683604218621856,0.36655876771961154
3199,3123,0.16836537378383326,0.3666703873200134
3087,3135,0.1683841996535223,0.36678200692041524
6335,6488,0.16839832247918682,0.36689362652081703
7224,4330,0.16841395147622504,0.3670052461212189
2744,2877,0.16845140888480162,0.3671168657216207
6776,4970,0.1684793196469338,0.36722848532202257
1156,950,0.168491959719151,0.36734010492242436
2706,2806,0.1685007841419489,0.3674517245228262
1587,1728,0.16850540704327363,0.36756334412322805
5592,3648,0.16860002472382643,0.36767496372362984
2087,2033,0.16863987526823943,0.3677865833240317
1485,1576,0.16865027714120243,0.36789820292443354
2255,2436,0.16866979923256054,0.3680098225248354
3330,3433,0.16867648244516675,0.3681214421252372
2381,2520,0.16872538436841453,0.368233061725639
5615,5067,0.16872939027789208,0.36834468132604087
6920,7052,0.1687377277473225,0.36845630092644266
4,3,0.16873791435053812,0.3685679205268445
3230,3240,0.1687452263429139,0.36867954012724635
3419,3338,0.16878498165830813,0.3687911597276482
7435,5154,0.16885132293051425,0.36890277932805
6459,6103,0.1688531475807248,0.36901439892845184
3431,3370,0.16888611503822126,0.3691260185288537
8170,8312,0.1689069364373668,0.3692376381292555
1616,1730,0.1689542063169654,0.3693492577296573
1370,1304,0.16896307164460167,0.36946087733005917
1312,1326,0.1690288069452068,0.369572496930461
4735,4573,0.16902928485291935,0.3696841165308628
6837,7028,0.16903049527784406,0.36979573613126465
3357,3466,0.16904805648112073,0.3699073557316665
4048,3887,0.16904807893208398,0.3700189753320683
2235,2176,0.169049463245167,0.37013059493247014
4792,4721,0.16907769662357777,0.370242214532872
1066,1125,0.16912765794468373,0.37035383413327383
8370,5683,0.1691464721794791,0.3704654537336756
7657,5262,0.16915096408901653,0.37057707333407747
8198,5957,0.16917078070854324,0.3706886929344793
7377,4404,0.16920301359311904,0.3708003125348811
453,450,0.16923123282765862,0.37091193213528295
1579,1607,0.16931556661475372,0.3710235517356848
3386,3392,0.16931641405119038,0.37113517133608664
8906,6019,0.16932875580290363,0.37124679093648844
3289,3397,0.16933484466413334,0.3713584105368903
4326,4257,0.16933890158013462,0.37147003013729213
7330,4296,0.16938090642495487,0.3715816497376939
4076,4260,0.16942449808286944,0.37169326933809577
7443,4324,0.16942981673737348,0.3718048889384976
515,542,0.16943382860411837,0.3719165085388994
5347,5055,0.1694434229187511,0.37202812813930125
2892,2977,0.1694596244747437,0.3721397477397031
7001,7080,0.16946677929423976,0.37225136734010494
3364,3534,0.16947607772068082,0.37236298694050673
511,408,0.16952999946222336,0.3724746065409086
321,380,0.16953619561448216,0.37258622614131043
2666,2852,0.16956496648983482,0.3726978457417122
514,500,0.1696105497740855,0.37280946534211407
6375,6550,0.16961798918033597,0.3729210849425159
7331,4648,0.16962571087496048,0.37303270454291776
6842,6952,0.16964574601255855,0.37314432414331955
5992,3396,0.16967555977809068,0.3732559437437214
604,602,0.16968334096230894,0.37336756334412324
3995,3947,0.16970267932119312,0.37347918294452503
6666,3994,0.16975382570747205,0.3735908025449269
8553,5877,0.16982726957933295,0.3737024221453287
2204,2104,0.16983854809772486,0.3738140417457306
4890,4845,0.16985463118262922,0.37392566134613237
2262,2418,0.16988623927685864,0.3740372809465342
592,664,0.1699122223307123,0.37414890054693606
2614,2742,0.1699240334072079,0.37426052014733785
1567,1702,0.16995644758314238,0.3743721397477397
3436,3573,0.16998086915151375,0.37448375934814154
3376,3350,0.17008314680652087,0.3745953789485434
3916,3877,0.17014236853785578,0.3747069985489452
4075,4192,0.17014565015240574,0.374818618149347
1569,1587,0.17021275065638197,0.3749302377497489
7919,4974,0.17025329486153878,0.37504185735015066
4844,4809,0.1702746887320301,0.3751534769505525
7463,6031,0.17032050199605236,0.37526509655095436
1543,1605,0.17041928285897293,0.3753767161513562
7434,4674,0.17046775662428035,0.375488335751758
595,620,0.1705323167650059,0.37559995535215984
1306,1393,0.1705544956912166,0.3757115749525617
6235,6250,0.1706072761410932,0.3758231945529635
525,564,0.17064357592142937,0.3759348141533653
7802,4972,0.17070070371782514,0.3760464337537672
6914,6962,0.17078614287648883,0.376158053354169
5352,5149,0.17081206679910826,0.3762696729545708
4810,4711,0.17083181240666856,0.37638129255497266
3144,3225,0.17083973477701725,0.3764929121553745
8563,8710,0.17084072349840465,0.3766045317557763
2669,2756,0.170869672647633,0.37671615135617814
4632,4505,0.17087463596685712,0.37682777095658
1985,2084,0.1708779363623832,0.3769393905569818
2160,2371,0.17090381479464545,0.3770510101573836
59,87,0.1709145325007894,0.3771626297577855
6389,4034,0.17095124029964992,0.3772742493581873
5318,5021,0.1709525301440574,0.3773858689585891
3744,3867,0.1710242250927475,0.37749748855899096
2391,2290,0.17107067164461964,0.3776091081593928
3652,3753,0.17112928625603938,0.3777207277597946
3319,3343,0.17115905208198168,0.37783234736019644
4651,4531,0.17117570555368838,0.3779439669605983
931,987,0.17119743706021148,0.37805558656100013
6644,6810,0.17122220856209214,0.3781672061614019
3653,3755,0.17122948491970694,0.37827882576180377
7989,7946,0.1713697725097964,0.3783904453622056
914,959,0.17140235192929437,0.3785020649626074
1368,1216,0.17144299983248304,0.37861368456300926
6976,7018,0.17145750322364617,0.3787253041634111
7931,6177,0.1714645429245623,0.37883692376381295
3294,3446,0.17151272555319305,0.37894854336421474
4841,4875,0.17152972349719373,0.3790601629646166
3236,3157,0.17156813840230253,0.37917178256501843
3841,3885,0.1716007701774017,0.3792834021654202
8643,8732,0.17160245291426432,0.37939502176582207
3738,3809,0.17162442575664308,0.3795066413662239
2303,2434,0.1716524785358252,0.37961826096662576
3723,3813,0.1716676800643018,0.37972988056702756
917,954,0.17167144870595252,0.3798415001674294
4101,3957,0.1716765158048137,0.37995311976783125
1598,1629,0.1717596657116195,0.38006473936823304
61,142,0.17177524496216498,0.3801763589686349
6893,6736,0.1717788502886277,0.38028797856903673
4824,4865,0.17177895054516013,0.3803995981694386
1064,1131,0.1718798757659969,0.38051121776984037
1608,1667,0.1718904076219108,0.3806228373702422
1301,1340,0.1719033655453963,0.38073445697064406
3201,3262,0.17193163012535898,0.38084607657104586
3276,3452,0.17193516875165474,0.3809576961714477
4097,4172,0.17196642336509327,0.38106931577184955
1364,1234,0.17198119194417769,0.3811809353722514
369,403,0.172003670933492,0.3812925549726532
603,600,0.17200897292798675,0.38140417457305503
1100,1121,0.17205158992376424,0.3815157941734569
6366,4836,0.1721000931499321,0.38162741377385867
3662,3805,0.17215364836587155,0.3817390333742605
6573,6760,0.1721784975313836,0.38185065297466236
3237,3289,0.17227337024853695,0.38196227257506415
2901,3009,0.17228601612803737,0.382073892175466
8486,8660,0.17230018134516206,0.38218551177586785
8839,6203,0.17231902570000215,0.3822971313762697
8581,6145,0.17233823983543023,0.3824087509766715
3141,3279,0.1723388035312461,0.38252037057707333
6568,6720,0.17235366547272357,0.3826319901774752
6496,6698,0.17236808245405552,0.38274360977787697
6987,6938,0.17237900211744714,0.3828552293782788
4161,3965,0.17239520492480806,0.38296684897868066
8112,6135,0.17239714667814304,0.3830784685790825
2876,2970,0.17241691563288822,0.3831900881794843
2072,2089,0.1724269011209099,0.38330170777988615
486,532,0.17248636052555272,0.383413327380288
6985,6832,0.1725079899395359,0.3835249469806898
3870,3837,0.17254344658892573,0.38363656658109163
1080,1155,0.17255724385586324,0.3837481861814935
3946,3903,0.17259504308720613,0.3838598057818953
78,123,0.17260406311072557,0.3839714253822971
2387,2342,0.17265429484039305,0.38408304498269896
7007,6942,0.1726551616366135,0.3841946645831008
2170,2112,0.1727484285460457,0.3843062841835026
8383,8514,0.17274955824118235,0.38441790378390445
6994,6926,0.17277691690736585,0.3845295233843063
501,490,0.17280767293000565,0.38464114298470814
3741,3859,0.17285098708246288,0.38475276258510993
1314,1262,0.17285720114240613,0.3848643821855118
594,610,0.17285902276523327,0.3849760017859136
6887,7036,0.17288959921115332,0.3850876213863154
3278,3441,0.17289635288219854,0.38519924098671726
3769,3869,0.17290423018556114,0.3853108605871191
6133,6003,0.17290825937934146,0.38542248018752095
7071,6822,0.17294403998268928,0.38553409978792275
1048,1085,0.17296383671978158,0.3856457193883246
2646,2730,0.17298069343341077,0.38575733898872644
3275,3470,0.17301674798017153,0.38586895858912823
4223,4269,0.17302371342490253,0.3859805781895301
4506,4489,0.17305111451549107,0.3860921977899319
3282,3435,0.17307226399319553,0.38620381739033377
8036,6213,0.17308530392316498,0.38631543699073556
2364,2546,0.17308801157069764,0.3864270565911374
40,108,0.1730957350907539,0.38653867619153925
7011,7038,0.17314209366797045,0.38665029579194105
2034,2069,0.17316426826198494,0.3867619153923429
6246,6192,0.17318985326620923,0.38687353499274474
2890,2987,0.17321741965451387,0.38698515459314653
4667,4597,0.17323210239307218,0.3870967741935484
930,989,0.1732639839012882,0.3872083937939502
3846,3881,0.17327736879731806,0.38732001339435207
1768,1888,0.17328180504111917,0.38743163299475386
5585,5706,0.17332350934355747,0.3875432525951557
545,466,0.17333295476574095,0.38765487219555755
1766,1887,0.1733407640901823,0.38776649179595934
2725,2772,0.17344109106538377,0.3878781113963612
4906,4837,0.1735179865137442,0.38798973099676304
1318,1232,0.17353807479205377,0.3881013505971649
4110,4265,0.17357459155525556,0.3882129701975667
6613,6734,0.17358578036041483,0.3883245897979685
8732,8473,0.17358672319555649,0.38843620939837037
8338,8510,0.17367134003945273,0.38854782899877216
6682,6626,0.17372367219184945,0.388659448599174
4057,3967,0.17376965336326647,0.38877106819957585
5836,5832,0.17378592660943412,0.3888826877999777
2062,2200,0.17382272466020846,0.3889943074003795
4453,4429,0.17383278778323386,0.38910592700078134
1511,1622,0.17383820330573974,0.3892175466011832
4016,3847,0.17386044926148791,0.389329166201585
3309,3454,0.1738811575722054,0.3894407858019868
70,97,0.17391560559431177,0.38955240540238867
576,372,0.1739306368055621,0.3896640250027905
8693,8483,0.1739354041531992,0.3897756446031923
3264,3215,0.1739465098256077,0.38988726420359415
4465,4441,0.17394990364585805,0.389998883803996
8349,6273,0.17396854926414787,0.3901105034043978
3850,3883,0.1739773404775291,0.39022212300479964
4832,4851,0.17399716045902722,0.3903337426052015
5800,5756,0.17401612749011564,0.39044536220560333
6963,7042,0.17405000819591432,0.3905569818060051
4837,4817,0.17408823193425846,0.39066860140640697
2011,2114,0.174111675748459,0.3907802210068088
3293,3459,0.1741229787216688,0.3908918406072106
4331,4311,0.17413215133336754,0.39100346020761245
1077,1266,0.17415419827889328,0.3911150798080143
6238,3742,0.17415518315133474,0.39122669940841615
1051,1161,0.17420072674462325,0.39133831900881794
5568,5516,0.17420239631723164,0.3914499386092198
3271,3209,0.17425550734052472,0.39156155820962163
1035,1113,0.17426293473532176,0.3916731778100234
1063,1250,0.17426467084758204,0.39178479741042527
2145,2202,0.17432157279625982,0.3918964170108271
3117,3229,0.1743354827311778,0.3920080366112289
6846,6912,0.17434804135510212,0.39211965621163075
6326,6492,0.17435981888278662,0.3922312758120326
376,412,0.1743696062063965,0.39234289541243444
590,662,0.17442524792510028,0.39245451501283624
6566,6640,0.17445527950084402,0.3925661346132381
4086,4106,0.17445793461665762,0.39267775421363993
3178,3235,0.17447380937732826,0.3927893738140417
6864,7048,0.17448501439450032,0.39290099341444357
7198,6902,0.17448909514452074,0.3930126130148454
4789,4819,0.1745051337401674,0.39312423261524726
1053,1157,0.17457151002902907,0.39323585221564905
1592,1601,0.17460052360696926,0.3933474718160509
4567,4509,0.17460252078305213,0.39345909141645274
55,78,0.17460835834943203,0.39357071101685454
38,124,0.17461589025918406,0.3936823306172564
6639,6792,0.1746462533600198,0.39379395021765823
438,456,0.17465837144484583,0.3939055698180601
4786,4867,0.17466871836770007,0.39401718941846187
4339,4295,0.17467708628900339,0.3941288090188637
6995,7008,0.1747202477102415,0.39424042861926556
57,91,0.1747616211560763,0.39435204821966735
8760,7173,0.17477874882384145,0.3944636678200692
3432,3575,0.17480385789266933,0.39457528742047104
2384,2340,0.17484451002901286,0.3946869070208729
3874,3931,0.17486756602822667,0.3947985266212747
2007,2057,0.17493438665260497,0.39491014622167653
1037,1001,0.1749446919307193,0.3950217658220784
3512,3621,0.17500230657705604,0.39513338542248017
4818,4831,0.17500810455119964,0.395245005022882
3852,3831,0.1750101132572608,0.39535662462328386
2704,2800,0.17501883942553695,0.3954682442236857
3311,3502,0.17504185251683432,0.3955798638240875
6579,6678,0.17504311929950891,0.39569148342448934
6992,7050,0.17504847102885038,0.3958031030248912
2765,2621,0.17515197906242083,0.395914722625293
3780,3953,0.1751621153409182,0.3960263422256948
3784,3935,0.17519171284532833,0.3961379618260967
521,494,0.17522942321449778,0.3962495814264985
3595,3681,0.17523844520185358,0.3963612010269003
8807,6375,0.1752619281785727,0.39647282062730216
8403,8544,0.17529117436014643,0.396584440227704
916,981,0.17530851214889803,0.3966960598281058
8180,8342,0.17531606179508655,0.39680767942850764
4361,4301,0.17532147706366677,0.3969192990289095
1593,1599,0.17533005544379882,0.3970309186293113
7959,8170,0.17542712553577075,0.3971425382297131
3370,3420,0.17543678492685424,0.397254157830115
4427,4369,0.17549767041870518,0.3973657774305168
2651,2862,0.17551763842121276,0.3974773970309186
1589,1627,0.1755336644242503,0.39758901663132046
5811,5836,0.17555387775758768,0.3977006362317223
2882,2973,0.1755667556612605,0.3978122558321241
4796,4815,0.17560008736830984,0.39792387543252594
3651,3738,0.1756348963448052,0.3980354950329278
6838,6225,0.17564543522871737,0.39814711463332964
1040,1079,0.17564677597638753,0.3982587342337314
5822,5844,0.1756785126738411,0.3983703538341333
5791,5782,0.1756807671313003,0.3984819734345351
2256,2428,0.17573040504321513,0.3985935930349369
4788,4855,0.17573452780610263,0.39870521263533876
5780,5762,0.17575692154234776,0.3988168322357406
3830,3891,0.17576919389941978,0.39892845183614245
6271,6378,0.17579663912804336,0.39904007143654424
1003,967,0.17579888355737763,0.3991516910369461
5358,5223,0.1757994349083532,0.39926331063734793
4643,4621,0.17584911706897297,0.3993749302377497
4085,4072,0.17587275027477783,0.3994865498381516
6813,6816,0.17588151271084418,0.3995981694385534
43,83,0.17589372802083145,0.39970978903895527
3102,3119,0.17590223154824652,0.39982140863935706
3259,3247,0.1759181641261794,0.3999330282397589
935,1009,0.17593099949585547,0.40004464784016075
7219,6896,0.17594101407954932,0.40015626744056254
934,1067,0.17598129811904795,0.4002678870409644
3283,3484,0.17600141554634885,0.40037950664136623
3049,3125,0.17600940687404412,0.4004911262417681
6844,6928,0.176029914768529,0.40060274584216987
4080,4178,0.17604546607491695,0.4007143654425717
464,464,0.1760835395591494,0.40082598504297356
1302,1290,0.17610236347237856,0.40093760464337536
6716,6796,0.17615422507103828,0.4010492242437772
6983,6988,0.1761685508243404,0.40116084384417905
1036,1175,0.17622107933439554,0.4012724634445809
8876,6707,0.17622497094674128,0.4013840830449827
1009,1017,0.17623111736840777,0.40149570264538453
8836,6989,0.17624972179966578,0.4016073222457864
6944,6936,0.17627525507882089,0.40171894184618817
1602,1695,0.17627959452912131,0.40183056144659
6485,6632,0.17628439697101292,0.40194218104699186
2714,2780,0.17628688492972097,0.40205380064739366
4381,4245,0.17629709234734334,0.4021654202477955
4298,4341,0.17632834419943746,0.40227703984819735
6907,6880,0.17634474340154202,0.4023886594485992
6037,5817,0.1763644341469019,0.402500279049001
7089,7078,0.17637053695617358,0.40261189864940283
3920,3921,0.1763733918780868,0.4027235182498047
3815,3875,0.17639576377843383,0.40283513785020647
8558,8678,0.17640604181609185,0.4029467574506083
467,454,0.17643122508903936,0.40305837705101016
8809,6927,0.1764858795533659,0.403169996651412
1310,1222,0.17655241592986434,0.4032816162518138
6606,6774,0.17665532120841665,0.40339323585221565
3125,3299,0.17665806330793288,0.4035048554526175
4362,4335,0.17671842949837888,0.4036164750530193
3356,3436,0.17673348256340363,0.40372809465342113
8953,7429,0.1767490600372337,0.403839714253823
6902,7004,0.1767531478136286,0.4039513338542248
956,971,0.17676458028703754,0.4040629534546266
2306,2264,0.1767762187762951,0.40417457305502846
2035,2081,0.17680383119292842,0.4042861926554303
1000,1093,0.17689231503090125,0.4043978122558321
5520,5269,0.17690683162410056,0.40450943185623395
3767,3873,0.1769362918311496,0.4046210514566358
3821,3929,0.17694582232899944,0.40473267105703764
460,396,0.1769579306185219,0.40484429065743943
4808,4793,0.17700090577746616,0.4049559102578413
3005,3148,0.17702100337409152,0.4050675298582431
3755,3915,0.17705258350372766,0.4051791494586449
3726,3849,0.1770827924010842,0.40529076905904676
8272,6597,0.17708850312715285,0.4054023886594486
6226,6372,0.17712436323152073,0.40551400825985046
5612,5546,0.17715094200902565,0.40562562786025225
3026,3164,0.17717557621348126,0.4057372474606541
3706,3803,0.17717746860271646,0.40584886706105594
5847,5736,0.17721615726232756,0.40596048666145773
8490,8686,0.1772169093601872,0.4060721062618596
5766,5662,0.17726430580988653,0.4061837258622614
3801,3937,0.17733849518629954,0.40629534546266327
6945,7074,0.17738419672180464,0.40640696506306506
462,470,0.17743691681073875,0.4065185846634669
3377,3294,0.17745108632805268,0.40663020426386876
2345,2559,0.17746119382630574,0.40674182386427055
3320,3442,0.17752612099360107,0.4068534434646724
4269,4173,0.17754742877005178,0.40696506306507424
5687,5784,0.17756221986805784,0.40707668266547603
4894,4202,0.17756486146019712,0.4071883022658779
3775,3857,0.17756826331407574,0.4072999218662797
3166,3282,0.17758804117309612,0.40741154146668157
6886,6920,0.17759390031732658,0.40752316106708336
1034,1091,0.1776064530720215,0.4076347806674852
6630,6784,0.17760673047237444,0.40774640026788705
5924,5796,0.17762964724270686,0.40785801986828885
6213,4626,0.17766625390590074,0.4079696394686907
6270,6270,0.17767681995999454,0.40808125906909254
616,708,0.1776788629633927,0.4081928786694944
2002,2083,0.17772473005203077,0.4083044982698962
8792,7537,0.1777297432639607,0.408416117870298
2401,2561,0.1777360874661478,0.40852773747069987
2361,2390,0.17775154553836736,0.40863935707110166
5855,5846,0.17780527748014985,0.4087509766715035
3949,3975,0.17784234370365393,0.40886259627190535
3493,3605,0.17786063583014217,0.4089742158723072
2752,2809,0.17790714550144418,0.409085835472709
3746,3851,0.1779443165191709,0.40919745507311084
522,502,0.17797519240601775,0.4093090746735127
8633,8748,0.17803972788279399,0.4094206942739145
1341,1306,0.17804904243106556,0.4095323138743163
3891,3933,0.17805003321223062,0.40964393347471817
6147,6083,0.1781408020024399,0.40975555307512
8773,8916,0.17815429952185313,0.4098671726755218
470,530,0.17815546664316625,0.40997879227592365
7053,6884,0.1781801572895942,0.4100904118763255
6597,6706,0.1781918363623897,0.4102020314767273
2261,2416,0.17819259641174084,0.41031365107712914
6538,6628,0.17819501718713238,0.410425270677531
2891,3033,0.17820057787882068,0.41053689027793283
8000,6781,0.17822842342809103,0.4106485098783346
3929,3907,0.1782504408527063,0.41076012947873647
6932,7060,0.17826130864155204,0.4108717490791383
368,401,0.17826647433615617,0.4109833686795401
5578,5734,0.178271401648312,0.41109498827994195
6705,6794,0.17827346975768202,0.4112066078803438
962,975,0.17840164226076638,0.41131822748074565
6891,6964,0.17842328746094568,0.41142984708114744
1588,1633,0.1784646424173003,0.4115414666815493
2357,2468,0.17848721140703222,0.41165308628195113
5681,5468,0.17851692605894925,0.4117647058823529
1289,1389,0.17856144248841294,0.41187632548275477
463,458,0.17857279092463058,0.4119879450831566
8574,6859,0.17858457310865147,0.4120995646835584
2259,2238,0.17859476905458388,0.41221118428396025
3350,3482,0.17864535647815505,0.4123228038843621
3428,3559,0.17865168106350957,0.41243442348476395
614,582,0.1786845979847478,0.41254604308516574
3792,3871,0.17869662791581292,0.4126576626855676
3978,4047,0.1787147560118339,0.41276928228596943
4803,4829,0.1787300059778315,0.4128809018863712
5968,5579,0.17882526519196076,0.41299252148677307
6610,6646,0.17886832461257712,0.4131041410871749
3033,3103,0.17888092994913526,0.41321576068757676
922,968,0.1788958737456191,0.41332738028797855
5742,5640,0.17889994082469016,0.4134389998883804
3253,3315,0.1789007868977338,0.41355061948878225
6075,3862,0.17890099179737629,0.41366223908918404
6878,6956,0.17892065382685612,0.4137738586895859
3820,3829,0.1789311251891732,0.41388547828998773
4056,4261,0.17893589595581277,0.4139970978903896
484,581,0.1789866200702723,0.41410871749079137
2150,2266,0.17898819120771678,0.4142203370911932
939,985,0.17900400621412135,0.41433195669159506
4166,4170,0.1790089601253565,0.41444357629199685
3834,3917,0.17903041341671172,0.4145551958923987
6836,6940,0.17905640429994843,0.41466681549280054
2686,2826,0.17908962778733542,0.4147784350932024
6076,5630,0.17908964242324213,0.4148900546936042
4319,4207,0.17909716609779502,0.41500167429400603
4309,4321,0.1791167259519685,0.4151132938944079
7059,6886,0.17911785843001263,0.41522491349480967
3713,3807,0.1791568874009014,0.4153365330952115
5947,3752,0.17918864638679832,0.41544815269561336
83,105,0.17919615592867189,0.4155597722960152
2076,2075,0.17919667108928605,0.415671391896417
3336,3494,0.1792192414121784,0.41578301149681884
5685,5834,0.17922171597317693,0.4158946310972207
3415,3376,0.17926362799477505,0.4160062506976225
1296,1254,0.1793152414019199,0.41611787029802433
8350,8487,0.17936331140136905,0.4162294898984262
3205,3323,0.17939170614322764,0.416341109498828
4248,4220,0.17940746601858942,0.4164527290992298
6949,7006,0.17941941936612502,0.41656434869963166
5711,5548,0.1794267731816458,0.4166759683000335
4157,4210,0.17944641529127936,0.4167875879004353
2687,2822,0.17945809260330783,0.41689920750083714
3976,4041,0.17946850928891134,0.417010827101239
419,504,0.17947215418418064,0.4171224467016408
6928,6996,0.17948312668611896,0.4172340663020426
4635,4148,0.17949016339112717,0.4173456859024445
8628,8766,0.17949056674912572,0.4174573055028463
951,956,0.17951123004312708,0.4175689251032481
8094,7009,0.17951614511258845,0.41768054470364996
4778,4861,0.17952378256119714,0.4177921643040518
6943,6934,0.1795470398876321,0.4179037839044536
3292,3365,0.17955980148959008,0.41801540350485544
3204,3221,0.17956165445755376,0.4181270231052573
4167,4263,0.17957458424466888,0.41823864270565914
3022,3158,0.17959599033615295,0.4183502623060609
4679,4180,0.17959966180866763,0.4184618819064628
574,604,0.17960762713632888,0.4185735015068646
3363,3416,0.17961443898326426,0.4186851211072664
6690,6800,0.17965954360428782,0.41879674070766826
7031,7058,0.17974495855004102,0.4189083603080701
4592,4549,0.17975616912004044,0.41901997990847195
947,983,0.17976367971785492,0.41913159950887374
7022,6900,0.17979182780982653,0.4192432191092756
8308,8504,0.17981190261918178,0.41935483870967744
4258,4155,0.17982708377946655,0.4194664583100792
4417,4425,0.17986128401888427,0.4195780779104811
4315,4443,0.1798617325546804,0.4196896975108829
4049,4092,0.17986592300117013,0.41980131711128477
4083,4124,0.17988373022068646,0.41991293671168656
3304,3438,0.17988964907159632,0.4200245563120884
4169,4136,0.17994864708955477,0.42013617591249025
904,953,0.17995871116570436,0.42024779551289204
7047,7070,0.1799897236281881,0.4203594151132939
3754,3843,0.17999309470062325,0.42047103471369573
5301,5540,0.1799971696312676,0.4205826543140976
424,370,0.18000807942774572,0.4206942739144994
4901,4258,0.1801028432434414,0.4208058935149012
4773,4056,0.18010724821292565,0.42091751311530307
5674,5650,0.18012077824161093,0.42102913271570486
954,991,0.18012289043986085,0.4211407523161067
5566,5758,0.18012996273823279,0.42125237191650855
5490,4238,0.1801402920625574,0.4213639915169104
2023,2097,0.18016718007111537,0.4214756111173122
5723,5752,0.18018513605079695,0.42158723071771403
1984,2094,0.18021242187925007,0.4216988503181159
6824,6904,0.18022887603302679,0.42181046991851767
4294,4325,0.18027286121303715,0.4219220895189195
2358,2472,0.18029131109326743,0.42203370911932137
1572,1722,0.18031356858899963,0.42214532871972316
3317,3537,0.18033693450629015,0.422256948320125
575,580,0.1803405231078113,0.42236856792052685
4079,4154,0.1803468935380895,0.4224801875209287
6582,6758,0.1803523815790222,0.4225918071213305
6605,6704,0.18037207031751412,0.42270342672173233
6863,6924,0.18038430485907167,0.4228150463221342
6936,7016,0.18039554227031895,0.42292666592253597
4761,4745,0.18040690941361537,0.4230382855229378
6940,7040,0.18041605832566446,0.42314990512333966
8380,8520,0.18041934396506842,0.4232615247237415
3298,3355,0.18042413341303307,0.4233731443241433
2100,2059,0.1804344898454427,0.42348476392454515
3778,3853,0.18052444231735343,0.423596383524947
5950,5720,0.18056366608673727,0.4237080031253488
6049,5670,0.1805870319232277,0.42381962272575063
6755,6740,0.18061198332964032,0.4239312423261525
6257,6073,0.18064335707112966,0.4240428619265543
2377,2304,0.1806484753694891,0.4241544815269561
4368,4250,0.1806542075683518,0.42426610112735796
4760,4739,0.18065667372584315,0.4243777207277598
6817,6958,0.18066302913337903,0.4244893403281616
4981,4582,0.1806927046949839,0.42460095992856345
6142,6069,0.18070226065106,0.4247125795289653
5786,5824,0.18072022871127702,0.42482419912936714
6783,6650,0.1807407127824918,0.42493581872976893
4198,4198,0.18074967488506616,0.4250474383301708
4895,4891,0.18077026005204347,0.4251590579305726
6899,7026,0.18078036972247274,0.4252706775309744
6868,7046,0.18078590210543086,0.42538229713137626
4629,4631,0.18079978422699017,0.4254939167317781
5684,5742,0.18080064017478717,0.42560553633217996
7970,7964,0.18082919911135387,0.42571715593258175
5535,5740,0.18084890600219852,0.4258287755329836
3142,3159,0.1808876143296492,0.42594039513338544
8394,7605,0.1809206998228982,0.42605201473378723
7074,7072,0.18093321217555403,0.4261636343341891
4254,4167,0.1809416879778035,0.4262752539345909
429,376,0.1810239896449584,0.42638687353499277
6218,6276,0.18103378430400613,0.42649849313539456
399,480,0.18106767014642294,0.4266101127357964
900,963,0.18107325729389265,0.42672173233619826
493,528,0.18107368867521226,0.42683335193660005
6632,6642,0.1810801284840417,0.4269449715370019
4478,4473,0.18115932530249,0.42705659113740374
3147,3173,0.18118287669021627,0.42716821073780553
2048,2232,0.18118429286425133,0.4272798303382074
6901,7064,0.18118972424980195,0.4273914499386092
5582,5710,0.1812044647431684,0.42750306953901107
4279,4291,0.18127461556917415,0.42761468913941286
4186,4138,0.18128926629429332,0.4277263087398147
3179,3327,0.18128935891343537,0.42783792834021656
2252,2448,0.18136005539661712,0.42794954794061835
6601,6694,0.1814212567293146,0.4280611675410202
4489,4493,0.18146051740392646,0.42817278714142204
6619,6712,0.18146235737451938,0.4282844067418239
6742,6802,0.18146695003723964,0.4283960263422257
5531,5704,0.18148430604364496,0.4285076459426275
4136,4283,0.18150312729328003,0.42861926554302937
8947,8031,0.1815231199134998,0.42873088514343116
8594,7805,0.18152841387026997,0.428842504743833
3226,3444,0.1815787066810941,0.42895412434423486
5605,4942,0.181590443380422,0.4290657439446367
47,45,0.18160500358790294,0.4291773635450385
6001,4684,0.18162065607519895,0.42928898314544034
5676,5724,0.1816233075458739,0.4294006027458422
1578,1623,0.1816313806482832,0.429512222346244
4971,4934,0.1816805981536116,0.4296238419466458
5575,5299,0.18168450270523204,0.42973546154704767
8354,8459,0.18168966336526515,0.4298470811474495
6233,6370,0.18171536291283075,0.4299587007478513
4737,4444,0.1817641292073526,0.43007032034825315
8831,8757,0.18176431842928853,0.430181939948655
1295,1278,0.18181200943470752,0.4302935595490568
4607,4492,0.18183153263351354,0.43040517914945864
6962,7084,0.18188697343415527,0.4305167987498605
2747,2755,0.18189065860072773,0.43062841835026233
1032,1089,0.1819040275214345,0.4307400379506641
6224,6302,0.181914147921817,0.43085165755106597
4314,4437,0.18193388850943773,0.4309632771514678
4784,4416,0.18198790985188587,0.4310748967518696
3365,3388,0.1820025025901113,0.43118651635227145
2073,2204,0.18203900778155294,0.4312981359526733
3349,3348,0.18206531412456262,0.43140975555307515
6925,6842,0.1820763238698719,0.43152137515347694
6156,6075,0.18208369558271084,0.4316329947538788
901,972,0.18210875455765793,0.43174461435428063
6034,5983,0.18211580004407107,0.4318562339546824
2318,2470,0.1821270579912163,0.43196785355508427
4772,4873,0.18213541110765288,0.4320794731554861
4689,4480,0.18215024867610133,0.4321910927558879
6959,7032,0.18215473392394754,0.43230271235628975
6816,6946,0.18215679208089802,0.4324143319566916
3404,3539,0.1821635348488807,0.43252595155709345
4370,4410,0.18220053616465723,0.43263757115749524
6108,5774,0.18220238552125853,0.4327491907578971
1601,1661,0.18222176021700645,0.43286081035829893
6922,7156,0.1822352834246658,0.4329724299587007
1291,1384,0.1822439288849315,0.43308404955910257
4139,4255,0.1822649440366413,0.4331956691595044
6809,6818,0.18227681792453446,0.43330728875990626
3730,3911,0.18227944816669045,0.43341890836030805
5773,5686,0.18228594882751387,0.4335305279607099
1099,1243,0.18229783595220553,0.43364214756111175
5636,5568,0.18234408368723906,0.43375376716151354
6243,6352,0.1823526189708278,0.4338653867619154
6658,6732,0.1823670365794488,0.43397700636231723
7199,7104,0.1823684027534224,0.4340886259627191
4387,4318,0.18238965503437646,0.43420024556312087
5758,5842,0.18244152880552233,0.4343118651635227
4359,4365,0.18244701173026387,0.43442348476392456
2099,2218,0.18245255016380496,0.43453510436432635
3316,3480,0.18246049266050135,0.4346467239647282
8825,8703,0.18249310020536186,0.43475834356513005
2869,2983,0.1825011731307462,0.4348699631655319
2468,2495,0.1825103704992421,0.4349815827659337
5642,5768,0.18251659893122085,0.43509320236633553
6481,6636,0.18254478220670398,0.4352048219667374
3189,3319,0.18260473272152553,0.43531644156713917
6953,6898,0.1826204241943177,0.435428061167541
4725,4685,0.1826265013111273,0.43553968076794286
5715,5718,0.1826587596095125,0.4356513003683447
4281,4339,0.18266423123353254,0.4357629199687465
994,1011,0.18266485422895998,0.43587453956914834
4147,4279,0.18270756621933734,0.4359861591695502
5350,5536,0.1827634730393369,0.436097778769952
3808,3927,0.18276689311672287,0.43620939837035383
4954,4911,0.18281406306534187,0.4363210179707557
6916,6333,0.18284213164491286,0.4364326375711575
3266,3291,0.1828691571927489,0.4365442571715593
6915,7022,0.182876729078633,0.43665587677196116
3165,3329,0.18291824775941679,0.436767496372363
1286,1364,0.1829234231262851,0.4368791159727648
4920,4881,0.1829394617211609,0.43699073557316664
4290,4347,0.18294415290222119,0.4371023551735685
993,1099,0.18294653198344646,0.4372139747739703
421,460,0.18299625581385107,0.43732559437437213
2738,2575,0.18300351246211788,0.437437213974774
1348,1138,0.18301716065965884,0.4375488335751758
4969,4946,0.183051897199145,0.4376604531755776
2721,2885,0.18312795886845518,0.43777207277597946
3888,3925,0.18312929291742294,0.4378836923763813
8950,9118,0.18314569379159723,0.4379953119767831
5699,5748,0.1831503505551584,0.43810693157718494
4584,4278,0.18315672206620653,0.4382185511775868
2701,2061,0.18316821981939307,0.43833017077798864
6895,7034,0.18325715262974035,0.43844179037839043
5603,5564,0.18329608656530533,0.4385534099787923
5537,5732,0.18334491270503833,0.4386650295791941
4197,4132,0.18336147917446213,0.4387766491795959
4424,4453,0.18340243294712708,0.43888826877999776
4401,4418,0.18343854596106043,0.4389998883803996
7229,7136,0.18344342341632283,0.43911150798080145
6633,6778,0.1834469086980786,0.43922312758120324
4433,4485,0.183452175350018,0.4393347471816051
6548,6728,0.18345953347228589,0.43944636678200694
3429,3563,0.1834633110699523,0.4395579863824087
4347,4431,0.18349972358558314,0.4396696059828106
1509,1646,0.18350900853449684,0.4397812255832124
5698,5648,0.18352736369516962,0.43989284518361427
5671,5780,0.18354996719709443,0.44000446478401606
3231,3177,0.18357921306933114,0.4401160843844179
4973,4904,0.1835852147438021,0.44022770398481975
4274,4213,0.18360047143475877,0.44033932358522154
411,402,0.18360249845216897,0.4404509431856234
4069,4084,0.183620252271978,0.44056256278602524
4047,4190,0.18362801460371944,0.4406741823864271
4715,4719,0.18365351924008907,0.4407858019868289
4190,4120,0.18365442938481527,0.4408974215872307
4553,4527,0.18368393307570863,0.44100904118763257
423,366,0.18371802074268231,0.44112066078803436
51,92,0.18372835041827643,0.4412322803884362
4538,4362,0.18377502718501246,0.44134389998883805
25,82,0.18380614917328253,0.4414555195892399
5514,5512,0.18386394536864448,0.4415671391896417
5613,5660,0.18388764460896173,0.44167875879004354
6654,6782,0.18390567241553038,0.4417903783904454
6744,6790,0.18390958578526706,0.4419019979908472
7168,7140,0.18392251626451803,0.442013617591249
5775,5990,0.18397518313978858,0.44212523719165087
8557,8708,0.18402120645673803,0.44223685679205266
3274,3417,0.1840316002510749,0.4423484763924545
3339,3432,0.184040896045441,0.44246009599285635
3759,3942,0.1840423696695467,0.4425717155932582
1294,1282,0.1840596618855354,0.44268333519366
5661,5642,0.1840692163495994,0.44279495479406183
3904,3899,0.18407805097756494,0.4429065743944637
8458,8457,0.18408760189663945,0.4430181939948655
3083,3227,0.18409468581968072,0.4431298135952673
4050,4102,0.1840957972887162,0.44324143319566917
4639,4544,0.1841103042135641,0.443353052796071
2735,2875,0.18413103646997683,0.4434646723964728
4245,4186,0.1841530657049654,0.44357629199687465
7981,8114,0.1841611588156366,0.4436879115972765
5650,5446,0.1841682468641796,0.4437995311976783
3239,3305,0.1841775576405092,0.44391115079808013
5882,5938,0.18421813378700538,0.444022770398482
4364,4358,0.18422472355818917,0.4441343899988838
1297,1300,0.18422837848399937,0.4442460095992856
52,94,0.18424506574440702,0.44435762919968746
4241,4285,0.18425771920111936,0.4444692488000893
5887,5892,0.18425819273445299,0.4445808684004911
928,1018,0.18426908242572662,0.44469248800089295
3878,3923,0.18427288650895993,0.4448041076012948
6229,6368,0.18427715815401466,0.44491572720169664
2459,2651,0.1842804100226228,0.44502734680209843
3133,3171,0.18430767651787885,0.4451389664025003
4583,4629,0.18432005919146138,0.4452505860029021
6861,6918,0.18434111064258094,0.4453622056033039
5826,5904,0.18435659205337848,0.44547382520370576
4288,4361,0.18439370760667054,0.4455854448041076
5544,5502,0.18440657917542624,0.44569706440450946
7978,7912,0.18440952483634734,0.44580868400491125
3295,3357,0.18447487140678542,0.4459203036053131
5414,5518,0.18453210133068176,0.44603192320571494
329,374,0.18454775373880553,0.44614354280611673
1252,1417,0.18456056338968954,0.4462551624065186
4330,4435,0.18457076934040273,0.4463667820069204
1483,1630,0.184577073267102,0.4464784016073223
4042,4134,0.18461159074738337,0.44659002120772406
4126,4307,0.1846354913784913,0.4467016408081259
3977,4023,0.18465713416218482,0.44681326040852776
414,496,0.18466264197050325,0.44692488000892955
5596,5744,0.1847097547973574,0.4470364996093314
8600,8463,0.18472574506258646,0.44714811920973324
4376,4439,0.18476999583799789,0.44725973881013503
1247,1367,0.18477183006467124,0.4473713584105369
6575,6750,0.18482521822101297,0.4474829780109387
1576,1681,0.18485376202189627,0.44759459761134057
2465,2515,0.18486250370280696,0.44770621721174236
5817,5912,0.18487997183765087,0.4478178368121442
4418,4459,0.1849200963469773,0.44792945641254606
6586,6680,0.1849370684185256,0.44804107601294785
8360,8465,0.1849383935078546,0.4481526956133497
4255,4309,0.1849736831616885,0.44826431521375154
4219,4076,0.18497733094752417,0.4483759348141534
918,997,0.18499571940894646,0.4484875544145552
8743,8713,0.18503468836388876,0.448599174014957
4445,4314,0.1850405166743471,0.44871079361535887
2568,2537,0.18508477610319743,0.44882241321576066
1007,1111,0.18511835078173244,0.4489340328161625
4251,4127,0.18514321242171208,0.44904565241656436
4252,4114,0.18516825933305764,0.4491572720169662
4159,4126,0.18517195946384482,0.449268891617368
2302,2244,0.18519165641070218,0.44938051121776984
7145,7086,0.18523453408633955,0.4494921308181717
5819,5896,0.18526560476411802,0.4496037504185735
4291,4367,0.18533178646028894,0.4497153700189753
5865,5862,0.1853776578408098,0.44982698961937717
1472,1585,0.18537912887473879,0.449938609219779
2301,2248,0.18539219493299802,0.4500502288201808
4182,4372,0.18539488355326905,0.45016184842058266
3781,3839,0.1853968032469631,0.4502734680209845
6882,7068,0.18539687727379356,0.4503850876213863
1549,1631,0.1854038679584313,0.45049670722178814
5346,5524,0.18542982780845205,0.45060832682219
5889,5856,0.18544334188212044,0.45071994642259183
6896,6998,0.18545085690463306,0.4508315660229936
4412,4401,0.18546203341302708,0.45094318562339547
7602,7160,0.1855046512928857,0.4510548052237973
3358,3330,0.18552199848703346,0.4511664248241991
8311,8472,0.18558548544113257,0.45127804442460095
4074,4128,0.18559084779882407,0.4513896640250028
2293,2438,0.1855984973889077,0.45150128362540465
2751,2725,0.18564968255727746,0.45161290322580644
6954,6992,0.18565806279139457,0.4517245228262083
5797,5884,0.1856805892944846,0.45183614242661013
3263,3413,0.18568255355224375,0.4519477620270119
6254,6115,0.18568634162255354,0.45205938162741377
363,394,0.1856896324816325,0.4521710012278156
2466,2551,0.18569278801695394,0.4522826208282174
5308,5283,0.185747159405773,0.45239424042861925
4960,4935,0.1857578071980293,0.4525058600290211
5084,4634,0.18578862108029065,0.45261747962942295
3344,3545,0.1857995057506514,0.45272909922982474
6071,5974,0.18580406577126268,0.4528407188302266
586,634,0.18580440860849953,0.45295233843062843
2268,2380,0.18584766086795215,0.4530639580310302
6764,6722,0.18588188597780847,0.45317557763143207
4150,4010,0.18588423920629915,0.4532871972318339
5415,5520,0.18592064535511463,0.45339881683223576
3823,3913,0.18593012189908303,0.45351043643263755
2670,2764,0.18593711421164782,0.4536220560330394
5599,5754,0.18595443921261576,0.45373367563344125
4239,3978,0.18600353084076818,0.45384529523384304
3786,3835,0.1860555153556749,0.4539569148342449
2677,2844,0.18607963754315326,0.45406853443464673
5763,5806,0.1861107266785827,0.4541801540350486
3687,3730,0.18611575020582036,0.45429177363545037
4617,4558,0.1861286355235492,0.4544033932358522
6286,6324,0.18615004966518928,0.45451501283625406
6241,6109,0.18616085127856596,0.45462663243665585
6948,7082,0.18618576398917716,0.4547382520370577
5567,5618,0.1862147460601904,0.45484987163745955
4474,4420,0.186215555683717,0.4549614912378614
4722,4735,0.1862185468307044,0.4550731108382632
4257,4228,0.18623864598451514,0.45518473043866503
2469,2503,0.18624215224105856,0.4552963500390669
996,1119,0.18626507350933716,0.45540796963946867
4246,4290,0.1862751114894364,0.4555195892398705
5171,5049,0.18631396948861428,0.45563120884027236
2360,2296,0.18632117850908847,0.4557428284406742
5930,5864,0.1863345895953096,0.455854448041076
4129,4161,0.18636821654203806,0.45596606764147785
1290,1368,0.18644190669944358,0.4560776872418797
5063,4983,0.1864519958999308,0.4561893068422815
3973,3999,0.1864555404666472,0.45630092644268333
7968,8056,0.18646976113170705,0.4564125460430852
4750,4797,0.18648185461994343,0.456524165643487
8023,7819,0.1865039363204901,0.4566357852438888
4235,4305,0.18650628237853853,0.45674740484429066
4004,3964,0.186548228645471,0.4568590244446925
6775,6804,0.1865565946673767,0.4569706440450943
4638,4671,0.18655659936449492,0.45708226364549615
5434,4834,0.18657686513695118,0.457193883245898
2320,2478,0.18659948144814525,0.4573055028462998
8840,8859,0.18661010970840705,0.45741712244670163
2570,2397,0.18661143833450958,0.4575287420471035
2448,2373,0.18661184160670377,0.4576403616475053
8889,8619,0.1866240502372838,0.4577519812479071
2356,2454,0.18664030965837633,0.45786360084830896
3805,3879,0.1866775217971629,0.4579752204487108
3360,3318,0.1866990954584164,0.4580868400491126
3152,3309,0.18676032471749587,0.45819845964951444
937,990,0.18680073668949768,0.4583100792499163
4122,4116,0.18681119531495527,0.45842169885031814
4569,4625,0.1868251994226527,0.45853331845071993
4140,4175,0.18686050772164203,0.4586449380511218
7974,8084,0.18687415301744395,0.4587565576515236
2580,2361,0.18687817478962834,0.4588681772519254
5530,5610,0.18689773284513353,0.45897979685232726
6832,6844,0.18691539103628538,0.4590914164527291
3139,3163,0.18694954855918106,0.45920303605313095
6703,6716,0.18696206112432626,0.45931465565353274
5545,5616,0.18696880706294752,0.4594262752539346
2578,2505,0.18697357929876493,0.45953789485433644
4367,4506,0.18699409394244462,0.45964951445473823
4178,4284,0.18700565193157104,0.4597611340551401
3184,3219,0.1870244954167801,0.4598727536555419
4142,4292,0.18709064707766618,0.45998437325594377
5519,5530,0.18711207655684886,0.46009599285634556
2457,2555,0.18712000663658077,0.4602076124567474
4045,4088,0.18714150327087326,0.46031923205714925
8107,7683,0.1871496430860874,0.46043085165755104
7366,7142,0.18715557377102773,0.4605424712579529
5035,4644,0.1871593250639355,0.46065409085835474
5634,5348,0.18715959945021515,0.4607657104587566
999,1073,0.18716082812337034,0.4608773300591584
6935,7066,0.18716824568355306,0.4609889496595602
5680,5794,0.1871746294285231,0.46110056925996207
3960,3950,0.18719919932411125,0.46121218886036386
4513,4542,0.1872555059102945,0.4613238084607657
4168,4153,0.1872650306205657,0.46143542806116755
1978,2095,0.18726928149038238,0.4615470476615694
8520,8323,0.1872882262968085,0.4616586672619712
5946,5693,0.1873169743993078,0.46177028686237304
5734,5850,0.1873818959038583,0.4618819064627749
4990,4842,0.18738738811529435,0.4619935260631767
4342,4398,0.18740538178780997,0.4621051456635785
4706,4620,0.1874216889315405,0.46221676526398037
4518,4478,0.18743342847421987,0.46232838486438216
4356,4394,0.1874398212730744,0.462440004464784
5732,5828,0.18745475233771663,0.46255162406518585
970,965,0.18746400472369265,0.4626632436655877
8696,8833,0.18746602269097698,0.4627748632659895
2577,2579,0.18747651911498825,0.46288648286639134
8730,8787,0.18747668011272248,0.4629981024667932
7123,7106,0.18748960407281937,0.463109722067195
1269,1372,0.18750489787245703,0.4632213416675968
4405,4508,0.18750838059593755,0.46333296126799867
915,993,0.1875256999866348,0.4634445808684005
8694,8677,0.18753029483848188,0.4635562004688023
4115,4096,0.1875551622628618,0.46366782006920415
4234,4303,0.187569599117955,0.463779439669606
8721,8825,0.18758022131611066,0.4638910592700078
2558,2339,0.18760890459600219,0.46400267887040963
989,1105,0.18762002703344288,0.4641142984708115
7282,7132,0.18762573142289196,0.46422591807121333
6029,5967,0.1876333470707066,0.4643375376716151
3950,4017,0.1876402698351332,0.46444915727201697
8473,8461,0.18769597177403713,0.4645607768724188
6687,6812,0.18769718164368193,0.4646723964728206
5616,5840,0.18770532189188513,0.46478401607322245
5846,5866,0.1877178469014961,0.4648956356736243
5572,5674,0.18772734941723349,0.46500725527402614
5184,4890,0.1877466389698703,0.46511887487442793
3110,3149,0.18774707401196458,0.4652304944748298
7167,6559,0.18775354183368753,0.4653421140752316
4344,4322,0.18777310965884259,0.4654537336756334
3794,3893,0.18779829467099976,0.46556535327603527
8735,8697,0.18779952326582577,0.4656769728764371
2151,2252,0.1878220745796385,0.46578859247683896
2421,2501,0.18783094054169736,0.46590021207724075
492,570,0.18784690779270735,0.4660118316776426
8802,8771,0.1878813985597522,0.46612345127804444
7966,8076,0.1878943415937786,0.46623507087844623
3024,3168,0.1879159014817125,0.4663466904788481
5809,5932,0.1879198388931604,0.4664583100792499
1833,1943,0.18793189185902934,0.4665699296796518
3233,3278,0.18794560784650916,0.46668154928005356
5833,5936,0.18796638843437777,0.4667931688804554
6509,6517,0.18796741256211988,0.46690478848085726
6219,6206,0.1879961412515572,0.46701640808125905
4547,4581,0.18800392617730252,0.4671280276816609
4127,3990,0.18800818868360397,0.46723964728206274
4092,4021,0.18801621611897512,0.46735126688246453
4697,4813,0.188043193108039,0.4674628864828664
2742,2845,0.18805266009678326,0.4675745060832682
2328,2430,0.18806934463575717,0.4676861256836701
4137,4196,0.1880829031365887,0.46779774528407186
2656,2838,0.18810131958069626,0.4679093648844737
5863,5972,0.18810797857743772,0.46802098448487556
5901,5988,0.18812398141333844,0.46813260408527735
4189,4294,0.1881569960792256,0.4682442236856792
6215,6248,0.1881837117280032,0.46835584328608104
6657,6700,0.1881913137249722,0.4684674628864829
5859,5910,0.18819923663635832,0.4685790824868847
2879,2974,0.1882164589460683,0.4686907020872865
346,354,0.18821855438588805,0.4688023216876884
4534,4510,0.1882340295367014,0.46891394128809016
2476,2557,0.18827079311173994,0.469025560888492
8423,8475,0.18827743760395388,0.46913718048889386
5506,5510,0.1882787134104004,0.4692488000892957
5529,5612,0.1882793129564182,0.4693604196896975
4559,4609,0.18830181221975786,0.46947203929009934
4550,4554,0.18836531916715482,0.4695836588905012
8943,8839,0.1883905332831192,0.469695278490903
8339,8485,0.18842546627758855,0.4698068980913048
2732,2881,0.18842754458659003,0.46991851769170667
5211,5125,0.18842992862106306,0.4700301372921085
4249,4299,0.18843018679966073,0.4701417568925103
1293,1246,0.18843352029742363,0.47025337649291216
8744,8723,0.18847022988713608,0.470364996093314
1487,1579,0.18847338170555553,0.4704766156937158
7973,8086,0.188476895629122,0.47058823529411764
6519,6519,0.18850296231925334,0.4706998548945195
4504,4501,0.1885076284119634,0.47081147449492133
3222,3275,0.18851415051751114,0.4709230940953231
6754,6714,0.1885230587026477,0.47103471369572497
401,510,0.18853445054747503,0.4711463332961268
5718,5934,0.1885344541124362,0.4712579528965286
4512,4440,0.18854866648146756,0.47136957249693046
5411,5522,0.18854913180175145,0.4714811920973323
944,978,0.18860315447048287,0.47159281169773415
1515,1583,0.18862325477427538,0.47170443129813594
2517,2521,0.18864951065352664,0.4718160508985378
8392,8570,0.1886499925385429,0.47192767049893963
6721,6776,0.1886613917121118,0.4720392900993414
5712,5830,0.18869793959158815,0.47215090969974327
6269,6185,0.1886996595434826,0.4722625293001451
8849,8863,0.18870998035859374,0.4723741489005469
6434,6291,0.18873457744997515,0.47248576850094876
4460,4446,0.1887372170646779,0.4725973881013506
4022,3983,0.18875056093564627,0.47270900770175245
6035,5986,0.188760806505318,0.47282062730215424
6608,6660,0.18876540094229666,0.4729322469025561
8532,8493,0.18878758541201876,0.47304386650295793
6774,6373,0.1888016653568466,0.4731554861033597
6053,5872,0.18880775797019309,0.47326710570376157
1038,1123,0.18881072677168476,0.4733787253041634
8733,8845,0.1888414604246255,0.47349034490456526
5928,5920,0.18884208108891862,0.47360196450496705
8590,8505,0.18885344409951874,0.4737135841053689
3947,4131,0.18885411933522478,0.47382520370577075
7766,7293,0.18885539673263224,0.47393682330617254
6228,6334,0.1888640153872588,0.4740484429065744
5980,5913,0.18887395657094475,0.47416006250697623
7244,7168,0.18889451143555389,0.4742716821073781
6712,6676,0.1889585491260475,0.47438330170777987
4154,4234,0.1889633695264228,0.4744949213081817
5621,5722,0.18897592942608205,0.47460654090858356
8745,8741,0.18899260505504392,0.47471816050898535
4519,4520,0.18899860406352234,0.4748297801093872
6683,6808,0.18902510879875997,0.47494139970978905
7877,7545,0.18902557582303037,0.4750530193101909
4498,4548,0.18903852655369274,0.4751646389105927
8729,8827,0.1890451209686317,0.47527625851099453
4318,4421,0.1890499040477442,0.4753878781113964
3193,3197,0.18905037566867122,0.47549949771179817
1544,1673,0.18906304198331347,0.4756111173122
5796,5858,0.18907011921730404,0.47572273691260186
7963,7708,0.18907313819932967,0.4758343565130037
5745,5808,0.18908201060163352,0.4759459761134055
2352,2456,0.18908321629528302,0.47605759571380735
5132,4896,0.1890874021651086,0.4761692153142092
5110,5097,0.189089347226169,0.476280834914611
4910,4901,0.1890906144492856,0.47639245451501283
3827,3971,0.1891009236416571,0.4765040741154147
5377,5514,0.1891451261459943,0.4766156937158165
5656,5760,0.189156708002751,0.4767273133162183
7988,7829,0.18917250158843113,0.47683893291662016
6685,6724,0.18918969690604254,0.476950552517022
8699,8573,0.18921480826945583,0.4770621721174238
4282,4433,0.18922084250423615,0.47717379171782565
4184,4158,0.1892307402799906,0.4772854113182275
6731,6718,0.1892584040224746,0.4773970309186293
4321,4465,0.18927952192026506,0.47750865051903113
6212,6162,0.18928584621833372,0.477620270119433
8530,8503,0.1893095134992161,0.4777318897198348
8707,8709,0.18932260721223082,0.4778435093202366
2449,2493,0.18932843157821022,0.47795512892063846
5974,5979,0.1893318712004104,0.4780667485210403
5563,5778,0.18933778299123105,0.4781783681214421
5129,5113,0.18934587422021473,0.47828998772184395
3247,3409,0.18936218526344667,0.4784016073222458
8791,8711,0.18941415406286263,0.47851322692264764
6028,6011,0.18942174165213796,0.47862484652304943
3174,3213,0.18942274769619702,0.4787364661234513
4411,4502,0.18945368369332952,0.4788480857238531
4144,4174,0.18948280958838207,0.4789597053242549
6653,6710,0.18948662855000092,0.47907132492465676
3155,3223,0.18948944630118425,0.4791829445250586
4984,4966,0.18951306343237664,0.47929456412546045
5691,5826,0.18952386989247086,0.47940618372586224
5858,5914,0.18952568416929153,0.4795178033262641
4976,4958,0.18954077147495962,0.47962942292666594
4758,4857,0.18956909115668508,0.47974104252706773
5850,5900,0.1895886605233333,0.4798526621274696
4112,4166,0.18959658287568018,0.4799642817278714
4250,4286,0.1895993652180717,0.48007590132827327
581,592,0.18960199909939407,0.48018752092867506
6694,6708,0.18960281683830477,0.4802991405290769
4380,4540,0.1896144353591727,0.48041076012947875
4377,4538,0.18961659529643207,0.48052237972988054
6648,6820,0.1896227709785003,0.4806339993302824
1560,1597,0.1896355028953876,0.48074561893068424
6874,6970,0.18964195716165932,0.4808572385310861
3970,3960,0.18965080139416518,0.4809688581314879
987,1025,0.1896856011004254,0.4810804777318897
4334,4419,0.18972231665658607,0.48119209733229157
7928,8134,0.18972982347908543,0.48130371693269336
3770,3938,0.18973762446544143,0.4814153365330952
3766,3919,0.18974284278389,0.48152695613349705
3492,3607,0.18978054418971094,0.4816385757338989
6815,6888,0.1898103886040123,0.4817501953343007
7207,7174,0.1898136448837494,0.48186181493470254
4431,4494,0.18982242052472004,0.4819734345351044
5927,6010,0.18984064145565321,0.4820850541355062
4191,4380,0.18984145253877358,0.482196673735908
2425,2497,0.1898807060779086,0.48230829333630987
3273,3341,0.189890154722963,0.48241991293671166
4505,4498,0.18990491049863306,0.4825315325371135
8528,8241,0.18990875742581087,0.48264315213751535
6772,6690,0.18992134619851112,0.4827547717379172
6492,6339,0.18992227564352707,0.482866391338319
8804,8783,0.18994471309307503,0.48297801093872084
4338,4384,0.1899594517105351,0.4830896305391227
3220,3284,0.18996192810428913,0.4832012501395245
5074,4856,0.1899839400297429,0.4833128697399263
4394,4500,0.18999038580178157,0.48342448934032817
5694,5898,0.18999113307286616,0.48353610894073
4831,4642,0.1900038233258615,0.4836477285411318
8366,8524,0.19004165304647072,0.48375934814153365
4379,4426,0.1900509202926442,0.4838709677419355
5598,5682,0.1900655522279676,0.4839825873423373
3248,3297,0.1901100961057937,0.48409420694273914
1599,1645,0.19011247081582092,0.484205826543141
5662,5746,0.19013867035571663,0.48431744614354283
4119,4164,0.19014052150058364,0.4844290657439446
4720,4871,0.19014537031286982,0.48454068534434647
3153,3169,0.19018586371897034,0.4846523049447483
8334,8491,0.19018711466162416,0.4847639245451501
1254,1375,0.19019323212781805,0.48487554414555195
1264,1376,0.19020124885954917,0.4849871637459538
2025,2107,0.19022084239342757,0.48509878334635564
2684,2768,0.19022249864595578,0.48521040294675744
4397,4464,0.19023538973180407,0.4853220225471593
3200,3285,0.190242893773619,0.48543364214756113
4172,4254,0.190250335561192,0.4855452617479629
3979,4063,0.19029324763091438,0.48565688134836477
5559,5636,0.19029951286001878,0.4857685009487666
4521,4559,0.19029992617489186,0.48588012054916846
4233,4386,0.19033247662620617,0.48599174014957025
8080,7775,0.19033777957318415,0.4861033597499721
5807,6008,0.1903389300938292,0.48621497935037394
4337,4471,0.1903611113769116,0.48632659895077573
8936,8861,0.19037738066725818,0.4864382185511776
6941,7044,0.19040584985496362,0.48654983815157943
5787,5940,0.19042779037987626,0.4866614577519813
4345,4379,0.1904549065406575,0.48677307735238307
6234,6326,0.19048956115815366,0.4868846969527849
4548,4593,0.19050496228795646,0.48699631655318676
2590,2571,0.19051025347347597,0.48710793615358855
4051,4176,0.1905193215661702,0.4872195557539904
5091,5047,0.1905652846715423,0.48733117535439224
5370,5600,0.1905696550130603,0.48744279495479403
5867,5978,0.19058839177897569,0.4875544145551959
7807,7587,0.19059099205576668,0.4876660341555977
4396,4448,0.19059362205544125,0.4877776537559996
1052,1139,0.19063218864332185,0.48788927335640137
5896,5944,0.1906336562502233,0.4880008929568032
5573,5700,0.19063929883628294,0.48811251255720506
1596,1663,0.19064485386766486,0.48822413215760685
6767,6770,0.19064618238055403,0.4883357517580087
4373,4522,0.19066055809473906,0.48844737135841054
6627,6766,0.1906638339945551,0.4885589909588124
4336,4378,0.19069666431767637,0.4886706105592142
8388,8455,0.19070123199152997,0.488782230159616
5627,5708,0.19070754741711932,0.4888938497600179
2423,2519,0.19071225384082344,0.48900546936041966
4452,4436,0.19075458899657619,0.4891170889608215
2743,2739,0.19077147573712597,0.48922870856122336
4132,4062,0.19078985353441905,0.4893403281616252
7957,7992,0.19079923084965356,0.489451947762027
4175,4256,0.19080164722104226,0.48956356736242884
4317,4396,0.19080555962836693,0.4896751869628307
4395,4463,0.1908127895573467,0.4897868065632325
3216,3381,0.19082362558756596,0.4898984261636343
3081,3147,0.19082632929114204,0.4900100457640362
5971,5897,0.19086575902623104,0.490121665364438
2473,2399,0.1908748880856942,0.4902332849648398
5726,5908,0.19087610652138665,0.49034490456524166
4363,4422,0.19087909034919903,0.4904565241656435
3748,3823,0.19089093287086284,0.4905681437660453
4464,4552,0.19089969961755104,0.49067976336644714
8763,8922,0.1909028324686517,0.490791382966849
924,1002,0.1909121246586959,0.49090300256725083
2525,2565,0.19094971619637502,0.4910146221676526
3790,3821,0.19096609645817844,0.4911262417680545
8357,8467,0.1909712413278503,0.4912378613684563
1023,1095,0.19097242945470377,0.4913494809688581
320,360,0.19103684167728296,0.49146110056925996
4218,4232,0.19106082240607336,0.4915727201696618
4123,4179,0.1911119274371682,0.49168433977006365
3209,3257,0.19111262517510308,0.49179595937046544
1282,1386,0.19113134352364447,0.4919075789708673
5593,5698,0.19115036631546287,0.49201919857126913
6511,6511,0.19117532052028774,0.4921308181716709
3242,3434,0.19118075575066093,0.49224243777207277
6060,6033,0.1911944950325128,0.4923540573724746
2437,2395,0.1911950599923186,0.4924656769728764
980,1005,0.19119586760761026,0.49257729657327826
1267,1382,0.19119829465442004,0.4926889161736801
3182,3267,0.1912286104281168,0.49280053577408195
5548,5448,0.1912329395280613,0.49291215537448374
5925,5857,0.19124321513187204,0.4930237749748856
1238,1427,0.19125253211211785,0.49313539457528743
4529,4556,0.19127805050777671,0.4932470141756892
4851,4903,0.19128354840750594,0.49335863377609107
5560,5730,0.1912870571350044,0.4934702533764929
4185,4259,0.1912903871596724,0.49358187297689476
2678,2762,0.19129656694896152,0.49369349257729656
6758,6639,0.19129729040302942,0.4938051121776984
5509,5474,0.1913041015276664,0.49391673177810025
3052,3155,0.19133149235935912,0.49402835137850204
8808,8789,0.1913348014162666,0.4941399709789039
8668,8563,0.19135864784519835,0.49425159057930573
4974,5106,0.19138092972796888,0.4943632101797076
4328,4376,0.19138596807596842,0.49447482978010937
2431,2383,0.19138678979632437,0.4945864493805112
5804,5922,0.19143433191541637,0.49469806898091306
4861,4905,0.19145376352189372,0.49480968858131485
6671,6533,0.19146420442094778,0.4949213081817167
6010,6013,0.19147219458493822,0.49503292778211855
3082,3145,0.19147590590279004,0.4951445473825204
2447,2343,0.19149399409832704,0.4952561669829222
4125,4226,0.1915019324399488,0.49536778658332403
4196,4275,0.19151643352151365,0.4954794061837259
1279,1428,0.1915203248821306,0.49559102578412767
4155,4249,0.1915422355884097,0.4957026453845295
898,992,0.191544790771237,0.49581426498493136
8522,8423,0.19157810079320997,0.4959258845853332
6806,6565,0.19158078810178614,0.496037504185735
6636,6686,0.19158538805581637,0.49614912378613685
4212,4252,0.19158673817246338,0.4962607433865387
4375,4348,0.19158797861515076,0.4963723629869405
7206,7194,0.19161257445506577,0.49648398258734233
5525,5428,0.19162314004400047,0.4965956021877442
2333,2396,0.19162935565337988,0.496707221788146
8706,8701,0.1917060754567501,0.4968188413885478
4384,4482,0.191738219019331,0.49693046098894966
3238,3270,0.19175405897644657,0.4970420805893515
2442,2099,0.1917678297810866,0.4971537001897533
4026,4033,0.19181309513699474,0.49726531979015515
8908,8811,0.19181706706778032,0.497376939390557
6494,6459,0.1918477635045931,0.4974885589909588
6661,6696,0.1918614471481745,0.49760017859136063
6766,6950,0.19187349943296195,0.4977117981917625
8405,8259,0.19190595732494223,0.4978234177921643
4066,4184,0.19192293774737057,0.4979350373925661
5646,5776,0.19194093177790153,0.49804665699296796
4495,4528,0.1919518627812785,0.4981582765933698
4467,4428,0.19196299464602135,0.4982698961937716
4403,4487,0.19197323990727372,0.49838151579417345
7969,7794,0.19198372374966033,0.4984931353945753
4533,4605,0.19198727051108866,0.49860475499497714
5027,4928,0.19199749064542931,0.49871637459537893
4061,4028,0.1920178666779406,0.4988279941957808
5645,5726,0.19203460020458116,0.4989396137961826
3113,3151,0.19203514752863823,0.4990512333965844
4372,4468,0.19204163581286193,0.49916285299698626
6279,6346,0.19205089209177806,0.4992744725973881
5984,5987,0.19211487619832643,0.49938609219778995
4422,4424,0.1921230783411952,0.49949771179819175
6501,6469,0.19212809361272576,0.4996093313985936
4311,4262,0.19213346761770567,0.49972095099899544
3351,3398,0.19214053498949604,0.49983257059939723
3712,3897,0.1921609424094817,0.4999441901997991
5149,5123,0.19217634077779025,0.5000558098002009
4320,4381,0.19217786147154697,0.5001674294006028
333,384,0.19218374041850583,0.5002790490010046
6077,6055,0.19222622844093204,0.5003906686014064
42,116,0.19223921148122508,0.5005022882018082
4128,4146,0.19225123484913384,0.50061390780221
4214,4272,0.19226962923203006,0.5007255274026119
4305,4417,0.19227523286591733,0.5008371470030137
4472,4546,0.19228476264695624,0.5009487666034156
6656,6569,0.19231025564010967,0.5010603862038174
3328,3533,0.19231344778338444,0.5011720058042192
5543,5738,0.1923135639788047,0.501283625404621
6516,6465,0.19232317371316174,0.5013952450050229
2467,2483,0.1923431388699161,0.5015068646054247
4793,4654,0.19237898535219847,0.5016184842058266
983,1037,0.19238057863687086,0.5017301038062284
2428,2355,0.19238135335296647,0.5018417234066302
3941,4037,0.19238997925872003,0.501953343007032
2518,2539,0.19240265021930203,0.5020649626074338
4770,4853,0.19243291784346653,0.5021765822078357
3172,3217,0.19243625901091907,0.5022882018082375
1594,1653,0.19243882856815225,0.5023998214086394
4036,3912,0.1924473204677869,0.5025114410090412
3698,3811,0.19247248870669778,0.5026230606094431
2349,2476,0.1924727074071085,0.5027346802098448
912,969,0.19247949447329868,0.5028462998102466
4728,4811,0.19249850846104624,0.5029579194106485
5965,5949,0.19252073378146797,0.5030695390110503
3966,4053,0.1925507275240819,0.5031811586114522
2300,2386,0.19257575140341962,0.503292778211854
7965,7854,0.19258123873690147,0.5034043978122559
5748,5930,0.1925846527672393,0.5035160174126576
4729,4777,0.1925941467999266,0.5036276370130595
6394,6321,0.19260763673276682,0.5037392566134613
4366,4467,0.1926275888694618,0.5038508762138632
3245,3391,0.19269790586740318,0.503962495814265
4407,4342,0.1927048419490721,0.5040741154146668
5964,5860,0.19273805644414577,0.5041857350150687
8704,8731,0.1927454612512076,0.5042973546154704
1277,1401,0.19274726443048548,0.5044089742158723
4231,4293,0.19276869370438543,0.5045205938162741
1006,1075,0.19278801458292266,0.504632213416676
4171,4253,0.19279447628978338,0.5047438330170778
4352,4387,0.19279929507841492,0.5048554526174797
4742,4807,0.1928161983387332,0.5049670722178815
409,382,0.19285728633595747,0.5050786918182832
8758,8767,0.19286228018479032,0.5051903114186851
6186,6155,0.19290661238957293,0.5053019310190869
2454,2323,0.19291451369625692,0.5054135506194888
6585,6441,0.1929251188540275,0.5055251702198906
8759,8745,0.19293108472687306,0.5056367898202925
3256,3377,0.1929608897895399,0.5057484094206943
5622,5712,0.19298041417938433,0.5058600290210961
938,1021,0.19298595307419072,0.5059716486214979
6972,7128,0.19302756717502803,0.5060832682218998
4621,4602,0.1930280878362921,0.5061948878223016
5617,5690,0.1930540245508625,0.5063065074227034
4164,4243,0.19305713753737225,0.5064181270231053
2470,2549,0.19306037268642964,0.5065297466235071
974,970,0.19306743587303107,0.5066413662239089
4177,4242,0.1930866713123159,0.5067529858243107
5821,5992,0.19308698325817164,0.5068646054247126
4515,4561,0.19308731179957236,0.5069762250251144
4312,4445,0.1930909773132651,0.5070878446255163
4664,4695,0.19312712623395567,0.5071994642259181
8425,8437,0.1931277669955179,0.50731108382632
2584,2541,0.1931444546873448,0.5074227034267217
6847,6978,0.19315969428370447,0.5075343230271235
8573,8375,0.1931649298783123,0.5076459426275254
8463,8289,0.19317591643276155,0.5077575622279272
5871,6006,0.19318114316774276,0.5078691818283291
5611,5812,0.19320457579604927,0.5079808014287309
2571,2593,0.1932372522697289,0.5080924210291328
7209,7214,0.19325776650601725,0.5082040406295345
8440,8303,0.1932625938956219,0.5083156602299364
4023,4246,0.19326861900140102,0.5084272798303382
8474,8477,0.19326883752596238,0.50853889943074
4386,4391,0.19327333830082552,0.5086505190311419
2455,2547,0.19329449033021706,0.5087621386315437
4340,4390,0.1933040844083667,0.5088737582319456
4272,4423,0.19330810143948476,0.5089853778323473
5667,5822,0.19331255858956967,0.5090969974327492
3235,3337,0.19331413930604113,0.509208617033151
4532,4575,0.19332863171925446,0.5093202366335529
5827,5962,0.19335530466110584,0.5094318562339547
2122,2230,0.19337447549555228,0.5095434758343566
4286,4427,0.1933778317922392,0.5096550954347584
5870,6054,0.19337848046032768,0.5097667150351601
2491,2517,0.19338395148028373,0.509878334635562
955,1051,0.19340047498411989,0.5099899542359638
7670,7352,0.19342955108415533,0.5101015738363657
8723,8793,0.19346045695618974,0.5102131934367675
1494,1634,0.19348917118859305,0.5103248130371694
5899,5996,0.1935698954672543,0.5104364326375711
8692,8681,0.19358945628702096,0.510548052237973
6875,6994,0.19359802298975654,0.5106596718383748
5778,5870,0.1936001099524233,0.5107712914387766
3774,3969,0.19361429504007382,0.5108829110391785
7962,8140,0.19362772608937764,0.5109945306395803
3061,3143,0.19366531478857582,0.5111061502399822
961,976,0.19368603700056167,0.5112177698403839
4028,4040,0.193735614226079,0.5113293894407858
1168,966,0.19379191099356502,0.5114410090411876
5781,5948,0.19379994826053676,0.5115526286415895
3224,3407,0.19381000999693354,0.5116642482419913
8753,8747,0.19381151804291294,0.5117758678423932
5838,6026,0.1938127178756866,0.511887487442795
4064,4156,0.19382109306423542,0.5119991070431967
957,980,0.19384020372849478,0.5121107266435986
6564,6658,0.1938521022362573,0.5122223462440004
4201,4247,0.19388109215637495,0.5123339658444023
2564,2599,0.19389016997732958,0.5124455854448041
5633,5728,0.19389129683605777,0.512557205045206
4146,4163,0.19390697642260057,0.5126688246456078
2515,2655,0.19391398371189952,0.5127804442460095
4215,4287,0.1939202344365013,0.5128920638464114
8779,8781,0.1939227001621136,0.5130036834468132
3169,3207,0.19393035346308807,0.5131153030472151
5106,5110,0.19395166322303545,0.5132269226476169
6873,6986,0.19395416696372117,0.5133385422480188
3157,3281,0.19396375812243383,0.5134501618484206
6700,6668,0.19396666671370866,0.5135617814488224
4021,4080,0.19399662806155027,0.5136734010492242
5146,5127,0.19400405814944235,0.5137850206496261
973,1023,0.19401924432166914,0.5138966402500279
1091,1252,0.19402233684708953,0.5140082598504297
3219,3272,0.19403347574972393,0.5141198794508316
1561,1685,0.19405414244826236,0.5142314990512334
7955,7972,0.1940572786138392,0.5143431186516352
8695,8623,0.19406541710951036,0.514454738252037
969,1019,0.19406718351413949,0.5145663578524389
5452,5492,0.19409032458100675,0.5146779774528407
950,984,0.1941271276097208,0.5147895970532426
4562,4639,0.19413196020009732,0.5149012166536444
3148,3193,0.19415565958263092,0.5150128362540463
8832,8869,0.19417493971279898,0.515124455854448
4414,4450,0.1941778487731959,0.5152360754548498
5014,4950,0.1942149721165739,0.5153476950552517
8715,8649,0.19424498755288805,0.5154593146556535
1990,2076,0.19424718559604467,0.5155709342560554
4124,4208,0.19426247353062323,0.5156825538564572
1044,1145,0.19427500477452164,0.5157941734568591
926,986,0.19428932376937857,0.5159057930572608
4143,4282,0.19429170152100636,0.5160174126576627
356,388,0.19429814520234368,0.5161290322580645
5539,5652,0.19431526983515984,0.5162406518584663
5018,4995,0.1943454068017191,0.5163522714588682
4877,4909,0.19436242560906183,0.51646389105927
967,1007,0.19437193931978988,0.5165755106596719
8720,8837,0.19437540451912697,0.5166871302600736
8416,8489,0.19439041457547593,0.5167987498604755
5911,5952,0.19439868707962868,0.5169103694608773
4205,4273,0.19441405162142902,0.5170219890612792
5750,5928,0.19444980015211114,0.517133608661681
1288,1272,0.1944868692672903,0.5172452282620829
6207,6444,0.19453743656764877,0.5173568478624847
4209,4281,0.19456938295452483,0.5174684674628864
7278,6711,0.19457435488045458,0.5175800870632883
4292,4447,0.1945743988932507,0.5176917066636901
4741,4789,0.194581409852375,0.517803326264092
2482,2477,0.19459576849756838,0.5179149458644938
4982,5188,0.19460545139980406,0.5180265654648957
4388,4486,0.1946232725327465,0.5181381850652975
8346,8480,0.19463564529755342,0.5182498046656993
5840,6018,0.19467015530585524,0.5183614242661011
5706,5818,0.19467812885451266,0.518473043866503
4327,4385,0.19470802432308676,0.5185846634669048
8368,8325,0.1947286617341233,0.5186962830673066
2731,2829,0.19473907455369838,0.5188079026677085
2516,2463,0.19474241378883722,0.5189195222681103
7932,7970,0.19474378626604813,0.5190311418685121
2339,2410,0.19474611560591676,0.5191427614689139
2371,2379,0.19477717320982585,0.5192543810693158
4938,4937,0.19478781794824632,0.5193660006697176
2429,2553,0.19480837788625072,0.5194776202701195
7897,7811,0.19483681175567652,0.5195892398705213
359,392,0.19484449230848178,0.5197008594709231
4690,4869,0.19484461161097955,0.5198124790713249
2355,2360,0.19485830387151257,0.5199240986717267
4435,4484,0.19486293134071853,0.5200357182721286
1030,1163,0.1948713388822951,0.5201473378725304
6980,7090,0.19487447081910905,0.5202589574729323
5707,5888,0.1948933866329776,0.5203705770733341
6647,6672,0.19490070230758458,0.5204821966737359
4470,4338,0.19492277505123548,0.5205938162741377
4141,4233,0.19492952951174122,0.5207054358745395
2348,2384,0.19493480930723275,0.5208170554749414
2438,2491,0.19493884786585708,0.5209286750753432
4323,4364,0.19497531389243325,0.5210402946757451
8734,8843,0.1950151157812427,0.5211519142761469
4029,4029,0.19501714146436808,0.5212635338765487
2260,2362,0.19502694022506997,0.5213751534769505
2321,2422,0.19504403012698435,0.5214867730773524
4174,4187,0.19504956230875722,0.5215983926777542
2493,2511,0.1950500559008188,0.521710012278156
4027,4016,0.1950601081343708,0.5218216318785579
6221,6366,0.1950675010110415,0.5219332514789597
2522,2569,0.19507674547194387,0.5220448710793615
5716,5804,0.19507722429147514,0.5221564906797633
5876,6068,0.19507822685791565,0.5222681102801652
3229,3371,0.19507917344635428,0.522379729880567
8722,8853,0.1950818996040112,0.5224913494809689
4968,5126,0.19511739862007235,0.5226029690813707
8359,8445,0.19512586568611703,0.5227145886817726
3751,3905,0.19514221333697265,0.5228262082821743
5693,5810,0.1951637090440724,0.5229378278825761
6787,6948,0.19516777763591073,0.523049447482978
4744,4843,0.19516804338225938,0.5231610670833798
4530,4633,0.1952138746639803,0.5232726866837817
2414,2335,0.19523828812982613,0.5233843062841835
4207,4268,0.19524301195182384,0.5234959258845854
6765,6589,0.1952467633492433,0.5236075454849871
4009,4168,0.1953457351612736,0.523719165085389
4385,4488,0.19535022643703984,0.5238307846857908
2593,2577,0.1953686912066372,0.5239424042861927
8332,8257,0.19537999587447075,0.5240540238865945
8375,8460,0.19539835098156505,0.5241656434869963
2382,2583,0.1954004446279408,0.5242772630873982
4988,4998,0.19541094094316183,0.5243888826877999
6717,6826,0.1954151255888108,0.5245005022882018
5918,6024,0.19541641288394893,0.5246121218886036
6194,6106,0.19542589895542348,0.5247237414890055
8861,8875,0.19543653474030556,0.5248353610894073
5705,5800,0.19544677941252733,0.5249469806898092
8736,8791,0.19545853103940658,0.525058600290211
7003,7130,0.19546029709803503,0.5251702198906127
3213,3379,0.19546324808557833,0.5252818394910146
4702,4847,0.19547034880463868,0.5253934590914164
2483,2663,0.19547244090226149,0.5255050786918183
4024,4104,0.1954979496194296,0.5256166982922201
5803,5954,0.19549908942814298,0.525728317892622
7474,7302,0.19552237268312597,0.5258399374930238
5709,5798,0.1955286898798828,0.5259515570934256
4044,4142,0.19554302069086396,0.5260631766938274
5177,5108,0.19554436977931547,0.5261747962942293
927,1078,0.19556140371152023,0.5262864158946311
4173,4300,0.1955794699718172,0.526398035495033
5720,5876,0.19558180372939152,0.5265096550954348
3203,3259,0.19558353169862577,0.5266212746958366
4378,4393,0.19560943770803535,0.5267328942962384
3208,3395,0.19561957154690748,0.5268445138966402
3745,3909,0.19565840615358276,0.5269561334970421
4419,4462,0.19570146507029193,0.5270677530974439
2147,2256,0.19570640651686633,0.5271793726978458
4669,4729,0.1957069954034567,0.5272909922982476
5349,5504,0.19574182454618508,0.5274026118986495
1586,1727,0.19575544601129266,0.5275142314990512
4194,4271,0.1957948663406322,0.527625851099453
2052,2224,0.19581403744768236,0.5277374706998549
5355,5498,0.19584854910065783,0.5278490903002567
8850,8891,0.19587472300079428,0.5279607099006586
5940,6014,0.19597198435642907,0.5280723295010604
8888,8895,0.19597762830332774,0.5281839491014623
4275,4280,0.195980942506538,0.528295568701864
4554,4616,0.19599072214081248,0.5284071883022659
7269,7188,0.19599246606157292,0.5285188079026677
6643,6649,0.1959982864751076,0.5286304275030695
4594,4574,0.19600979588559225,0.5287420471034714
5344,5172,0.19601396600116028,0.5288536667038732
5818,5956,0.1960348008325657,0.5289652863042751
5626,5694,0.19605178911661225,0.5290769059046768
2477,2531,0.19605615552072683,0.5291885255050787
4063,3812,0.19609259142565116,0.5293001451054805
2548,2603,0.19609334741052456,0.5294117647058824
3185,3283,0.19610201264431917,0.5295233843062842
6622,6571,0.19610664084980797,0.529635003906686
4712,4805,0.1961499306558583,0.5297466235070879
4357,4406,0.19615559230808358,0.5298582431074896
4815,4895,0.1961629239797264,0.5299698627078915
3176,3287,0.1961685618932015,0.5300814823082933
5562,5716,0.19617802777355,0.5301931019086952
5774,5924,0.19618122252975057,0.530304721509097
2290,2474,0.19618429506055568,0.5304163411094989
3158,3277,0.19618946868086995,0.5305279607099006
8369,8481,0.1961900329479504,0.5306395803103024
8875,8849,0.19624626077553986,0.5307511999107043
7029,6773,0.19626388088753352,0.5308628195111061
8475,8211,0.1962730301865906,0.530974439111508
4158,4125,0.19627502883426917,0.5310860587119098
2193,2240,0.19627763617311347,0.5311976783123117
2338,2344,0.19628232671934343,0.5313092979127134
5892,6002,0.19629779403238698,0.5314209175131153
5625,5692,0.19630871764423174,0.5315325371135171
8168,8330,0.19633351403228097,0.531644156713919
2354,2402,0.19634037533238496,0.5317557763143208
4485,4532,0.19634584684500145,0.5318673959147227
4508,4643,0.19634900217347803,0.5319790155151245
8361,8469,0.1963571439752086,0.5320906351155262
4265,4357,0.19635774045638388,0.5322022547159281
2574,2635,0.19637450995103428,0.5323138743163299
6921,7102,0.19641825551095626,0.5324254939167318
5828,6038,0.19642500686167053,0.5325371135171336
2353,2316,0.1964323737334112,0.5326487331175355
6807,6878,0.19644959022179728,0.5327603527179373
7161,7230,0.19646650607959576,0.532871972318339
7220,7244,0.1965087685458355,0.5329835919187409
7137,7206,0.1965354719290686,0.5330952115191427
5565,5447,0.19653552744528957,0.5332068311195446
8495,8435,0.19654639283519396,0.5333184507199464
3898,3979,0.19654897410448638,0.5334300703203483
5874,5651,0.19655583715074482,0.5335416899207501
4574,4614,0.1965868285757564,0.5336533095211519
2474,2629,0.19659696903175425,0.5337649291215537
4210,4244,0.19659700139500855,0.5338765487219556
4089,4081,0.196640130855511,0.5339881683223574
4979,4988,0.19664586468043613,0.5340997879227593
4448,4497,0.19668429881009436,0.5342114075231611
8728,8879,0.19668690848641032,0.5343230271235629
2524,2283,0.19670512929895015,0.5344346467239647
2245,2250,0.1967055947714603,0.5345462663243665
4449,4534,0.19671683354561031,0.5346578859247684
5475,5532,0.1967269482316215,0.5347695055251702
5412,5470,0.19672966502195013,0.5348811251255721
5017,4954,0.19673562168273168,0.5349927447259739
4568,4612,0.1967356892273438,0.5351043643263758
6669,6674,0.1967446856710249,0.5352159839267775
5757,5902,0.19675947122039308,0.5353276035271793
7904,7684,0.19676304375018464,0.5354392231275812
8719,8743,0.19676477690640554,0.535550842727983
5424,5534,0.1967654892962164,0.5356624623283849
506,574,0.1967678669973501,0.5357740819287867
6160,6132,0.19677740888619225,0.5358857015291886
8797,8829,0.1967807971610883,0.5359973211295903
8887,8893,0.19679505013229898,0.5361089407299922
6171,6161,0.19683241711559468,0.536220560330394
8131,8059,0.1968494603985605,0.5363321799307958
4705,4773,0.1968607227747658,0.5364437995311977
358,390,0.19688434470549615,0.5365554191315995
4671,4801,0.19699509060278111,0.5366670387320014
3227,3437,0.19699579771073322,0.5367786583324031
6681,6641,0.19701731554803328,0.536890277932805
4708,4814,0.19701740503258458,0.5370018975332068
5510,5608,0.19703727745682117,0.5371135171336087
4349,4550,0.19704544310741628,0.5372251367340105
5279,5060,0.19705550309655545,0.5373367563344124
6805,6836,0.19705658296143155,0.5374483759348142
4001,4143,0.1970722739523213,0.5375599955352159
6788,6960,0.19709179595282825,0.5376716151356178
5878,5998,0.1970972798961455,0.5377832347360196
5934,6012,0.19711066982253228,0.5378948543364215
6517,6523,0.19712037665034932,0.5380064739368233
8352,8139,0.19715900387255017,0.5381180935372252
5883,6000,0.19716033460977656,0.538229713137627
3912,3987,0.19716318932255378,0.5383413327380288
6621,6756,0.1971748514498954,0.5384529523384306
5015,5016,0.19718126539880027,0.5385645719388324
5384,5351,0.19719400450403696,0.5386761915392343
4523,4641,0.19720305663623258,0.5387878111396361
2734,2835,0.19720964945101932,0.538899430740038
5413,5606,0.19721047381667153,0.5390110503404398
8476,8499,0.19726896725922186,0.5391226699408416
4883,4936,0.1972741876898288,0.5392342895412434
412,462,0.19730599572816362,0.5393459091416453
8461,8495,0.19733000776880433,0.5394575287420471
2264,2350,0.19733243612045706,0.539569148342449
5554,5638,0.197338436533278,0.5396807679428508
6547,6393,0.19734149056372904,0.5397923875432526
4463,4499,0.19734396558322612,0.5399040071436544
8241,7921,0.1974010299643495,0.5400156267440562
3338,3368,0.1974337626656988,0.5401272463444581
3335,3414,0.19743573825976507,0.5402388659448599
5224,5102,0.19744989612634745,0.5403504855452618
3879,3973,0.19745435575489437,0.5404621051456636
5208,5114,0.19746197480769156,0.5405737247460654
5736,5894,0.19747924456564328,0.5406853443464672
2540,2439,0.19748260840437026,0.540796963946869
903,964,0.19748643539917612,0.5409085835472709
7817,7582,0.19748870849295821,0.5410202031476727
4914,4919,0.19749547515603486,0.5411318227480746
5608,5688,0.1975225747845942,0.5412434423484764
4540,4615,0.1975237615216129,0.5413550619488782
5728,5982,0.19755376201276573,0.54146668154928
7935,7800,0.19757578526699013,0.5415783011496819
2456,2507,0.19759540166252607,0.5416899207500837
5419,5526,0.19760703103417135,0.5418015403504856
4304,4389,0.19761276451812404,0.5419131599508874
906,974,0.19761656475564243,0.5420247795512892
5448,5455,0.1976180879218183,0.542136399151691
5047,4992,0.19762327005178906,0.5422480187520928
8502,8427,0.19765215348344414,0.5423596383524947
3664,3746,0.197671151308702,0.5424712579528965
5973,5984,0.19770659374471455,0.5425828775532984
1281,1380,0.19770701219846745,0.5426944971537002
8415,8471,0.19772310129233284,0.5428061167541021
2604,2525,0.19774726142394863,0.5429177363545038
2319,2326,0.1977649996276896,0.5430293559549056
4010,4043,0.1977655769190365,0.5431409755553075
4913,4888,0.19776569322999688,0.5432525951557093
3036,3131,0.19777153876466264,0.5433642147561112
8378,8443,0.197785893570574,0.543475834356513
4795,4889,0.19779416200318978,0.5435874539569149
2679,2804,0.19780031388043118,0.5436990735573166
953,1029,0.1978007483461929,0.5438106931577185
4262,4316,0.19780835300184438,0.5439223127581203
4410,4570,0.19781868798163707,0.5440339323585222
3151,3203,0.19782402398322566,0.544145551958924
4221,4366,0.1978669192113668,0.5442571715593258
5666,5816,0.19787931603904566,0.5443687911597277
4019,4078,0.19788835302474003,0.5444804107601294
4767,4766,0.19789822275884725,0.5445920303605313
4217,4223,0.19792536160829366,0.5447036499609331
2329,2356,0.1979438165396949,0.544815269561335
4429,4514,0.1979465578925402,0.5449268891617368
1041,1143,0.19795728003019183,0.5450385087621387
4918,4922,0.19796504498340126,0.5451501283625405
6970,7126,0.19800318433662656,0.5452617479629422
6617,6551,0.19801334552435315,0.5453733675633441
2433,2573,0.19802304930416648,0.5454849871637459
4951,4960,0.19802786965363606,0.5455966067641478
4103,4251,0.19802959124189276,0.5457082263645496
4267,4388,0.19803866045852808,0.5458198459649515
2514,2445,0.19803889285299112,0.5459314655653533
5453,5475,0.1980391756916031,0.5460430851657551
4135,4224,0.1980698127522073,0.5461547047661569
3910,3958,0.19807093434670167,0.5462663243665588
4545,4623,0.1980777766975679,0.5463779439669606
5937,6030,0.198079002599351,0.5464895635673624
5890,6056,0.198101251266352,0.5466011831677643
3115,3211,0.19810611605691703,0.5467128027681661
7156,7196,0.1981232917840666,0.5468244223685679
4253,4400,0.19812347463530441,0.5469360419689697
7448,7322,0.19813110010652196,0.5470476615693716
8103,7965,0.1981339690260891,0.5471592811697734
5942,5883,0.19813847306684887,0.5472709007701753
8883,8885,0.19821381922631462,0.5473825203705771
5156,5167,0.19825080146613727,0.547494139970979
3327,3408,0.19826914534212978,0.5476057595713807
5555,5668,0.1982802048385594,0.5477173791717825
8709,8727,0.19828420029642171,0.5478289987721844
894,973,0.1982852734471984,0.5479406183725862
7094,7114,0.19828981145794486,0.5480522379729881
5834,5964,0.19829344064928806,0.5481638575733899
4420,4512,0.19829443105622593,0.5482754771737918
4576,4606,0.19830360804421213,0.5483870967741935
8697,8761,0.1983036937410478,0.5484987163745954
5755,5886,0.19830983329055954,0.5486103359749972
8390,8271,0.19831066912611045,0.548721955575399
7964,8028,0.19832114499956635,0.5488335751758009
2607,2407,0.19832568283865076,0.5489451947762027
4084,4159,0.1983438227490765,0.5490568143766046
8452,8507,0.1983642454969941,0.5491684339770063
4293,4266,0.1983693767578139,0.5492800535774082
3251,3373,0.19837519844081464,0.54939167317781
8718,8751,0.19839393154568497,0.5495032927782119
3161,3265,0.19840748416373377,0.5496149123786137
4640,4628,0.19844561556344523,0.5497265319790156
4392,4460,0.19845320458353405,0.5498381515794174
4333,4405,0.19845673322346402,0.5499497711798191
4203,4276,0.19845930796287578,0.550061390780221
6019,6029,0.19848871573938429,0.5501730103806228
2609,2481,0.19853276322426264,0.5502846299810247
3933,3993,0.1985435860933876,0.5503962495814265
6688,6824,0.1985442796154481,0.5505078691818284
5969,5980,0.19855064567973538,0.5506194887822301
4111,4165,0.1985690790920458,0.550731108382632
8691,8777,0.1985695081390226,0.5508427279830338
2494,2545,0.19857272914104185,0.5509543475834356
551,632,0.19861598161105262,0.5510659671838375
7045,7122,0.1986412388022778,0.5511775867842393
6066,6059,0.19864349970032824,0.5512892063846412
8713,8755,0.19865327581286843,0.5514008259850429
2331,2354,0.19865805777392656,0.5515124455854448
1540,1621,0.19865846189506184,0.5516240651858466
4811,4804,0.19868375325282406,0.5517356847862485
7568,7416,0.19868715875079404,0.5518473043866503
8422,8509,0.19870759896138665,0.5519589239870522
1266,1212,0.1987549029020811,0.552070543587454
5749,5882,0.19876307848435756,0.5521821631878557
5549,5656,0.198771019798149,0.5522937827882576
8625,8730,0.19877409624487322,0.5524054023886594
2600,2429,0.1987787603707445,0.5525170219890613
7015,7096,0.1987829774801068,0.5526286415894631
4542,4590,0.1988554578964578,0.552740261189865
5345,5337,0.1988593089842723,0.5528518807902668
3257,3401,0.19886984442716077,0.5529635003906685
6202,6402,0.19890586037156852,0.5530751199910704
8157,7981,0.19892132238824928,0.5531867395914722
8690,8773,0.19893054695994827,0.5532983591918741
3658,3744,0.19893727029656771,0.5534099787922759
8834,8983,0.1989488114373638,0.5535215983926778
1274,1230,0.1989580183562339,0.5536332179930796
1243,1362,0.19897283274831096,0.5537448375934814
4104,4087,0.19898347495289528,0.5538564571938832
8869,8873,0.19900220999693374,0.5539680767942851
6200,6170,0.19901766869974866,0.5540796963946869
2146,2214,0.1990200782332617,0.5541913159950888
3348,3384,0.19903356260137126,0.5543029355954906
6020,5994,0.19904622718866585,0.5544145551958924
5885,6066,0.19904934616846612,0.5545261747962942
4882,4852,0.19905435363759555,0.554637794396696
8894,8889,0.1990743295252397,0.5547494139970979
2189,2236,0.19911752989324186,0.5548610335974997
8689,8759,0.19912589016589924,0.5549726531979016
2453,2417,0.19914887453140148,0.5550842727983034
4701,4759,0.19916770780255938,0.5551958923987053
5505,5438,0.1992086123359718,0.555307511999107
8468,8497,0.1992208397725441,0.5554191315995088
4849,4752,0.19922556197333025,0.5555307511999107
6201,6198,0.19922633860866767,0.5556423708003125
7212,7248,0.1992265920351492,0.5557539904007144
3829,3946,0.19924577185719397,0.5558656100011162
6402,6335,0.19928626559831264,0.5559772296015181
946,1045,0.1993272851011106,0.5560888492019198
4709,4821,0.19933732556328537,0.5562004688023217
2168,2260,0.19936433204544599,0.5563120884027235
5764,5890,0.19936459060081202,0.5564237080031254
3969,3892,0.19938222966208966,0.5565353276035272
7612,7431,0.19939238900912254,0.556646947203929
7298,7186,0.19944845403937944,0.5567585668043309
2407,2543,0.19945112151167607,0.5568701864047326
5186,5177,0.19945346772741798,0.5569818060051345
4514,4587,0.19946533147603476,0.5570934256055363
4828,4907,0.19949433437118821,0.5572050452059382
8358,8341,0.1995081500601605,0.55731666480634
4236,4349,0.19950926523596244,0.5574282844067419
2550,2595,0.1995157957510931,0.5575399040071437
5394,5496,0.19953892612910384,0.5576515236075454
2446,2273,0.19954975656041957,0.5577631432079473
1026,1069,0.19955322894985142,0.5578747628083491
6635,6764,0.19955994153277673,0.557986382408751
3750,3901,0.1995964464998024,0.5580980020091528
4937,4938,0.19959779666721258,0.5582096216095547
3268,3367,0.19962163157069332,0.5583212412099565
4134,4206,0.19964246678537192,0.5584328608103583
6467,6445,0.1996750354886733,0.5585444804107601
4037,4194,0.19967874456607262,0.558656100011162
8667,8779,0.199699413081655,0.5587677196115638
4058,4135,0.19970353029128252,0.5588793392119656
4100,4149,0.19973968221024196,0.5589909588123675
5190,5080,0.1997548435135343,0.5591025784127693
5949,5867,0.19980888961915086,0.5592141980131711
4358,4491,0.19984492265026738,0.5593258176135729
7511,7466,0.1998809998301376,0.5594374372139748
3162,3307,0.1999067264539151,0.5595490568143766
76,101,0.1999208548332865,0.5596606764147785
3329,3352,0.19992186751407168,0.5597722960151803
6062,6057,0.1999492962886388,0.5598839156155822
6526,6638,0.19995394209407963,0.5599955352159839
5792,5916,0.19996112200920763,0.5601071548163857
1275,1116,0.20000335896404836,0.5602187744167876
5688,5874,0.20002130745561605,0.5603303940171894
4008,4038,0.2000244526392241,0.5604420136175913
4296,4457,0.2000378780137923,0.5605536332179931
1758,1846,0.20005094626155756,0.5606652528183949
7068,7108,0.20005419045036035,0.5607768724187967
6549,6644,0.200063346879233,0.5608884920191985
6869,6980,0.2000643192210825,0.5610001116196004
4573,4653,0.20007734377075118,0.5611117312200022
8347,8501,0.20009713882598287,0.5612233508204041
2424,2475,0.2000985833173765,0.5613349704208059
3814,3956,0.20010503519239803,0.5614465900212077
6672,6670,0.2001130575208742,0.5615582096216095
8585,8728,0.20012821572358266,0.5616698292220114
7390,7314,0.20014259270438667,0.5617814488224132
7153,7236,0.2001563627240664,0.5618930684228151
3334,3424,0.200166995262474,0.5620046880232169
5860,6036,0.20018544346357714,0.5621163076236187
3917,4049,0.20019591558029287,0.5622279272240205
4163,4221,0.20023746153029556,0.5623395468244223
4678,4743,0.20024671614679718,0.5624511664248242
8870,8877,0.20026153787457085,0.562562786025226
5524,5411,0.20026305732557062,0.5626744056256279
2297,2358,0.20029450844743668,0.5627860252260297
3258,3451,0.20030346897583476,0.5628976448264316
1223,1024,0.20030590183170663,0.5630092644268333
8404,8511,0.20031051829897442,0.5631208840272351
7911,7648,0.20033461750100312,0.563232503627637
920,1000,0.20035932591685665,0.5633441232280388
4821,4913,0.20038492377793188,0.5634557428284407
8767,8940,0.20040758129405845,0.5635673624288425
8190,8053,0.20042252945948888,0.5636789820292444
554,584,0.2004380708631137,0.5637906016296461
7005,6751,0.20044146227996099,0.563902221230048
5649,5792,0.2004589236246441,0.5640138408304498
2383,2405,0.20047549004520912,0.5641254604308517
3858,3977,0.2005133547301584,0.5642370800312535
1093,1104,0.2005160780948091,0.5643486996316553
1208,1020,0.20052035758705364,0.5644603192320572
2534,2631,0.20053086947611426,0.5645719388324589
4284,4382,0.20053415879390601,0.5646835584328608
992,1169,0.20053798108691012,0.5647951780332626
5873,6052,0.20054213604404908,0.5649067976336645
8737,8797,0.20057017588282597,0.5650184172340663
4313,4370,0.20057679968956585,0.5651300368344682
8323,8263,0.2005878676004443,0.56524165643487
8877,8887,0.20059803830867806,0.5653532760352717
8891,8899,0.20061363520025705,0.5654648956356736
3326,3410,0.20064642293939847,0.5655765152360754
7655,7601,0.20065896013241447,0.5656881348364773
5498,5596,0.20066294851842337,0.5657997544368791
3302,3328,0.2006639685056881,0.565911374037281
5481,5442,0.20070702491772593,0.5660229936376828
4993,4989,0.20070808133860246,0.5661346132380846
7958,8132,0.20071011591112023,0.5662462328384864
5354,5476,0.20071411158722854,0.5663578524388883
4425,4516,0.2007243901612055,0.5664694720392901
7820,7618,0.200742270323927,0.566581091639692
8351,8421,0.2007430078146147,0.5666927112400938
5962,5991,0.2007667496147498,0.5668043308404956
4351,4470,0.2007693892705585,0.5669159504408974
5432,5452,0.2007838425098342,0.5670275700412992
4346,4504,0.20078769040477035,0.5671391896417011
5983,6025,0.20080530000018562,0.5672508092421029
5854,6004,0.2008125339342507,0.5673624288425048
5784,5926,0.20081397749874144,0.5674740484429066
5541,5714,0.2008312931630203,0.5675856680433085
2373,2567,0.20083585717597555,0.5676972876437102
5176,5143,0.2008567877275719,0.567808907244112
2481,2451,0.20087133462525994,0.5679205268445139
2443,2535,0.20087507949454525,0.5680321464449157
1263,1062,0.20087626915719545,0.5681437660453176
4439,4603,0.20088824898754967,0.5682553856457194
4620,4663,0.20091989563843676,0.5683670052461213
4106,4277,0.2009343931178925,0.568478624846523
5727,5563,0.20095155919754967,0.5685902444469249
5753,5906,0.20096370296771443,0.5687018640473267
4093,4185,0.20098038729489218,0.5688134836477285
3124,3253,0.2009978126682578,0.5689251032481304
4437,4524,0.2010487783944002,0.5690367228485322
8353,8301,0.20109907822702092,0.5691483424489341
3243,3369,0.2011208766974507,0.5692599620493358
8942,8881,0.2011714900168569,0.5693715816497377
6724,6667,0.20123825836311285,0.5694832012501395
8674,8705,0.2012392550997382,0.5695948208505414
2634,2447,0.20124076569251467,0.5697064404509432
5527,5467,0.20124367988427172,0.569818060051345
5428,5457,0.20126072566543016,0.5699296796517469
5894,6022,0.20126420205090303,0.5700412992521486
4775,4810,0.2012791399062932,0.5701529188525505
371,364,0.20128007071676002,0.5702645384529523
7610,7598,0.20128181524061906,0.5703761580533542
4303,4402,0.20131947147227747,0.570487777653756
2566,2675,0.2013269879654297,0.5705993972541579
908,995,0.20133509565534694,0.5707110168545596
5793,5918,0.2013385707369143,0.5708226364549615
5387,5538,0.20135151865741555,0.5709342560553633
4994,5194,0.20137820280709143,0.5710458756557651
8471,8381,0.20139716339699715,0.571157495256167
1273,1256,0.20146423214000783,0.5712691148565688
988,1117,0.20147108939541916,0.5713807344569707
5064,5081,0.20149221493237476,0.5714923540573724
4599,4624,0.20149552931129183,0.5716039736577743
4662,4737,0.20150283460200727,0.5717155932581761
4878,4939,0.20150702879648846,0.571827212858578
8373,8464,0.2015338269540426,0.5719388324589798
4672,4747,0.20154455184137438,0.5720504520593817
8761,8821,0.20154568777937684,0.5721620716597835
7027,7118,0.20157844737711067,0.5722736912601852
4757,4740,0.20159499192787658,0.5723853108605871
4310,4395,0.2015964541069623,0.5724969304609889
5170,5130,0.2016025163051612,0.5726085500613908
2718,2767,0.20162904778831925,0.5727201696617926
3871,3954,0.20164169413266675,0.5728317892621945
6458,6499,0.2016460878518138,0.5729434088625963
4522,4594,0.20165006412993314,0.573055028462998
5672,5814,0.20165123711390656,0.5731666480633999
4991,5210,0.20166550344019826,0.5732782676638017
5906,6040,0.2016759927663361,0.5733898872642036
5456,5416,0.20168264246082723,0.5735015068646054
4350,4434,0.20169580677570476,0.5736131264650073
7143,6905,0.20171011794928928,0.5737247460654091
7636,7381,0.20171631249934416,0.5738363656658109
4998,5044,0.20173844951932404,0.5739479852662127
8284,8065,0.20175263575849955,0.5740596048666146
4965,4979,0.20176521918688753,0.5741712244670164
7927,7938,0.2017657855903152,0.5742828440674183
8153,7911,0.20177223670164496,0.5743944636678201
8687,8763,0.20179823684512047,0.574506083268222
5408,5417,0.20181290364146223,0.5746177028686237
5508,5421,0.20181710446561413,0.5747293224690255
4038,4112,0.20182744032747965,0.5748409420694274
3896,3962,0.20185401710563822,0.5749525616698292
4724,4825,0.2018626781232275,0.5750641812702311
4820,4872,0.201881298353313,0.5751758008706329
2739,2789,0.20188559055372796,0.5752874204710348
4046,4162,0.20189129126629268,0.5753990400714365
7707,7572,0.20190007284207717,0.5755106596718383
7571,7522,0.20190014602916168,0.5756222792722402
4348,4483,0.2019073321659558,0.575733898872642
7514,7390,0.20193035049839367,0.5758455184730439
6969,7092,0.20194282379024267,0.5759571380734457
5898,6058,0.20197024176852005,0.5760687576738476
4268,4392,0.20197646938414673,0.5761803772742493
8376,8429,0.20198055367537732,0.5762919968746512
6889,7100,0.20198166226192243,0.576403616475053
4415,4530,0.20201127295255197,0.5765152360754549
7038,6879,0.2020464054255456,0.5766268556758567
6468,6473,0.20205006892668698,0.5767384752762585
7567,7452,0.20205072336800697,0.5768500948766604
5049,5048,0.2020533422186434,0.5769617144770621
4597,4667,0.20208782258861283,0.577073334077464
8105,7985,0.20208964452103398,0.5771849536778658
5798,5968,0.20210524236474425,0.5772965732782677
4726,4728,0.20211139555000582,0.5774081928786695
2602,2601,0.20213777127282972,0.5775198124790714
4043,4141,0.20214016558276132,0.5776314320794732
4753,4802,0.202174865425757,0.5777430516798749
8770,8801,0.20217661127543846,0.5778546712802768
8911,9100,0.20218562672221552,0.5779662908806786
2104,2103,0.20218971650643658,0.5780779104810805
5526,5684,0.20219886706980814,0.5781895300814823
2258,2352,0.20220918386676023,0.5783011496818842
3261,3346,0.20221228461302712,0.578412769282286
4444,4637,0.20222426059558693,0.5785243888826878
8664,8733,0.20224675182302448,0.5786360084830896
6172,6181,0.2022504629044081,0.5787476280834914
2717,2747,0.20225229947748763,0.5788592476838933
7078,7138,0.20225488866296595,0.5789708672842951
5497,5461,0.2022637112325858,0.579082486884697
5295,5297,0.20229237795805527,0.5791941064850988
8686,8641,0.20231024987988264,0.5793057260855006
4199,4374,0.20233987219269214,0.5794173456859024
7741,7619,0.2023426189814552,0.5795289652863043
2097,2288,0.2023602320811817,0.5796405848867061
2690,2649,0.20238186490167284,0.579752204487108
6338,6305,0.20239908375812457,0.5798638240875098
7277,7296,0.20240659614045425,0.5799754436879117
2709,2619,0.20242121548343056,0.5800870632883134
8512,8431,0.2024225425222319,0.5801986828887152
8568,8527,0.20244721927174697,0.5803103024891171
4226,4310,0.20245091990709255,0.5804219220895189
4980,5174,0.2024706905008637,0.5805335416899208
5042,5052,0.2024820101757324,0.5806451612903226
4195,4320,0.20248506861130358,0.5807567808907245
4325,4474,0.20250971315921354,0.5808684004911262
4794,4734,0.2025148027919069,0.580980020091528
5082,5054,0.20253628132975995,0.5810916396919299
5851,5966,0.20254563980393242,0.5812032592923317
4714,4833,0.20255780282523672,0.5813148788927336
6735,6830,0.2025587902455543,0.5814264984931354
8421,8403,0.20257675185013135,0.5815381180935372
2430,2419,0.20258912951551017,0.581649737693939
4633,4697,0.20259689333791947,0.5817613572943409
1280,1378,0.2026018486051491,0.5818729768947427
4238,4368,0.2026100789719745,0.5819845964951446
8830,8905,0.20261637376017774,0.5820962160955464
3924,4031,0.20262039372420418,0.5822078356959483
6808,6908,0.20264963174677678,0.58231945529635
4187,4203,0.20265740244751013,0.5824310748967518
3300,3312,0.2026844498357114,0.5825426944971537
4266,4363,0.20270770551587916,0.5826543140975555
5848,5958,0.2027188990702415,0.5827659336979574
3656,3799,0.20273306162938076,0.5828775532983592
7141,7232,0.20275531501292623,0.5829891728987611
4868,4880,0.20275754850120783,0.5831007924991628
2178,2228,0.20275851096471342,0.5832124120995646
7204,7304,0.20276211626857815,0.5833240316999665
5721,5854,0.20278597258791045,0.5834356513003683
7013,7116,0.2028022330833842,0.5835472709007702
1249,1248,0.20281470895585693,0.583658890501172
5044,5116,0.20285139117846296,0.5837705101015739
5275,5508,0.20287409697763317,0.5838821297019756
4630,4640,0.20287522458676013,0.5839937493023775
8193,8075,0.20290283621559146,0.5841053689027793
2572,2685,0.202912015325019,0.5842169885031812
4229,4312,0.20291290803321388,0.584328608103583
6917,7150,0.2029259571433279,0.5844402277039848
7301,7292,0.2029330397448235,0.5845518473043867
2575,2673,0.20293314001729873,0.5846634669047884
8614,8593,0.20293529719944067,0.5847750865051903
7915,7876,0.20293566194611629,0.5848867061055921
7640,7539,0.20294180546805982,0.584998325705994
1175,1082,0.20294663455103143,0.5851099453063958
5166,5208,0.20295910649631999,0.5852215649067977
6134,6102,0.20296155888267642,0.5853331845071995
8783,8831,0.20298358666871555,0.5854448041076012
4721,4849,0.2029972280178283,0.5855564237080031
5123,5120,0.20299790258679812,0.5856680433084049
4300,4308,0.2030275907235059,0.5857796629088068
7572,7590,0.20304436110283386,0.5858912825092086
6325,6313,0.2030692359956541,0.5860029021096105
4062,4089,0.2030706974448496,0.5861145217100123
3855,3948,0.20307314539160742,0.5862261413104141
4354,4490,0.2030942007215445,0.5863377609108159
5348,5460,0.2030993739128203,0.5864493805112178
6814,6972,0.20313128217986132,0.5865610001116196
4812,4840,0.20315141049076052,0.5866726197120214
8072,7959,0.20315511307435732,0.5867842393124233
2724,2771,0.20315613104999064,0.5868958589128251
4034,4050,0.2031856189634236,0.5870074785132269
8755,8841,0.2031945888275314,0.5871190981136287
1538,1619,0.20320102976711496,0.5872307177140306
4059,4133,0.20321736295985499,0.5873423373144324
5425,5594,0.2032256049088144,0.5874539569148343
6084,6120,0.2032272118604354,0.5875655765152361
2188,2220,0.20332840949585512,0.587677196115638
1261,1218,0.2033647230412695,0.5877888157160397
2142,2212,0.20336942420741144,0.5879004353164415
4730,4839,0.20338329624538545,0.5880120549168434
5457,5487,0.20338718216069426,0.5881236745172452
4805,4850,0.2034158826462181,0.5882352941176471
7619,7516,0.2034464404246276,0.5883469137180489
5341,5282,0.20346262491114075,0.5884585333184508
6460,6491,0.20346540200716845,0.5885701529188525
1501,1609,0.20347389116699185,0.5886817725192544
6557,6692,0.20348450601763943,0.5887933921196562
3194,3303,0.2035045506828038,0.588905011720058
3804,3940,0.20351369765714367,0.5890166313204599
7050,7144,0.20351648113116605,0.5891282509208617
6263,6197,0.20352602437084044,0.5892398705212636
5493,5550,0.2035300792455822,0.5893514901216653
5473,5391,0.2035308899128015,0.5894631097220672
4791,4915,0.20354395480914136,0.589574729322469
5331,5333,0.20355007037715583,0.5896863489228709
8453,8405,0.20357724267495947,0.5897979685232727
5395,5506,0.20361558094926735,0.5899095881236746
6210,6296,0.20362626034801373,0.5900212077240764
3296,3426,0.2036311847629997,0.5901328273244781
4011,3844,0.20367279545353048,0.59024444692488
5516,5620,0.2037164112571887,0.5903560665252818
4777,4770,0.20373612687372808,0.5904676861256837
6184,6201,0.20374945241227937,0.5905793057260855
3913,4025,0.20376331820166868,0.5906909253264874
4121,4239,0.20376430163305187,0.5908025449268892
6344,6331,0.203801657532167,0.590914164527291
5001,5038,0.2038047950001456,0.5910257841276928
6003,6028,0.20383677888853205,0.5911374037280946
6629,6665,0.2038806888605191,0.5912490233284965
5849,5777,0.2038867514311291,0.5913606429288983
2510,2585,0.20389216457427164,0.5914722625293002
4007,3850,0.2039010976967312,0.5915838821297019
2565,2671,0.20390172837638004,0.5916955017301038
7757,7596,0.20390721310895876,0.5918071213305056
5391,5410,0.2039221531747219,0.5919187409309075
7065,7088,0.20393273456304492,0.5920303605313093
923,1014,0.20393552745086008,0.5921419801317112
8387,8413,0.20394839900074646,0.592253599732113
2335,2332,0.20397172374653869,0.5923652193325147
2552,2647,0.20397656522383778,0.5924768389329166
5953,5997,0.20407227672294753,0.5925884585333184
6454,6461,0.2040728245133943,0.5927000781337203
4170,4225,0.204074364719717,0.5928116977341221
5741,5946,0.20409929963637455,0.592923317334524
8330,8425,0.20412790741090114,0.5930349369349258
3315,3422,0.20413513760646337,0.5931465565353276
4738,4772,0.20415955688329102,0.5932581761357294
3716,3748,0.2041599774201629,0.5933697957361312
5903,6064,0.20416221176865182,0.5934814153365331
5137,5183,0.2042148006970435,0.5935930349369349
398,362,0.2042191266651746,0.5937046545373368
5910,5927,0.2042208126878067,0.5938162741377386
5556,5790,0.2042956848639174,0.5939278937381404
4017,4013,0.20429613553111184,0.5940395133385422
8803,8807,0.20431023615720384,0.5941511329389441
7124,7226,0.2043484785539204,0.5942627525393459
4053,4181,0.20435491769533362,0.5943743721397478
8754,8823,0.20437846813827437,0.5944859917401496
1169,1094,0.2044446695889236,0.5945976113405514
4152,4313,0.20444904792849372,0.5947092309409532
5362,5486,0.2044536246535115,0.594820850541355
4961,5015,0.20445777539787816,0.5949324701417569
3956,3888,0.20450038740179746,0.5950440897421587
5392,5362,0.2045155748009535,0.5951557093425606
6451,6471,0.20451585121548674,0.5952673289429624
5407,5462,0.20451994650282082,0.5953789485433643
5016,5017,0.20452425740736754,0.595490568143766
4032,4151,0.20452476243649947,0.5956021877441678
4648,4632,0.20452662278649786,0.5957138073445697
4703,4710,0.20454538922050666,0.5958254269449715
2512,2597,0.20458398744774556,0.5959370465453734
2203,2226,0.20459024455372518,0.5960486661457752
5441,5388,0.20459546581979524,0.5961602857461771
1575,1657,0.20459725726890243,0.5962719053465788
3986,3868,0.20462091493615409,0.5963835249469807
4273,4449,0.20464517299472557,0.5964951445473825
5655,5820,0.20466467752841588,0.5966067641477844
7041,7148,0.2046792978521209,0.5967183837481862
7539,7420,0.20468407766686722,0.596830003348588
7929,7928,0.20468421819863805,0.5969416229489899
4637,4723,0.2047036572433667,0.5970532425493916
4676,4704,0.2047210909140141,0.5971648621497935
3994,4150,0.20474266104122174,0.5972764817501953
4130,4215,0.2047622809328967,0.5973881013505972
3923,4009,0.20476286145495867,0.597499720950999
5148,5180,0.20477034921557233,0.5976113405514009
4287,4298,0.20477748477456856,0.5977229601518027
4458,4535,0.20477826296541496,0.5978345797522044
8772,8942,0.20478452707065642,0.5979461993526063
4677,4767,0.20480945158344083,0.5980578189530081
2241,2208,0.2048122326889383,0.59816943855341
6725,6677,0.20487244435498464,0.5982810581538118
6695,6623,0.20489111393839624,0.5983926777542137
5193,5202,0.20489112843387422,0.5985042973546155
2332,2334,0.20489958584950496,0.5986159169550173
5550,5666,0.2049008853054125,0.5987275365554191
5936,5981,0.20490974473509654,0.598839156155821
2317,2306,0.2049209652306677,0.5989507757562228
3249,3455,0.20492328085167094,0.5990623953566246
7283,7169,0.2049349632602056,0.5991740149570265
5416,5375,0.2049506058617772,0.5992856345574283
7647,7579,0.20496623686865473,0.5993972541578301
5112,5145,0.20498821427093603,0.5995088737582319
2559,2653,0.20501315632916178,0.5996204933586338
6050,6116,0.2050410698960027,0.5997321129590356
3154,3251,0.20505057985312009,0.5998437325594375
7216,7272,0.20506076067031367,0.5999553521598393
4459,4591,0.20506228753727918,0.6000669717602412
3708,3845,0.20508030781323355,0.6001785913606429
1076,1090,0.20508060441104375,0.6002902109610447
2689,2669,0.2050822148927237,0.6004018305614466
4571,4622,0.20509859898082272,0.6005134501618484
7247,7332,0.20510570472260295,0.6006250697622503
1268,1148,0.2051165106557166,0.6007366893626521
2422,2485,0.20511959363359913,0.600848308963054
6541,6549,0.20512342920658685,0.6009599285634557
4438,4541,0.20512517784237544,0.6010715481638575
5436,5432,0.20517486223888046,0.6011831677642594
8355,8363,0.20523978012870642,0.6012947873646612
4151,4219,0.20525228084326072,0.6014064069650631
1255,1391,0.20525704067842143,0.6015180265654649
4285,4377,0.2052571327705349,0.6016296461658667
6612,6752,0.20527248801046613,0.6017412657662685
8086,8057,0.20530342778808766,0.6018528853666704
7994,7987,0.20534680307672368,0.6019645049670722
4484,4600,0.20534695640106967,0.6020761245674741
6198,6190,0.2053713243288265,0.6021877441678759
2712,2707,0.20537362243594098,0.6022993637682778
4220,4328,0.20537502481850142,0.6024109833686795
8688,8785,0.20538082465382104,0.6025226029690813
5314,5490,0.2053841882807212,0.6026342225694832
8741,8809,0.20538542120909575,0.602745842169885
5010,5092,0.20546930868805005,0.6028574617702869
5845,5803,0.2054871149018547,0.6029690813706887
4502,4611,0.2055132830673195,0.6030807009710906
5489,5562,0.20552215341041039,0.6031923205714923
2638,2587,0.20554564555801616,0.6033039401718941
6007,6043,0.20555028550462656,0.603415559772296
6792,6862,0.20555048857518465,0.6035271793726978
7550,7612,0.2055506198093977,0.6036387989730997
3281,3332,0.20556239388343617,0.6037504185735015
4707,4736,0.2055835346029027,0.6038620381739034
2095,2258,0.20558353617488842,0.6039736577743051
5404,5478,0.20559992528793403,0.604085277374707
8313,8321,0.20560904675912156,0.6041968969751088
7237,7270,0.20561265571695894,0.6043085165755107
6420,6521,0.2056363037584351,0.6044201361759125
6046,6081,0.20565208868010298,0.6045317557763144
949,999,0.20565312063004534,0.6046433753767162
7635,7602,0.20565699386473504,0.6047549949771179
4825,4933,0.2056623195473463,0.6048666145775198
5327,5288,0.20568080943764847,0.6049782341779216
3853,4045,0.20569258969871834,0.6050898537783235
8333,8295,0.2057676818723184,0.6052014733787253
6428,6347,0.20576855810054834,0.6053130929791272
4790,4874,0.20577852980454298,0.605424712579529
4360,4432,0.2058287926999517,0.6055363321799307
4005,4006,0.2058495498604365,0.6056479517803326
6038,6089,0.20585348359126462,0.6057595713807344
7727,7603,0.20587263010642715,0.6058711909811363
4798,4800,0.20587416205884207,0.6059828105815381
4768,4879,0.20589068136478636,0.60609443018194
3864,3985,0.20589219507809908,0.6062060497823418
4228,4355,0.20590130512205396,0.6063176693827436
4442,4562,0.20590505479762897,0.6064292889831454
6199,6264,0.20592121754494705,0.6065409085835473
5038,5090,0.20592757699233616,0.6066525281839491
7113,7204,0.20592835755786246,0.606764147784351
4060,4183,0.2059763877015658,0.6068757673847528
8605,8559,0.205983450451803,0.6069873869851546
2232,2246,0.2059959921991951,0.6070990065855564
5914,5975,0.20601511903982883,0.6072106261859582
6789,6968,0.20602416230112697,0.6073222457863601
7615,7550,0.20603160011785512,0.6074338653867619
7246,7308,0.20604263738350267,0.6075454849871638
7101,7172,0.2060569583463713,0.6076571045875656
8343,8451,0.20612905836358306,0.6077687241879675
940,1003,0.20614901817123135,0.6078803437883692
4977,5003,0.20615527239474127,0.607991963388771
1250,1371,0.20616947107346215,0.6081035829891729
5144,5138,0.20616962760297605,0.6082152025895747
5521,5658,0.20617429448253688,0.6083268221899766
3942,4069,0.20618782823512863,0.6084384417903784
7012,7112,0.2061988796823535,0.6085500613907803
8356,8433,0.2062040298973418,0.608661680991182
2710,2713,0.20620746633614273,0.6087733005915839
7346,7137,0.2062163960722476,0.6088849201919857
4680,4775,0.20622551564803518,0.6089965397923875
1083,1182,0.20623562486779604,0.6091081593927894
4852,4838,0.20624583897220997,0.6092197789931912
4277,4451,0.20626460886313744,0.6093313985935931
2378,2265,0.20626902482556914,0.6094430181939948
2576,2693,0.2062884568893117,0.6095546377943967
4752,4885,0.206297880932061,0.6096662573947985
2409,2471,0.20630316822288616,0.6097778769952004
5977,6035,0.20632509685453437,0.6098894965956022
2400,2261,0.2063263903489191,0.6100011161960041
4687,4827,0.20635150477668537,0.6101127357964059
5991,6049,0.20635159695879995,0.6102243553968076
4800,4866,0.2064065876539929,0.6103359749972095
7211,7328,0.20642259677082572,0.6104475945976113
6490,6529,0.20645947247337665,0.6105592141980132
5515,5489,0.2064655561984582,0.610670833798415
8618,8762,0.2064827027479857,0.6107824533988169
3997,4137,0.20648861512134115,0.6108940729992187
8363,8468,0.20649852481675557,0.6110056925996205
5704,5880,0.20650928548948502,0.6111173122000223
5905,6046,0.20651211364175365,0.6112289318004241
3034,3127,0.2065209974552929,0.611340551400826
2200,2206,0.2065257664518384,0.6114521710012278
3968,3792,0.2065258737794117,0.6115637906016297
2337,2337,0.2065563655558912,0.6116754102020314
4018,4212,0.20667789395538158,0.6117870298024333
6217,6360,0.20673290278020448,0.6118986494028351
7500,7438,0.20675550219366626,0.612010269003237
6182,6260,0.20675653925276963,0.6121218886036388
5201,5189,0.20676260658153625,0.6122335082040407
3168,3185,0.20678243766395196,0.6123451278044425
1166,1184,0.20680538862509734,0.6124567474048442
4499,4586,0.20680662144788015,0.6125683670052461
5461,5556,0.20680673480189904,0.6126799866056479
942,1015,0.20682393138293984,0.6127916062060498
7103,7162,0.20684731561384462,0.6129032258064516
8682,8835,0.20687088733357278,0.6130148454068535
6677,6669,0.20687894162946469,0.6131264650072553
6737,6685,0.20691015380995859,0.613238084607657
1043,1026,0.20691752000056193,0.6133497042080589
5403,5499,0.2069299696714685,0.6134613238084607
3843,4039,0.20693057147004093,0.6135729434088626
4003,4144,0.20694370695905132,0.6136845630092644
5239,5207,0.20700620975759496,0.6137961826096663
2066,2129,0.20703176202293241,0.6139078022100681
4162,4329,0.20704944720644342,0.6140194218104699
5022,5112,0.20705134424666774,0.6141310414108717
374,453,0.20711218571743606,0.6142426610112736
8011,8003,0.20714590496710497,0.6143542806116754
1486,1581,0.2071460259326575,0.6144659002120773
6150,6160,0.20716084451966735,0.6145775198124791
6746,6932,0.2071706952314764,0.614689139412881
6623,6617,0.20717274442857256,0.6148007590132827
7652,7620,0.20717794928011452,0.6149123786136845
6064,6140,0.20719522670171725,0.6150239982140864
420,526,0.20723110459902588,0.6151356178144882
4487,4627,0.20724025716909159,0.6152472374148901
5789,5727,0.20724161193935411,0.6153588570152919
8516,8517,0.20725590096807944,0.6154704766156938
3269,3359,0.2072671733280111,0.6155820962160955
5630,5802,0.2073173497838005,0.6156937158164973
1265,1332,0.20733583470040842,0.6158053354168992
4693,4755,0.20736907966759108,0.615916955017301
7906,7850,0.20737547096078046,0.6160285746177029
4479,4568,0.2073888715484573,0.6161401942181047
4683,4700,0.2073996098482336,0.6162518138185066
1179,1198,0.20740365379151865,0.6163634334189083
2253,2414,0.20743887132658162,0.6164750530193102
7684,7611,0.207450692428715,0.616586672619712
4481,4592,0.20745164863410998,0.6166982922201139
2219,2254,0.2074518005008748,0.6168099118205157
6906,6721,0.20747324061167807,0.6169215314209175
5315,5542,0.20751075015553672,0.6170331510213194
4491,4601,0.20752018403688258,0.6171447706217211
8289,8449,0.20752391332926068,0.617256390222123
8890,8907,0.20753334566704124,0.6173680098225248
1128,1008,0.20755214290392543,0.6174796294229267
4299,4356,0.20758456779945508,0.6175912490233285
4682,4753,0.20760875847366447,0.6177028686237304
6759,6838,0.20762379942463405,0.6178144882241322
1181,1118,0.20762498471645943,0.6179261078245339
2692,2729,0.20763443358160064,0.6180377274249358
4833,4920,0.2076712943023396,0.6181493470253376
7565,7365,0.2076761386607924,0.6182609666257395
6641,6754,0.20768232495203273,0.6183725862261413
7960,7937,0.20771430650079747,0.6184842058265432
5357,5444,0.20772318202645623,0.618595825426945
3053,3165,0.2077240500582359,0.6187074450273468
8738,8815,0.2077380181883807,0.6188190646277486
3091,3205,0.20774790395513776,0.6189306842281505
8810,8901,0.20777967264111885,0.6190423038285523
2325,2385,0.20780383847120518,0.6191539234289541
5653,5838,0.20780738671867416,0.619265543029356
6523,6547,0.20783487815262763,0.6193771626297578
5386,5364,0.20784178304366943,0.6194887822301596
6107,6107,0.207850163449137,0.6196004018305614
1182,1038,0.20785918029382275,0.6197120214309633
4675,4698,0.20786346614876056,0.6198236410313651
4468,4598,0.20787895905172288,0.619935260631767
8621,8756,0.20788735085755966,0.6200468802321688
7947,8046,0.20792983154436617,0.6201584998325707
6946,7098,0.20794057325098989,0.6202701194329724
6173,6193,0.2079437253330183,0.6203817390333742
7121,7300,0.2079494712124357,0.6204933586337761
2065,2109,0.20797668922428766,0.6206049782341779
4762,4828,0.20800078161015592,0.6207165978345798
5005,5094,0.20801529067162616,0.6208282174349816
8326,8347,0.20803035182568044,0.6209398370353835
4475,4560,0.2080387555807822,0.6210514566357852
7691,7643,0.2080425019741142,0.621163076236187
3743,3894,0.208050425972208,0.6212746958365889
4754,4910,0.2081009665059538,0.6213863154369907
4604,4705,0.2081024837284331,0.6214979350373926
7559,7584,0.20811197186370847,0.6216095546377944
6958,7134,0.20813127082339392,0.6217211742381962
5768,6016,0.20813647432033355,0.621832793838598
4389,4588,0.2081417987109684,0.6219444134389999
2330,2330,0.20814584745987094,0.6220560330394017
6164,6280,0.20818018204141192,0.6221676526398036
5423,5384,0.20818997952785065,0.6222792722402054
4353,4481,0.20824619304733005,0.6223908918406073
4733,4756,0.20824734350759194,0.622502511441009
5427,5507,0.2082717999804086,0.6226141310414108
7625,7528,0.20829098024729853,0.6227257506418127
2309,2349,0.20829306088466598,0.6228373702422145
2288,2375,0.2083070553878186,0.6229489898426164
8312,8333,0.2083090691856588,0.6230606094430182
3967,4083,0.20831006551384323,0.6231722290434201
5369,5400,0.20834619752097014,0.6232838486438218
7115,7220,0.20836553777015593,0.6233954682442236
5806,5771,0.20836771808945742,0.6235070878446255
3974,4095,0.20838057386464273,0.6236187074450273
5075,5182,0.208424129480745,0.6237303270454292
4891,4955,0.2084309607809249,0.623841946645831
8385,8391,0.20843361977134958,0.6239535662462329
7991,7907,0.2084976668085096,0.6240651858466346
7180,7252,0.20850552518441304,0.6241768054470365
2159,2333,0.2085058540014959,0.6242884250474383
6192,6226,0.2085193423227135,0.6244000446478402
4436,4635,0.20852800211550027,0.624511664248242
2341,2329,0.20853574967560234,0.6246232838486439
6800,6944,0.20854448093925093,0.6247349034490457
2198,2387,0.20857619650430426,0.6248465230494474
5484,5580,0.20859710463607212,0.6249581426498493
5298,5305,0.20863619725880952,0.6250697622502511
7200,7338,0.20864484787823506,0.625181381850653
4997,5192,0.2086540360752139,0.6252930014510548
5140,5195,0.20866080845626556,0.6254046210514567
7851,7797,0.20868275269987074,0.6255162406518585
4964,5096,0.20868427177594928,0.6256278602522602
2388,2425,0.20868554648766524,0.6257394798526621
6611,6605,0.20870284376971934,0.6258510994530639
5696,5868,0.20871387293633484,0.6259627190534658
4118,4240,0.20872069598942933,0.6260743386538676
3835,4027,0.20876010802966685,0.6261859582542695
5879,6094,0.20876917335170564,0.6262975778546713
5443,5614,0.20877166608235678,0.6264091974550731
3985,4140,0.20877971261465356,0.6265208170554749
7665,7615,0.20878490418637144,0.6266324366558768
5398,5544,0.20883534515290278,0.6267440562562786
6039,6078,0.20884791435256886,0.6268556758566804
4052,4177,0.20885017424861005,0.6269672954570823
6856,6821,0.20886268325989235,0.6270789150574841
4859,4932,0.20888572628426985,0.6271905346578859
8937,8911,0.2089095094701244,0.6273021542582877
5359,5480,0.2089418406165668,0.6274137738586896
5651,5571,0.2089454218918591,0.6275253934590914
5518,5702,0.20897249197081877,0.6276370130594933
5465,5380,0.20899607294894273,0.6277486326598951
5939,6074,0.20900772683148264,0.627860252260297
1082,1180,0.20903782474864255,0.6279718718606987
2283,2389,0.20904940892714222,0.6280834914611005
7217,7085,0.2090646941195726,0.6281951110615024
7900,7804,0.2090711540547564,0.6283067306619042
8127,8091,0.20909778328468143,0.6284183502623061
3905,3880,0.20913799077899306,0.6285299698627079
4432,4545,0.20917234938251283,0.6286415894631098
1570,1669,0.20918037737300568,0.6287532090635115
4930,5010,0.2091805451853812,0.6288648286639134
2561,2615,0.20918562787033496,0.6289764482643152
4006,4182,0.20920339995326404,0.629088067864717
5375,5424,0.20920583171051757,0.6291996874651189
4897,4943,0.2092297398213385,0.6293113070655207
2406,2415,0.20923588289935446,0.6294229266659226
7189,7298,0.20924199846808167,0.6295345462663243
1171,1258,0.20925400199619112,0.6296461658667262
7018,7152,0.20926596810297213,0.629757785467128
4443,4577,0.20926804422302078,0.6298694050675299
1226,1076,0.20927722575115368,0.6299810246679317
5958,6017,0.2092802186237249,0.6300926442683336
1199,1036,0.2093128528328684,0.6302042638687354
5406,5602,0.20934255192313445,0.6303158834691371
7949,8130,0.20934269077293738,0.630427503069539
5795,5715,0.20934356760564932,0.6305391226699408
5126,5204,0.2093438501612426,0.6306507422703427
2272,2351,0.20935784059411083,0.6307623618707445
3851,3944,0.20937370881528017,0.6308739814711464
4827,4908,0.20937573652954572,0.6309856010715482
4222,4331,0.20938789849278433,0.63109722067195
8768,8803,0.20939472242394594,0.6312088402723518
3909,3874,0.20940139298031338,0.6313204598727536
4374,4477,0.2094014394168218,0.6314320794731555
2582,2645,0.2094626065876534,0.6315436990735573
5810,6072,0.2094653394526194,0.6316553186739592
4211,4337,0.20947666800848644,0.6317669382743609
5483,5497,0.20947917178593398,0.6318785578747628
7603,7622,0.20947952631770883,0.6319901774751646
3764,3926,0.20948038880225325,0.6321017970755665
6583,6561,0.20951050350024994,0.6322134166759683
5421,5441,0.20958471704023687,0.6323250362763702
7233,7278,0.2096054907683469,0.632436655876772
3993,4130,0.2096132516183008,0.6325482754771737
4095,4191,0.2096268262180829,0.6326598950775756
2683,2778,0.20964413488356282,0.6327715146779774
4503,4618,0.20967774656920543,0.6328831342783793
7272,7340,0.20968014837460222,0.6329947538787811
8329,8474,0.2096909844270792,0.633106373479183
2573,2699,0.2097128815592298,0.6332179930795848
5430,5584,0.2097201245936598,0.6333296126799866
2179,2325,0.20972808455328865,0.6334412322803884
5135,5193,0.20973842235832454,0.6335528518807902
3277,3304,0.20974801626116676,0.6336644714811921
8293,8251,0.20981122676381717,0.6337760910815939
6099,6130,0.20981166312212754,0.6338877106819958
4490,4584,0.20981272781281074,0.6339993302823976
4278,4360,0.20982191372243147,0.6341109498827994
5361,5465,0.20983369147427178,0.6342225694832012
4055,4117,0.20984515216845231,0.6343341890836031
1045,1102,0.20985196230340497,0.6344458086840049
6143,6173,0.2098598765931273,0.6345574282844068
6607,6613,0.20986575447992645,0.6346690478848086
4457,4566,0.209881252511708,0.6347806674852104
4909,4956,0.20989077771685272,0.6348922870856122
5309,5336,0.2098978511336391,0.635003906686014
526,622,0.2099394800216937,0.6351155262864159
6388,6501,0.209948187243584,0.6352271458868177
4727,4816,0.2099493954467388,0.6353387654872196
8775,8964,0.20994989928391533,0.6354503850876214
7181,7290,0.20995909728537962,0.6355620046880233
3164,3261,0.20996187199925825,0.635673624288425
2625,2627,0.2099825899107362,0.6357852438888268
5243,5231,0.20998515801015943,0.6358968634892287
2280,2338,0.20999143599958991,0.6360084830896305
7513,7385,0.20999231746871408,0.6361201026900324
1075,1080,0.21000738224047982,0.6362317222904342
7497,7496,0.2100189008076066,0.6363433418908361
2152,2105,0.21002377314787946,0.6364549614912378
4846,4918,0.21005698343800555,0.6365665810916397
5364,5359,0.21007751148057255,0.6366782006920415
8640,8691,0.21009974326714126,0.6367898202924434
8384,8407,0.21011273150297605,0.6369014398928452
1136,1044,0.21011635488792577,0.637013059493247
7515,7520,0.2101195291744615,0.6371246790936489
2296,2365,0.21012404953269623,0.6372362986940506
7303,7035,0.21014701179407277,0.6373479182944525
8900,8913,0.210153259580085,0.6374595378948543
4830,4914,0.21015363745681717,0.6375711574952562
3332,3358,0.21015513623148885,0.637682777095658
8941,8919,0.210167897684701,0.6377943966960599
3901,3882,0.21020005102534497,0.6379060162964617
4731,4780,0.21020203486782787,0.6380176358968634
2209,2242,0.21021641357558052,0.6381292554972653
4283,4332,0.2102222677167054,0.6382408750976671
8073,8041,0.21023913143060466,0.638352494698069
4684,4877,0.21024884826975934,0.6384641142984708
6773,6930,0.21025144352362954,0.6385757338988727
4681,4787,0.21026287175427436,0.6386873534992745
7875,7810,0.21027747164383917,0.6387989730996763
4766,4894,0.2102848201569488,0.6389105927000781
5912,6048,0.2103119927866406,0.63902221230048
7933,8064,0.21031472494068343,0.6391338319008818
1017,1106,0.21034257367069398,0.6392454515012836
5779,5950,0.21036498084685726,0.6393570711016855
986,1061,0.21037220786497138,0.6394686907020873
1232,1194,0.21037416816135976,0.6395803103024891
6449,6351,0.21038837625334453,0.6396919299028909
3957,3970,0.2104223547662388,0.6398035495032928
4552,4655,0.21042279738400593,0.6399151691036946
3963,3796,0.21045404854093805,0.6400267887040965
1183,1174,0.21048445440882013,0.6401384083044983
990,1107,0.21048572307797475,0.6402500279049002
4270,4397,0.2104917423220093,0.6403616475053019
2372,2465,0.21050030109176526,0.6404732671057037
2327,2513,0.21051356390089576,0.6405848867061056
2282,2363,0.21052990325789106,0.6406965063065074
4657,4803,0.21053001525005893,0.6408081259069093
2432,2453,0.21054967542989161,0.6409197455073111
46,110,0.21056718997766802,0.641031365107713
7671,7624,0.2105723270451526,0.6411429847081147
3860,3997,0.2105883174320737,0.6412546043085166
5499,5501,0.21059269971785904,0.6413662239089184
8793,8865,0.210644587905177,0.6414778435093202
2080,2234,0.21066192717684729,0.6415894631097221
1212,1178,0.21066661337873321,0.6417010827101239
1215,1214,0.21068294886407768,0.6418127023105257
3895,3924,0.21070092580487254,0.6419243219109275
2720,2811,0.21071257535413934,0.6420359415113294
5334,5500,0.2107233494374379,0.6421475611117312
5099,5165,0.21073705845143997,0.6422591807121331
4105,4237,0.21076698747759426,0.6423708003125349
6439,6457,0.21076985290250747,0.6424824199129368
2492,2591,0.2107713257571986,0.6425940395133385
2541,2639,0.21078278187193225,0.6427056591137403
5442,5574,0.21078997155758353,0.6428172787141422
3180,3393,0.2107950382311098,0.642928898314544
5326,5488,0.21081352158871047,0.6430405179149459
5376,5454,0.21081397856885487,0.6431521375153477
2281,2369,0.21085497314680354,0.6432637571157496
4781,4862,0.21087752229265086,0.6433753767161513
496,642,0.2108886616621991,0.6434869963165532
4959,5042,0.21090075918356366,0.643598615916955
4102,4189,0.21092834398266702,0.6437102355173568
3962,3988,0.2109405181363377,0.6438218551177587
7953,7935,0.2109588769063915,0.6439334747181605
5480,5598,0.21096071629267352,0.6440450943185624
5121,5142,0.2109824429691564,0.6441567139189641
7544,7576,0.2109918696064876,0.644268333519366
4455,4619,0.21099269708608734,0.6443799531197678
4931,4987,0.21099272292531868,0.6444915727201697
1107,1048,0.21099508886407156,0.6446031923205715
4688,4835,0.21100335634636383,0.6447148119209734
5477,5505,0.2110331096465007,0.6448264315213752
2311,2341,0.21107382148332596,0.6449380511217769
4874,4959,0.21107498899350452,0.6450496707221788
7214,7161,0.21107998489373997,0.6451612903225806
8318,8313,0.21108286607420568,0.6452729099229825
4692,4757,0.21109562207100097,0.6453845295233843
2233,2272,0.21110515697788876,0.6454961491237862
2346,2473,0.21110867191391033,0.645607768724188
2723,2775,0.2111121730143761,0.6457193883245897
6996,6851,0.21112396992010699,0.6458310079249916
5512,5664,0.21119705447105844,0.6459426275253934
6195,6400,0.21121565568425082,0.6460542471257953
7125,6977,0.2112181726098985,0.6461658667261971
6403,6453,0.21123037210743298,0.646277486326599
7154,7262,0.21124598756447507,0.6463891059270008
6438,6455,0.21124639488598343,0.6465007255274026
6121,6110,0.21126568462337994,0.6466123451278044
1144,1084,0.21126575131955444,0.6467239647282063
1246,1268,0.2112697381560512,0.6468355843286081
6418,6505,0.21127339294008995,0.64694720392901
5353,5471,0.21132634930515734,0.6470588235294118
3150,3179,0.2113619824399993,0.6471704431298136
6589,6585,0.2113620630096338,0.6472820627302154
8838,8979,0.2113730471206714,0.6473936823306172
5966,6021,0.21137505464299614,0.6475053019310191
8652,8661,0.21138704565598299,0.6476169215314209
5363,5560,0.2114189509623003,0.6477285411318228
3918,3902,0.2114208994015806,0.6478401607322246
4020,4160,0.21143222398302874,0.6479517803326265
5523,5696,0.21143489419443995,0.6480633999330282
2719,2853,0.21144845651763006,0.64817501953343
5820,5789,0.21146833614753852,0.6482866391338319
5090,5186,0.2114841861434334,0.6483982587342337
6555,6587,0.2114983732155586,0.6485098783346356
4924,4964,0.21152162296266294,0.6486214979350374
5304,5316,0.21153522906250669,0.6487331175354393
7582,7614,0.21153815829478734,0.648844737135841
8367,8397,0.2116437964931459,0.6489563567362429
7185,7294,0.21165092249103168,0.6490679763366447
1270,1308,0.21166846133857486,0.6491795959370465
8764,8805,0.21167097928493497,0.6492912155374484
6030,6082,0.21168919247246976,0.6494028351378502
8841,8909,0.2117055135284676,0.6495144547382521
2392,2443,0.21171704683921844,0.6496260743386538
8655,8699,0.21172233563812723,0.6497376939390557
2210,2139,0.2117267777196569,0.6498493135394575
7264,7316,0.21177897829159723,0.6499609331398594
6130,6152,0.21183594693638325,0.6500725527402612
4355,4536,0.2118686280428088,0.6501841723406631
2180,2143,0.21186920695762496,0.6502957919410649
2289,2284,0.21187947078389305,0.6504074115414666
5431,5491,0.21189337423172802,0.6505190311418685
2165,2179,0.21190545436590574,0.6506306507422703
7056,7154,0.21191252711229344,0.6507422703426722
6437,6503,0.2119468119627891,0.650853889943074
8371,8399,0.21196263157807763,0.6509655095434759
3886,3968,0.21196357847555564,0.6510771291438777
5103,5136,0.21196639072529957,0.6511887487442795
2624,2661,0.2119802658750544,0.6513003683446813
6132,6150,0.2119887833090059,0.6514119879450831
3111,3161,0.21199326573446928,0.651523607545485
1271,1318,0.21199500036377678,0.6516352271458868
5476,5586,0.2120035411533891,0.6517468467462887
979,994,0.21200554179389616,0.6518584663466904
7239,7157,0.21201811097719,0.6519700859470923
5447,5604,0.2120272312410553,0.6520817055474941
4324,4466,0.21203219225392372,0.652193325147896
6801,6916,0.21206379653609309,0.6523049447482978
4480,4555,0.21209158724469665,0.6524165643486997
6527,6573,0.2121029777777494,0.6525281839491015
3324,3378,0.21213936111983434,0.6526398035495032
6135,6163,0.2121635584226105,0.6527514231499051
4165,4304,0.2121740430283039,0.6528630427503069
4747,4832,0.2122154987933277,0.6529746623507088
2513,2643,0.21221834418086588,0.6530862819511106
4332,4496,0.2122278794412188,0.6531979015515125
3998,4085,0.2122759550533283,0.6533095211519143
3943,4075,0.2122903159864396,0.653421140752316
7654,7674,0.212292501297003,0.6535327603527179
5054,5101,0.2123089898239012,0.6536443799531197
5396,5385,0.21231019059984904,0.6537559995535216
7695,7704,0.2123163692145158,0.6538676191539234
1186,1172,0.21232277200962069,0.6539792387543253
2594,2609,0.2123592878729006,0.6540908583547271
2535,2641,0.21236423937341675,0.6542024779551289
4148,4326,0.2123911361051114,0.6543140975555307
4952,4997,0.2124008622379415,0.6544257171559326
8608,8605,0.2124216817145381,0.6545373367563344
1031,1235,0.2124820583856589,0.6546489563567363
3156,3255,0.21249124295610697,0.6547605759571381
2711,2883,0.2124921025530585,0.65487219555754
4845,4916,0.2125287361165062,0.6549838151579417
5172,5228,0.21254059709640494,0.6550954347583435
2693,2827,0.212546350818875,0.6552070543587454
7138,7115,0.21256491144377537,0.6553186739591472
2270,2119,0.21259065749279332,0.6554302935595491
7454,7458,0.21260905493342602,0.6555419131599509
2171,2135,0.21261311210518302,0.6556535327603528
7258,7051,0.2126215383056244,0.6557651523607545
5164,5222,0.2126470592789902,0.6558767719611563
1500,1591,0.21264927055747795,0.6559883915615582
6014,6088,0.21266520889340654,0.65610001116196
5451,5588,0.21267263522344806,0.6562116307623619
2654,2766,0.21268797504676618,0.6563232503627637
7822,7735,0.21270649662519256,0.6564348699631656
2164,2189,0.2127082835086293,0.6565464895635673
5388,5434,0.21271509604279593,0.6566581091639692
7380,7374,0.21273903997884322,0.656769728764371
7187,7167,0.2127505530197774,0.6568813483647729
4593,4679,0.21277655580352975,0.6569929679651747
6093,6156,0.2127840447148827,0.6571045875655765
343,358,0.21278821759514052,0.6572162071659784
1514,1603,0.21279008303005306,0.6573278267663801
8288,8231,0.21282667888288098,0.657439446366782
6291,6490,0.2128437455850235,0.6575510659671838
8544,8531,0.21285240695674848,0.6576626855675857
5221,5273,0.2128527946986332,0.6577743051679875
7608,7575,0.21285761494368824,0.6578859247683894
4466,4567,0.21286452995351474,0.6579975443687912
4113,4227,0.2128702463098134,0.658109163969193
4857,4969,0.21287769181034832,0.6582207835695948
8610,8601,0.21288897825605294,0.6583324031699966
981,1063,0.21289345570507898,0.6584440227703985
6163,6216,0.21290752714244204,0.6585556423708003
4739,4792,0.2129174655899832,0.6586672619712022
972,1022,0.2129230616365253,0.658778881571604
5125,5198,0.21292626461107075,0.6588905011720058
8095,8077,0.2129518881076719,0.6590021207724076
8322,8359,0.21297050657795283,0.6591137403728095
4566,4681,0.2129729235143801,0.6592253599732113
1278,1302,0.21297539122952536,0.6593369795736131
8496,8519,0.21297882177012153,0.659448599174015
5760,5960,0.21300318982641006,0.6595602187744168
5098,5134,0.21300765808894656,0.6596718383748186
6650,6828,0.21300857814931282,0.6597834579752204
5078,5162,0.213023144760868,0.6598950775756223
6419,6431,0.21302328206491583,0.6600066971760241
7302,7342,0.21302663032872374,0.660118316776426
1069,1068,0.21304104729751533,0.6602299363768278
5915,5959,0.21305410458662277,0.6603415559772297
2595,2665,0.21307144220774413,0.6604531755776314
4179,4297,0.21308981367866184,0.6605647951780332
8527,8533,0.21309364211556145,0.6606764147784351
6812,6974,0.21309556130681984,0.6607880343788369
1747,1849,0.21314206058713628,0.6608996539792388
6065,6174,0.21315220883068153,0.6610112735796406
2591,2683,0.21320398780870875,0.6611228931800425
5116,5214,0.2132171812312065,0.6612345127804442
2043,2101,0.2132243399537208,0.661346132380846
2623,2667,0.213229853588616,0.6614577519812479
3279,3326,0.21324271292686778,0.6615693715816497
7120,7240,0.2132601611641237,0.6616809911820516
5620,5565,0.21329602065546502,0.6617926107824534
952,998,0.2132981188726861,0.6619042303828552
1214,1210,0.2132992146037192,0.662015849983257
3090,3201,0.21330421872813785,0.6621274695836589
5967,6042,0.21332518566254388,0.6622390891840607
2254,2346,0.21333428776078597,0.6623507087844626
8093,8073,0.2133415819298416,0.6624623283848644
6950,6865,0.21334943634254416,0.6625739479852663
7147,7310,0.21335135701712296,0.662685567585668
5998,6044,0.21339298887648742,0.6627971871860698
1068,1086,0.21340318975752628,0.6629088067864717
6166,6222,0.2134201934262149,0.6630204263868735
4751,4844,0.21348179920655638,0.6631320459872754
5374,5479,0.21350750960425557,0.6632436655876772
3944,4079,0.2135171150742129,0.6633552851880791
945,1033,0.2135384729707309,0.6634669047884808
2313,2113,0.2135394860528525,0.6635785243888827
2636,2611,0.21356599471110616,0.6636901439892845
8837,8917,0.2135736153841428,0.6638017635896863
8742,8847,0.21357787850915183,0.6639133831900882
7607,7670,0.21360002202711137,0.66402500279049
2596,2633,0.21360415982226294,0.6641366223908919
3114,3175,0.21360627111606828,0.6642482419912936
8612,8673,0.21361001010543468,0.6643598615916955
6231,6219,0.21363115104260705,0.6644714811920973
5283,5318,0.21363182388001345,0.6645831007924992
8374,8490,0.2136548098138665,0.664694720392901
6417,6493,0.21371396945508836,0.6648063399933029
2347,2533,0.21372736838782927,0.6649179595937047
7135,7165,0.21372784085498514,0.6650295791941064
7024,7110,0.213736393704187,0.6651411987945083
8348,8411,0.21373725176977,0.6652528183949101
5290,5340,0.21373801586623853,0.665364437995312
1262,1402,0.21376829543183445,0.6654760575957138
5192,5203,0.21377257747075754,0.6655876771961157
7004,7180,0.21378650008436317,0.6656992967965175
3819,3932,0.21380204219014057,0.6658109163969193
7699,7676,0.21385345996087612,0.6659225359973211
2257,2366,0.21387897083447996,0.6660341555977229
5029,5118,0.2138856340828563,0.6661457751981248
6961,6853,0.21390723890848157,0.6662573947985266
7912,8018,0.21391205686220144,0.6663690143989285
7907,8012,0.2139213318069916,0.6664806339993303
4450,4569,0.2139459219377275,0.6665922535997321
7594,7630,0.21395947519136202,0.6667038732001339
1245,1377,0.21396634934242173,0.6668154928005358
7035,6987,0.21396845002232345,0.6669271124009376
6840,6769,0.2140033250666588,0.6670387320013395
3894,4035,0.21400489754666638,0.6671503516017413
7690,7680,0.21400539038902364,0.6672619712021431
2649,2637,0.21400673857706434,0.6673735908025449
8845,8923,0.21403360459923756,0.6674852104029467
6448,6507,0.2140467591506207,0.6675968300033486
6979,7178,0.21407264887018643,0.6677084496037504
1577,1723,0.21407470779073737,0.6678200692041523
5093,5166,0.2140886900087655,0.6679316888045541
3740,3772,0.2141084235735088,0.668043308404956
3861,3934,0.2141324235668392,0.6681549280053577
5922,6084,0.21414615541413765,0.6682665476057595
2292,2372,0.2141514759807778,0.6683781672061614
3171,3273,0.21415400762442727,0.6684897868065632
7171,7336,0.21416743123805923,0.6686014064069651
4065,4115,0.21417362502034495,0.6687130260073669
3983,4046,0.2141771981255737,0.6688246456077688
2628,2659,0.214182444050832,0.6689362652081705
3287,3366,0.21420266357544626,0.6690478848085724
7289,7306,0.21421410632830606,0.6691595044089742
6386,6443,0.21422175982753702,0.669271124009376
4673,4768,0.21423422222226884,0.6693827436097779
7155,7334,0.21424003229827968,0.6694943632101797
5782,5753,0.21424902842290172,0.6696059828105816
7819,7835,0.2142524874353427,0.6697176024109833
5872,5875,0.2142532513925131,0.6698292220113852
4999,5063,0.21426717352304855,0.669940841611787
6540,6651,0.21427518135595197,0.6700524612121889
6159,6195,0.21429218643164097,0.6701640808125907
6008,6053,0.21432986178583144,0.6702757004129926
4719,4794,0.21434339180301415,0.6703873200133944
4307,4414,0.2143488001479257,0.6704989396137961
3940,4071,0.21436468838498504,0.670610559214198
2216,2115,0.21438708160389391,0.6707221788145998
4892,4993,0.21438720195553332,0.6708337984150017
4428,4564,0.21439383907589546,0.6709454180154035
7163,7268,0.21442584481648527,0.6710570376158054
5765,5773,0.2144276147094798,0.6711686572162072
7501,7345,0.21444528798457774,0.671280276816609
5028,5086,0.21444929844465074,0.6713918964170108
7661,7714,0.21444934939662277,0.6715035160174126
6955,7094,0.21445311704081763,0.6716151356178145
8196,8109,0.2144745437070076,0.6717267552182163
8607,8613,0.2144902443482483,0.6718383748186182
7839,7822,0.214502102847881,0.6719499944190199
3987,4068,0.2145191165551064,0.6720616140194218
5893,5929,0.2145216018103973,0.6721732336198236
7943,7983,0.2145475037516372,0.6722848532202255
4826,4900,0.21456077726216619,0.6723964728206273
3975,4119,0.21457727629033319,0.6725080924210292
5089,5169,0.21462670513028628,0.672619712021431
5884,5923,0.21463682576149334,0.6727313316218327
2379,2461,0.21470078945720675,0.6728429512222346
8924,8961,0.21470122452062404,0.6729545708226364
7495,7562,0.21470150572058977,0.6730661904230383
8560,8577,0.21470780348627727,0.6731778100234401
4473,4583,0.2147142869819047,0.673289429623842
5468,5582,0.2147268654193952,0.6734010492242438
3925,4059,0.21474679804235264,0.6735126688246456
1062,1190,0.2147710389656975,0.6736242884250474
4942,4980,0.21477179234965707,0.6737359080254492
6362,6515,0.2147811538590299,0.6738475276258511
5401,5572,0.2147858974985313,0.6739591472262529
7874,7966,0.2147939260543235,0.6740707668266548
5472,5590,0.21479908441814322,0.6741823864270566
2665,2810,0.21481523867549937,0.6742940060274584
4785,4882,0.21483421707227224,0.6744056256278602
5904,5963,0.21484712149853055,0.6745172452282621
977,1059,0.21486293515013524,0.6746288648286639
1174,1154,0.21487137138576293,0.6747404844290658
7490,7351,0.21487339593615462,0.6748521040294676
7174,7079,0.21492254161209862,0.6749637236298694
7111,7091,0.2149519719597428,0.6750753432302712
5935,6076,0.21496926976066016,0.675186962830673
4462,4599,0.21497714263279022,0.6752985824310749
6537,6593,0.21497926189115585,0.6754102020314767
5356,5371,0.21499685958897335,0.6755218216318786
2044,2183,0.21501618781733095,0.6756334412322804
4806,4924,0.21501630985203424,0.6757450608326823
3807,3930,0.21503782580806224,0.675856680433084
2234,2141,0.21504093578941974,0.6759683000334858
5888,5951,0.21504837867001725,0.6760799196338877
6968,7176,0.21506754002352862,0.6761915392342895
5405,5517,0.21506834612135853,0.6763031588346914
4071,4235,0.21507682679283383,0.6764147784350932
7179,7069,0.21508295025299615,0.6765263980354951
6408,6383,0.21509224665926271,0.6766380176358968
7489,7506,0.21511634948981434,0.6767496372362987
8022,8029,0.21521096500321785,0.6768612568367005
3076,3153,0.21521207888029448,0.6769728764371024
5990,6060,0.215212720920417,0.6770844960375042
7527,7526,0.215224841712488,0.677196115637906
5875,5891,0.21525685046693188,0.6773077352383079
4769,4884,0.2152677083062771,0.6774193548387096
3954,3992,0.21530373684376514,0.6775309744391115
4871,4945,0.21531270517009235,0.6776425940395133
7853,7958,0.21532659707232513,0.6777542136399152
6521,6579,0.21540409167596056,0.677865833240317
1604,1742,0.2154123127413947,0.6779774528407189
3170,3269,0.21546452916114417,0.6780890724411207
2228,2347,0.21551399573926183,0.6782006920415224
3246,3342,0.21558710579802293,0.6783123116419243
4341,4456,0.21560701616215616,0.6784239312423261
377,468,0.21561674135644723,0.678535550842728
4613,4715,0.2156239024366382,0.6786471704431298
8929,8953,0.21563947572701359,0.6787587900435317
7944,7999,0.21565279336467227,0.6788704096439335
8739,8851,0.21565553895829465,0.6789820292443353
6409,6489,0.21565928326153402,0.6790936488447371
7814,7837,0.21566238899359805,0.679205268445139
5055,5132,0.21566693114493773,0.6793168880455408
4787,4902,0.2156713638374071,0.6794285076459426
984,1087,0.21568163314905606,0.6795401272463445
2162,2173,0.21570808711741615,0.6796517468467463
2368,2279,0.2157180575355594,0.6797633664471481
5360,5373,0.21572250029375653,0.6798749860475499
8337,8387,0.21574225867832628,0.6799866056479518
3291,3386,0.21575160142015273,0.6800982252483536
4700,4776,0.21575620498226122,0.6802098448487555
4807,4930,0.21576155734883026,0.6803214644491573
1180,1348,0.21576340008722045,0.6804330840495592
4263,4373,0.21577252243175382,0.6805447036499609
5463,5515,0.21577894882028847,0.6806563232503627
5660,5617,0.21578409440787932,0.6807679428507646
6190,6217,0.21578777745923078,0.6808795624511664
2322,2381,0.2158184844849327,0.6809911820515683
3872,3966,0.21585604561857666,0.6811028016519701
3902,4057,0.21586322429924426,0.681214421252372
6804,6868,0.21587387812981776,0.6813260408527737
6662,6687,0.2158814621753356,0.6814376604531756
7840,7902,0.21590258046238514,0.6815492800535774
4216,4323,0.21594546873770354,0.6816608996539792
6178,6282,0.21595074625418897,0.6817725192543811
7836,7986,0.2159727563218912,0.6818841388547829
8134,8121,0.21598156448777242,0.6819957584551847
4264,4412,0.2160247956014085,0.6821073780555865
4749,4893,0.2160484614586257,0.6822189976559884
2668,2617,0.2160619065355118,0.6823306172563902
2064,2187,0.21606449384584536,0.6824422368567921
4710,4830,0.21606869153287042,0.6825538564571939
3284,3400,0.2160860666304023,0.6826654760575958
5303,5352,0.21610774410223998,0.6827770956579975
4224,4354,0.21612676204223477,0.6828887152583993
6599,6657,0.21613664932969773,0.6830003348588012
7924,7899,0.2161418984890197,0.683111954459203
5886,5941,0.21615368017009254,0.6832235740596049
8341,8393,0.2161756568804266,0.6833351936600067
5897,5977,0.21617636245448651,0.6834468132604086
8926,8945,0.2161792704337445,0.6835584328608103
7886,7968,0.21620808415082016,0.6836700524612122
4096,4241,0.21621132728858833,0.683781672061614
5378,5566,0.21622760516693948,0.6838932916620158
5272,5330,0.2162450190789537,0.6840049112624177
4663,4769,0.2162511591972002,0.6841165308628195
4493,4645,0.21627195713399772,0.6842281504632214
4611,4687,0.2162723574057608,0.6843397700636231
8636,8719,0.21628160001697783,0.684451389664025
7941,7989,0.2162822918478573,0.6845630092644268
5242,5251,0.2163026896457802,0.6846746288648287
4804,4917,0.21632302016026075,0.6847862484652305
7882,7960,0.21632737008722558,0.6848978680656324
3742,3774,0.2163293775745916,0.6850094876660342
2060,2216,0.21633662799168224,0.6851211072664359
5880,5939,0.21636279263919939,0.6852327268668378
7061,7170,0.21637100415634444,0.6853443464672396
1074,1188,0.21641022078565994,0.6854559660676415
6546,6702,0.2164130696044458,0.6855675856680433
4535,4661,0.21641997441422975,0.6856792052684452
354,368,0.2164323959303497,0.685790824868847
4454,4595,0.21648778276404723,0.6859024444692488
3856,4011,0.21649672630858321,0.6860140640696506
3048,3167,0.21650206649529216,0.6861256836700524
1016,1096,0.2165026553705869,0.6862373032704543
8340,8389,0.21650314344585478,0.6863489228708561
8277,8237,0.2165082491109111,0.686460542471258
4782,4941,0.21652123924197622,0.6865721620716598
7936,7949,0.21653179350050228,0.6866837816720616
4578,4650,0.21654012060983363,0.6867954012724634
5383,5554,0.21655316788472245,0.6869070208728653
8922,8971,0.21657018112337395,0.6870186404732671
6223,6223,0.21657275435193232,0.687130260073669
5059,5140,0.21657488425176508,0.6872418796740708
4302,4340,0.21658445393926373,0.6873534992744726
5313,5472,0.21659270742802503,0.6874651188748744
2212,2367,0.21662055970380278,0.6875767384752762
2615,2605,0.21662069063555942,0.6876883580756781
1188,1226,0.21665880311367378,0.6877999776760799
7863,7952,0.21666464611733513,0.6879115972764818
985,1057,0.21666642403427955,0.6880232168768836
5169,5211,0.2166756368558,0.6881348364772855
3990,4022,0.21669015318126436,0.6882464560776872
5458,5578,0.21669498310784788,0.688358075678089
4734,4906,0.21669786835177113,0.6884696952784909
1097,1064,0.21670934613552525,0.6885813148788927
6500,6545,0.21671781793861675,0.6886929344792946
4945,5011,0.21672262419230157,0.6888045540796964
5297,5354,0.2167231479193603,0.6889161736800983
7580,7702,0.21673470737277234,0.6890277932805
6139,6186,0.2167474475421833,0.6891394128809019
2128,2111,0.21674858672507902,0.6892510324813037
4713,4818,0.21677727127245824,0.6893626520817056
1098,1060,0.21679082584424225,0.6894742716821074
7401,7257,0.2167964644911482,0.6895858912825092
7629,7686,0.2168114857550786,0.6896975108829111
2597,2657,0.21681488954520325,0.6898091304833128
3981,4030,0.21681670765071626,0.6899207500837147
6781,7010,0.21682269540106994,0.6900323696841165
5366,5552,0.21683235572024562,0.6901439892845184
8646,8729,0.21683542348639517,0.6902556088849202
7628,7636,0.2168552035014408,0.6903672284853221
6750,6922,0.21686217423009319,0.6904788480857239
5009,5093,0.21687077609131397,0.6905904676861256
6091,6168,0.21692406124006366,0.6907020872865275
6825,6819,0.21693042332763945,0.6908137068869293
8631,8659,0.21693387622492605,0.6909253264873312
4202,4351,0.21694599440313464,0.691036946087733
3945,4091,0.21697909515304467,0.6911485656881349
5988,6041,0.21700367089198114,0.6912601852885367
5916,6128,0.21700687348160289,0.6913718048889385
7131,7256,0.21706553799888728,0.6914834244893403
5324,5484,0.21706616326927056,0.6915950440897422
7532,7517,0.21707172528448976,0.691706663690144
6675,6746,0.21707354796915693,0.6918182832905458
2702,2763,0.21708931523726652,0.6919299028909477
5329,5440,0.2170946530127131,0.6920415224913494
4528,4657,0.21712807078024612,0.6921531420917513
5197,5259,0.2171435401529629,0.6922647616921531
2173,2321,0.21715202862265917,0.692376381292555
6290,6277,0.21715290686040845,0.6924880008929568
7844,7852,0.21715398480358614,0.6925996204933587
4940,5000,0.2171655122286049,0.6927112400937605
7175,7318,0.21719570175081787,0.6928228596941622
1222,1206,0.21720377420490525,0.6929344792945641
5100,5156,0.2172171070378003,0.6930460988949659
4183,4315,0.21723705676103577,0.6931577184953678
4608,4693,0.21724387026252467,0.6932693380957696
7042,7166,0.21727216064242416,0.6933809576961715
1236,1142,0.21727933577662806,0.6934925772965733
7070,7061,0.21729739059424258,0.6936041968969751
5961,6062,0.21730052661526128,0.6937158164973769
5981,6050,0.21730577199302356,0.6938274360977787
4430,4521,0.21731690512570198,0.6939390556981806
4469,4563,0.21732762628694807,0.6940506752985824
5351,5459,0.21734888910052674,0.6941622948989843
3919,3980,0.2173519033609572,0.6942739144993861
8391,8548,0.2173521341385264,0.6943855340997879
7890,7836,0.21737624473399966,0.6944971537001897
6793,6825,0.2173919550066995,0.6946087733005916
2613,2613,0.21740930319533847,0.6947203929009934
4033,4129,0.2174250522444498,0.6948320125013953
919,1012,0.21746437202369673,0.6949436321017971
5943,6080,0.21750376769246063,0.695055251702199
4948,5100,0.21753579954182742,0.6951668713026007
7128,7045,0.21754201966798364,0.6952784909030025
5065,5178,0.21758064153544304,0.6953901105034044
3175,3271,0.2176096993620055,0.6955017301038062
3118,3181,0.21761955583187922,0.6956133497042081
5254,5332,0.2176379595019199,0.6957249693046099
6797,6799,0.21765587198799077,0.6958365889050118
4691,4808,0.217659538549984,0.6959482085054135
8454,8529,0.21766037369394886,0.6960598281058153
7873,7880,0.2176763808088218,0.6961714477062172
6055,6158,0.21769079828535687,0.696283067306619
7109,7049,0.2176965919433298,0.6963946869070209
5198,5243,0.21771009095398397,0.6965063065074227
8281,8233,0.21771552443963277,0.6966179261078246
1213,1146,0.21774657672140918,0.6967295457082263
5271,5295,0.21774732485317688,0.6968411653086282
6429,6435,0.21776650181948298,0.69695278490903
7899,7996,0.21779429204109102,0.6970644045094319
7577,7527,0.21781318815098147,0.6971760241098337
5322,5412,0.21782692522037148,0.6972876437102355
5142,5199,0.2178407679380531,0.6973992633106374
7587,7682,0.2178880969739017,0.6975108829110391
7676,7703,0.2179102043780392,0.697622502511441
1195,1260,0.21793306415838393,0.6977341221118428
2237,2177,0.21794270053329942,0.6978457417122447
4876,4962,0.21794403348450947,0.6979573613126465
5332,5450,0.21798169603669604,0.6980689809130484
7854,7847,0.2179819338673462,0.6981806005134502
2158,2195,0.21798939621093202,0.698292220113852
5008,5029,0.2180043504148586,0.6984038397142538
4035,4171,0.21800697910967554,0.6985154593146556
8623,8769,0.2180228382382417,0.6986270789150575
7732,7693,0.21805490006262332,0.6987386985154593
8909,8955,0.21805590520598,0.6988503181158612
7485,7560,0.218057689226601,0.698961937716263
5338,5426,0.2180743840528267,0.6990735573166648
5030,5091,0.21807481999106204,0.6991851769170666
4944,4999,0.21809223770804123,0.6992967965174685
7129,7320,0.2180994446439078,0.6994084161178703
4012,4077,0.21812373730373893,0.6995200357182721
8572,8591,0.21817165012172723,0.699631655318674
6024,6112,0.2182051279515555,0.6997432749190758
6267,6267,0.21821072930843002,0.6998548945194776
6786,6894,0.2182692512899062,0.6999665141198794
5316,5408,0.21830575987060952,0.7000781337202813
7621,7664,0.2183076822382101,0.7001897533206831
5095,5171,0.218341085081228,0.700301372921085
5418,5576,0.21835334283878374,0.7004129925214868
5639,5852,0.21835637217061504,0.7005246121218887
2161,2293,0.21836433848946646,0.7006362317222904
6088,6182,0.2183658098697155,0.7007478513226922
4193,4302,0.21842706145914914,0.7008594709230941
4814,4929,0.2184460899078129,0.7009710905234959
7643,7716,0.21844718488157622,0.7010827101238978
8548,8549,0.21845245146472692,0.7011943297242996
7173,7284,0.21845404928585077,0.7013059493247015
7843,7998,0.21847909122874118,0.7014175689251032
3301,3382,0.21850791989463883,0.701529188525505
8365,8478,0.21851007536135378,0.7016408081259069
8536,8567,0.21853461076079464,0.7017524277263087
4716,4864,0.21854913148805427,0.7018640473267106
1196,1224,0.21858425957717906,0.7019756669271124
7170,7276,0.218605110046673,0.7020872865275142
8294,8291,0.21861236417583804,0.702198906127916
4943,5068,0.2186396087681907,0.7023105257283179
2618,2623,0.21864044289108084,0.7024221453287197
5517,5511,0.21864461176647312,0.7025337649291216
4646,4795,0.2186488264477504,0.7026453845295234
4740,4860,0.21865425921586712,0.7027570041299253
4717,4870,0.2186890410495482,0.702868623730327
5913,6015,0.2186938886147979,0.7029802433307288
8342,8415,0.2186962021981522,0.7030918629311307
3191,3349,0.21870219872833763,0.7032034825315325
3984,4094,0.21870806662505698,0.7033151021319344
5336,5436,0.21871136871418353,0.7034267217323362
3863,3916,0.21873849612179277,0.7035383413327381
4447,4608,0.21876384261020243,0.7036499609331398
6040,6093,0.218798011475924,0.7037615805335417
6975,7216,0.21880452846266962,0.7038732001339435
6565,6659,0.21880538185821524,0.7039848197343453
8336,8417,0.21882023123392422,0.7040964393347472
3989,4044,0.21882527273022265,0.704208058935149
5372,5397,0.21883320893426583,0.7043196785355509
4953,5056,0.21884457435118065,0.7044312981359526
2163,2270,0.21885401990513806,0.7045429177363545
3345,3571,0.2188552205629359,0.7046545373367563
4610,4664,0.21885892814871624,0.7047661569371582
4946,5030,0.21888976968152887,0.70487777653756
4156,4359,0.21891573501216727,0.7049893961379619
6544,6637,0.21892839124889238,0.7051010157383637
6206,6392,0.2189294663910178,0.7052126353387654
5373,5399,0.21893384447390912,0.7053242549391673
5138,5221,0.21893989915894566,0.7054358745395691
6281,6269,0.2189665532846035,0.705547494139971
7072,7095,0.21896783780687304,0.7056591137403728
8328,8484,0.21897800153950583,0.7057707333407747
541,636,0.21901280041893223,0.7058823529411765
5133,5201,0.21901556644058984,0.7059939725415783
1094,1114,0.2190436778493752,0.7061055921419801
3806,3758,0.21906493332592936,0.706217211742382
3181,3351,0.21907214776368633,0.7063288313427838
7692,7706,0.21909173454751293,0.7064404509431856
4114,4274,0.2190940548983875,0.7065520705435875
5256,5324,0.21911344194592372,0.7066636901439893
3884,3989,0.2191305921233509,0.7067753097443911
8816,8965,0.21914286144746245,0.7068869293447929
3893,4007,0.2191503594956635,0.7069985489451948
8550,8571,0.21915270263971645,0.7071101685455966
8912,8963,0.21916860290952345,0.7072217881459985
4441,4578,0.21918036343696748,0.7073334077464003
4471,4617,0.21918236634111798,0.7074450273468021
3722,3788,0.21918731041030526,0.7075566469472039
4398,4576,0.2191979212407308,0.7076682665476057
7593,7634,0.21921819157019537,0.7077798861480076
5061,5164,0.21925299326730313,0.7078915057484094
7613,7710,0.219262508670346,0.7080031253488113
6041,6122,0.2192671377457944,0.7081147449492131
3260,3334,0.2192720464065991,0.708226364549615
4956,5082,0.21927366151036787,0.7083379841500167
4108,4199,0.21928692366229066,0.7084496037504185
8645,8725,0.21928727285694705,0.7085612233508204
8615,8665,0.21929872091207178,0.7086728429512222
6956,6907,0.21935007823184172,0.7087844625516241
7651,7712,0.21938856995685876,0.7088960821520259
2579,2711,0.21941970821397438,0.7090077017524278
7678,7646,0.21943385843355373,0.7091193213528295
7715,7715,0.21944086685115338,0.7092309409532314
8933,8977,0.21947994829033754,0.7093425605536332
7504,7532,0.2195305330407588,0.709454180154035
4496,4649,0.2195353601509873,0.7095657997544369
7891,8006,0.21953911079923455,0.7096774193548387
8611,8663,0.2195423470733052,0.7097890389552406
5951,6090,0.21956638156809985,0.7099006585556423
7914,8038,0.2196058638187506,0.7100122781560442
5306,5464,0.21962056077687622,0.710123897756446
6370,6451,0.21966307547529595,0.7102355173568479
5731,5942,0.21966949362561955,0.7103471369572497
5917,6005,0.21969164864866303,0.7104587565576516
5262,5322,0.21971381285238903,0.7105703761580534
7273,7344,0.21973819753403423,0.7106819957584551
7576,7732,0.2197484641297861,0.710793615358857
7575,7660,0.21977077021574587,0.7109052349592588
8555,8595,0.21977975604587655,0.7110168545596607
4624,4709,0.2197925778697862,0.7111284741600625
2224,2171,0.2198178563184578,0.7112400937604644
4612,4694,0.2198381212162321,0.7113517133608662
6732,6727,0.2198458086673307,0.711463332961268
7417,7410,0.21986653831786857,0.7115749525616698
2251,2376,0.21989194699061695,0.7116865721620717
5997,6063,0.21990708483991284,0.7117981917624735
7799,7817,0.21996205721528128,0.7119098113628753
5020,5124,0.21996320956092485,0.7120214309632772
3103,3245,0.21998647455702863,0.7121330505636789
4899,4985,0.2199870033410208,0.7122446701640808
8051,8095,0.22000165230999386,0.7123562897644826
5389,5445,0.22002668302999775,0.7124679093648845
8533,8545,0.22005269828353075,0.7125795289652863
7140,7324,0.22007997466812412,0.7126911485656882
7583,7666,0.220090745976434,0.71280276816609
1120,1270,0.2201070981191229,0.7129143877664917
6168,6288,0.2201083454859991,0.7130260073668936
4983,5218,0.22011793490937914,0.7131376269672954
2207,2377,0.22012077748358724,0.7132492465676973
7687,7658,0.22012661807377285,0.7133608661680991
6554,6664,0.22012743934974832,0.713472485768501
7146,7280,0.2201451519764351,0.7135841053689028
8901,9007,0.22014948939589812,0.7136957249693046
3992,4052,0.22016476271063412,0.7138073445697064
8599,8752,0.2201698014311847,0.7139189641701083
6722,6882,0.22019199952138213,0.7140305837705101
3731,3782,0.2202157539167904,0.7141422033709119
4908,4961,0.22021627373115776,0.7142538229713138
5025,5128,0.22022473453814545,0.7143654425717156
8918,9017,0.22022610860661437,0.7144770621721174
5058,5190,0.22023753309781488,0.7145886817725192
7236,7346,0.22028130943696456,0.7147003013729211
6018,6085,0.22028554786914073,0.7148119209733229
5799,5779,0.22028912103174872,0.7149235405737248
8624,8645,0.2202995767771926,0.7150351601741266
3262,3404,0.22030344228610857,0.7151467797745285
4451,4604,0.22033586401634125,0.7152583993749302
5397,5521,0.22034438139423118,0.715370018975332
5808,5831,0.22035161777181325,0.7154816385757339
5069,5168,0.22036123120139417,0.7155932581761357
7517,7503,0.2203696233534131,0.7157048777765376
2343,2421,0.22038663209672285,0.7158164973769394
6499,6537,0.22042077303950236,0.7159281169773413
8295,8281,0.22042258877035736,0.716039736577743
4694,4892,0.2204394191306815,0.7161513561781448
4572,4699,0.22044346653544836,0.7162629757785467
1021,1046,0.2204789027557209,0.7163745953789485
5150,5219,0.2205201128879472,0.7164862149793504
2118,2127,0.2205262780322805,0.7165978345797522
1089,1168,0.22053824174449863,0.7167094541801541
6433,6497,0.22055515343789978,0.7168210737805558
3776,3910,0.22056373522152264,0.7169326933809577
5933,6009,0.22060962085549637,0.7170443129813595
4232,4352,0.2206142409316907,0.7171559325817614
3816,3780,0.220645678349344,0.7172675521821632
8317,8343,0.22065007221744404,0.717379171782565
6435,6419,0.22065092866556296,0.7174907913829669
6990,7192,0.2206558672719834,0.7176024109833686
2182,2145,0.22070416453793323,0.7177140305837705
2658,2812,0.22071131198114852,0.7178256501841723
4510,4659,0.220717190646545,0.7179372697845742
5050,5176,0.22072699637564885,0.718048889384976
8681,8799,0.22073438081386404,0.7181605089853779
4577,4703,0.2207429647725478,0.7182721285857797
7162,7149,0.22075343292827523,0.7183837481861814
3848,3928,0.22075889955119196,0.7184953677865833
7925,8022,0.22081100126260217,0.7186069873869851
7993,8063,0.22082471655459576,0.718718606987387
6684,6697,0.22082912697061727,0.7188302265877888
4520,4651,0.220838614195009,0.7189418461881907
5877,5943,0.22084150179762918,0.7190534657885925
3991,4086,0.22087626182697154,0.7191650853889943
8321,8409,0.22089057069096477,0.7192767049893961
4653,4738,0.22091044467063387,0.719388324589798
7536,7531,0.22092743788183714,0.7194999441901998
2611,2607,0.22093212371632998,0.7196115637906016
8254,8181,0.22094725194636405,0.7197231833910035
6756,6872,0.22096300698399157,0.7198348029914053
7044,7117,0.22098979031969473,0.7199464225918071
5479,5519,0.22100039500759797,0.7200580421922089
976,1006,0.2210102337822497,0.7201696617926108
3218,3363,0.2210117943658598,0.7202812813930126
4002,4099,0.22104761380695714,0.7203929009934145
7864,7910,0.22105064287773166,0.7205045205938163
7950,8186,0.22105399135273598,0.7206161401942182
4685,4760,0.22107450782054172,0.7207277597946199
2326,2509,0.22109058816994526,0.7208393793950217
3728,3784,0.22109936443647757,0.7209509989954236
5257,5292,0.22110213217998154,0.7210626185958254
7046,7093,0.22110382676374007,0.7211742381962273
5259,5256,0.2211208151021637,0.7212858577966291
7658,7685,0.2211246755834454,0.721397477397031
7680,7642,0.22113826862026184,0.7215090969974327
6079,6246,0.22116573363430966,0.7216207165978346
8881,9003,0.2211749889079001,0.7217323361982364
6148,6262,0.2212076502829779,0.7218439557986382
3818,3914,0.2212726068778711,0.7219555753990401
5380,5495,0.2212792937984767,0.7220671949994419
7039,7059,0.22129079881231808,0.7221788145998438
8556,8597,0.22130853418990548,0.7222904342002455
3877,4015,0.22130867575879962,0.7224020538006474
6719,6910,0.22132977636545945,0.7225136734010492
4426,4519,0.2213484504581431,0.7226252930014511
1121,1056,0.22137814752012902,0.7227369126018529
5066,5200,0.22138924057535356,0.7228485322022548
7447,7363,0.22145401916944502,0.7229601518026565
3252,3310,0.2214954544748543,0.7230717714030583
5080,5155,0.22150285172697412,0.7231833910034602
7294,7348,0.22150638091416497,0.723295010603862
4634,4812,0.2215072673109289,0.7234066302042639
5382,5570,0.22151669287220788,0.7235182498046657
5496,5654,0.22154999919517054,0.7236298694050676
7609,7692,0.22159563099505716,0.7237414890054693
7449,7482,0.22162276946178555,0.7238531086058712
5948,6092,0.2216368046830309,0.723964728206273
6067,6194,0.221650739310487,0.7240763478066748
5485,5622,0.22169904019533498,0.7241879674070767
6567,6647,0.2217049180368349,0.7242995870074785
5228,5404,0.22172722069478348,0.7244112066078804
7117,7286,0.22181957279841064,0.7245228262082821
1126,1192,0.22182032259571202,0.724634445808684
3866,3920,0.22184233268906026,0.7247460654090858
2177,2153,0.22186660473697173,0.7248576850094877
1225,1244,0.22190026907291824,0.7249693046098895
8948,9029,0.22194427234984898,0.7250809242102914
7879,7994,0.22194796500548963,0.7251925438106932
8935,8997,0.22195665922664945,0.7253041634110949
4903,4996,0.22196001349688038,0.7254157830114968
3869,4055,0.22196763426638183,0.7255274026118986
6529,6652,0.2219751971021959,0.7256390222123005
8325,8476,0.2220105799073649,0.7257506418127023
6539,6656,0.22201206435966903,0.7258622614131042
4591,4714,0.22202253912987852,0.725973881013506
7404,7428,0.22202398340476137,0.7260855006139078
4586,4717,0.22203368602759815,0.7261971202143096
5491,5523,0.22203887507716072,0.7263087398147114
4829,4967,0.2220418822485026,0.7264203594151133
7034,7182,0.2220760598953779,0.7265319790155151
7221,7362,0.2221074629561192,0.726643598615917
5233,5306,0.22210796288917406,0.7267552182163188
4864,4947,0.2221853328400855,0.7268668378167206
2664,2679,0.22219258232851544,0.7269784574171224
2269,2359,0.22219406841227807,0.7270900770175243
8483,8525,0.22222119421163797,0.7272016966179261
3937,3852,0.22223542898468432,0.727313316218328
2499,2625,0.22224651240642312,0.7274249358187298
5127,5220,0.2222489165086711,0.7275365554191316
6252,6243,0.2222718098841051,0.7276481750195334
5067,5141,0.2222959559370611,0.7277597946199352
2195,2268,0.22230197443908678,0.7278714142203371
7387,7426,0.22231075948495008,0.7279830338207389
4031,4169,0.22235875096804064,0.7280946534211408
1158,1208,0.22236807319643428,0.7282062730215426
2299,2309,0.22240810280292708,0.7283178926219445
3795,3908,0.2224913819458263,0.7284295122223462
6531,6648,0.2225654315522103,0.728541131822748
8286,8277,0.22257650677344196,0.7286527514231499
4200,4345,0.2225811860485344,0.7287643710235517
4602,4716,0.2225879386061766,0.7288759906239536
1050,1040,0.22260061051521712,0.7289876102243554
8279,8273,0.22261299515932922,0.7290992298247573
7160,7312,0.22261322649512466,0.729210849425159
2078,2185,0.22263626347736956,0.7293224690255609
5222,5277,0.2226604353357284,0.7294340886259627
6299,6299,0.22267378873241986,0.7295457082263646
2267,2327,0.222684584248674,0.7296573278267664
2246,2308,0.22270607198540213,0.7297689474271682
6798,6837,0.22272462166801696,0.7298805670275701
4893,4976,0.22278067004743474,0.7299921866279718
4595,4702,0.22279723017944134,0.7301038062283737
4870,4991,0.2227987740975216,0.7302154258287755
4904,5002,0.2228063271546087,0.7303270454291774
1205,1242,0.22294655940262056,0.7304386650295792
3897,4003,0.22295566803954248,0.7305502846299811
2307,2285,0.222957368330764,0.7306619042303829
1242,1292,0.2229638951349372,0.7307735238307846
5956,6086,0.22298987041353452,0.7308851434311865
4421,4580,0.22299284709932254,0.7309967630315883
2583,2691,0.22299918557456294,0.7311083826319902
2622,2703,0.2230419449230975,0.731220002232392
2085,2123,0.22305298479011754,0.7313316218327939
4416,4533,0.22306770615724433,0.7314432414331957
6570,6655,0.22306901007948382,0.7315548610335975
3908,4061,0.22307034480377297,0.7316664806339993
5173,5197,0.22307828224449117,0.7317781002344012
7634,7672,0.22309032568511097,0.731889719834803
4748,4898,0.2231320387648207,0.7320013394352048
8805,8883,0.22314997986583524,0.7321129590356067
6063,6188,0.22316818860783244,0.7322245786360085
7062,7071,0.2231773347218451,0.7323361982364103
5249,5289,0.22318094234884786,0.7324478178368121
7848,7942,0.22319843416157997,0.732559437437214
5402,5592,0.22321449291636034,0.7326710570376158
7057,7119,0.22321985090212657,0.7327826766380177
7427,7478,0.22323862807769393,0.7328942962384195
6733,6739,0.2232458073130033,0.7330059158388212
4456,4610,0.22326579234550545,0.7331175354392231
8307,8441,0.2232904661869925,0.7332291550396249
1173,1280,0.22329899191431488,0.7333407746400268
5141,5226,0.22330795911756177,0.7334523942404286
7067,7123,0.22331386823109023,0.7335640138408305
2236,2298,0.2233330933047237,0.7336756334412323
7913,8040,0.22334149298645334,0.7337872530416341
7363,7462,0.22334804686919735,0.7338988726420359
7136,7179,0.22335728641831085,0.7340104922424378
6569,6601,0.22336286027842053,0.7341221118428396
4067,4229,0.22339484196578846,0.7342337314432414
6503,6643,0.22341268199867179,0.7343453510436433
4590,4712,0.22343634922618283,0.7344569706440451
6436,6401,0.22343737805541172,0.7345685902444469
4933,5022,0.22344024395217227,0.7346802098448487
968,1050,0.22351134409222345,0.7347918294452506
8274,8307,0.2235703354584942,0.7349034490456524
8021,8081,0.22357278334653394,0.7350150686460543
8291,8309,0.2235732902523029,0.7351266882464561
7862,7988,0.22359156092737595,0.735238307846858
4400,4551,0.22360668504908596,0.7353499274472597
4343,4511,0.22362146073277436,0.7354615470476615
2295,2307,0.2236443658301886,0.7355731666480634
1002,1028,0.2236461928143424,0.7356847862484652
7556,7690,0.22365411445121602,0.7357964058488671
6937,6893,0.22366487218137496,0.7359080254492689
7954,8104,0.22366949860221602,0.7360196450496708
5071,5146,0.22368426470481495,0.7361312646500725
7186,7282,0.22370961035735518,0.7362428842504743
6760,6823,0.22371725940348444,0.7363545038508762
7880,7893,0.2237501031009436,0.736466123451278
6533,6591,0.2237624299252231,0.7365777430516799
7285,7358,0.22376744104354857,0.7366893626520817
7792,7779,0.22380335970992662,0.7368009822524836
1096,1176,0.22380341554216274,0.7369126018528853
7460,7500,0.22380868947343166,0.7370242214532872
3922,4098,0.22382336798733604,0.737135841053689
8910,9011,0.22382704758273003,0.7372474606540909
8135,8131,0.22383992875048703,0.7373590802544927
2350,2435,0.22385256724729607,0.7374706998548946
1248,1328,0.22387535297982278,0.7375823194552964
2315,2393,0.22388355442096697,0.7376939390556981
6011,6067,0.2238842949438143,0.7378055586561
8586,8746,0.22390139759593808,0.7379171782565018
5610,5555,0.22393709040078938,0.7380287978569037
5276,5368,0.22395463104823723,0.7381404174573055
5203,5280,0.22397960204848336,0.7382520370577074
1122,1166,0.22399165356894177,0.7383636566581092
8893,8987,0.22400688495612658,0.738475276258511
7939,8047,0.22401353093461057,0.7385868958589128
1059,1058,0.2240310734004082,0.7386985154593146
4176,4353,0.224042302928727,0.7388101350597165
2344,2437,0.224061854857475,0.7389217546601183
5218,5296,0.22406426346114006,0.7390333742605202
7533,7628,0.2240755949775527,0.739144993860922
6542,6607,0.2241044988797613,0.7392566134613238
6052,6105,0.22410659408319697,0.7393682330617256
6250,6251,0.2241225039223144,0.7394798526621275
6371,6509,0.22412428745736698,0.7395914722625293
7048,7065,0.2241388376158003,0.7397030918629312
6604,6679,0.22413904924396105,0.739814711463333
5225,5334,0.2241424477870256,0.7399263310637348
5919,6124,0.22415407917109698,0.7400379506641366
5178,5274,0.22416716136248505,0.7401495702645384
7887,8008,0.2241995916708829,0.7402611898649403
7867,7980,0.22420215354856435,0.7403728094653421
2249,2348,0.22427670818379603,0.740484429065744
5701,5721,0.22428307553202567,0.7405960486661458
7393,7424,0.2242995062203928,0.7407076682665477
4863,4948,0.2243013226815105,0.7408192878669494
7858,8002,0.22430737150931782,0.7409309074673512
3824,3896,0.22430883192093667,0.7410425270677531
4916,4986,0.2243144724518716,0.7411541466681549
4517,4638,0.22434438786715144,0.7412657662685568
6562,6619,0.224371969866106,0.7413773858689586
4117,4217,0.22439564230257822,0.7414890054693605
5073,5163,0.22440499127804492,0.7416006250697622
5864,5873,0.22443437527908827,0.7417122446701641
7483,7467,0.22443987715199562,0.7418238642705659
4107,4195,0.22445418690917596,0.7419354838709677
1239,1408,0.22449541687042462,0.7420471034713696
3971,4122,0.22451219770783176,0.7421587230717714
7832,7844,0.22451777182151234,0.7422703426721733
7464,7480,0.22454801423120738,0.742381962272575
5216,5300,0.2245514873872742,0.7424935818729769
8878,8941,0.224572182397119,0.7426052014733787
7617,7613,0.22463103357344227,0.7427168210737806
4695,4826,0.22465776061067416,0.7428284406741824
1176,1122,0.22465997761940837,0.7429400602745843
3719,3762,0.22468078783574583,0.743051679874986
3797,3878,0.22469357329529865,0.7431632994753878
7040,7222,0.22470415227952725,0.7432749190757897
4225,4350,0.22471831418562976,0.7433865386761915
7418,7305,0.2247257833757694,0.7434981582765934
7961,8023,0.2247478441102778,0.7436097778769952
4204,4408,0.22475799887628795,0.7437213974773971
2626,2701,0.22478749398945375,0.7438330170777988
7032,7103,0.22480357280166605,0.7439446366782007
5003,5158,0.22481650642955345,0.7440562562786025
3097,3189,0.2248421410286921,0.7441678758790043
5504,5680,0.2248660556297785,0.7442794954794062
2536,2719,0.22488084203773945,0.744391115079808
7409,7456,0.2248929697841749,0.7445027346802099
5215,5272,0.22489430029255175,0.7446143542806116
8524,8551,0.22490189294782728,0.7447259738810135
3709,3827,0.22491168380015783,0.7448375934814153
1095,1220,0.22492994850837889,0.7449492130818172
7026,7158,0.22493096029852735,0.745060832682219
5305,5481,0.22495027348290705,0.7451724522826209
4589,4701,0.22495563025801332,0.7452840718830227
8630,8735,0.2249592955106418,0.7453956914834244
3803,3884,0.22496209668192413,0.7455073110838263
6514,6555,0.2249742101615651,0.7456189306842281
4606,4806,0.22498997325109615,0.74573055028463
7306,7366,0.22502276515329514,0.7458421698850318
7079,7184,0.22504032247237118,0.7459537894854337
7082,7139,0.22507311170401,0.7460654090858355
5162,5257,0.22507680700162863,0.7461770286862373
6103,6125,0.22510514558199096,0.7462886482866391
7549,7696,0.22510768670331274,0.746400267887041
1204,1264,0.22514568284701955,0.7465118874874428
1049,1196,0.22515053263612045,0.7466235070878446
5891,5985,0.22518630276175738,0.7467351266882465
3867,3866,0.2252223490178489,0.7468467462886483
5007,5077,0.2252238711620982,0.7469583658890501
7579,7557,0.22522950862407476,0.7470699854894519
7918,7943,0.22526115978327152,0.7471816050898538
1233,1288,0.22528409912488817,0.7472932246902556
7530,7626,0.2253403536899351,0.7474048442906575
5920,6039,0.22538214138420526,0.7475164638910593
5041,5109,0.22538707884751952,0.7476280834914611
7648,7742,0.22541113598529722,0.7477397030918629
2192,2319,0.22542455131471872,0.7478513226922647
1070,1162,0.2254580482282431,0.7479629422926666
8517,8541,0.2254643457170507,0.7480745618930684
3822,3995,0.22546913939259955,0.7481861814934703
373,455,0.22550607563295139,0.7482978010938721
6385,6415,0.2255080201494829,0.748409420694274
5021,5075,0.2255156571541312,0.7485210402946757
5167,5249,0.22552449478852715,0.7486326598950775
2274,2289,0.22553885462033096,0.7487442794954794
2691,2847,0.22557137881382056,0.7488558990958812
7132,7326,0.2255738977402376,0.7489675186962831
4494,4652,0.22557840301525392,0.7490791382966849
963,1055,0.22558126958164312,0.7491907578970868
3066,3191,0.225587741074321,0.7493023774974885
5168,5263,0.22559072523011858,0.7494139970978904
7389,7299,0.22561474944223006,0.7495256166982922
5368,5381,0.22563166865081083,0.749637236298694
6749,6860,0.2256381872280663,0.7497488558990959
7562,7668,0.22565404120803664,0.7498604754994977
5342,5369,0.22566117387378615,0.7499720950998996
8868,8981,0.2256626066448246,0.7500837147003013
6580,6663,0.2256859859121195,0.7501953343007032
6779,6835,0.22572413463085542,0.750306953901105
4619,4720,0.2257718407886553,0.7504185735015069
7626,7635,0.22577364490312984,0.7505301931019087
7052,7025,0.22578845864567446,0.7506418127023106
8179,8167,0.22581319859295457,0.7507534323027124
8315,8419,0.22581856418625068,0.7508650519031141
3882,4019,0.22581859209920055,0.750976671503516
4869,5008,0.2258245512603808,0.7510882911039178
5869,5931,0.22582722710167263,0.7511999107043197
5199,5304,0.2258427174661286,0.7513115303047215
3688,3825,0.225850901885448,0.7514231499051234
7381,7436,0.22588762115107128,0.7515347695055252
5269,5346,0.22589129737260558,0.751646389105927
8386,8515,0.2259018572685883,0.7517580087063288
6100,6184,0.2259193712225996,0.7518696283067307
3906,3996,0.22592808762828628,0.7519812479071325
5002,5087,0.2259326553059425,0.7520928675075343
7870,8016,0.22594997089842037,0.7522044871079362
5501,5672,0.22597061809276817,0.752316106708338
7889,7905,0.2259778621323507,0.7524277263087398
997,1030,0.2259815596171828,0.7525393459091416
4797,4944,0.2260200300509139,0.7526509655095435
2242,2310,0.22602035414182972,0.7527625851099453
8945,9019,0.22602142355765853,0.7528742047103472
7804,7824,0.22602452858951402,0.752985824310749
8577,8671,0.22602978898076515,0.7530974439111507
6741,6715,0.2260444756224252,0.7532090635115526
1127,1276,0.2260456626184818,0.7533206831119544
7445,7494,0.22604720983273247,0.7534323027123563
7825,7906,0.22608997794194644,0.7535439223127581
7921,7971,0.22609798506072487,0.75365554191316
5136,5224,0.22609831631058852,0.7537671615135618
3958,4004,0.2261160216849376,0.7538787811139636
6534,6595,0.22612400124992404,0.7539904007143654
6711,6914,0.22612409535428912,0.7541020203147673
4711,4926,0.22614627618808872,0.7542136399151691
991,1004,0.22614755389717298,0.754325259515571
4746,4878,0.22617034866090838,0.7544368791159728
2019,2125,0.22622335245763053,0.7545484987163746
5181,5270,0.22624688057997586,0.7546601183167764
6769,6817,0.22628638388546068,0.7547717379171782
5328,5413,0.226290856123903,0.7548833575175801
311,352,0.22629381583881103,0.7549949771179819
7920,7991,0.22632432170655398,0.7551065967183838
4928,5046,0.22638472687927005,0.7552182163187856
4192,4317,0.22641159343836026,0.7553298359191875
5317,5473,0.22643561575639462,0.7554414555195892
8302,8439,0.22643570677576144,0.755553075119991
1231,1274,0.2264452628746005,0.7556646947203929
6082,6258,0.22645908632240314,0.7557763143207947
3961,4074,0.226478004971449,0.7558879339211966
3847,3890,0.2264852916123699,0.7559995535215984
8851,8937,0.22650301496467534,0.7561111731220003
6119,6151,0.22650363396726939,0.756222792722402
2075,2137,0.22652203956862316,0.7563344123228039
1103,1238,0.22653228870121433,0.7564460319232057
5932,6098,0.22655113524548473,0.7565576515236075
8604,8651,0.22656795237631513,0.7566692711240094
3772,3906,0.2265822857085747,0.7567808907244112
1165,1144,0.22660845294344256,0.7568925103248131
1145,1156,0.2266432523282824,0.7570041299252148
360,443,0.2266519865800024,0.7571157495256167
6998,7200,0.22667595541818497,0.7572273691260185
8597,8675,0.22668798514924837,0.7573389887264204
1058,1120,0.22670871764501313,0.7574506083268222
8191,8173,0.22671031622044446,0.757562227927224
4666,4774,0.22672715336306826,0.7576738475276259
7396,7408,0.22673738425282586,0.7577854671280276
2090,2222,0.22677304475858445,0.7578970867284295
6204,6376,0.22683645624885326,0.7580087063288313
3234,3306,0.22684790230564478,0.7581203259292332
4261,4375,0.22684969237184044,0.758231945529635
7430,7488,0.2268531643584879,0.7583435651300369
4699,4868,0.22686411778238014,0.7584551847304387
7940,8005,0.2268652092666071,0.7585668043308404
4013,4093,0.22687583597933553,0.7586784239312423
6745,6906,0.22690014194366884,0.7587900435316441
4996,5152,0.22690071298812123,0.758901663132046
7093,7023,0.22692787917178445,0.7590132827324478
7148,7354,0.22695323420799346,0.7591249023328497
4365,4507,0.22696814547770144,0.7592365219332515
5697,5731,0.22699144036393867,0.7593481415336533
6193,6239,0.22699371372645974,0.7594597611340551
978,1098,0.22699563064067277,0.759571380734457
7344,7460,0.2270169478809862,0.7596830003348588
4145,4306,0.2270511462087495,0.7597946199352607
4822,4951,0.2270685061472383,0.7599062395356625
4855,5014,0.2270711200846043,0.7600178591360643
3928,3824,0.22709622599597995,0.7601294787364661
1178,1128,0.22712467132668812,0.7602410983368679
8033,8071,0.22721446114415178,0.7603527179372698
4434,4572,0.2272163101999319,0.7604643375376716
5013,5105,0.22724264303768169,0.7605759571380735
7419,7472,0.2272626623164244,0.7606875767384753
4625,4725,0.22727535541050314,0.7607991963388772
3809,3991,0.22727547445492907,0.7609108159392789
1018,1088,0.22731138169674892,0.7610224355396807
7064,7101,0.22731417833866355,0.7611340551400826
7818,7898,0.2273176122628465,0.7612456747404844
7823,7858,0.22733592879335918,0.7613572943408863
5284,5466,0.22735257579442936,0.7614689139412881
3633,3795,0.22735946461273215,0.76158053354169
5713,5645,0.2273612117275983,0.7616921531420917
5600,5549,0.22736286108364542,0.7618037727424936
4658,4786,0.22740992410061994,0.7619153923428954
5248,5314,0.22742659551405117,0.7620270119432972
1011,1070,0.22743420711812504,0.7621386315436991
2340,2411,0.22746135853192084,0.7622502511441009
5236,5320,0.22748795996238677,0.7623618707445028
4335,4518,0.2275012459902242,0.7624734903449045
8882,9025,0.22751479725414694,0.7625851099453064
4886,5104,0.22751613089263628,0.7626967295457082
7049,7228,0.2275163972048511,0.7628083491461101
6387,6483,0.22752372991022057,0.7629199687465119
4030,4107,0.22754607789175044,0.7630315883469138
7021,7208,0.22756894762463206,0.7631432079473155
1559,1677,0.22760380957694237,0.7632548275477173
2250,2336,0.22761947573881294,0.7633664471481192
7905,8102,0.22761975300334467,0.763478066748521
3112,3199,0.22763549240238848,0.7635896863489229
5051,5216,0.22764948046989697,0.7637013059493247
7253,7370,0.22768667071313078,0.7638129255497266
4763,4940,0.22779581497998602,0.7639245451501283
5004,5073,0.22780837041670468,0.7640361647505302
5996,6100,0.22781895741025335,0.764147784350932
8575,8615,0.22781984845298414,0.7642594039513338
2238,2345,0.22784167330150484,0.7643710235517357
6723,6890,0.22784207945282686,0.7644826431521375
8455,8535,0.22785120498754097,0.7645942627525394
4975,5039,0.22786015380849978,0.7647058823529411
4888,4984,0.2279178909144541,0.764817501953343
5895,6027,0.2279449138002395,0.7649291215537448
8790,8871,0.22795227306407376,0.7650407411541467
4526,4669,0.2279613373499705,0.7651523607545485
7016,7224,0.22797001227125668,0.7652639803549504
4835,4953,0.2279726843678015,0.7653755999553522
8226,8183,0.22797859383481373,0.7654872195557539
2291,2328,0.22800510930917378,0.7655988391561558
3244,3296,0.2280093670683413,0.7657104587565576
4967,5051,0.22801818690963482,0.7658220783569595
1072,1202,0.22805835071482544,0.7659336979573613
7735,7745,0.22806629483572893,0.7660453175577632
5288,5456,0.2280686101941665,0.766156937158165
4647,4763,0.2281010972222667,0.7662685567585668
6158,6229,0.22811372523818332,0.7663801763589686
3105,3195,0.2281296144386192,0.7664917959593704
7566,7581,0.2281525218467395,0.7666034155597723
4985,5037,0.2281685883628215,0.7667150351601741
6763,6870,0.22817161756292184,0.766826654760576
7069,7159,0.22817404232989366,0.7669382743609778
7043,7129,0.22821361608399185,0.7670498939613796
5006,5160,0.22822812228411535,0.7671615135617814
8146,8159,0.22822820720666534,0.7672731331621833
7353,7434,0.22823604098385109,0.7673847527625851
7679,7721,0.22827227073766182,0.767496372362987
5952,6114,0.2282846661458802,0.7676079919633888
2647,2758,0.22828662329092256,0.7677196115637906
4723,4876,0.22830362636965176,0.7678312311641924
6110,6180,0.2283249293556599,0.7679428507645942
5175,5260,0.22832791625876905,0.7680544703649961
7461,7512,0.2283451359302284,0.7681660899653979
3177,3353,0.228356379513599,0.7682777095657998
7762,7823,0.2283568359946446,0.7683893291662016
6392,6485,0.22840734370511495,0.7685009487666035
5226,5342,0.2284132762137137,0.7686125683670052
4649,4746,0.2284254043777492,0.768724187967407
2685,2769,0.22845825663761055,0.7688358075678089
7210,7225,0.2284648609770775,0.7689474271682107
1071,1160,0.2284656936364058,0.7690590467686126
4413,4565,0.22849163355148505,0.7691706663690144
5993,6108,0.22853038137816534,0.7692822859694163
8319,8377,0.22853406383499192,0.769393905569818
3999,4103,0.22855495379620347,0.7695055251702199
5739,5775,0.22855897769791544,0.7696171447706217
7923,8001,0.22856596896416193,0.7697287643710236
7597,7746,0.22858289498827172,0.7698403839714254
6620,6699,0.2285844414022483,0.7699520035718272
6588,6631,0.2285892801650513,0.7700636231722291
7193,7193,0.22859031402882313,0.7701752427726308
7077,7210,0.22859738300432336,0.7702868623730327
7830,7875,0.22861871573224857,0.7703984819734345
5040,5170,0.22861938938048568,0.7705101015738364
6857,6873,0.22862950398316634,0.7706217211742382
6196,6257,0.2286668149968212,0.7707333407746401
5026,5107,0.22869712985544133,0.7708449603750419
7118,7183,0.2286991618359127,0.7709565799754436
6031,6166,0.22870833905700474,0.7710681995758455
4557,4680,0.2287481518788472,0.7711798191762473
7008,7190,0.22876169147740827,0.7712914387766492
7574,7567,0.22880879763833573,0.771403058377051
5790,5793,0.2288318026993736,0.7715146779774529
7537,7595,0.22886168965360165,0.7716262975778547
5036,5115,0.228900149139063,0.7717379171782565
7910,7945,0.22891563855083727,0.7718495367786583
1020,1052,0.2289919961349019,0.7719611563790602
6106,6131,0.22899210261099293,0.772072775979462
4655,4782,0.22899311946320336,0.7721843955798638
2610,2677,0.22901348362638999,0.7722960151802657
6175,6292,0.2290432243471149,0.7724076347806675
4399,4529,0.22906589731788704,0.7725192543810693
5159,5247,0.22907434456719575,0.7726308739814711
7028,7099,0.22908251662069073,0.772742493581873
8862,8969,0.22908809057500984,0.7728541131822748
6026,6126,0.22910852883150362,0.7729657327826767
7733,7731,0.229117620559191,0.7730773523830785
7810,7778,0.2291196387328134,0.7731889719834802
3832,3922,0.22912949820545236,0.7733005915838821
5311,5386,0.2291530415556906,0.7734122111842839
5420,5525,0.2291581061244192,0.7735238307846858
7321,7386,0.2292123796814539,0.7736354503850876
7088,7198,0.22923569996159476,0.7737470699854895
6645,6701,0.22924023849603414,0.7738586895858913
3747,3818,0.22924855602531766,0.7739703091862931
2199,2287,0.2292789680849754,0.7740819287866949
3964,4054,0.22930119011599842,0.7741935483870968
6368,6385,0.22935105779268372,0.7743051679874986
6072,6272,0.2293615329008131,0.7744167875879004
8601,8635,0.22939165994463326,0.7745284071883023
313,356,0.22939621307046265,0.7746400267887041
7201,7215,0.22942709272619244,0.7747516463891059
5196,5286,0.22944620735821228,0.7748632659895077
534,640,0.22945386107987387,0.7749748855899096
4308,4438,0.22949181214881212,0.7750865051903114
3825,3814,0.22953162297197569,0.7751981247907133
7736,7740,0.22954289368425745,0.7753097443911151
5717,5739,0.22955538781646218,0.775421363991517
8177,8329,0.22958423565268946,0.7755329835919187
2119,2133,0.22961150959647333,0.7756446031923205
964,1077,0.22961690944391686,0.7757562227927224
7833,7978,0.22962990018172938,0.7758678423931242
8304,8351,0.2296566991576555,0.7759794619935261
6740,6876,0.22967020571000973,0.7760910815939279
6558,6621,0.22967096169040296,0.7762027011943298
5280,5414,0.22972937373654687,0.7763143207947315
2185,2317,0.22973081429251976,0.7764259403951334
8377,8513,0.2297317985755997,0.7765375599955352
6785,7024,0.22974795612257742,0.776649179595937
5307,5437,0.22978802998782416,0.7767607991963389
5060,5129,0.22979149232609308,0.7768724187967407
8789,8867,0.2297969805480487,0.7769840383971426
5900,6023,0.22980199729528172,0.7770956579975443
2547,2697,0.22983215494497347,0.7772072775979462
7569,7744,0.229835727882896,0.777318897198348
6691,6840,0.2298418185564699,0.7774305167987499
4581,4706,0.22987356794708308,0.7775421363991517
6096,6242,0.22987377866141273,0.7776537559995536
3911,4024,0.22992294276296743,0.7777653755999554
7195,7229,0.22994910173780891,0.7778769952003571
8863,8989,0.22995957407671042,0.777988614800759
5147,5302,0.2300010937107629,0.7781002344011608
5188,5242,0.2300022289284172,0.7782118540015627
8104,8127,0.23007273554020813,0.7783234736019645
6739,6866,0.23008156923067244,0.7784350932023664
5154,5253,0.23009748309493994,0.7785467128027682
3760,3876,0.23010568176836393,0.77865833240317
3952,4020,0.23016639130789507,0.7787699520035718
5174,5246,0.2301868816565404,0.7788815716039736
3948,4008,0.2302151295650102,0.7789931912043755
5300,5430,0.23022943193335893,0.7791048108047773
2243,2357,0.23024214098872703,0.7792164304051792
7938,8011,0.2302448830668839,0.779328050005581
1109,1152,0.23024656489541845,0.7794396696059828
2631,2687,0.23026496177283792,0.7795512892063846
6149,6211,0.23029323128174356,0.7796629088067865
7107,7187,0.2302966489743713,0.7797745284071883
2230,2353,0.23030914366035513,0.7798861480075902
2273,2281,0.23035047889630403,0.779997767607992
7384,7329,0.23040331101265962,0.7801093872083938
66,117,0.2304075780959697,0.7802210068087956
3793,3810,0.2304102323685747,0.7803326264091974
6083,6286,0.23046651942675897,0.7804442460095993
6592,6671,0.2304751723202718,0.7805558656100011
5337,5463,0.2304843088305402,0.780667485210403
6692,6747,0.23051009609637133,0.7807791048108048
4116,4205,0.23051089211484693,0.7808907244112067
6136,6266,0.23054024472240534,0.7810023440116084
4188,4319,0.23056001776645493,0.7811139636120102
5710,5745,0.23056426043498218,0.7812255832124121
3951,4070,0.2306103365975016,0.7813372028128139
4652,4754,0.23063009217889813,0.7814488224132158
2287,2243,0.2306508929732087,0.7815604420136176
5092,5213,0.23065924974210322,0.7816720616140195
7457,7570,0.23066698892505444,0.7817836812144212
8320,8395,0.23067893301420364,0.7818953008148231
6553,6629,0.23068262346359206,0.7820069204152249
6506,6583,0.23069037828814304,0.7821185400156268
4939,5062,0.2306986192187501,0.7822301596160286
4507,4636,0.23071289171563733,0.7823417792164304
2226,2292,0.23071882945842034,0.7824533988168323
7769,7841,0.23072079971607334,0.782565018417234
2680,2735,0.23072127319128954,0.7826766380176359
6058,6236,0.23072376867172525,0.7827882576180377
7361,7418,0.23073750151730094,0.7828998772184396
8616,8822,0.23074106301244662,0.7830114968188414
7096,7155,0.23074423022653232,0.7831231164192433
5204,5254,0.23076595512688736,0.783234736019645
6491,6541,0.23081148071086224,0.7833463556200468
7208,7233,0.23081830858709845,0.7834579752204487
8576,8637,0.23082564677574988,0.7835695948208505
4927,5020,0.23085961371888064,0.7836812144212524
7937,8013,0.23086764111704017,0.7837928340216542
3930,4042,0.23094005965746192,0.7839044536220561
4843,4973,0.2309405232025501,0.7840160732224578
352,378,0.23099809421859743,0.7841276928228597
6747,6789,0.23100704697427923,0.7842393124232615
7202,7231,0.231027661976131,0.7843509320236633
8017,8079,0.23103618081173372,0.7844625516240652
7855,7920,0.2310400768406549,0.784574171224467
4674,4824,0.23104811280751075,0.7846857908248689
6528,6633,0.23105645956664156,0.7847974104252706
4925,5013,0.23106809682139715,0.7849090300256725
4911,5009,0.23107228032595795,0.7850206496260743
2699,2781,0.23108552441172622,0.7851322692264762
6146,6221,0.23110206046278775,0.785243888826878
8587,8687,0.23112762163696776,0.7853555084272799
7090,7135,0.23114765700326512,0.7854671280276817
4259,4461,0.23117631350103315,0.7855787476280834
8126,8135,0.23118154135441207,0.7856903672284853
7423,7566,0.23120628035626187,0.7858019868288871
7616,7718,0.231207170087758,0.785913606429289
2024,2151,0.2312129388331021,0.7860252260296908
4665,4848,0.23124634375884315,0.7861368456300927
2703,2813,0.23126004216605017,0.7862484652304945
7020,7057,0.23126215811117987,0.7863600848308963
6045,6244,0.23126912662166887,0.7864717044312981
6736,6864,0.23129372558027128,0.7865833240317
6699,6737,0.2312979033574215,0.7866949436321018
8169,8195,0.2312996088647255,0.7868065632325036
3839,3918,0.23130984141552963,0.7869181828329055
4054,4231,0.23133560709106493,0.7870298024333073
3915,3998,0.23134054841239426,0.7871414220337091
8588,8627,0.23134374099385266,0.7872530416341109
3785,3904,0.23135881467814884,0.7873646612345128
3889,3984,0.231385211285308,0.7874762808349146
6384,6411,0.2314119561892131,0.7875879004353165
4836,4981,0.23148398262166836,0.7876995200357183
7837,7914,0.23149692609048717,0.7878111396361202
7663,7725,0.23151043913493005,0.7879227592365219
6752,6827,0.2315238158543422,0.7880343788369237
3931,4018,0.2315328088398813,0.7881459984373256
4227,4336,0.23153367509279352,0.7882576180377274
6272,6307,0.2315368411624823,0.7883692376381293
5294,5458,0.23155125293574158,0.7884808572385311
4645,4784,0.2315622117893537,0.788592476838933
3892,4051,0.23159951317261815,0.7887040964393347
7075,7218,0.23165084449637904,0.7888157160397365
6493,6645,0.23166107348440593,0.7889273356401384
6442,6481,0.2316674827316055,0.7890389552405402
6614,6695,0.2316738426843099,0.7891505748409421
6165,6304,0.23168103078275723,0.7892621944413439
7630,7728,0.2316826916372573,0.7893738140417458
1148,1140,0.23169176428476937,0.7894854336421475
3900,3822,0.23171553711965626,0.7895970532425494
5122,5265,0.2317247197829214,0.7897086728429512
7058,7145,0.2317630685359194,0.7898202924433531
5335,5419,0.2317994730479401,0.7899319120437549
7487,7525,0.23185153849742443,0.7900435316441567
5325,5469,0.23189289152514334,0.7901551512445586
4884,5001,0.231894064471506,0.7902667708449603
4896,5050,0.23190220381111729,0.7903783904453622
2149,2193,0.23190917730147265,0.790490010045764
5623,5625,0.2319150579336761,0.7906016296461659
5664,5878,0.23191885548412977,0.7907132492465677
6209,6362,0.2319299957201008,0.7908248688469696
5339,5439,0.2319404017257167,0.7909364884473714
2681,2731,0.2320056166864483,0.7910481080477731
3768,3872,0.2320143381588319,0.791159727648175
8052,8101,0.23203831780569373,0.7912713472485768
7030,7127,0.23204165333650204,0.7913829668489787
2657,2705,0.23204764124600272,0.7914945864493805
8811,8943,0.23207437425812527,0.7916062060497824
3240,3324,0.232076421605237,0.7917178256501842
7519,7577,0.23209189343312323,0.791829445250586
5252,5350,0.23212573510049214,0.7919410648509878
7606,7736,0.23213861947572384,0.7920526844513897
6116,6169,0.23218670459861115,0.7921643040517915
6550,6666,0.23225849204950502,0.7922759236521933
8537,8589,0.23226375520280185,0.7923875432525952
6748,6805,0.23227216064475165,0.792499162852997
7259,7368,0.23229891719277077,0.7926107824533988
7196,7350,0.2324992122379638,0.7927224020538006
5837,5893,0.23254938865492472,0.7928340216542025
8003,8067,0.23255877887031318,0.7929456412546043
2092,2191,0.23259371158217193,0.7930572608550062
5835,5947,0.23261036159650322,0.793168880455408
7946,8019,0.23263264993548025,0.7932805000558097
7479,7514,0.23267074293855877,0.7933921196562116
8515,8543,0.23271316642598477,0.7935037392566134
3934,4060,0.23271391851708031,0.7936153588570153
5690,5703,0.23273092413421687,0.7937269784574171
7524,7632,0.23274756023799995,0.793838598057819
4237,4413,0.23275806078573943,0.7939502176582208
4181,4346,0.23278250718564195,0.7940618372586226
4736,4899,0.23279733392581647,0.7941734568590244
4098,4193,0.2328252042259263,0.7942850764594263
7105,7246,0.23293140091856634,0.7943966960598281
4383,4513,0.23298817344644196,0.79450831566023
7095,7151,0.23299519459515136,0.7946199352606318
7494,7521,0.2330073333369926,0.7947315548610336
7476,7485,0.23302634860836133,0.7948431744614354
2190,2315,0.23303165095252953,0.7949547940618372
3098,3183,0.23305485360256997,0.7950664136622391
8525,8587,0.23305809877907271,0.7951780332626409
3926,4012,0.23308208851673226,0.7952896528630428
5785,5839,0.23314143116408914,0.7954012724634446
6710,6892,0.2331430960431857,0.7955128920638465
4580,4666,0.23325913151481983,0.7956245116642482
7595,7722,0.23326060589984599,0.79573613126465
4556,4678,0.23327477069713715,0.7958477508650519
6000,6096,0.2332789206984041,0.7959593704654537
6155,6310,0.23328197999639927,0.7960709900658556
7827,7884,0.23335194974001616,0.7961826096662574
5286,5394,0.2333575457819994,0.7962942292666593
163,255,0.23339137880521,0.796405848867061
2271,2275,0.23339646026670527,0.7965174684674629
6205,6259,0.23343023744235591,0.7966290880678647
4958,5184,0.2334453115051102,0.7967407076682665
4847,4968,0.2334919552606133,0.7968523272686684
6397,6477,0.23349372382463476,0.7969639468690702
8250,8225,0.23349473429173456,0.7970755664694721
4575,4708,0.23350366734053482,0.7971871860698738
2141,2322,0.23352896375509474,0.7972988056702757
4120,4209,0.23353920837428088,0.7974104252706775
2136,2161,0.23356967032966672,0.7975220448710794
5037,5206,0.23358354845730062,0.7976336644714812
4661,4822,0.2335883215511186,0.797745284071883
7184,7199,0.23359644105422292,0.7978569036722849
4565,4718,0.2336307656626217,0.7979685232726866
2079,2197,0.23365182176678093,0.7980801428730885
3270,3412,0.23366749463634134,0.7981917624734903
2672,2709,0.2336796755211414,0.7983033820738922
7758,7799,0.2337112772512513,0.798415001674294
4109,4211,0.233747914363308,0.7985266212746959
7739,7815,0.23378724941883627,0.7986382408750977
6498,6635,0.23381177718467228,0.7987498604754995
2248,2398,0.23382351397588202,0.7988614800759013
7916,7967,0.23383159308101162,0.7989730996763031
6652,6729,0.23384464599511412,0.799084719276705
5187,5250,0.23390609042882274,0.7991963388771068
8186,8189,0.23390620886787528,0.7993079584775087
4704,4912,0.23397922440613866,0.7994195780779105
7484,7534,0.23399389043383204,0.7995311976783123
4585,4688,0.2339958058797476,0.7996428172787141
4461,4646,0.23400319274764855,0.799754436879116
4660,4778,0.23404350005538982,0.7998660564795178
4280,4476,0.23405510657957265,0.7999776760799197
7260,7382,0.23406594615611342,0.8000892956803215
6718,6856,0.23407113583828806,0.8002009152807233
3800,3900,0.2340866972982649,0.8003125348811251
4949,5025,0.23413339817862877,0.8004241544815269
5118,5241,0.23415228923305303,0.8005357740819288
5191,5279,0.23416461358093935,0.8006473936823306
4934,5088,0.2341663164227179,0.8007590132827325
7861,7897,0.23417163936699445,0.8008706328831343
7829,7990,0.23417694197162628,0.8009822524835362
5446,5533,0.23420772111007207,0.8010938720839379
8459,8553,0.23429451173585253,0.8012054916843397
5206,5236,0.23430746644758366,0.8013171112847416
4404,4607,0.2343134345195684,0.8014287308851434
3765,3974,0.23433623423021951,0.8015403504855453
4865,5012,0.23433836807009106,0.8016519700859471
3845,3870,0.23435255716240744,0.801763589686349
6865,6885,0.23440769041533033,0.8018752092867507
3813,4001,0.2344114488052218,0.8019868288871526
5844,5945,0.23441322702815343,0.8020984484875544
5557,5551,0.23441891513594323,0.8022100680879563
6048,6256,0.23445000138138453,0.8023216876883581
7106,7264,0.23447966569057246,0.80243330728876
6061,6214,0.23449493964078338,0.8025449268891618
4759,4952,0.23450828573705726,0.8026565464895635
2336,2479,0.23451430924750838,0.8027681660899654
2211,2313,0.23451624421639553,0.8028797856903672
8880,9027,0.23458886285816444,0.8029914052907691
5310,5429,0.23460708440133204,0.8031030248911709
5200,5308,0.23464958418816195,0.8032146444915728
7512,7698,0.23466997721029606,0.8033262640919745
5227,5402,0.23469188098015656,0.8034378836923763
5944,6045,0.2347105344425249,0.8035495032927782
5471,5634,0.23472858331555285,0.80366112289318
6502,6577,0.23474088645245103,0.8037727424935819
8469,8565,0.23474811701965081,0.8038843620939837
6984,6973,0.2347975863923819,0.8039959816943856
5829,5861,0.23482265792115445,0.8041076012947873
4560,4690,0.23484720558830308,0.8042192208951892
6524,6627,0.2348535301093152,0.804330840495591
7177,7356,0.23487842797804992,0.8044424600959929
2697,2777,0.23488035980038416,0.8045540796963947
8818,8949,0.2349228756164984,0.8046656992967965
5714,5733,0.23496324172836378,0.8047773188971984
6126,6231,0.23500857618305004,0.8048889384976001
2342,2441,0.2350611385688904,0.805000558098002
2227,2263,0.2350647733687335,0.8051121776984038
7525,7700,0.2350872785968795,0.8052237972988057
4558,4689,0.23509585118699128,0.8053354168992075
7846,7881,0.23510912511662058,0.8054470364996094
7767,7802,0.23511885297697216,0.8055586561000112
7591,7738,0.2351538158171369,0.8056702757004129
5079,5230,0.23518121368165743,0.8057818953008148
5856,5905,0.23519826604586164,0.8058935149012166
6361,6427,0.2352390985892127,0.8060051345016185
7523,7571,0.23526192626834821,0.8061167541020203
4819,5006,0.2353694671513935,0.8062283737024222
5291,5390,0.235372101065198,0.806339993302824
5832,5865,0.23546448943297793,0.8064516129032258
2351,2457,0.23546630680933336,0.8065632325036276
3982,4152,0.23548026133434977,0.8066748521040294
5096,5209,0.23550605784000844,0.8067864717044313
8292,8453,0.2355095793417159,0.8068980913048331
7158,7223,0.23551492225803827,0.807009710905235
6013,6142,0.23555824029435438,0.8071213305056368
2053,2121,0.23557351495345294,0.8072329501060386
2215,2282,0.23560732064244005,0.8073445697064404
5108,5290,0.23560869523979083,0.8074561893068423
4696,4858,0.23562230408435647,0.8075678089072441
4260,4458,0.2356275081281531,0.807679428507646
8242,8269,0.23564287507623924,0.8077910481080478
8518,8585,0.23564689196356225,0.8079026677084497
3727,3816,0.23566169750384283,0.8080142873088514
3959,4110,0.23567455507014193,0.8081259069092532
6883,6909,0.23567625063313274,0.8082375265096551
7471,7509,0.2356936668941967,0.8083491461100569
7750,7821,0.2357414502957383,0.8084607657104588
5606,5607,0.23575450179302238,0.8085723853108606
6709,6850,0.23575931442297424,0.8086840049112625
6104,6230,0.235824783678798,0.8087956245116642
8622,8739,0.23591235816169234,0.808907244112066
5205,5338,0.2359318809827304,0.8090188637124679
8106,8129,0.23594217958972852,0.8091304833128697
5409,5527,0.2359525720534212,0.8092421029132716
7369,7568,0.2359694981432159,0.8093537225136734
4732,4897,0.23597003741888917,0.8094653421140753
3749,3864,0.2360078815225303,0.809576961714477
8045,8097,0.23605028649219828,0.8096885813148789
5343,5387,0.23605119346279177,0.8098002009152807
7267,7251,0.23606102526876324,0.8099118205156826
8256,8319,0.23616695849367686,0.8100234401160844
6686,6731,0.2362171245932843,0.8101350597164862
5293,5382,0.2362386596760083,0.8102466793168881
8379,8554,0.2362526390201758,0.8103582989172898
8457,8561,0.23625665871009655,0.8104699185176917
2698,2779,0.2362621922316101,0.8105815381180935
6730,6801,0.2362959056682897,0.8106931577184954
7545,7694,0.2362986290395175,0.8108047773188972
5102,5235,0.23631670062840285,0.8109163969192991
3955,4064,0.23635038046919296,0.8110280165197009
5195,5240,0.23636119511947723,0.8111396361201026
6180,6308,0.23639474612134473,0.8112512557205045
2599,2715,0.2364195821880319,0.8113628753209063
3643,3770,0.23643306217223692,0.8114744949213082
7357,7470,0.2365147753891411,0.81158611452171
7526,7678,0.23653056129249475,0.8116977341221119
6931,6931,0.2365715936495078,0.8118093537225137
5043,5121,0.23658702936009604,0.8119209733229155
1125,1236,0.23659604901662215,0.8120325929233173
4636,4788,0.2366062154779322,0.8121442125237192
6743,6765,0.23661294959714282,0.812255832124121
2359,2527,0.23664971968082965,0.8123674517245228
8200,8201,0.236662882883676,0.8124790713249247
2362,2506,0.23667696927645557,0.8125906909253265
4247,4455,0.23669147782834665,0.8127023105257283
1994,2100,0.2366978042667994,0.8128139301261301
8024,8111,0.23675019348830206,0.812925549726532
4842,5018,0.23680306584314942,0.8130371693269338
3762,3806,0.23682567342421115,0.8131487889273357
6109,6147,0.2368310822503295,0.8132604085277375
3648,3766,0.2368457354365595,0.8133720281281392
2655,2717,0.23685028958283647,0.8134836477285411
6122,6183,0.23686533544234492,0.8135952673289429
3010,3176,0.23686556314998342,0.8137068869293448
5320,5453,0.2368734960713926,0.8138185065297466
3836,3800,0.23692152427820512,0.8139301261301485
4656,4790,0.23693193517915279,0.8140417457305503
4989,5079,0.23693736328594,0.8141533653309521
913,1013,0.23697161967106178,0.8142649849313539
6761,6839,0.23699182532884225,0.8143766045317558
4755,4923,0.23699658330921486,0.8144882241321576
3757,3808,0.23701759110474752,0.8145998437325594
2673,2723,0.23703602559843223,0.8147114633329613
2140,2169,0.23707247684049737,0.8148230829333631
7456,7481,0.2370743376587045,0.8149347025337649
8654,8795,0.23714057742567374,0.8150463221341667
7342,7486,0.23715089588047084,0.8151579417345686
6374,6475,0.2371524852200721,0.8152695613349704
3939,4101,0.2371918684609307,0.8153811809353723
7951,8051,0.2372341073761333,0.8154928005357741
6910,6891,0.23726113103436364,0.815604420136176
6877,6919,0.2372905055103122,0.8157160397365777
7023,7097,0.2373305037499122,0.8158276593369795
2042,2210,0.237334447918987,0.8159392789373814
6129,6284,0.237379514315322,0.8160508985377832
2878,2978,0.23738624460779345,0.8161625181381851
8460,8557,0.2373907315719019,0.8162741377385869
5165,5234,0.23745162546656054,0.8163857573389888
8267,8317,0.23745412968775567,0.8164973769393905
8255,8275,0.2374550765478599,0.8166089965397924
6176,6233,0.23750141732544167,0.8167206161401942
7017,7053,0.2375520263445519,0.816832235740596
6704,6858,0.23756425286449534,0.8169438553409979
8159,8171,0.23756617341650965,0.8170554749413997
4476,4630,0.23761929029134096,0.8171670945418016
6982,6975,0.23761968944764797,0.8172787141422033
2229,2278,0.2376516205613905,0.8173903337426052
2334,2514,0.23768582282638112,0.817501953343007
6033,6238,0.2377025538988394,0.8176135729434089
3938,4066,0.23770529545451075,0.8177251925438107
5972,6104,0.2377376338494731,0.8178368121442126
7304,7259,0.23773926788121838,0.8179484317446144
2630,2753,0.23776513689279585,0.8180600513450161
7424,7427,0.23778252831449614,0.818171670945418
3791,3860,0.23778979939679737,0.8182832905458198
4600,4764,0.2378036988718421,0.8183949101462217
4329,4526,0.23783311059165857,0.8185065297466235
7860,8034,0.23784727057338084,0.8186181493470254
2323,2423,0.23786200159413978,0.8187297689474272
7922,8017,0.2378629029512453,0.818841388547829
8161,8177,0.23789583227295483,0.8189530081482308
7144,7203,0.2379128243604105,0.8190646277486326
6057,6208,0.23795399397409164,0.8191762473490345
7183,7235,0.23796760706933542,0.8192878669494363
7828,7944,0.23800395062105784,0.8193994865498382
5160,5326,0.23801204098579334,0.81951110615024
4588,4670,0.23801683115754058,0.8196227257506418
7191,7243,0.23803113966273964,0.8197343453510436
5445,5628,0.2380750326838278,0.8198459649514455
6790,6982,0.23808944492612405,0.8199575845518473
7340,7287,0.23813488723138088,0.8200692041522492
1123,1204,0.2381394895503801,0.820180823752651
5319,5433,0.2381492486018888,0.8202924433530528
3009,3152,0.23814977159890455,0.8204040629534546
8031,8119,0.23815034616421352,0.8205156825538564
6446,6527,0.23816974609176375,0.8206273021542583
4670,4846,0.23817649737576416,0.8207389217546601
7896,8072,0.2381796365516161,0.820850541355062
7328,7392,0.23818525178066072,0.8209621609554638
7898,8035,0.2381904684503143,0.8210737805558657
7708,7754,0.23822391874210064,0.8211854001562674
1022,1054,0.23825247284401152,0.8212970197566692
8314,8401,0.2382805954161775,0.8214086393570711
5825,5881,0.23829290746369186,0.8215202589574729
7087,7175,0.23834544669245916,0.8216318785578748
1189,1284,0.23834644692644677,0.8217434981582766
7845,8042,0.2383629299402431,0.8218551177586785
7104,7330,0.23836377078861373,0.8219667373590802
2674,2751,0.2383861656523718,0.8220783569594821
5023,5148,0.23844444041509688,0.8221899765598839
2231,2311,0.2384580602059795,0.8223015961602858
4627,4730,0.23848126134378844,0.8224132157606876
8300,8367,0.23848175292172183,0.8225248353610894
5842,5921,0.23855625986280832,0.8226364549614913
6966,6971,0.2385578662280696,0.822748074561893
1172,1294,0.23856320026928962,0.8228596941622949
909,1035,0.23858078467282798,0.8229713137626967
4698,4887,0.2385845605560064,0.8230829333630986
8589,8667,0.23861030611235623,0.8231945529635004
7164,7360,0.23863191597345312,0.8233061725639023
5258,5323,0.23865105443969137,0.823417792164304
6510,6653,0.23866221759689696,0.8235294117647058
4543,4691,0.23866278058536364,0.8236410313651077
4905,5058,0.23871571476778444,0.8237526509655095
7775,7790,0.2387223936663928,0.8238642705659114
4230,4415,0.23872570752728747,0.8239758901663132
5120,5275,0.238776475636669,0.8240875097667151
7055,7185,0.23877679216099484,0.8241991293671168
7816,7976,0.2387892111056839,0.8243107489675187
5767,5843,0.23879261818274244,0.8244223685679205
6153,6290,0.23880361292916144,0.8245339881683224
5881,5999,0.23880430377115552,0.8246456077687242
7763,7831,0.23889364007577035,0.824757227369126
5229,5291,0.23892233137772925,0.8248688469695279
6300,6327,0.23892233870787466,0.8249804665699296
2621,2749,0.23895365389113674,0.8250920861703315
5152,5264,0.238962060794156,0.8252037057707333
7073,7181,0.23898712063556285,0.8253153253711352
8019,8117,0.2390383950720824,0.825426944971537
7894,7975,0.23903879539017525,0.8255385645719389
2201,2300,0.239091120320336,0.8256501841723407
6012,6099,0.23914429758152286,0.8257618037727424
7866,8044,0.23919114104411807,0.8258734233731443
6668,6741,0.23921763826955425,0.8259850429735461
2067,2167,0.23922189736360752,0.826096662573948
6111,6204,0.23922927977807548,0.8262082821743498
3752,3798,0.23923723971082092,0.8263199017747517
7696,7737,0.23925038081985833,0.8264315213751535
7956,8083,0.2392588095505219,0.8265431409755553
6649,6719,0.23926379498881462,0.8266547605759571
3739,3804,0.23932729259643415,0.826766380176359
7788,7890,0.23940700890054403,0.8268779997767608
7600,7651,0.23956220219791052,0.8269896193771626
2279,2231,0.23960976047748284,0.8271012389775645
3197,3347,0.2396187194072576,0.8272128585779663
2581,2759,0.2396350518156519,0.8273244781783681
2113,2175,0.2396357553132391,0.8274360977787699
7066,7202,0.23964246247628165,0.8275477173791718
8041,8103,0.2396542800281284,0.8276593369795736
4208,4344,0.2396589181147861,0.8277709565799755
6095,6220,0.23966325247740988,0.8278825761803773
4915,5066,0.2396745737580637,0.8279941957807792
7808,7865,0.23969868901487681,0.8281058153811809
4860,4994,0.23974082043567807,0.8282174349815827
2627,2721,0.239768140851199,0.8283290545819846
7995,8099,0.23977606270856033,0.8284406741823864
7795,7892,0.23978647611607762,0.8285522937827883
45,154,0.23978666011849087,0.8286639133831901
5486,5644,0.23979342571870826,0.828775532983592
4850,5004,0.23981312502184698,0.8288871525839937
5039,5117,0.23981863558965633,0.8289987721843955
4995,5103,0.23982291725654598,0.8291103917847974
7682,7755,0.23982555984798637,0.8292220113851992
6312,6345,0.23983767015307986,0.8293336309856011
7518,7662,0.23986885239072875,0.8294452505860029
8048,8123,0.2398815059473177,0.8295568701864048
3873,3976,0.23989028299840331,0.8296684897868065
7097,7260,0.23991835757008462,0.8297801093872084
4631,4762,0.23995293400611128,0.8298917289876102
5677,5729,0.239984963552903,0.8300033485880121
7709,7813,0.24005246615014533,0.8301149681884139
5105,5239,0.24007241171310917,0.8302265877888158
7014,7089,0.24010679398004192,0.8303382073892176
8381,8552,0.24011581987845113,0.8304498269896193
1005,1072,0.24013813878546023,0.8305614465900212
2277,2211,0.24014330321704355,0.830673066190423
2266,2305,0.24017613269840962,0.8307846857908249
7280,7378,0.24019722484819905,0.8308963053912267
7270,7380,0.24020581364947005,0.8310079249916286
6144,6255,0.240218904946731,0.8311195445920304
7433,7433,0.24022588208568765,0.8312311641924321
5754,5807,0.24028954724982843,0.831342783792834
6911,6929,0.2402996112762974,0.8314544033932358
6689,6725,0.24030516558347093,0.8315660229936377
4912,5074,0.24033135955704965,0.8316776425940395
7742,7833,0.24033148612608068,0.8317892621944414
4596,4732,0.2403354659231809,0.8319008817948432
6456,6575,0.24035945938363398,0.832012501395245
8886,9031,0.24036493403969228,0.8321241209956468
7723,7803,0.24040046166591109,0.8322357405960487
7157,7213,0.24043473602692966,0.8323473601964505
5648,5719,0.24045424824105194,0.8324589797968523
1542,1635,0.240470631852808,0.8325705993972542
4898,5040,0.2404717741818133,0.832682218997656
7215,7388,0.24047645883042076,0.8327938385980578
7338,7400,0.24048253400228298,0.8329054581984596
2223,2276,0.2405088333517768,0.8330170777988615
7821,7948,0.2405280799290099,0.8331286973992633
4955,5099,0.24053293039296839,0.8332403169996652
5158,5268,0.24065124282285297,0.833351936600067
6343,6437,0.24065478535203974,0.8334635562004687
2316,2401,0.24066720150019877,0.8335751758008706
5182,5406,0.2406694312516825,0.8336867954012724
7754,7777,0.240677832620784,0.8337984150016743
5866,5955,0.24070539030580634,0.8339100346020761
6726,6852,0.24072056549632725,0.834021654202478
5045,5131,0.24078419410902338,0.8341332738028798
8078,8113,0.2407941700720753,0.8342448934032816
8598,8707,0.24081427524878288,0.8343565130036834
8053,8125,0.24088812058618098,0.8344681326040853
8561,8669,0.24089402734533205,0.8345797522044871
7470,7552,0.24093231853784844,0.834691371804889
907,996,0.24093972923660706,0.8348029914052908
2143,2274,0.2409653553575558,0.8349146110056926
6347,6381,0.24100846642010137,0.8350262306060944
5240,5358,0.24105277512477763,0.8351378502064962
7446,7479,0.24107945773986422,0.8352494698068981
7903,8078,0.2410897533990744,0.8353610894072999
6161,6312,0.241146070053984,0.8354727090077018
5161,5328,0.24116747641854394,0.8355843286081036
2310,2487,0.24117733059486712,0.8356959482085055
7540,7656,0.24118406076779084,0.8358075678089072
8147,8197,0.24118569740081455,0.835919187409309
958,1100,0.2411867165380753,0.8360308070097109
5365,5513,0.24119054915061583,0.8361424266101127
4626,4744,0.24123200514033716,0.8362540462105146
7546,7599,0.24123680021769625,0.8363656658109164
3996,4121,0.24131351649633787,0.8364772854113183
2214,2259,0.24131519366265802,0.83658890501172
5756,5791,0.24135190257497038,0.8367005246121219
3953,4118,0.24137049106738392,0.8368121442125237
4907,5072,0.2414044721767971,0.8369237638129255
6720,6833,0.24140562236527613,0.8370353834133274
5673,5677,0.24142696633829536,0.8371470030137292
7450,7536,0.24144300345315875,0.8372586226141311
5588,5599,0.24145123427619195,0.8373702422145328
8219,8245,0.24145476805694918,0.8374818618149347
5663,5699,0.24145814164419938,0.8375934814153365
6070,6129,0.2414629199246162,0.8377051010157384
4295,4442,0.24146862362042168,0.8378167206161402
4551,4662,0.2415070398378711,0.8379283402165421
3690,3760,0.24152401971226214,0.8380399598169439
7945,8085,0.24154098909531088,0.8381515794173456
8778,8903,0.2415539497332271,0.8382631990177475
6042,6113,0.24155716271074762,0.8383748186181493
5131,5294,0.24160126707666388,0.8384864382185512
7037,7238,0.24162959740499954,0.838598057818953
5435,5537,0.24166065376734727,0.8387096774193549
1024,1135,0.24167066557732864,0.8388212970197567
4686,4886,0.2416785778289423,0.8389329166201585
6702,6761,0.2416869957596023,0.8390445362205603
7169,7195,0.24169312568748053,0.8391561558209621
4950,5065,0.2417208346045012,0.839267775421364
2191,2253,0.24173416980909762,0.8393793950217658
5746,5819,0.24173447626813846,0.8394910146221677
5429,5531,0.24176580753811744,0.8396026342225695
1012,1112,0.24179004102563795,0.8397142538229713
4524,4707,0.24182716773529628,0.8398258734233731
6188,6414,0.24183283312051712,0.839937493023775
7717,7752,0.24185336920770548,0.8400491126241768
7343,7502,0.24191572059215366,0.8401607322245787
7926,8025,0.24194369632740734,0.8402723518249805
2637,2727,0.24197008214270838,0.8403839714253823
4549,4682,0.2419923575474368,0.8404955910257841
6330,6355,0.24199421168491736,0.8406072106261859
7531,7720,0.24200015143634537,0.8407188302265878
8504,8581,0.24200540433716528,0.8408304498269896
6440,6531,0.24206344956353754,0.8409420694273915
5111,5245,0.24207010615470015,0.8410536890277933
6810,6857,0.24207750144615064,0.8411653086281952
7469,7548,0.24208204742962458,0.8412769282285969
7868,7933,0.2421228778616071,0.8413885478289987
8424,8537,0.24215446726163103,0.8415001674294006
1237,1381,0.24216313946932141,0.8416117870298024
1224,1336,0.24216498969874692,0.8417234066302043
4668,4796,0.24229392527715682,0.8418350262306061
2183,2302,0.2422955194966521,0.841946645831008
6513,6661,0.24239976391948864,0.8420582654314097
7982,8069,0.24246161422395948,0.8421698850318116
6637,6705,0.242475651711151,0.8422815046322134
3267,3394,0.2424984014130508,0.8423931242326153
6551,6675,0.24254862276048203,0.8425047438330171
7847,8020,0.24257810240911548,0.842616363433419
2206,2249,0.2426157057346775,0.8427279830338208
8472,8539,0.24273473747400795,0.8428396026342225
6006,6138,0.24274894385301676,0.8429512222346244
1001,1108,0.24276056991607126,0.8430628418350262
4014,4123,0.2427874247446733,0.8431744614354281
6102,6252,0.24281447094182565,0.8432860810358299
4391,4523,0.2428310882758864,0.8433977006362318
523,594,0.24286095447400663,0.8435093202366335
6089,6157,0.24286955511256264,0.8436209398370353
6342,6429,0.24287093344702787,0.8437325594374372
6189,6322,0.24287615544517716,0.843844179037839
2220,2312,0.242881614006331,0.8439557986382409
4879,5028,0.24290210453480315,0.8440674182386427
5752,5799,0.24291222804977594,0.8441790378390446
7373,7492,0.24292627741047884,0.8442906574394463
7307,7398,0.24296133888416194,0.8444022770398482
5994,6095,0.2429648149029588,0.84451389664025
7834,7889,0.24304000576366372,0.8446255162406519
5979,6134,0.2430765973003892,0.8447371358410537
5155,5252,0.2430956994674329,0.8448487554414555
6043,6117,0.24314594820005292,0.8449603750418574
5675,5687,0.24315243647860488,0.8450719946422591
5670,5743,0.2431586633622898,0.845183614242661
7731,7767,0.24320543479487652,0.8452952338430628
5312,5503,0.2432205869091922,0.8454068534434647
5735,5815,0.24328887948297995,0.8455184730438665
2696,2857,0.2433017150896993,0.8456300926442684
8125,8169,0.2433047652318363,0.8457417122446702
2244,2251,0.24330548257283055,0.8458533318450719
6341,6387,0.24331394219560518,0.8459649514454738
4838,4982,0.24332345254591123,0.8460765710458756
4817,4957,0.2433237249744274,0.8461881906462775
2660,2816,0.24341571042108193,0.8462998102466793
4242,4399,0.2434219962582644,0.8464114298470812
7885,8080,0.24342839802036553,0.846523049447483
5868,5965,0.24346141321182238,0.8466346690478848
6120,6228,0.24348094689222766,0.8467462886482866
8237,8331,0.24348733719293272,0.8468579082486885
6094,6149,0.24348844860655913,0.8469695278490903
2208,2314,0.24350787174195335,0.8470811474494921
1177,1312,0.2435231854001457,0.847192767049894
7811,7974,0.24353230416390767,0.8473043866502958
7322,7412,0.24354124340305713,0.8474160062506976
8238,8285,0.2435620052361581,0.8475276258510994
7033,7234,0.24356764829262129,0.8476392454515013
7746,7839,0.24363392009243354,0.8477508650519031
5644,5665,0.24370572389510142,0.847862484652305
7482,7594,0.24372958535884512,0.8479741042527068
7751,7818,0.2438142828208847,0.8480857238531087
5114,5278,0.24384028603231164,0.8481973434535104
7917,8033,0.2439029575471925,0.8483089630539122
5843,5937,0.24390691551686783,0.8484205826543141
8228,8283,0.2439099510542657,0.8485322022547159
7718,7763,0.2439263597903208,0.8486438218551178
2592,2765,0.24394689719581317,0.8487554414555196
6333,6423,0.2439792426708906,0.8488670610559215
7895,7979,0.24398980935462175,0.8489786806563232
5202,5285,0.24399735904831463,0.849090300256725
4390,4537,0.24402496312568928,0.8492019198571269
6112,6234,0.24413935444367396,0.8493135394575287
6351,6405,0.24415884959183645,0.8494251590579306
4408,4571,0.24416232270446017,0.8495367786583324
5658,5751,0.2441672482751534,0.8496483982587343
2105,2147,0.24417787216085934,0.849760017859136
1564,1738,0.24418192072957448,0.8498716374595379
7719,7781,0.24419124431237668,0.8499832570599397
2121,2155,0.24421666422051486,0.8500948766603416
5145,5310,0.24422350165191037,0.8502064962607434
4297,4454,0.2442320426153038,0.8503181158611453
7309,7277,0.24423864065965176,0.8504297354615471
965,1042,0.2442433256365219,0.8505413550619488
4935,5061,0.24436348361724808,0.8506529746623507
8541,8621,0.24440469394079442,0.8507645942627525
3880,3986,0.24440948136842744,0.8508762138631544
5057,5153,0.2444156090423871,0.8509878334635562
6360,6395,0.24443286810436984,0.8510994530639581
7371,7401,0.24446886921355582,0.8512110726643599
8275,8383,0.24447730249999797,0.8513226922647616
6799,6855,0.24453096983683184,0.8514343118651635
4922,5019,0.24453253468580535,0.8515459314655653
5246,5370,0.24461099818784804,0.8516575510659672
6105,6268,0.24461228464790402,0.851769170666369
6713,6787,0.24462440033352897,0.8518807902667709
4500,4673,0.24465189658255868,0.8519924098671727
3732,3802,0.24466245693973418,0.8521040294675745
7405,7564,0.24467604654695482,0.8522156490679763
3875,4065,0.24467930657861683,0.8523272686683782
7705,7827,0.244737661599143,0.85243888826878
7235,7255,0.24475020356020072,0.8525505078691819
5532,5561,0.24477930876004925,0.8526621274695837
5230,5293,0.24478960978462738,0.8527737470699855
3255,3390,0.2448107062999025,0.8528853666703873
6707,6767,0.24482796317809213,0.8529969862707891
7054,7212,0.2448383040916479,0.853108605871191
5853,5919,0.24483940225532333,0.8532202254715928
2202,2239,0.2448622272116947,0.8533318450719947
8492,8575,0.24487132556171737,0.8534434646723965
1517,1625,0.24488821139862121,0.8535550842727982
7459,7533,0.24489209847544594,0.8536667038732001
5454,5632,0.24490313936622532,0.8537783234736019
5907,6047,0.24491938344118727,0.8538899430740038
7431,7604,0.24492294405723844,0.8540015626744056
7764,7830,0.24493448791622174,0.8541131822748075
5437,5646,0.24500250234790166,0.8542248018752093
4764,4931,0.24504533115506114,0.8543364214756111
6780,6847,0.24509158994261057,0.8544480410760129
7909,8045,0.24515374897640393,0.8545596606764148
8155,8187,0.24519362279187035,0.8546712802768166
7462,7542,0.245210143402606,0.8547828998772184
7859,7929,0.24523920761897045,0.8548945194776203
3811,3858,0.24524766236555706,0.8550061390780221
7336,7406,0.24525257672945788,0.8551177586784239
2154,2291,0.24526525047430442,0.8552293782788257
5724,5811,0.24527936199490702,0.8553409978792276
7535,7734,0.24529098597998167,0.8554526174796294
2298,2409,0.24530508978573276,0.8555642370800313
7724,7809,0.24532861699781225,0.8556758566804331
995,1127,0.24536641273168414,0.855787476280835
8796,8925,0.24536721233570258,0.8558990958812367
6655,6783,0.2453875837857988,0.8560107154816385
7133,7237,0.24542475238090383,0.8561223350820404
7738,7769,0.24543353065775522,0.8562339546824422
7406,7377,0.24551075330689837,0.8563455742828441
5292,5409,0.2455191022884935,0.8564571938832459
7506,7650,0.24554209962846107,0.8565688134836478
1197,1330,0.24555618742221624,0.8566804330840495
6124,6212,0.2455632566514473,0.8567920526844514
7296,7384,0.24563058589498626,0.8569036722848532
4497,4656,0.24567432108677217,0.857015291885255
5683,5767,0.24567805558154626,0.8571269114856569
1028,1186,0.24569916488095575,0.8572385310860587
2239,2382,0.24570072359224684,0.8573501506864606
8268,8297,0.24570171281560466,0.8574617702868623
8290,8349,0.24571555611548293,0.8575733898872642
8194,8327,0.24573458568288625,0.857685009487666
7385,7558,0.24577292776338228,0.8577966290880679
7323,7464,0.24580865344815445,0.8579082486884697
6795,6877,0.24581404058923173,0.8580198682888716
5068,5215,0.24584456459372078,0.8581314878892734
6993,7001,0.24584547402550708,0.8582431074896751
5960,6087,0.24584627856365454,0.858354727090077
7659,7733,0.24590004385956474,0.8584663466904788
4579,4741,0.24598567896214604,0.8585779662908807
7477,7543,0.24599515873316866,0.8586895858912825
6660,6759,0.24600138932270446,0.8588012054916844
6714,6803,0.24603092533399867,0.8589128250920862
7752,7798,0.24605339754981737,0.859024444692488
4406,4585,0.24609081601361937,0.8591360642928898
8467,8555,0.2461230191263988,0.8592476838932916
7400,7510,0.2461317961401789,0.8593593034936935
1108,1134,0.24613998855977987,0.8594709230940953
2172,2294,0.24614844225963725,0.8595825426944972
7686,7757,0.24617927155314404,0.859694162294899
5251,5311,0.2461881130460108,0.8598057818953008
3703,3764,0.24623118103743263,0.8599174014957026
4276,4430,0.24623138349699897,0.8600290210961045
7852,8048,0.24623591992449165,0.8601406406965063
7165,7364,0.24624788613244905,0.8602522602969082
4799,4949,0.24629380190541658,0.86036387989731
5641,5707,0.2463041467680344,0.8604754994977118
5223,5396,0.24633431768085,0.8605871190981136
7534,7730,0.24637435461057297,0.8606987386985154
5302,5483,0.24637751937409258,0.8608103582989173
7780,7874,0.24644708719842595,0.8609219778993191
7149,7241,0.246447991414745,0.861033597499721
1198,1338,0.2464647630045242,0.8611452171001228
3817,3838,0.246525613871241,0.8612568367005247
7883,7953,0.2465279834895695,0.8613684563009264
7329,7337,0.24661434985632916,0.8614800759013282
2176,2280,0.24662813422368146,0.8615916955017301
8591,8695,0.2466371913479436,0.8617033151021319
2263,2303,0.24667014873023346,0.8618149347025338
5032,5144,0.24668084849538308,0.8619265543029356
1014,1110,0.24668180947432172,0.8620381739033375
8129,8203,0.2466877851937462,0.8621497935037392
6216,6271,0.24679479834464382,0.8622614131041411
6729,6966,0.24683579181752088,0.8623730327045429
2629,2733,0.24683716295573832,0.8624846523049448
5737,5833,0.24684234939221086,0.8625962719053466
5931,6051,0.2468983121623433,0.8627078915057484
2030,2131,0.24690788783441683,0.8628195111061503
5959,6077,0.2469223989778003,0.862931130706552
8503,8569,0.24693616857726192,0.8630427503069539
7584,7631,0.24696124345064738,0.8631543699073557
8798,8921,0.24698579755076192,0.8632659895077576
6469,6567,0.24698675732375933,0.8633776091081594
5500,5539,0.24699303566641406,0.8634892287085613
5323,5449,0.24702237364746138,0.8636008483089631
4555,4727,0.24708502768093474,0.8637124679093648
7797,7863,0.2471166428137764,0.8638240875097667
1761,1867,0.24712674294763237,0.8639357071101685
7716,7764,0.24721399321421045,0.8640473267105704
6701,6829,0.2472995280226164,0.8641589463109722
4650,4863,0.24733267893815736,0.8642705659113741
7589,7637,0.24733696146541326,0.8643821855117758
2218,2297,0.24735655424894318,0.8644938051121777
8606,8717,0.2473833884929849,0.8646054247125795
7083,7219,0.24740529564771632,0.8647170443129814
5665,5741,0.24744027430841256,0.8648286639133832
3788,3856,0.2475320986081152,0.864940283513785
7364,7411,0.24754022618692673,0.8650519031141869
7437,7546,0.24754548413112257,0.8651635227145886
3782,3840,0.2475688039289897,0.8652751423149905
6242,6279,0.2475891848636008,0.8653867619153923
959,1034,0.24759179203408307,0.8654983815157942
5296,5395,0.24764294214774055,0.865610001116196
6140,6261,0.24766027675261074,0.8657216207165979
4618,4758,0.247691941411419,0.8658332403169997
3210,3344,0.24769657767948652,0.8659448599174014
7793,7857,0.24770071315906483,0.8660564795178033
5657,5737,0.24770438139938697,0.8661680991182051
6232,6281,0.24770767468967497,0.866279718718607
6664,6793,0.2477299592033448,0.8663913383190088
2088,2149,0.24778721568495563,0.8665029579194107
7908,8015,0.24780650309861185,0.8666145775198125
4240,4472,0.24781304669558216,0.8667261971202143
6796,6869,0.2478437275960095,0.8668378167206161
7902,8126,0.24786374696252875,0.866949436321018
7721,7789,0.24787043995488459,0.8670610559214198
5469,5676,0.24790945997375247,0.8671726755218216
6559,6693,0.2479423924723607,0.8672842951222235
7119,7247,0.24796142500577115,0.8673959147226253
3903,4108,0.24797008021739333,0.8675075343230271
8278,8361,0.24818501794398304,0.8676191539234289
6543,6682,0.24819514828452705,0.8677307735238308
5963,6118,0.2482098044077564,0.8678423931242326
7772,7904,0.24823565990998508,0.8679540127246345
3936,4105,0.24825349273398814,0.8680656323250363
7948,8093,0.24827075934295198,0.8681772519254382
6457,6563,0.2482919110790797,0.8682888715258399
5647,5749,0.24832111155909162,0.8684004911262417
5081,5232,0.24832327835020399,0.8685121107266436
8197,8265,0.24833047098672303,0.8686237303270454
4531,4676,0.24843333701109382,0.8687353499274473
948,1081,0.24844079671096472,0.8688469695278491
5462,5543,0.24845030207952423,0.868958589128251
5823,5935,0.24845481920693188,0.8690702087286527
8171,8261,0.24848300374161075,0.8691818283290546
8119,8153,0.24855873006555818,0.8692934479294564
8136,8205,0.24856552961392628,0.8694050675298582
7438,7606,0.24859853628386192,0.8695166871302601
7496,7561,0.24868146482556114,0.8696283067306619
6324,6433,0.24868411621135483,0.8697399263310638
7122,7191,0.24883234255759334,0.8698515459314655
2324,2449,0.24884165556602844,0.8699631655318674
4570,4722,0.2488799187091507,0.8700747851322692
5659,5755,0.24888464128140642,0.8701864047326711
8298,8355,0.2488937669690579,0.8702980243330729
8282,8345,0.2489569259080922,0.8704096439334748
7368,7524,0.24896288779305983,0.8705212635338766
7688,7807,0.2489645879267363,0.8706328831342783
6348,6495,0.2489696487535083,0.8707445027346802
6036,6202,0.24901557175005926,0.870856122335082
7618,7691,0.24906573653362726,0.8709677419354839
7806,7982,0.24907041965622437,0.8710793615358857
8164,8255,0.2491684813830414,0.8711909811362876
910,1010,0.24919894613136465,0.8713026007366894
3187,3345,0.24920748426786254,0.8714142203370911
7702,7761,0.24921389275265293,0.871525839937493
2222,2235,0.249215211342855,0.8716374595378948
7127,7245,0.24922281601292282,0.8717490791382967
5954,6079,0.2492406435822664,0.8718606987386985
5034,5159,0.24929355547681012,0.8719723183391004
5209,5356,0.24933991303144662,0.8720839379395022
3777,3854,0.2494345123951664,0.872195557539904
6191,6265,0.2494640286867862,0.8723071771403058
2617,2737,0.24946510352912885,0.8724187967407077
5267,5392,0.24951058933547857,0.8725304163411095
6782,6976,0.2495235802612449,0.8726420359415114
8287,8365,0.24957988116425403,0.8727536555419132
2205,2209,0.24965319549986825,0.872865275142315
1556,1655,0.24966899628547734,0.8729768947427168
8583,8738,0.24967010149366614,0.8730885143431186
7394,7518,0.24973339032469402,0.8732001339435205
6016,6172,0.2497359301701729,0.8733117535439223
6512,6603,0.24974467145571194,0.8734233731443242
8133,8243,0.24974624802810919,0.873534992744726
4301,4515,0.2498253211784139,0.8736466123451279
3215,3336,0.24982934627283954,0.8737582319455296
6505,6611,0.24983042387699184,0.8738698515459314
4244,4409,0.24983526560978078,0.8739814711463333
2308,2433,0.2498830633796532,0.8740930907467351
2650,2745,0.24991546344100676,0.874204710347137
2196,2299,0.24992204333914889,0.8743163299475388
5213,5313,0.24994851653895542,0.8744279495479406
7408,7556,0.24995039875964972,0.8745395691483424
7108,7201,0.24995871896049202,0.8746511887487443
6851,6895,0.24997052115890356,0.8747628083491461
2659,2741,0.24997623795839238,0.874874427949548
6345,6397,0.24999782939431053,0.8749860475499498
7080,7211,0.2500304440903781,0.8750976671503516
6591,6689,0.25004708573846673,0.8752092867507534
5466,5626,0.25012691472815646,0.8753209063511552
7516,7640,0.2501956528405588,0.8754325259515571
1227,1324,0.2502730226729905,0.8755441455519589
7824,7895,0.25028691152467597,0.8756557651523608
6929,7164,0.2502932963503156,0.8757673847527626
7901,8030,0.25029733526829234,0.8758790043531645
7771,7896,0.2503139172075677,0.8759906239535662
3763,3842,0.2503572460218128,0.876102243553968
7114,7217,0.2503948779461515,0.8762138631543699
8142,8209,0.2504236109234138,0.8763254827547717
1025,1137,0.25043033201968284,0.8764371023551736
4525,4696,0.25051040038718564,0.8765487219555754
2194,2233,0.25056032536964173,0.8766603415559773
5033,5150,0.25057219719440776,0.876771961156379
8124,8185,0.25058179858943674,0.8768835807567809
6715,6797,0.25061467436063034,0.8769952003571827
6350,6417,0.25061806111793805,0.8771068199575845
7869,7939,0.2506596462705541,0.8772184395579864
4866,5032,0.25066380759451645,0.8773300591583882
943,1092,0.2507600914093704,0.8774416787587901
4039,4201,0.25076694467802246,0.8775532983591918
7502,7654,0.25078943071059223,0.8776649179595937
2217,2215,0.2508320648145022,0.8777765375599955
5101,5298,0.25086839699807406,0.8778881571603974
6327,6513,0.25088590438863007,0.8779997767607992
4885,5098,0.2509049376133343,0.8781113963612011
6951,6995,0.2509150433952026,0.8782230159616029
5643,5747,0.25092268631483644,0.8783346355620046
6487,6654,0.2509774905775452,0.8784462551624065
3838,3826,0.25098515879504363,0.8785578747628083
4628,4798,0.25100333646854045,0.8786694943632102
6157,6412,0.25100477900787155,0.878781113963612
7092,7266,0.2510561988986107,0.8788927335640139
8236,8311,0.25106152122940234,0.8790043531644157
8049,8149,0.2512499322335645,0.8791159727648175
6044,6274,0.25130431740531917,0.8792275923652193
5628,5681,0.2513205346806457,0.8793392119656211
6444,6535,0.2513434517446415,0.879450831566023
7116,7205,0.25139785947927934,0.8795624511664248
5367,5509,0.25153326766743445,0.8796740707668267
7019,7153,0.2515397660223308,0.8797856903672285
7761,7954,0.251549606137747,0.8798973099676303
5104,5266,0.2515595974089018,0.8800089295680321
4947,5095,0.25156670897311006,0.880120549168434
7776,7886,0.2515679514130519,0.8802321687688358
3789,3981,0.2515795686556058,0.8803437883692377
7499,7583,0.2515993235542148,0.8804554079696395
1209,1298,0.25162837941710403,0.8805670275700413
5730,5795,0.2516568585148481,0.8806786471704431
5985,6136,0.25166134038017607,0.8807902667708449
8382,8542,0.2517429767322697,0.8809018863712468
3890,4048,0.25175879442848387,0.8810135059716486
4605,4820,0.2518806273682483,0.8811251255720505
7422,7469,0.25196714333093273,0.8812367451724523
6640,6723,0.25197366255440407,0.8813483647728542
7376,7540,0.25203860511740916,0.8814599843732559
3080,3249,0.25207766073246646,0.8815716039736577
7857,7927,0.2521293964236191,0.8816832235740596
7481,7553,0.25214824301960576,0.8817948431744614
7892,8066,0.252208049498781,0.8819064627748633
5107,5244,0.252224224859254,0.8820180823752651
7375,7425,0.25233773266369935,0.882129701975667
6770,6845,0.25233955715181283,0.8822413215760687
8531,8631,0.25234200331965034,0.8823529411764706
7646,7762,0.25237706465655435,0.8824645607768724
5052,5185,0.2526025071327867,0.8825761803772743
6017,6176,0.2526243925649083,0.8826877999776761
7232,7261,0.2526698174625597,0.882799419578078
7439,7513,0.2526735062268006,0.8829110391784798
2187,2320,0.2526871241593868,0.8830226587788815
5926,6061,0.25269008746403754,0.8831342783792834
7570,7750,0.2527203665464364,0.8832458979796852
4779,4963,0.25275342132697765,0.8833575175800871
6507,6673,0.2528124734011021,0.8834691371804889
3649,3756,0.2528503711116598,0.8835807567808908
6696,6809,0.25286972779789346,0.8836923763812926
6791,6867,0.25289250027668875,0.8838039959816943
5264,5398,0.25293431955602735,0.8839156155820962
7339,7448,0.25298729229898315,0.884027235182498
7291,7279,0.25312323459874164,0.8841388547828999
8264,8335,0.2531974548500549,0.8842504743833017
5678,5761,0.25323083410786795,0.8843620939837036
7452,7541,0.253309526459677,0.8844737135841053
8162,8267,0.25330995617955954,0.8845853331845072
2049,2117,0.25332087102459794,0.884696952784909
7009,7143,0.25332486708904967,0.8848085723853109
6329,6425,0.2533254388857499,0.8849201919857127
7952,8087,0.2533316085941551,0.8850318115861145
6203,6356,0.25334404004058425,0.8851434311865164
6751,6841,0.2533945498474266,0.8852550507869181
5113,5258,0.25339480244212165,0.88536667038732
6462,6553,0.25345103144163494,0.8854782899877218
8554,8685,0.25345217403324577,0.8855899095881237
5321,5558,0.25353997401090483,0.8857015291885255
4921,5078,0.25354190711845453,0.8858131487889274
3681,3776,0.2536190744084216,0.8859247683893292
6323,6403,0.25366430676223467,0.886036387989731
8523,8617,0.25371242379222125,0.8861480075901328
5299,5427,0.2537471089719823,0.8862596271905346
3887,4002,0.2537749520795533,0.8863712467909365
8173,8279,0.2537790178053731,0.8864828663913383
7865,7997,0.25382203310971363,0.8865944859917402
8526,8683,0.25389151050764774,0.886706105592142
8285,8353,0.25389992204358997,0.8868177251925438
6334,6487,0.25394826426966255,0.8869293447929456
6277,6341,0.2539822526143882,0.8870409643933475
4614,4765,0.2540807280968916,0.8871525839937493
2186,2225,0.2540817761419773,0.8872642035941511
7060,7207,0.25412245171844355,0.887375823194553
7760,7864,0.2541945474930721,0.8874874427949548
7662,7772,0.25419806302085335,0.8875990623953566
7467,7608,0.2542574598393363,0.8877106819957584
5702,5781,0.25426064641823315,0.8878223015961603
7714,7770,0.25429397374403756,0.8879339211965621
7703,7773,0.2543301443279688,0.888045540796964
4816,5026,0.2543423033084644,0.8881571603973658
7704,7812,0.25434490182918523,0.8882687799977677
3812,3972,0.2543702134993124,0.8883803995981694
1137,1286,0.2544230158084509,0.8884920191985712
5814,5917,0.2544317147892516,0.8886036387989731
6197,6297,0.2544979168254205,0.8887152583993749
5263,5329,0.2545032406835784,0.8888268779997768
7765,7940,0.25456069656739544,0.8889384976001786
7086,7250,0.2546174513894058,0.8890501172005805
2285,2427,0.2546184672262319,0.8891617368009822
8546,8625,0.2546508736352421,0.889273356401384
6455,6581,0.25465880877555547,0.8893849760017859
2116,2165,0.25466125247178234,0.8894965956021877
7881,7977,0.254680177013974,0.8896082152025896
7098,7274,0.2546924748322234,0.8897198348029914
5561,5627,0.2547020923444834,0.8898314544033933
5460,5678,0.25472006688426846,0.889943074003795
7091,7209,0.25473772602898315,0.8900546936041969
3787,3830,0.2547483375673079,0.8901663132045987
7505,7638,0.25477959077034723,0.8902779328050006
5241,5374,0.25485612088333887,0.8903895524054024
7622,7705,0.2549685005476349,0.8905011720058043
4941,5085,0.25497126565579553,0.8906127916062061
4371,4553,0.2551256922468159,0.8907244112066078
3854,3982,0.2552627935469112,0.8908360308070097
6841,6915,0.2553109957821805,0.8909476504074115
1478,1595,0.25533108979684105,0.8910592700078134
2312,2431,0.2553380322441354,0.8911708896082152
6843,6925,0.2553497054742553,0.8912825092086171
6260,6311,0.255364224670532,0.8913941288090189
5085,5284,0.2554463420699667,0.8915057484094207
8132,8247,0.25549111596595764,0.8916173680098225
3704,3778,0.255494065622048,0.8917289876102243
5513,5577,0.2555085174496348,0.8918406072106262
8542,8643,0.25561477526395143,0.891952226811028
5062,5217,0.2556475661575118,0.8920638464114299
5212,5360,0.25568052724136486,0.8921754660118317
2286,2455,0.25571138555185996,0.8922870856122335
6618,6735,0.25572751430144264,0.8923987052126353
4492,4660,0.2557390254842134,0.8925103248130372
3265,3356,0.255805635510034,0.892621944413439
2167,2324,0.2558283966111695,0.8927335640138409
6486,6609,0.2558290683429061,0.8928451836142427
7554,7609,0.2558809865811041,0.8929568032146445
7561,7627,0.2558923853805934,0.8930684228150463
6997,7039,0.25593707722541,0.8931800424154481
7592,7649,0.25597507495622046,0.89329166201585
7777,8004,0.2559939410449138,0.8934032816162518
5976,6101,0.25600417914495566,0.8935149012166537
6934,7007,0.25604023450855373,0.8936265208170555
5679,5769,0.256043434920837,0.8937381404174574
7726,7806,0.2560819835233333,0.8938497600178591
7520,7647,0.2561254620773518,0.8939613796182609
3725,3848,0.2562733968903035,0.8940729992186628
6670,6815,0.2563140779745936,0.8941846188190646
8199,8293,0.25631513434625147,0.8942962384194665
5019,5151,0.2563797650861815,0.8944078580198683
5426,5624,0.25638494559742725,0.8945194776202701
8898,9035,0.2564743095782723,0.8946310972206719
4527,4672,0.25648907878775656,0.8947427168210738
8220,8305,0.25656440957566684,0.8948543364214756
5031,5175,0.25658424963353355,0.8949659560218775
7893,8007,0.25661238505794054,0.8950775756222793
8547,8629,0.25661721575455965,0.8951891952226811
4972,5111,0.25664281655779053,0.8953008148230829
5695,5783,0.2566498388698696,0.8954124344234847
5439,5567,0.2568910880738769,0.8955240540238866
8545,8633,0.2571895129077044,0.8956356736242884
5788,5851,0.2572286683847939,0.8957472932246903
5551,5623,0.25723643269912,0.8958589128250921
5692,5787,0.2573472001876556,0.895970532425494
8218,8287,0.25742588498332225,0.8960821520258957
3773,3828,0.25742916432513446,0.8961937716262975
2169,2217,0.2574390831933077,0.8963053912266994
5502,5569,0.2574802332583884,0.8964170108271012
5522,5575,0.2575030540306673,0.8965286304275031
7326,7444,0.25756938256798556,0.8966402500279049
7480,7555,0.25760664619621937,0.8967518696283068
7355,7554,0.2576368556102696,0.8968634892287085
6169,6289,0.2576418202314223,0.8969751088291104
7637,7760,0.25769118215420383,0.8970867284295122
6021,6196,0.2577379696859173,0.897198348029914
7563,7639,0.2577715842642879,0.8973099676303159
5978,6144,0.2577852206746638,0.8974215872307177
7590,7655,0.25781840528643984,0.8975332068311196
3212,3300,0.2579559122066669,0.8976448264315213
7770,7849,0.2579572266297823,0.8977564460319232
3881,4014,0.258001156722408,0.897868065632325
8165,8215,0.25800258027808487,0.8979796852327269
6918,6937,0.2580252304808705,0.8980913048331287
7681,7783,0.258050810919562,0.8982029244335306
7318,7474,0.2581039882585637,0.8983145440339324
7796,7934,0.25820041902612917,0.8984261636343341
8535,8639,0.2582401132231163,0.898537783234736
7800,7885,0.2582668264157387,0.8986494028351378
4546,4724,0.25828549629665287,0.8987610224355397
5194,5376,0.2583970224382472,0.8988726420359415
8578,8744,0.25840938376571654,0.8989842616363434
5253,5418,0.25848827096421334,0.8990958812367452
4926,5045,0.2584997768597301,0.899207500837147
6177,6380,0.258505447091926,0.8993191204375488
6679,6757,0.25851494377216205,0.8994307400379506
7638,7717,0.2585632441507812,0.8995423596383525
7250,7265,0.2585839773231616,0.8996539792387543
7426,7588,0.258618568998405,0.8997655988391562
3207,3302,0.25876651365360054,0.899877218439558
5011,5137,0.25876893446436017,0.8999888380399598
8949,9053,0.2587733508113845,0.9001004576403616
8552,8689,0.2589467952743633,0.9002120772407635
5955,6091,0.2590032345326757,0.9003236968411653
2175,2318,0.259017245179291,0.9004353164415672
7006,7033,0.2590348658825919,0.900546936041969
5776,5855,0.2591193952608826,0.9006585556423709
3733,3846,0.25918403289646563,0.9007701752427726
5632,5695,0.2591932032015901,0.9008817948431744
7255,7269,0.25926034422029903,0.9009934144435763
7641,7727,0.25926408863297035,0.9011050340439781
5119,5248,0.2592808096501303,0.90121665364438
8283,8371,0.25933480158428807,0.9013282732447818
6663,6771,0.2593534444987083,0.9014398928451837
3190,3292,0.2593964688160383,0.9015515124455854
4929,5089,0.25940508380780486,0.9016631320459872
2166,2213,0.25945178087010495,0.9017747516463891
6835,6921,0.2594704539681355,0.9018863712467909
7410,7453,0.25949333172441963,0.9019979908471928
8128,8223,0.25950848117055786,0.9021096104475946
7319,7341,0.2595571362141063,0.9022212300479965
4563,4742,0.2596455197786218,0.9023328496483982
7311,7446,0.25976479953443204,0.9024444692488001
5802,5863,0.25976791526494075,0.9025560888492019
1187,1310,0.25978717010707647,0.9026677084496038
5117,5238,0.2598669864059109,0.9027793280500056
6320,6371,0.25986853644371877,0.9028909476504074
7672,7774,0.2598756405656727,0.9030025672508093
7803,7879,0.2599071256064273,0.903114186851211
6680,6813,0.26011143564909495,0.9032258064516129
7768,8000,0.26014339017393223,0.9033374260520147
7398,7538,0.2602230244992862,0.9034490456524166
4776,4975,0.26035426183672605,0.9035606652528184
6450,6543,0.2603900608268604,0.9036722848532203
6074,6165,0.2604150612165834,0.9037839044536221
7413,7457,0.26043777295062004,0.9038955240540238
6833,6903,0.26046146398602293,0.9040071436544257
4986,5119,0.2605641278132841,0.9041187632548275
7725,7782,0.2605717222546372,0.9042303828552294
6757,6849,0.26060334243622846,0.9043420024556312
8299,8373,0.26068775689102586,0.9044536220560331
6880,6935,0.26071745078208935,0.9045652416564348
5115,5281,0.2607203035439222,0.9046768612568367
5624,5671,0.2608325937580895,0.9047884808572385
6676,6795,0.2608530757503524,0.9049001004576404
5266,5349,0.2611110962922947,0.9050117200580422
7382,7574,0.26118772395188955,0.905123339658444
5289,5477,0.2612641747002878,0.9052349592588459
6638,6763,0.2612663603187012,0.9053465788592476
4774,4965,0.2613033026980016,0.9054581984596495
7238,7404,0.2613197942132722,0.9055698180600513
8209,8315,0.26135481958813817,0.9056814376604532
7786,7916,0.26146543613043155,0.905793057260855
4598,4771,0.261614187459593,0.9059046768612569
7759,7888,0.26161765952417154,0.9060162964616587
7791,7932,0.26163734940671607,0.9061279160620604
8580,8753,0.261718188011879,0.9062395356624623
4256,4469,0.26182733884800363,0.9063511552628641
5703,5823,0.26185194986242516,0.906462774863266
5024,5173,0.2619316886060173,0.9065743944636678
5708,5805,0.261976954396632,0.9066860140640697
7492,7652,0.2619945258800987,0.9067976336644715
5770,6032,0.26204345310472693,0.9069092532648733
1184,1316,0.26211506359812475,0.9070208728652751
6866,6933,0.2621711306884785,0.907132492465677
7455,7589,0.26227915034574445,0.9072441120660788
8571,8736,0.26244852590594236,0.9073557316664806
7036,7221,0.2624645187441219,0.9074673512668825
355,472,0.26248093197443884,0.9075789708672843
4537,4733,0.2626708895961639,0.9076905904676861
7789,7877,0.2626839445863123,0.9078022100680879
6154,6328,0.2627077609021684,0.9079138296684898
6123,6249,0.2627442718645133,0.9080254492688916
6258,6315,0.2627510952186809,0.9081370688692935
8083,8175,0.26275886274576954,0.9082486884696953
7399,7578,0.2627857463782951,0.9083603080700972
6174,6336,0.2628235796089647,0.9084719276704989
5086,5237,0.262920580852514,0.9085835472709007
6834,6917,0.2629396548733017,0.9086951668713026
5438,5545,0.2629851557916509,0.9088067864717044
8116,8191,0.2631881585329769,0.9089184060721063
8521,8655,0.26319898001710434,0.9090300256725081
4889,5059,0.2632735025774542,0.90914164527291
7578,7641,0.26335093467068615,0.9092532648733117
5640,5759,0.26338497635190916,0.9093648844737136
8160,8221,0.26338566535887104,0.9094765040741154
5333,5493,0.2635539501504315,0.9095881236745172
5399,5541,0.26356131855978915,0.9096997432749191
8034,8147,0.2636499601152486,0.9098113628753209
4771,4990,0.2637332445053744,0.9099229824757228
6073,6306,0.2637334340546228,0.9100346020761245
2138,2203,0.26385158322022706,0.9101462216765264
8464,8579,0.26385789232916007,0.9102578412769282
6753,6843,0.2638585086720903,0.9103694608773301
5857,5971,0.2639446383020277,0.9104810804777319
3206,3298,0.2639540827449167,0.9105927000781338
4601,4779,0.26395517622275877,0.9107043196785356
6162,6293,0.26400237517494146,0.9108159392789373
310,398,0.2640232194136374,0.9109275588793392
6828,6923,0.2641641523211649,0.911039178479741
4516,4713,0.26421344746597514,0.9111507980801429
5571,5631,0.26422518860111727,0.9112624176805447
8592,8749,0.264308711160045,0.9113740372809466
6872,6953,0.2643621218766324,0.9114856568813484
8505,8609,0.2643892889577382,0.9115972764817502
8082,8165,0.264418692042322,0.911708896082152
7664,7759,0.2644429446026124,0.9118205156825538
7284,7307,0.264556805903735,0.9119321352829557
5088,5276,0.26465010697038277,0.9120437548833575
6909,6955,0.26468577182856395,0.9121553744837594
6056,6137,0.26469120781030564,0.9122669940841612
6141,6320,0.2647751096848974,0.912378613684563
2240,2408,0.2648439545795488,0.9124902332849648
2314,2459,0.26487732566336164,0.9126018528853667
7341,7407,0.2648837517767601,0.9127134724857685
6667,6874,0.2649830402610817,0.9128250920861704
6673,6811,0.26507572985713396,0.9129367116865722
6137,6314,0.2651637917721459,0.913048331286974
7773,7853,0.2652574107429703,0.9131599508873758
7099,7227,0.2652754559708401,0.9132715704877776
2620,2807,0.2653138378408028,0.9133831900881795
3885,4067,0.2653159254137182,0.9134948096885813
4858,5036,0.2654110032977798,0.9136064292889832
8952,9059,0.26543741226089523,0.913718048889385
7521,7663,0.26548157128356326,0.9138296684897869
1521,1649,0.26561502970998907,0.9139412880901886
7402,7439,0.26562301847892583,0.9140529076905904
8039,8157,0.26565462492235725,0.9141645272909923
5076,5233,0.26567644752430897,0.9142761468913941
7689,7820,0.2657585148218089,0.914387766491796
6087,6294,0.26576208660162903,0.9144993860921978
4587,4751,0.2659127199773044,0.9146110056925996
2221,2394,0.26592665575722757,0.9147226252930014
6646,6779,0.26593301176325423,0.9148342448934033
365,461,0.2659550566280867,0.9149458644938051
6249,6317,0.2659820113186794,0.915057484094207
3666,3754,0.26612145168404855,0.9151691036946088
4923,5122,0.2661844008651755,0.9152807232950106
7551,7629,0.2663135131642083,0.9153923428954124
3668,3768,0.2663402097664454,0.9155039624958142
7779,7851,0.26639184194398297,0.9156155820962161
2278,2469,0.2664121945243683,0.9157272016966179
6826,6889,0.2664172348730913,0.9158388212970198
8593,8775,0.26643834688813794,0.9159504408974216
2054,2157,0.26646644826481514,0.9160620604978235
6762,6875,0.2666247796032849,0.9161736800982252
2675,2795,0.2666729169332925,0.916285299698627
5975,6111,0.26675691564743,0.9163969192990289
7002,7111,0.2668268804232055,0.9165085388994307
4917,5053,0.26683742400351446,0.9166201584998326
5533,5601,0.2668460129918455,0.9167317781002344
6884,6961,0.26704410479494495,0.9168433977006363
7261,7414,0.26707964680279417,0.916955017301038
3241,3364,0.26710665194530114,0.9170666369014399
7783,7926,0.2671469617371376,0.9171782565018417
3914,4109,0.26724288179937716,0.9172898761022436
2155,2219,0.26763116730424963,0.9174014957026454
8123,8229,0.26765256535103293,0.9175131153030472
6973,7063,0.2677164882139248,0.9176247349034491
5668,5785,0.267717501368918,0.9177363545038508
7564,7653,0.26784457968787073,0.9178479741042527
6027,6240,0.2678924565510429,0.9179595937046545
3735,3834,0.2680058411509381,0.9180712133050564
6615,6713,0.26800982152519387,0.9181828329054582
7835,7941,0.2680514564803772,0.9182944525058601
4862,5064,0.26810120395410714,0.9184060721062619
2639,2793,0.26811737588826207,0.9185176917066636
2612,2760,0.2681696460409281,0.9186293113070655
2156,2245,0.2682899308265365,0.9187409309074673
5185,5319,0.2683139370854514,0.9188525505078692
3254,3372,0.26832488373841035,0.918964170108271
6151,6287,0.2683679044852693,0.9190757897086729
4823,5024,0.268369593717235,0.9191874093090747
7403,7473,0.268639040863777,0.9192990289094765
7745,7834,0.2686465406199091,0.9194106485098783
7425,7497,0.2687950666373126,0.9195222681102801
5987,6146,0.26895599325331265,0.919633887710682
6535,6691,0.2689738428195426,0.9197455073110838
4745,4921,0.2690199800081733,0.9198571269114857
7850,7947,0.26907858963711867,0.9199687465118875
6138,6275,0.26912826695682424,0.9200803661122893
6860,6943,0.269169253686867,0.9201919857126911
5285,5367,0.2692032812642377,0.920303605313093
2130,2271,0.2693214932596608,0.9204152249134948
7451,7585,0.269540902784353,0.9205268445138967
4615,4783,0.2695706031922863,0.9206384641142985
4488,4658,0.2696034694254871,0.9207500837147004
4393,4579,0.26961914569566525,0.9208617033151021
6794,6887,0.26980974842617417,0.9209733229155039
8549,8693,0.2699650349988059,0.9210849425159058
6960,7083,0.2699902067598378,0.9211965621163076
7360,7580,0.26999311709405677,0.9213081817167095
5682,5809,0.27002840624114083,0.9214198013171113
4875,5043,0.2700906396047363,0.9215314209175132
6634,6807,0.2701732945221627,0.9216430405179149
7354,7355,0.2702238830964013,0.9217546601183167
6876,6947,0.2703375965675119,0.9218662797187186
7683,7814,0.2703443544949523,0.9219778993191204
2213,2378,0.2704519322795945,0.9220895189195223
6858,6941,0.27046545936691274,0.9222011385199241
7473,7616,0.27054498305957153,0.922312758120326
3670,3786,0.2706032330130454,0.9224243777207277
6211,6303,0.2706230681724159,0.9225359973211296
7509,7724,0.27070752701853656,0.9226476169215314
6803,6913,0.27080996299046817,0.9227592365219333
7243,7295,0.2708101868775804,0.9228708561223351
6009,6210,0.2708201227115886,0.922982475722737
5000,5157,0.2708842817233283,0.9230940953231388
3724,3832,0.27092868318896934,0.9232057149235405
7226,7289,0.27093819376052153,0.9233173345239424
7838,7909,0.27094982225211894,0.9234289541243442
4813,5034,0.27097895592804105,0.9235405737247461
7666,7786,0.27100665973182636,0.9236521933251479
5087,5255,0.27113005997931383,0.9237638129255498
6912,6963,0.2711529076150526,0.9238754325259516
6952,7027,0.27131259848367567,0.9239870521263533
7085,7258,0.27146117268020165,0.9240986717267552
5094,5312,0.27147749445216757,0.924210291327157
2114,2269,0.2715657121182533,0.9243219109275589
7548,7748,0.2716447920770593,0.9244335305279607
8120,8207,0.2716521850528269,0.9245451501283626
2125,2267,0.2716800614377492,0.9246567697287643
7279,7331,0.27176147273464946,0.9247683893291662
6313,6377,0.2717723089580134,0.924880008929568
5410,5557,0.2718248644896203,0.9249916285299699
960,1074,0.27201894387421,0.9251032481303717
8172,8299,0.2720824733773582,0.9252148677307735
5700,5797,0.27232830038318123,0.9253264873311754
8025,8155,0.2723546181884169,0.9254381069315771
7729,7828,0.2724703897608054,0.925549726531979
5751,5847,0.27252387224631097,0.9256613461323808
6518,6681,0.27252695923283865,0.9257729657327827
6255,6325,0.27260801249679084,0.9258845853331845
3711,3886,0.2726253701392096,0.9259962049335864
5244,5420,0.27281696734607275,0.9261078245339882
7753,7936,0.2728440096678526,0.92621944413439
7841,7993,0.27285641055214505,0.9263310637347918
6777,6861,0.27290421960245187,0.9264426833351936
5618,5765,0.27291149115279484,0.9265543029355955
7316,7359,0.2729210189778655,0.9266659225359973
1520,1651,0.27295374846752796,0.9267775421363992
7831,7961,0.273009964344433,0.926889161736801
7642,7792,0.2730712165956059,0.9270007813372028
2663,2831,0.27322003602496026,0.9271124009376046
7025,7189,0.27324456257535584,0.9272240205380065
7884,8037,0.2732651339866592,0.9273356401384083
7271,7311,0.27331532585740204,0.9274472597388101
6185,6342,0.2733366817987415,0.927558879339212
5614,5697,0.27340510578851535,0.9276704989396138
6282,6349,0.27353889302368595,0.9277821185400156
7842,7995,0.27363878982793827,0.9278937381404174
5772,5859,0.27367385510708087,0.9280053577408193
8038,8161,0.27373256678012897,0.9281169773412211
6986,7087,0.27385184076833324,0.928228596941623
5733,5845,0.27391576321966365,0.9283402165420248
5769,5907,0.2740066164730948,0.9284518361424267
5929,6071,0.2740477457500506,0.9285634557428284
7529,7669,0.2740913387381921,0.9286750753432302
8212,8339,0.27415352963307266,0.9287866949436321
7411,7600,0.27422447225548297,0.9288983145440339
7295,7321,0.2742354873113041,0.9290099341444358
2063,2163,0.2742466147504121,0.9291215537448376
3868,4058,0.27425818263371654,0.9292331733452395
6988,7105,0.27426233990820703,0.9293447929456412
7428,7515,0.27439689650141535,0.929456412546043
7787,8014,0.27441462551777646,0.9295680321464449
2086,2205,0.2746884279495178,0.9296796517468467
7290,7468,0.2747807142070975,0.9297912713472486
7444,7591,0.2748424767430943,0.9299028909476504
5601,5647,0.27488038671343396,0.9300145105480523
7312,7349,0.27505952318746935,0.930126130148454
7942,8115,0.2750727634522402,0.9302377497488559
7983,8143,0.2750993127615287,0.9303493693492577
2131,2199,0.275222047561826,0.9304609889496596
7314,7490,0.27534109392829414,0.9305726085500614
7335,7504,0.27541341564738303,0.9306842281504633
6214,6309,0.27545342641381393,0.9307958477508651
6090,6199,0.2754647108206781,0.9309074673512668
6068,6171,0.2755161761720395,0.9310190869516687
4992,5147,0.2756363392319108,0.9311307065520705
5281,5379,0.27567620903478396,0.9312423261524724
4919,5033,0.2756846055718928,0.9313539457528742
5464,5585,0.2757048262448936,0.9314655653532761
7254,7440,0.2757314435621313,0.9315771849536779
6947,7031,0.27574315921749953,0.9316888045540797
8513,8611,0.2758171308646718,0.9318004241544815
8002,8137,0.2758231452483742,0.9319120437548833
4932,5071,0.2758771882017942,0.9320236633552852
6854,6945,0.27588900716368203,0.932135282955687
5686,5801,0.2759182167024238,0.9322469025560889
7992,8145,0.2759245261832325,0.9323585221564907
6187,6354,0.27604879273120836,0.9324701417568925
7528,7657,0.2760736085284607,0.9325817613572943
7324,7395,0.2761285043769058,0.9326933809576962
8519,8647,0.2761630000684848,0.932805000558098
6256,6329,0.2766218862984326,0.9329166201584999
3045,3187,0.2766417458894087,0.9330282397589017
7649,7825,0.2767336095607345,0.9331398593593035
7667,7816,0.27687735162182414,0.9332514789597053
7257,7454,0.27695702701926833,0.9333630985601071
4872,5070,0.2769751494151674,0.933474718160509
7675,7845,0.27704743605976645,0.9335863377609108
6957,7029,0.2770967923938305,0.9336979573613127
7351,7544,0.2771342341647818,0.9338095769617145
2676,2861,0.2772573958122699,0.9339211965621164
7465,7569,0.27741622641197383,0.9340328161625181
6651,6848,0.27748743139808574,0.93414443576292
7542,7659,0.27760998274681703,0.9342560553633218
4609,4799,0.27788374782995895,0.9343676749637236
7809,7923,0.2780463680783602,0.9344792945641255
7231,7402,0.27811234776426436,0.9345909141645273
7420,7592,0.2781635815706316,0.9347025337649291
7392,7477,0.278268829891527,0.9348141533653309
7000,7125,0.2783073362748014,0.9349257729657328
8934,9075,0.2783076701030192,0.9350373925661346
7826,7973,0.2784526085174905,0.9351490121665365
8018,8151,0.2784950797587781,0.9352606317669383
7849,7951,0.2785810543236521,0.9353722513673401
5400,5581,0.2785812229355094,0.9354838709677419
7631,7741,0.2786311598179439,0.9355954905681437
6152,6295,0.2787352844346272,0.9357071101685456
7623,7766,0.27876265684319795,0.9358187297689474
5839,6007,0.27891727249261977,0.9359303493693493
7747,7867,0.27894004008502665,0.9360419689697511
5277,5425,0.2789780311300732,0.936153588570153
7507,7633,0.278996120018189,0.9362652081705547
8265,8385,0.27902065182736896,0.9363768277709565
6115,6237,0.27903415197461107,0.9364884473713584
4382,4557,0.27905392048921673,0.9366000669717602
4289,4503,0.2791153306084908,0.9367116865721621
7230,7285,0.27914976544040304,0.9368233061725639
6830,6951,0.2793126149731396,0.9369349257729658
6054,6175,0.2793128820275033,0.9370465453733675
7782,7891,0.2793340184017518,0.9371581649737694
7734,7840,0.27937443272995754,0.9372697845741712
4483,4692,0.27948892200872566,0.937381404174573
7756,7855,0.2796785418402372,0.9374930237749749
4582,4761,0.2798427459823905,0.9376046433753767
6665,6854,0.279873903126969,0.9377162629757786
6938,7019,0.27992674355943886,0.9378278825761803
1207,1394,0.28002853763216207,0.9379395021765822
8122,8239,0.2801356159754544,0.938051121776984
6967,7077,0.2802522551951204,0.9381627413773859
6631,6777,0.2802741921596637,0.9382743609777877
7755,7861,0.2802810990334686,0.9383859805781896
7281,7450,0.2803159326818944,0.9384976001785914
7605,7729,0.28041596298461147,0.9386092197789931
5231,5335,0.2804859765718444,0.938720839379395
4541,4750,0.2805212838754063,0.9388324589797968
7416,7586,0.28052388923026683,0.9389440785801987
4641,4854,0.280588376365388,0.9390556981806005
6311,6467,0.28063402078080435,0.9391673177810024
3859,4036,0.2806714151342161,0.9392789373814042
5591,5637,0.2807573828009829,0.939390556981806
4780,4978,0.2808806039208552,0.9395021765822078
3196,3320,0.28118983189442404,0.9396137961826097
6977,7107,0.2812015396957098,0.9397254157830115
4486,4668,0.2812027958623844,0.9398370353834133
1216,1397,0.2812842492833984,0.9399486549838152
7378,7475,0.2813606148975704,0.940060274584217
7614,7753,0.2815072703302486,0.9401718941846188
3876,4082,0.28155278531236566,0.9402835137850206
4881,5041,0.28166007366328305,0.9403951333854225
6853,6957,0.28168948543160166,0.9405067529858243
7728,7832,0.28170702399977166,0.9406183725862262
6331,6479,0.28193578330203894,0.940729992186628
4149,4334,0.2820049506879855,0.9408416117870299
6768,6883,0.28210387309378454,0.9409532313874316
6784,6901,0.28215694476425107,0.9410648509878334
6600,6717,0.28221187374466916,0.9411764705882353
7632,7751,0.28232424563044917,0.9412880901886371
5238,5331,0.2823493257409122,0.941399709789039
7650,7801,0.28236997539472825,0.9415113293894408
7182,7376,0.28260600189285395,0.9416229489898427
7458,7573,0.2826712743559927,0.9417345685902444
5831,5989,0.2827560123424037,0.9418461881906462
8099,8227,0.2827667177896366,0.9419578077910481
2153,2247,0.2830120986868496,0.9420694273914499
7748,7918,0.2831429809536606,0.9421810469918518
8257,8369,0.28315273674037267,0.9422926665922536
8229,8357,0.28316403718958433,0.9424042861926555
7596,7697,0.28330348569184094,0.9425159057930572
6939,7021,0.2833361947298737,0.9426275253934591
5957,6148,0.28338456451076044,0.9427391449938609
4243,4452,0.2834129055813802,0.9428507645942628
3683,3790,0.2835829499093131,0.9429623841946646
6981,7067,0.28360204687832236,0.9430740037950665
7313,7371,0.2836372127462793,0.9431856233954683
7872,8039,0.28365703187914676,0.94329724299587
7379,7487,0.28387320776669966,0.9434088625962719
7442,7563,0.2839935812859088,0.9435204821966737
5470,5603,0.2840870238599404,0.9436321017970756
5995,6178,0.284102034464609,0.9437437213974774
5743,5849,0.2841650809642854,0.9438553409978793
7063,7254,0.2842589769763619,0.9439669605982811
6829,6939,0.28443741474551104,0.9440785801986828
7749,7873,0.28444253615135334,0.9441901997990847
5053,5205,0.28471161706414644,0.9443018193994865
2225,2370,0.28485498348048527,0.9444134389998884
7317,7403,0.2848834196012439,0.9445250586002902
5589,5643,0.2849356795756265,0.9446366782006921
5824,5995,0.2849403666973942,0.9447482978010938
5478,5587,0.2852114348688194,0.9448599174014957
7737,7908,0.28539243281974347,0.9449715370018975
7488,7617,0.28550497725678203,0.9450831566022994
5861,6001,0.2856113019480842,0.9451947762027012
6097,6205,0.2856496232421209,0.945306395803103
7240,7422,0.28575332311941243,0.9454180154035049
5449,5605,0.28596335568807935,0.9455296350039066
7693,7843,0.2860467585533326,0.9456412546043085
4539,4748,0.2861186793285864,0.9457528742047103
7801,7903,0.2861542523081627,0.9458644938051122
7370,7489,0.28615497279648466,0.945976113405514
5270,5365,0.28619073951864743,0.9460877330059159
8613,8813,0.28624059638567045,0.9461993526063177
7352,7419,0.2862774234925371,0.9463109722067194
5143,5303,0.28636593512370595,0.9464225918071213
7498,7625,0.2863770674888756,0.9465342114075231
6624,6831,0.28660304482227533,0.946645831007925
5654,5821,0.286621148060153,0.9467574506083268
5189,5327,0.28664099991905584,0.9468690702087287
5422,5583,0.28676963311683795,0.9469806898091305
2050,2159,0.28690847432764455,0.9470923094095323
8428,8603,0.28707329428092476,0.9472039290099341
6131,6283,0.2872104962778524,0.947315548610336
5393,5553,0.2872819384006695,0.9474271682107378
6092,6209,0.28728547404078214,0.9475387878111396
7685,7826,0.28738436890494834,0.9476504074115415
5652,5837,0.287596447677904,0.9477620270119433
5908,6154,0.28763674789332594,0.9478736466123451
5012,5181,0.287733096878517,0.9479852662127469
6530,6688,0.28775509054834614,0.9480968858131488
1055,1130,0.2878518265851619,0.9482085054135506
5805,5933,0.2878814418535585,0.9483201250139525
8098,8217,0.2882666822269235,0.9484317446143543
7510,7673,0.28828225333216945,0.9485433642147562
3883,4100,0.2883181314935555,0.9486549838151579
5260,5361,0.28835618972229177,0.9487666034155597
7310,7397,0.28835768059681577,0.9488782230159616
5455,5613,0.2883660593222226,0.9489898426163634
8020,8193,0.2884083882290635,0.9491014622167653
5783,5903,0.28848344801690273,0.9492130818171671
3927,4113,0.28848786371974405,0.949324701417569
1230,1416,0.28869832397088346,0.9494363210179707
8756,8929,0.2887351742367825,0.9495479406183726
7325,7417,0.2888128033606233,0.9496595602187744
6128,6285,0.28889240998457333,0.9497711798191762
5777,5869,0.288938510417968,0.9498827994195781
7711,7842,0.28916316693293825,0.9499944190199799
998,1158,0.2892314570388308,0.9501060386203818
8062,8179,0.2895019480578112,0.9502176582207835
941,1066,0.28952331792283825,0.9503292778211854
5604,5673,0.28959695177543626,0.9504408974215872
6991,7131,0.2896299804869846,0.9505525170219891
3186,3314,0.2897654128152412,0.9506641366223909
5083,5261,0.28992702332889075,0.9507757562227928
7362,7441,0.29017000450594865,0.9508873758231946
7493,7645,0.29026442979920386,0.9509989954235963
8114,8213,0.29035392415546074,0.9511106150239982
8414,8583,0.29039330031749794,0.9512222346244
7700,7866,0.2904115373121721,0.9513338542248019
7720,7846,0.29057548307308034,0.9514454738252037
8063,8199,0.29062029035772613,0.9515570934256056
5157,5309,0.2907346096932291,0.9516687130260074
6904,6981,0.29083789797687304,0.9517803326264092
5586,5657,0.2909493669227779,0.951891952226811
7740,7950,0.2911054684239326,0.9520035718272128
5450,5591,0.2911426514970697,0.9521151914276147
6999,7133,0.29131338096310416,0.9522268110280165
6179,6323,0.29133776138259615,0.9523384306284184
7374,7493,0.29135599181164856,0.9524500502288202
7383,7491,0.29150786540217266,0.952561669829222
8905,9122,0.2915739814279058,0.9526732894296238
8102,8219,0.2916294853647528,0.9527849090300257
5487,5611,0.29179780157707075,0.9528965286304275
6167,6319,0.29180934990974455,0.9530081482308294
7252,7335,0.29190130029168504,0.9531197678312312
6890,6979,0.29196157586176874,0.953231387431633
7871,8027,0.292102224241497,0.9533430070320348
5989,6123,0.29214361281432794,0.9534546266324366
7386,7495,0.2922452267790377,0.9535662462328385
2619,2791,0.29246213324514275,0.9536778658332403
6430,6557,0.2925276581075479,0.9537894854336422
5558,5639,0.2925595519576232,0.953901105034044
1015,1150,0.2926535836552618,0.9540127246344459
3828,4026,0.29315404818474117,0.9541243442348476
6306,6357,0.29355953300848714,0.9542359638352494
7367,7499,0.2937302221417732,0.9543475834356513
6114,6245,0.2937932214287605,0.9544592030360531
5217,5345,0.29384451689492314,0.954570822636455
7878,8061,0.2941127099529253,0.9546824422368568
8115,8253,0.29429243812829026,0.9547940618372586
6818,6959,0.2945425887370461,0.9549056814376604
7358,7435,0.2947961752821772,0.9550173010380623
7421,7523,0.2948247968483493,0.9551289206384641
4853,5027,0.294902195102008,0.955240540238866
7573,7689,0.2949225547987742,0.9553521598392678
5583,5649,0.2950487899782467,0.9554637794396696
6145,6340,0.295139943054437,0.9555753990400714
4873,5084,0.29522180777171875,0.9556870186404732
4900,5069,0.2953456890677652,0.9557986382408751
5637,5813,0.29573909304351376,0.9559102578412769
7508,7661,0.29597919584861304,0.9560218774416788
7432,7593,0.2960003821452239,0.9561334970420806
5813,5969,0.29607530139501026,0.9562451166424825
6520,6662,0.2962648877156638,0.9563567362428842
5577,5653,0.2964338087446528,0.956468355843286
3833,4000,0.2966512387603929,0.9565799754436879
7538,7675,0.29688294905185886,0.9566915950440897
6466,6625,0.2971088595777708,0.9568032146444916
5902,6065,0.2973089249931912,0.9569148342448934
4957,5135,0.2975469407437311,0.9570264538452953
5482,5609,0.297776634643733,0.957138073445697
7274,7476,0.2977783130579681,0.9572496930460989
2108,2201,0.2977826047162571,0.9573613126465007
7297,7361,0.2980381674168275,0.9574729322469026
5569,5675,0.29815145925141306,0.9575845518473044
7971,8141,0.29831163041029063,0.9576961714477062
7712,7878,0.298327540286264,0.9578077910481081
3188,3316,0.2983677292985402,0.9579194106485098
6924,6997,0.2983761061939836,0.9580310302489117
7581,7707,0.2986038812423246,0.9581426498493135
7194,7396,0.29901077098077167,0.9582542694497154
7468,7623,0.29903477824173025,0.9583658890501172
6942,7075,0.2990476771812165,0.9584775086505191
6113,6235,0.29908697397229683,0.9585891282509209
6280,6359,0.2993527062978585,0.9587007478513226
7930,8105,0.2996450611902646,0.9588123674517245
7856,8009,0.2997695323889617,0.9589239870521263
2101,2207,0.29986973365772257,0.9590356066525282
7624,7780,0.2999460562431547,0.95914722625293
7656,7848,0.2999855433276235,0.9592588458533319
5761,5889,0.30007339098406977,0.9593704654537337
2129,2257,0.300188756711875,0.9594820850541355
6560,6745,0.30026604754380465,0.9595937046545373
7299,7367,0.30030459613058763,0.9597053242549392
6879,6983,0.3009282935917552,0.959816943855341
5747,5887,0.301165484183165,0.9599285634557428
6850,6967,0.30130211849414534,0.9600401830561447
7604,7808,0.3013105479942927,0.9601518026565465
6127,6301,0.3014069370360395,0.9602634222569483
6278,6361,0.3014893027856351,0.9603750418573501
7134,7372,0.3016331278884399,0.960486661457752
7356,7445,0.30166196719290334,0.9605982810581538
7228,7315,0.302053331384026,0.9607099006585557
7197,7283,0.3023323169067337,0.9608215202589575
5595,5725,0.30234764960827987,0.9609331398593594
4963,5133,0.3024035875431551,0.9610447594597611
2641,2770,0.3025511624484999,0.9611563790601629
5602,5713,0.30269779637997335,0.9612679986605648
5440,5593,0.30293286433163624,0.9613796182609666
7812,7963,0.30300259181885314,0.9614912378613685
7805,7925,0.3030986969494251,0.9616028574617703
6310,6407,0.3032541435861559,0.9617144770621722
5210,5343,0.3033465130073826,0.9618260966625739
7722,7882,0.30356292802057394,0.9619377162629758
6881,6999,0.30356602119959597,0.9620493358633776
6265,6353,0.3037777460834111,0.9621609554637794
6734,6871,0.3039174310452146,0.9622725750641813
6504,6683,0.303924036782315,0.9623841946645831
7176,7291,0.30397358833085075,0.962495814264985
7441,7597,0.3040279215813021,0.9626074338653867
4743,4925,0.3041560144913782,0.9627190534657886
5261,5401,0.30417781174687436,0.9628306730661904
7697,7868,0.3042077043790584,0.9629422926665923
7599,7776,0.30437252715770496,0.9630539122669941
7701,7870,0.30451462258252987,0.963165531867396
7815,8024,0.30461689762129635,0.9632771514677978
4970,5139,0.30462969942465606,0.9633887710681995
6576,6703,0.30510139550382925,0.9635003906686014
7503,7671,0.3052126549157122,0.9636120102690032
5139,5366,0.30539600226443536,0.9637236298694051
6609,6785,0.30549000795711506,0.9638352494698069
4867,5035,0.30551890411511134,0.9639468690702088
7218,7313,0.30552803396276396,0.9640584886706106
5999,6127,0.30582552818300635,0.9641701082710123
7395,7501,0.30589467273247173,0.9642817278714142
6903,6991,0.30605808561117787,0.964393347471816
5474,5621,0.30628489991624847,0.9645049670722179
5255,5405,0.30635427715657526,0.9646165866726197
7102,7253,0.30659240367122853,0.9647282062730216
6849,6965,0.30666898682469373,0.9648398258734233
6978,7163,0.30687525198225324,0.9649514454738252
6971,7147,0.3069147862801496,0.965063065074227
6974,7171,0.30700878516587116,0.9651746846746289
7429,7559,0.3070738318659572,0.9652863042750307
5862,6037,0.3070988033831619,0.9653979238754326
7076,7249,0.30741458026548957,0.9655095434758344
4213,4411,0.30760594454455564,0.9656211630762361
7190,7394,0.30767313273434543,0.965732782676638
7178,7273,0.30782247270319824,0.9658444022770398
6183,6337,0.3082528602094231,0.9659560218774417
5433,5595,0.30826464960466204,0.9660676414778435
7225,7442,0.3084453580414999,0.9661792610782454
6005,6159,0.30849171840813294,0.9662908806786472
5214,5355,0.3086627184140525,0.966402500279049
7674,7860,0.3089532340632579,0.9665141198794508
8774,8939,0.3095138074052875,0.9666257394798526
7266,7343,0.3095774343611814,0.9667373590802545
5077,5267,0.30963070389080977,0.9668489786806563
2132,2237,0.3097811905082918,0.9669605982810582
7644,7785,0.30995199506016413,0.96707221788146
6253,6343,0.30998933586642363,0.9671838374818618
1008,1200,0.31018697505989085,0.9672954570822636
2148,2301,0.31021609016977336,0.9674070766826655
5597,5711,0.31053303236688184,0.9675186962830673
5923,6097,0.3105710122663248,0.9676303158834691
1042,1126,0.3106783587458664,0.967741935483871
7645,7793,0.3112091173064579,0.9678535550842728
7547,7681,0.311408785716487,0.9679651746846746
7359,7461,0.31140905851290335,0.9680767942850764
8538,8715,0.3114243872388363,0.9681884138854783
5609,5735,0.311669429881961,0.9683000334858801
4887,5083,0.31180315561206184,0.968411653086282
5247,5353,0.31181509266010166,0.9685232726866838
2074,2277,0.312126466090544,0.9686348922870857
5492,5619,0.31228553218091065,0.9687465118874874
7673,7838,0.31250938171472087,0.9688581314878892
3684,3794,0.3125617041779067,0.9689697510882911
7347,7437,0.3126655154179334,0.9690813706886929
1027,1132,0.3127728705895546,0.9691929902890948
5278,5451,0.31311214073912197,0.9693046098894966
7268,7357,0.31316711957180604,0.9694162294898985
5635,5827,0.31325389292443023,0.9695278490903002
3225,3360,0.3132758844727976,0.969639468690702
5048,5229,0.31328200782922483,0.9697510882911039
7288,7393,0.3133561924344457,0.9698627078915057
4440,4665,0.3137923854804857,0.9699743274919076
6859,7003,0.3138791911526846,0.9700859470923094
4564,4785,0.31430054495870136,0.9701975666927113
7794,7913,0.31473834783006505,0.970309186293113
6015,6153,0.314851015721227,0.9704208058935149
5287,5443,0.31497065627256554,0.9705324254939167
7305,7508,0.3150647296944059,0.9706440450943186
7213,7339,0.3151236876405724,0.9707556646947204
1019,1136,0.31566324316904076,0.9708672842951223
7660,7900,0.3156728715613359,0.9709789038955241
7585,7719,0.3157548827808717,0.9710905234959258
7391,7535,0.3160089655620981,0.9712021430963277
7205,7309,0.3161907620882139,0.9713137626967295
7633,7771,0.3163548005202232,0.9714253822971314
7349,7449,0.3169260706525074,0.9715370018975332
5546,5659,0.3169722713130572,0.9716486214979351
7743,7922,0.3171983183835953,0.9717602410983369
6894,7013,0.3179479062143642,0.9718718606987387
7292,7391,0.3182717166094379,0.9719834802991405
2134,2241,0.31868046240240117,0.9720950998995423
6309,6399,0.3187850948659373,0.9722067194999442
7710,7883,0.3189014808490533,0.972318339100346
6888,7011,0.3189047918206876,0.9724299587007479
5564,5709,0.3190317997566263,0.9725415783011497
7262,7347,0.31909314611573075,0.9726531979015515
5070,5271,0.31915593599994774,0.9727648175019533
7466,7621,0.3192148374357115,0.9728764371023552
5587,5701,0.3193140064525582,0.972988056702757
3686,3820,0.31958243368266553,0.9730996763031589
3707,3898,0.31998328056926245,0.9732112959035607
6305,6389,0.32019638740956313,0.9733229155039625
5570,5679,0.32075495717460456,0.9734345351043643
6581,6733,0.3212465610313393,0.9735461547047661
7677,7859,0.3213015138861038,0.973657774305168
7348,7447,0.3213780674108518,0.9737693939055698
5607,5757,0.3216317125552422,0.9738810135059717
7475,7688,0.32215897386149833,0.9739926331063735
7142,7271,0.3222660926077583,0.9741042527067754
5124,5315,0.3222814833834166,0.9742158723071771
7293,7389,0.3222926438946036,0.974327491907579
6545,6709,0.32245141066150607,0.9744391115079808
8784,8957,0.3224761298337455,0.9745507311083826
6603,6791,0.3230474172843624,0.9746623507087845
8411,8599,0.3232325470829242,0.9747739703091863
7698,7869,0.32344319938445515,0.9748855899095881
3714,3836,0.32363168557056116,0.9749972095099899
7798,8026,0.3239942517712932,0.9751088291103918
7876,8049,0.3239999712780852,0.9752204487107936
5631,5825,0.324403745907056,0.9753320683111955
7784,7917,0.32477289132233783,0.9754436879115973
6453,6599,0.32513995538653434,0.9755553075119991
6125,6318,0.32534786237412433,0.9756669271124009
5381,5547,0.32539643549927577,0.9757785467128027
7365,7529,0.32559945385996636,0.9758901663132046
7627,7795,0.32562658759820806,0.9760017859136064
5629,5841,0.3262376624337776,0.9761134055140083
7557,7699,0.3264137565234495,0.9762250251144101
2120,2227,0.3265382104747995,0.976336644714812
6852,7005,0.3265475043194559,0.9764482643152137
4306,4517,0.3269139236572116,0.9765598839156155
7275,7373,0.3272912860261799,0.9766715035160174
7333,7463,0.32739540638030123,0.9767831231164192
6004,6224,0.32751961962891984,0.9768947427168211
2093,2255,0.3276367638117352,0.9770063623172229
7598,7747,0.327930393811559,0.9771179819176248
4848,5031,0.3279680507787475,0.9772296015180265
5528,5633,0.32808740873800946,0.9773412211184284
2127,2221,0.32817620126222513,0.9774528407188302
4509,4726,0.3283567458381224,0.977564460319232
5542,5661,0.328715931530835,0.9776760799196339
5552,5669,0.3287893378165742,0.9777876995200357
6032,6189,0.3294783170067969,0.9778993191204376
6855,6993,0.3296431883421519,0.9780109387208393
5815,5993,0.32987351385692865,0.9781225583212412
8050,8235,0.33010305825995245,0.978234177921643
3798,4032,0.33015121514795065,0.9783457975220449
7337,7465,0.33071237493608807,0.9784574171224467
5729,5899,0.3307676368405664,0.9785690367228486
5801,5973,0.3309297199577479,0.9786806563232504
5046,5225,0.33094500254449166,0.9787922759236521
6452,6615,0.33112395247529625,0.978903895524054
5220,5357,0.3319120209254077,0.9790155151244558
7150,7297,0.33228152787826754,0.9791271347248577
5151,5378,0.3328774136888079,0.9792387543252595
5179,5339,0.33292605948069043,0.9793503739256614
5722,5879,0.3332700133939017,0.9794619935260632
5744,5911,0.33362712413660617,0.979573613126465
7414,7547,0.3340623198210869,0.9796852327268668
5725,5909,0.3341092762238949,0.9797968523272687
6264,6365,0.3341870643197468,0.9799084719276705
7265,7387,0.3343382957393307,0.9800200915280723
7541,7701,0.33539209728741576,0.9801317111284742
7300,7423,0.3368165085121859,0.980243330728876
7620,7787,0.33690011014489496,0.9803549503292778
6802,6969,0.3369840689392969,0.9804665699296796
6302,6447,0.33725407096899157,0.9805781895300815
5511,5629,0.33796574122387407,0.9806898091304833
6025,6167,0.3384167154277988,0.9808014287308852
7611,7791,0.3384529199753248,0.980913048331287
8420,8607,0.3386568378107378,0.9810246679316889
7774,7919,0.33878908438281946,0.9811362875320906
5759,5925,0.3391023882140391,0.9812479071324924
7327,7459,0.339183412874495,0.9813595267328943
2102,2223,0.34046357796696386,0.9814711463332961
5538,5655,0.340539832767504,0.981582765933698
5536,5663,0.3405877931452614,0.9816943855340998
7588,7788,0.34140781246907365,0.9818060051345017
5986,6141,0.3416292492275721,0.9819176247349034
6933,7113,0.3420107146862526,0.9820292443353053
7979,8163,0.34253343190061497,0.9821408639357071
4482,4683,0.34272216416014645,0.982252483536109
7286,7498,0.34278108456011086,0.9823641031365108
5982,6143,0.3433023345855231,0.9824757227369126
7407,7565,0.34391351160005323,0.9825873423373145
7543,7711,0.3440631087941729,0.9826989619377162
6086,6253,0.3441232734312104,0.9828105815381181
7223,7353,0.3441267742569237,0.9829222011385199
8539,8734,0.3442144001175166,0.9830338207389218
6811,6985,0.3444285278859891,0.9831454403393236
6080,6247,0.34514520514191926,0.9832570599397255
7112,7263,0.3452784820176505,0.9833686795401273
7315,7530,0.3454600620517378,0.983480299140529
6289,6413,0.34588204341694057,0.9835919187409309
6479,6684,0.3459357484837661,0.9837035383413327
7320,7455,0.3459631552228449,0.9838151579417346
7730,7930,0.34667513535430916,0.9839267775421364
6898,7037,0.3474359338788848,0.9840383971425383
5738,5915,0.34775180538981587,0.9841500167429401
6274,6421,0.3484165633995404,0.9842616363433419
7139,7303,0.34856965177594784,0.9843732559437437
7706,7887,0.3501891749802043,0.9844848755441455
7440,7644,0.3503484503268944,0.9845964951445474
7010,7197,0.3509931139467674,0.9847081147449492
6919,7043,0.35102326681868934,0.9848197343453511
4783,5007,0.3514916533801937,0.9849313539457528
7188,7327,0.35173556628933245,0.9850429735461547
6059,6207,0.35185880486309024,0.9851545931465565
7790,7957,0.3520698920470833,0.9852662127469584
6273,6409,0.35284256072013764,0.9853778323473602
6727,6881,0.3531688261608451,0.985489451947762
6536,6749,0.35337391374897675,0.9856010715481639
7472,7665,0.35386468493656603,0.9857126911485656
8077,8249,0.3545296071623558,0.9858243107489675
3899,4111,0.35487842673914355,0.9859359303493693
5180,5347,0.3550624385102853,0.9860475499497712
6268,6439,0.3555665290418415,0.986159169550173
7778,7931,0.3561496283310213,0.9862707891505749
5547,5685,0.3577047497145686,0.9863824087509767
8510,8653,0.35988602132937847,0.9864940283513784
4180,4383,0.36069727816402863,0.9866056479517803
6594,6755,0.3607581323994377,0.9867172675521821
4446,4686,0.36076430323699543,0.986828887152584
5232,5363,0.36106999471559614,0.9869405067529858
7586,7796,0.3614671611770527,0.9870521263533877
6923,7047,0.36151290432445365,0.9871637459537895
6301,6463,0.3622407057243601,0.9872753655541913
5553,5691,0.36250789950785717,0.9873869851545931
7248,7379,0.36292833169862576,0.987498604754995
7245,7409,0.3630097468090389,0.9876102243553968
8765,8951,0.3632717469440136,0.9877218439557987
7522,7723,0.36345825935367826,0.9878334635562005
7249,7413,0.36416931558369775,0.9879450831566023
6839,7015,0.3641721450162899,0.9880567027570041
6693,6863,0.3645491576105691,0.9881683223574059
7558,7713,0.3646200054285965,0.9882799419578078
6259,6363,0.3680475520221855,0.9883915615582096
7388,7551,0.3686975108042995,0.9885031811586115
5794,5961,0.36957355106389966,0.9886148007590133
5330,5529,0.369724466733117,0.9887264203594152
7234,7405,0.37004292340216777,0.9888380399598169
7372,7549,0.3708135787783644,0.9889496595602187
7350,7610,0.3717473276492835,0.9890612791606206
5970,6133,0.3724259611880511,0.9891728987610224
5719,5885,0.3726295804212721,0.9892845183614243
6002,6179,0.3729261770215303,0.9893961379618261
5237,5407,0.3734419711466862,0.989507757562228
6552,6753,0.3753273841441928,0.9896193771626297
7308,7471,0.3758769674180582,0.9897309967630316
6885,7041,0.3759021360825538,0.9898426163634334
6892,7055,0.37625939462096586,0.9899542359638352
5235,5383,0.37629461744412057,0.9900658555642371
8944,9111,0.3763470999491376,0.9901774751646389
2184,2364,0.3780595463044478,0.9902890947650408
5941,6119,0.37888255715559044,0.9904007143654425
6930,7109,0.3801422039119673,0.9905123339658444
5371,5559,0.3801711506460242,0.9906239535662462
5234,5377,0.38043955063231377,0.9907355731666481
6047,6227,0.38103363490650466,0.9908471927670499
5163,5341,0.3814129596343416,0.9909588123674518
7601,7765,0.38255095649613696,0.9910704319678536
6266,6449,0.38323147322195683,0.9911820515682553
7263,7421,0.38754143161793925,0.9912936711686572
6261,6369,0.3879928367913191,0.991405290769059
8178,8379,0.38801423478435976,0.9915169103694609
5274,5485,0.3894296174775945,0.9916285299698627
7785,7955,0.39047011972811274,0.9917401495702646
6913,7081,0.3911399377739963,0.9918517691706664
5340,5535,0.3921162632003643,0.9919633887710682
7744,7915,0.3926180975942515,0.99207500837147
5488,5641,0.39264925267529616,0.9921866279718718
5762,5953,0.3948494611885952,0.9922982475722737
7126,7301,0.3961848397514545,0.9924098671726755
6022,6191,0.39668365014135815,0.9925214867730774
5495,5635,0.3969763748256957,0.9926331063734792
7345,7505,0.39719235558913046,0.992744725973881
7332,7511,0.3973274660701236,0.9928563455742828
5250,5435,0.39803614871568904,0.9929679651746847
4840,5057,0.3984321271914055,0.9930795847750865
7172,7325,0.40109697286709767,0.9931912043754884
7159,7333,0.40265853666265833,0.9933028239758902
7713,7901,0.4028142005671035,0.993414443576292
5669,5853,0.40548837683163286,0.9935260631766938
5219,5403,0.4079219896711145,0.9936376827770956
3857,4090,0.4081116115957684,0.9937493023774975
6900,7073,0.4090983118338025,0.9938609219778993
3211,3374,0.40940799324256716,0.9939725415783012
6069,6241,0.4094239399289022,0.994084161178703
4561,4781,0.40944939619481957,0.9941957807791049
4834,5076,0.41052866414520395,0.9943074003795066
7166,7319,0.41187025178228964,0.9944190199799084
5540,5689,0.41198066519760845,0.9945306395803103
5109,5321,0.4122679896292096,0.9946422591807121
5619,5835,0.41493148276918723,0.994753878781114
6081,6263,0.4152134071219024,0.9948654983815158
7241,7415,0.42013866015946727,0.9949771179819176
7334,7519,0.4209667377401729,0.9950887375823194
7560,7743,0.42268031869395023,0.9952003571827213
7151,7323,0.4252783401338028,0.9953119767831231
7553,7784,0.4289250840616985,0.995423596383525
5689,5871,0.4307542030372389,0.9955352159839268
4978,5191,0.4387128528261649,0.9956468355843286
7453,7667,0.4396612927227393,0.9957584551847304
7084,7275,0.4425331151680325,0.9958700747851322
2632,2776,0.44279776686985683,0.9959816943855341
6352,6539,0.44729105179672185,0.9960933139859359
6117,6338,0.4503519905661634,0.9962049335863378
5503,5667,0.4508759868191292,0.9963165531867396
6706,6911,0.4513808177147374,0.9964281727871415
2635,2784,0.45357434664992397,0.9965397923875432
6708,6899,0.453892814159661,0.996651411987945
7552,7749,0.4595545785220414,0.9967630315883469
5390,5597,0.4598039659792283,0.9968746511887487
7276,7451,0.4699906068484146,0.9969862707891506
7203,7375,0.47216224561729037,0.9970978903895524
7130,7317,0.4755221060254371,0.9972095099899543
6831,7017,0.47728086981743606,0.997321129590356
7486,7695,0.4796466574466895,0.9974327491907579
5921,6121,0.48008903236332584,0.9975443687911597
7256,7443,0.48600448722575945,0.9976559883915616
7813,8021,0.4917972422099865,0.9977676079919634
7478,7687,0.5005342801213828,0.9978792275923652
5385,5589,0.5049886477542529,0.9979908471927671
4809,5023,0.5112164707046924,0.9981024667931688
6697,6897,0.5138857982246022,0.9982140863935707
5207,5393,0.5238971653218641,0.9983257059939725
1989,2120,0.528234903702573,0.9984373255943744
6230,6391,0.5306689323736293,0.9985489451947762
5245,5431,0.5324603807870262,0.9986605647951781
7192,7383,0.5352331053037548,0.9987721843955799
6926,7121,0.5373942505864812,0.9988838039959816
6181,6367,0.5601342226839835,0.9989954235963835
6023,6215,0.5809527013120834,0.9991070431967853
5945,6139,0.5832666858553044,0.9992186627971872
6738,6949,0.6018427155627448,0.999330282397589
6571,6775,0.6102473874744527,0.9994419019979909
3831,4073,0.6251376468295059,0.9995535215983927
6118,6350,0.6336762826101221,0.9996651411987945
5183,5389,0.6635980775032434,0.9997767607991963
7397,7607,0.6732294935357354,0.9998883803995982
6170,6379,0.9214175134443936,1.0
