,Request Id,prefill_time_execution_plus_preemption,cdf
973,590,0.03159134231202643,0.0005443658138268917
1388,1251,0.034072237172267705,0.0010887316276537834
771,707,0.03475017602079333,0.001633097441480675
830,435,0.03680220628928055,0.002177463255307567
403,187,0.03698261526784563,0.0027218290691344584
1172,782,0.038905466007463474,0.00326619488296135
898,643,0.04599699096763743,0.003810560696788242
799,626,0.04717491163705745,0.004354926510615134
1823,1441,0.049137134107240854,0.004899292324442025
1027,790,0.050402091092450974,0.005443658138268917
1187,925,0.052810347575587,0.005988023952095809
1167,982,0.06085940961349934,0.0065323897659227
820,487,0.06259987733182015,0.007076755579749592
1785,1487,0.06713370148622744,0.007621121393576484
1371,960,0.07160628794144941,0.008165487207403375
367,398,0.07552199424367245,0.008709853021230268
1687,1345,0.07736340180736079,0.009254218835057159
887,545,0.0899978927856182,0.00979858464888405
1489,1496,0.09283818466860794,0.010342950462710943
1310,924,0.09283818466872162,0.010887316276537834
719,645,0.09610169181996753,0.011431682090364725
1595,1189,0.09639470986530796,0.011976047904191617
606,618,0.0994695036987423,0.012520413718018509
757,471,0.10040995961924182,0.0130647795318454
338,39,0.10341050836866117,0.013609145345672292
1304,1330,0.1131147839564619,0.014153511159499184
1543,1109,0.1131147839564619,0.014697876973326075
1393,988,0.11411265249955704,0.015242242787152967
1178,828,0.11542275330043594,0.015786608600979857
1418,1435,0.11575557876471976,0.01633097441480675
1609,1617,0.11966176138298579,0.016875340228633642
1443,1396,0.12496025728978566,0.017419706042460535
278,235,0.1253514321826401,0.017964071856287425
748,377,0.13035997308912783,0.018508437670114317
456,169,0.13053817028480807,0.01905280348394121
1689,1699,0.13200916715300082,0.0195971692977681
710,337,0.13347942458642592,0.020141535111594992
1473,1027,0.13397357243843544,0.020685900925421885
556,218,0.1387745145410122,0.021230266739248774
1082,1090,0.1388036439395819,0.021774632553075667
356,75,0.16205469752542,0.02231899836690256
528,295,0.16652197682088854,0.02286336418072945
1322,1342,0.1681974576945322,0.023407729994556342
861,699,0.1681974576946459,0.023952095808383235
659,679,0.17563117241513737,0.024496461622210124
738,397,0.18431267043723665,0.025040827436037017
936,948,0.18495843407856682,0.02558519324986391
1142,1166,0.18736839762800628,0.0261295590636908
312,313,0.19413104740732479,0.026673924877517692
663,677,0.19504749242241814,0.027218290691344585
1421,1403,0.19565624048868813,0.027762656505171474
932,938,0.19901611203999892,0.028307022318998367
272,291,0.2019313930586577,0.02885138813282526
611,619,0.20340440466759446,0.02939575394665215
542,549,0.20496652714962238,0.029940119760479042
735,768,0.20806252108718581,0.030484485574305935
1160,1167,0.21102002219004135,0.031028851388132824
944,961,0.21164973270776954,0.031573217201959713
1560,1229,0.2117415470549986,0.032117583015786606
1790,1802,0.2162480207111912,0.0326619488296135
1401,1424,0.22444596878381162,0.03320631464344039
276,299,0.22680153720824592,0.033750680457267285
1585,1609,0.22778955712055904,0.03429504627109418
1345,1365,0.22902524931168955,0.03483941208492107
1814,1831,0.22902524931168955,0.035383777898747956
304,307,0.23257591210204964,0.03592814371257485
722,737,0.23257591210210649,0.03647250952640174
609,593,0.2446957316027465,0.037016875340228635
480,495,0.24557703529222863,0.03756124115405553
342,360,0.2471570738077844,0.03810560696788242
1652,1664,0.250888644176257,0.038649972781709306
1005,1035,0.25088864417659806,0.0391943385955362
1745,1779,0.25155113158689346,0.03973870440936309
301,303,0.2601149572730037,0.040283070223189985
1415,1422,0.2607685078232862,0.04082743603701688
766,780,0.26084718473543944,0.04137180185084377
1165,1200,0.2615685050884622,0.041916167664670656
597,642,0.265891661587375,0.04246053347849755
883,901,0.2666981137198263,0.04300489929232444
217,226,0.267543215679666,0.043549265106151334
1070,1086,0.26812007118587644,0.04409363091997823
1740,1746,0.26812007118587644,0.04463799673380512
202,203,0.2681200711859617,0.045182362547632006
387,234,0.2733507660443024,0.0457267283614589
1833,1843,0.2864417609962402,0.04627109417528579
981,989,0.2950737801692185,0.046815459989112684
955,950,0.30208221884413433,0.04735982580293958
1125,1131,0.30342021944238695,0.04790419161676647
1455,1468,0.30342021944238695,0.048448557430593356
914,926,0.30482700659945294,0.04899292324442025
1297,1032,0.3060320616334593,0.04953728905824714
1780,1729,0.3084559034734866,0.050081654872074034
135,141,0.3121054575292135,0.05062602068590093
148,138,0.3121054575292135,0.05117038649972782
1355,1381,0.3121054575292419,0.051714752313554706
406,426,0.31548092679952333,0.0522591181273816
1815,1820,0.315480926799637,0.05280348394120849
196,213,0.3205993512870293,0.053347849755035384
321,320,0.3205993512871146,0.05389221556886228
1361,1359,0.32216706697022346,0.05443658138268917
315,327,0.32506196997837833,0.054980947196516056
1260,1285,0.3268339545345498,0.05552531301034295
523,547,0.327846690552974,0.05606967882416984
1536,1537,0.32784669055331506,0.056614044637996734
1650,1660,0.32784669055331506,0.05715841045182363
1164,1178,0.32952863540731414,0.05770277626565052
8,17,0.3295286354077014,0.058247142079477406
893,907,0.3334887542004026,0.0587915078933043
987,1000,0.3377963547665104,0.05933587370713119
1267,1267,0.33779635476685144,0.059880239520958084
1556,1561,0.338473489370017,0.06042460533478498
1836,1846,0.338473489370017,0.06096897114861187
450,480,0.33847348937013066,0.061513336962438755
832,850,0.3394501690927427,0.06205770277626565
853,576,0.3394501690927427,0.06260206859009254
917,937,0.3394501690927427,0.06314643440391943
938,955,0.34099666074337165,0.06369080021774633
1016,1042,0.34240311694486536,0.06423516603157321
1559,1574,0.3451941761309172,0.06477953184540011
33,38,0.34696585942258196,0.065323897659227
44,49,0.3470461903369326,0.0658682634730539
1192,1220,0.34704619033709605,0.06641262928688078
496,520,0.35158478056541753,0.06695699510070767
974,983,0.35420928123846807,0.06750136091453457
460,223,0.35594082487901346,0.06804572672836146
221,233,0.36039815282705945,0.06859009254218836
1265,1282,0.36046774411033766,0.06913445835601524
1423,1440,0.36046774411033766,0.06967882416984214
376,407,0.3625070139796094,0.07022318998366903
928,927,0.3650963304742163,0.07076755579749591
892,915,0.36558563299217894,0.07131192161132281
415,439,0.3669094426193169,0.0718562874251497
1804,1823,0.36776135195418647,0.0724006532389766
905,906,0.37006182294373957,0.07294501905280348
1108,1127,0.3710022149323322,0.07348938486663037
296,319,0.3713320296097322,0.07403375068045727
712,735,0.37242743303636416,0.07457811649428416
1424,1432,0.3724274330368189,0.07512248230811105
1812,1654,0.3729118905332598,0.07566684812193794
413,419,0.3738396549168215,0.07621121393576484
789,811,0.373839654916992,0.07675557974959173
1800,1809,0.3749334219828597,0.07729994556341861
1276,1293,0.3754890258605883,0.07784431137724551
1627,1633,0.3767334371514153,0.0783886771910724
350,367,0.3769064021338977,0.0789330430048993
881,898,0.37690640213406823,0.07947740881872618
779,795,0.3770035325629806,0.08002177463255307
226,239,0.37851519668572564,0.08056614044637997
1504,1505,0.37934387477798737,0.08111050626020685
1701,1504,0.37934387477798737,0.08165487207403375
1262,1287,0.38195244594862743,0.08219923788786064
1102,1083,0.38435928098670047,0.08274360370168754
882,877,0.3857757822362373,0.08328796951551443
1153,1165,0.3868066569336861,0.08383233532934131
1101,846,0.39236018633903313,0.08437670114316821
1481,1497,0.3923601863391468,0.0849210669569951
385,347,0.3935427257189872,0.085465432770822
996,1009,0.39354272571904403,0.08600979858464888
1683,1691,0.3935427257192714,0.08655416439847577
780,794,0.39440930739681335,0.08709853021230267
814,563,0.39440930739681335,0.08764289602612955
842,859,0.39440930739681335,0.08818726183995645
72,95,0.3944093073969981,0.08873162765378334
703,736,0.3951315884550013,0.08927599346761024
763,750,0.3959204502710918,0.08982035928143713
218,240,0.3968257990207178,0.09036472509526401
492,448,0.3970157265944749,0.09090909090909091
70,78,0.39701572659453177,0.0914534567229178
821,816,0.39701572659464546,0.0919978225367447
962,827,0.39701572659464546,0.09254218835057158
286,294,0.39729965919201504,0.09308655416439847
1113,1130,0.39801495971050826,0.09363091997822537
1448,1445,0.39801495971050826,0.09417528579205225
333,346,0.39803707228082885,0.09471965160587915
1832,1589,0.39964709074411076,0.09526401741970604
564,585,0.39964709074422444,0.09580838323353294
1249,1164,0.4000005075261015,0.09635274904735983
166,190,0.40104458802514387,0.09689711486118671
198,191,0.40104458802514387,0.09744148067501361
90,108,0.40456202808589126,0.0979858464888405
93,105,0.40456202808589126,0.0985302123026674
772,796,0.4045620280859339,0.09907457811649428
1118,1135,0.4052537188454153,0.09961894393032118
215,156,0.4070537305315156,0.10016330974414807
794,802,0.4070537305316293,0.10070767555797495
5,7,0.40794634802511176,0.10125204137180185
1042,1063,0.4091869054293511,0.10179640718562874
1678,1688,0.41250590038885093,0.10234077299945564
1136,1152,0.4127151620650693,0.10288513881328253
1296,1296,0.4127151620650693,0.10342950462710941
637,665,0.41271516206541037,0.10397387044093631
1335,1362,0.4170580861982671,0.1045182362547632
581,603,0.4174453691158533,0.1050626020685901
912,883,0.4212189554326642,0.10560696788241698
937,949,0.4236096070833355,0.10615133369624388
644,663,0.4246056717919373,0.10669569951007077
433,472,0.424605671792051,0.10724006532389765
59,55,0.4253299152290353,0.10778443113772455
1205,1221,0.4253431624829318,0.10832879695155144
1751,1758,0.425933522483092,0.10887316276537834
1053,1072,0.4290675903812371,0.10941752857920523
1057,1073,0.4290675903812371,0.10996189439303211
800,805,0.42942649356609763,0.11050626020685901
435,453,0.4294264935661545,0.1110506260206859
1360,1394,0.4316259158026696,0.1115949918345128
1625,1629,0.4324258062638364,0.11213935764833968
32,22,0.4324258062640105,0.11268372346216658
643,653,0.43272038061650164,0.11322808927599347
1452,1466,0.43380132061656695,0.11377245508982035
1458,1471,0.4339621617471039,0.11431682090364725
567,580,0.43457244688966057,0.11486118671747414
727,748,0.43503685358587063,0.11540555253130104
1032,1067,0.43503685358587063,0.11594991834512793
1046,1061,0.43503685358587063,0.11649428415895481
1306,1304,0.43517456617928474,0.11703864997278171
560,553,0.43567025850018126,0.1175830157866086
866,891,0.43584325494498444,0.1181273816004355
1252,1283,0.4363411903807446,0.11867174741426238
1328,1331,0.4363411903807446,0.11921611322808928
1456,1472,0.4365546420776809,0.11976047904191617
985,997,0.4368334572434378,0.12030484485574305
68,72,0.4370094471277568,0.12084921066956995
1145,1156,0.43700944712782075,0.12139357648339684
629,657,0.43783370727339843,0.12193794229722374
239,254,0.4380942711115665,0.12248230811105063
1337,1361,0.438501452451419,0.12302667392487751
941,957,0.4385628187783368,0.12357103973870441
1269,1288,0.4386858324126024,0.1241154055525313
1537,1523,0.4386858324126024,0.1246597713663582
1010,1023,0.43879272292906535,0.12520413718018508
647,652,0.438951323537367,0.12574850299401197
538,555,0.4390295648413485,0.12629286880783885
795,804,0.43975438469772143,0.12683723462166577
813,823,0.44377886236406994,0.12738160043549265
1598,1590,0.44430540406165164,0.12792596624931954
1278,1310,0.4457667620840766,0.12847033206314643
1289,1311,0.4457667620840766,0.12901469787697334
835,848,0.4466965490343,0.12955906369080022
396,430,0.4497177098807583,0.1301034295046271
268,285,0.4507022383101571,0.130647795318454
805,808,0.45197261317775883,0.13119216113228088
1465,1484,0.4519726131779862,0.1317365269461078
1600,1630,0.45241412208406473,0.13228089275993468
1,5,0.45273760788606854,0.13282525857376157
1186,1198,0.4542356711187949,0.13336962438758845
1395,1413,0.4542356711187949,0.13391399020141534
1406,1418,0.4542356711187949,0.13445835601524225
152,177,0.45499942557492545,0.13500272182906914
289,293,0.45582094213420987,0.13554708764289602
39,53,0.4568387455467331,0.1360914534567229
1707,1709,0.45763811932124554,0.1366358192705498
1589,1616,0.45903749148237694,0.1371801850843767
1739,1760,0.45903749148237694,0.1377245508982036
546,541,0.459052116107614,0.13826891671203048
1795,1812,0.4592226552624652,0.13881328252585737
1468,1479,0.46010937485721115,0.13935764833968428
549,561,0.46123806910736675,0.13990201415351117
1022,1037,0.46123806910736675,0.14044637996733805
1066,1053,0.46123806910736675,0.14099074578116494
1715,1730,0.46123806910736675,0.14153511159499182
552,559,0.46196690129511353,0.14207947740881874
927,941,0.46196690129511353,0.14262384322264562
803,829,0.46416882433504725,0.1431682090364725
672,686,0.4644865204800226,0.1437125748502994
913,928,0.4644865204800226,0.14425694066412628
1213,1213,0.46692291863746505,0.1448013064779532
876,900,0.4669264963187061,0.14534567229178008
113,131,0.4670110709159445,0.14589003810560697
121,130,0.4670110709159445,0.14643440391943385
1778,1804,0.46714539414733736,0.14697876973326074
1584,1211,0.4693797606209955,0.14752313554708765
1503,1528,0.46955086173466043,0.14806750136091454
384,48,0.4697845612706075,0.14861186717474142
767,791,0.4712222271007249,0.1491562329885683
1497,1516,0.47229517495884465,0.1497005988023952
645,675,0.4722951749591857,0.1502449646162221
740,687,0.4722951749591857,0.150789330430049
745,766,0.4722951749591857,0.15133369624387588
431,445,0.4736700366137825,0.15187806205770277
604,607,0.47367003661383933,0.15242242787152968
960,979,0.47367003661383933,0.15296679368535657
1514,1513,0.4749678272169149,0.15351115949918345
942,940,0.4754373109160497,0.15405552531301034
1501,1529,0.4754373109160497,0.15459989112683722
107,102,0.476288528264476,0.15514425694066414
248,260,0.4763092055208915,0.15568862275449102
1100,1111,0.4780540173853751,0.1562329885683179
656,671,0.4780540173856025,0.1567773543821448
902,923,0.47830867271727584,0.15732172019597168
416,408,0.48156931114169765,0.1578660860097986
1783,1811,0.48156931114181134,0.15841045182362548
314,334,0.4824697734161987,0.15895481763745237
1258,1215,0.48442661932062947,0.15949918345127925
124,115,0.4856280634485586,0.16004354926510614
1755,1775,0.48562806344875753,0.16058791507893305
1460,1485,0.4885368897716944,0.16113228089275994
1535,1542,0.4885368897716944,0.16167664670658682
31,35,0.4885368897719147,0.1622210125204137
530,552,0.4894133855398195,0.16276537833424062
871,885,0.4894133855398195,0.1633097441480675
986,991,0.4894133855398195,0.1638541099618944
1570,1565,0.4894133855398195,0.16439847577572128
1073,1093,0.49008377441873563,0.16494284158954817
1698,1710,0.49008377441873563,0.16548720740337508
1817,1829,0.49008377441873563,0.16603157321720197
52,54,0.49008377441900564,0.16657593903102885
923,920,0.49048263049905927,0.16712030484485574
1827,1837,0.49065429566553576,0.16766467065868262
1143,1159,0.49071055992885704,0.16820903647250954
1433,1451,0.49071055992885704,0.16875340228633642
1729,1745,0.49071055992885704,0.1692977681001633
1731,1744,0.4907532512374928,0.1698421339139902
318,323,0.4914505742892743,0.17038649972781708
812,833,0.49333119972357053,0.170930865541644
1638,1645,0.49522332437027217,0.17147523135547088
886,903,0.49528310489074556,0.17201959716929777
901,910,0.49528310489074556,0.17256396298312465
1277,1305,0.4952983782877709,0.17310832879695154
762,693,0.4980344673410855,0.17365269461077845
410,433,0.4980344673411423,0.17419706042460534
16,30,0.4980344673411601,0.17474142623843222
1487,1498,0.4980344673415402,0.1752857920522591
1706,1706,0.5000427715087881,0.17583015786608602
844,856,0.5012847330365275,0.1763745236799129
1311,1321,0.5012847330367549,0.1769188894937398
634,662,0.5050206600869842,0.17746325530756668
682,676,0.5051846181365818,0.17800762112139357
1266,1147,0.5051846181365818,0.17855198693522048
1295,1318,0.5051846181365818,0.17909635274904737
116,122,0.5051846181366102,0.17964071856287425
1772,1611,0.5078757286692053,0.18018508437670114
251,264,0.5088502341674257,0.18072945019052802
1440,1465,0.509727849994988,0.18127381600435494
1647,1670,0.509727849994988,0.18181818181818182
1727,1741,0.5111752900372721,0.1823625476320087
855,624,0.5112454240389752,0.1829069134458356
778,809,0.5131488253413181,0.18345127925966248
807,806,0.5131488253413181,0.1839956450734894
88,101,0.5137198631247344,0.18454001088731628
838,854,0.5146312709458698,0.18508437670114317
223,237,0.5146312709458982,0.18562874251497005
399,396,0.5146312709459835,0.18617310832879694
169,182,0.5160915194091444,0.18671747414262385
310,321,0.5178594904875808,0.18726183995645074
837,830,0.5178632723917644,0.18780620577027762
713,751,0.5180876095439544,0.1883505715841045
718,727,0.5180876095439544,0.18889493739793142
84,97,0.5201414399196835,0.1894393032117583
159,165,0.5201414399196835,0.1899836690255852
1025,1050,0.5201414399198256,0.19052803483941208
1544,1548,0.5220789944714852,0.19107240065323897
293,304,0.5222473593188965,0.19161676646706588
358,380,0.5222473593188965,0.19216113228089277
1513,1512,0.5234138759506095,0.19270549809471965
716,749,0.5239749322638545,0.19324986390854654
362,387,0.526445162815719,0.19379422972237342
1029,1051,0.5267552021718984,0.19433859553620034
1357,1380,0.5268511446481625,0.19488296135002722
561,573,0.5271598246700933,0.1954273271638541
1008,1022,0.5271598246700933,0.195971692977681
191,186,0.527159824670207,0.19651605879150788
899,874,0.5272286463692808,0.1970604246053348
1006,1005,0.5291549968362688,0.19760479041916168
184,198,0.5291549968364109,0.19814915623298857
173,174,0.5293996822153133,0.19869352204681545
612,615,0.5303309253712314,0.19923788786064237
651,644,0.5303309253712314,0.19978225367446925
627,617,0.5328400917283034,0.20032661948829614
1413,1436,0.5339874896890251,0.20087098530212302
566,575,0.5343004810247294,0.2014153511159499
1286,1319,0.5371070645810505,0.20195971692977682
1671,1687,0.539521739097836,0.2025040827436037
1721,1732,0.539521739097836,0.2030484485574306
653,680,0.5395217390979496,0.20359281437125748
1231,1279,0.5396785752132018,0.20413718018508437
58,66,0.5538852357589761,0.20468154599891128
445,459,0.5538852357590258,0.20522591181273817
733,753,0.5538852357590258,0.20577027762656505
1522,1530,0.5538852357590258,0.20631464344039194
1041,1024,0.5572209120521165,0.20685900925421882
366,355,0.5618695587218099,0.20740337506804574
563,571,0.5632284182717058,0.20794774088187262
1758,1771,0.5632284182720468,0.2084921066956995
235,229,0.5641289573493395,0.2090364725095264
199,205,0.5663512794435803,0.20958083832335328
249,262,0.5663512794435803,0.2101252041371802
482,451,0.5663512794436087,0.21066956995100708
46,61,0.5663512794436372,0.21121393576483397
988,1002,0.5663512794437793,0.21175830157866085
1434,1463,0.5663512794437793,0.21230266739248776
37,46,0.566880953457904,0.21284703320631465
1216,1250,0.5673669186173811,0.21339139902014154
1342,1367,0.5673669186173811,0.21393576483396842
273,282,0.5673669186174379,0.2144801306477953
53,62,0.5673669186174877,0.21502449646162222
697,734,0.5673669186176085,0.2155688622754491
822,835,0.5673669186176085,0.216113228089276
395,379,0.5687264631254152,0.21665759390310288
481,515,0.5687264631254152,0.21720195971692977
593,595,0.568726463125472,0.21774632553075668
691,700,0.568726463125472,0.21829069134458357
979,987,0.568726463125472,0.21883505715841045
1717,1719,0.5707799831609464,0.21937942297223734
1104,1113,0.5708140635229029,0.21992378878606422
576,601,0.5708140635230166,0.22046815459989114
511,538,0.5723509714702004,0.22101252041371802
441,467,0.5740449755199961,0.2215568862275449
190,50,0.5740449755200245,0.2221012520413718
868,861,0.5740449755201098,0.22264561785519868
1776,1784,0.5742790869358032,0.2231899836690256
1583,1592,0.5757652161598799,0.22373434948285248
505,512,0.5757652161602778,0.22427871529667937
921,929,0.5757652161603346,0.22482308111050625
765,755,0.5801518965280366,0.22536744692433316
118,125,0.5807563694572764,0.22591181273816005
1339,1363,0.5807563694572764,0.22645617855198694
1768,1791,0.5812477269357714,0.22700054436581382
1831,1840,0.5812477269357714,0.2275449101796407
504,497,0.5812477269358283,0.22808927599346762
1067,1100,0.5831439965113532,0.2286336418072945
808,832,0.5848504707868187,0.2291780076211214
305,310,0.5848504707868756,0.22972237343494828
502,524,0.5859414775914615,0.23026673924877517
479,514,0.5864009968474875,0.23081110506260208
1031,1066,0.587043216943357,0.23135547087642896
1691,1712,0.587043216943357,0.23189983669025585
180,196,0.5870432169434423,0.23244420250408274
426,436,0.5870432169434707,0.23298856831790962
670,696,0.5870432169434707,0.23353293413173654
897,905,0.5870432169434707,0.23407729994556342
983,990,0.5870432169434707,0.2346216657593903
1561,1567,0.5872000595188638,0.2351660315732172
194,199,0.5881295635619495,0.2357103973870441
424,421,0.5881671372262076,0.236254763200871
1290,1308,0.5881671372262645,0.23679912901469788
1550,1570,0.5881671372262645,0.23734349482852476
473,489,0.5894720207385262,0.23788786064235165
1227,1266,0.5906703254049717,0.23843222645617856
1442,1454,0.592146447274672,0.23897659227000545
642,669,0.5921464472747857,0.23952095808383234
884,741,0.5921464472747857,0.24006532389765922
29,29,0.5944433916343925,0.2406096897114861
111,126,0.5944433916343996,0.24115405552531302
1674,1702,0.5944433916345133,0.2416984213391399
1244,1264,0.5950455689485352,0.2422427871529668
1730,1737,0.5950455689485352,0.24278715296679368
517,531,0.5950455689487626,0.24333151878062056
83,86,0.5950455689487768,0.24387588459444748
391,411,0.5959038439040683,0.24442025040827436
781,800,0.5959038439041251,0.24496461622210125
919,936,0.5959038439041251,0.24550898203592814
1511,1517,0.5959038439041251,0.24605334784975502
1797,1815,0.5959038439041251,0.24659771366358194
1676,1700,0.595933698592944,0.24714207947740882
436,468,0.5959336985931714,0.2476864452912357
1802,1822,0.5962370199720226,0.2482308111050626
873,886,0.5972859479188628,0.2487751769188895
926,943,0.5972859479188628,0.2493195427327164
103,118,0.597285947918877,0.24986390854654328
1166,1184,0.5972859479190902,0.25040827436037016
1441,1409,0.5972859479190902,0.25095264017419705
1332,1350,0.5977777755358602,0.25149700598802394
1416,1433,0.5977777755358602,0.2520413718018508
1608,1622,0.5977777755358602,0.2525857376156777
212,224,0.597777775536116,0.25313010342950465
277,296,0.5977777755361444,0.25367446924333154
810,837,0.597777775536315,0.2542188350571584
374,390,0.5981108601321239,0.2547632008709853
192,202,0.5981108601321523,0.2553075666848122
245,248,0.5981108601321523,0.2558519324986391
1567,1579,0.599032084764076,0.25639629831246596
1457,1469,0.5996093384114829,0.25694066412629285
1697,1713,0.5998602509544071,0.25748502994011974
1106,1120,0.600588031445568,0.2580293957539467
954,962,0.6014461886659319,0.25857376156777356
1592,1605,0.6017917513820521,0.25911812738160045
1696,1697,0.6019421649982633,0.25966249319542734
1392,1395,0.6034830735593459,0.2602068590092542
526,548,0.6046354850154785,0.2607512248230811
544,554,0.6046354850154785,0.261295590636908
616,628,0.6046354850154785,0.2618399564507349
100,103,0.6046354850155922,0.26238432226456176
462,466,0.604635485015649,0.26292868807838865
1370,1389,0.6046354850159332,0.2634730538922156
906,916,0.6067595525237266,0.2640174197060425
1229,1276,0.6067595525237266,0.26456178551986936
1525,1540,0.6067595525237266,0.26510615133369625
290,287,0.6070890265339131,0.26565051714752314
1634,1626,0.6070890265341404,0.26619488296135
1268,1294,0.607370067194779,0.2667392487751769
136,132,0.6080064311621811,0.2672836145890038
966,981,0.6087578705594296,0.2678279804028307
1001,1015,0.6087578705594296,0.2683723462166576
1533,1541,0.6094592806805395,0.2689167120304845
1809,1827,0.6094592806805395,0.2694610778443114
730,747,0.610398355213988,0.2700054436581383
1438,1438,0.6103983552143291,0.27054980947196516
1140,1144,0.6107618953740257,0.27109417528579205
1591,1602,0.6107618953740257,0.27163854109961894
76,87,0.6109098627522656,0.2721829069134458
1225,1230,0.6110358748737781,0.2727272727272727
1116,1158,0.611437868882831,0.2732716385410996
1302,1306,0.611437868882831,0.27381600435492653
1587,1597,0.611437868882831,0.2743603701687534
151,170,0.61143786888303,0.2749047359825803
339,356,0.6114378688830584,0.2754491017964072
618,616,0.6114378688831721,0.2759934676102341
815,834,0.6114378688831721,0.27653783342406096
827,813,0.6114378688831721,0.27708219923788785
911,932,0.6114378688831721,0.27762656505171474
1368,1386,0.6117491024749597,0.2781709308655416
920,931,0.6133968529431968,0.27871529667936856
1063,1092,0.6145296822646742,0.27925966249319545
494,475,0.6148909205103337,0.27980402830702233
1049,1036,0.6155379559336325,0.2803483941208492
1147,1180,0.6155741222648885,0.2808927599346761
1688,1694,0.6166976936738138,0.281437125748503
77,77,0.6174852379036793,0.2819814915623299
317,336,0.6174852379037361,0.28252585737615676
1105,1114,0.6214727254980517,0.28307022318998365
1218,1252,0.6220052977330397,0.28361458900381054
732,754,0.6221022632325912,0.2841589548176375
1469,1016,0.6233796817492703,0.28470332063146436
1096,1117,0.6298570301330528,0.28524768644529125
1169,1148,0.6298570301330528,0.28579205225911813
1566,1571,0.6298570301330528,0.286336418072945
1588,1612,0.6298570301330528,0.2868807838867719
1702,1714,0.6298570301330528,0.2874251497005988
440,460,0.630291055811881,0.2879695155144257
274,298,0.6329354672095064,0.28851388132825256
1325,1353,0.6335772091633771,0.28905824714207945
170,121,0.6335772091636329,0.2896026129559064
709,606,0.6335772091638319,0.2901469787697333
776,792,0.6335772091638319,0.29069134458356016
69,73,0.6338648860688494,0.29123571039738705
648,661,0.6338648860688636,0.29178007621121393
1199,1214,0.6338648860692047,0.2923244420250408
1383,1398,0.6338648860692047,0.2928688078388677
1494,1527,0.6338648860692047,0.2934131736526946
1799,1816,0.6338648860692047,0.2939575394665215
1091,1104,0.6356147353885717,0.2945019052803484
867,897,0.6365583471000491,0.2950462710941753
888,896,0.6365583471000491,0.2955906369080022
877,893,0.6366692573427599,0.2961350027218291
1516,1532,0.6369666574032635,0.29667936853565596
1582,1533,0.6369666574032635,0.29722373434948285
916,939,0.6374154451946197,0.29776810016330973
1531,1545,0.6374884970059611,0.2983124659771366
1170,1187,0.6382047142201372,0.2988568317909635
400,372,0.6384526954526564,0.2994011976047904
87,88,0.6399039230813628,0.29994556341861733
752,774,0.6399039230814196,0.3004899292324442
1173,1191,0.6404310074817658,0.3010342950462711
1256,1256,0.6404310074817658,0.301578660860098
57,60,0.6404310074820074,0.3021230266739249
1224,1223,0.6418475895659412,0.30266739248775176
1477,1488,0.6418475895659412,0.30321175830157865
1722,1734,0.6418475895659412,0.30375612411540553
89,93,0.6418475895662823,0.3043004899292324
587,578,0.641847589566396,0.30484485574305936
854,853,0.641847589566396,0.30538922155688625
1822,1834,0.6425775220336618,0.30593358737071313
1217,1231,0.6436486333095672,0.30647795318454
328,331,0.6441477786103746,0.3070223189983669
1519,1535,0.6441477786106589,0.3075666848121938
1523,1511,0.6441477786106589,0.3081110506260207
1527,1547,0.6449193806113271,0.30865541643984756
1228,1270,0.6449435215558879,0.30919978225367445
1569,1269,0.6449435215558879,0.30974414806750133
1483,1492,0.6458517403343649,0.3102885138813283
1282,1297,0.6458881843705058,0.31083287969515516
668,681,0.6469799491882213,0.31137724550898205
40,58,0.646979949188264,0.31192161132280893
207,222,0.6476211509479128,0.3124659771366358
457,469,0.6476211509479981,0.3130103429504627
1346,1360,0.6476211509479981,0.3135547087642896
1492,1510,0.6476211509479981,0.3140990745781165
1660,1682,0.6476211509479981,0.31464344039194336
1806,1818,0.6476211509479981,0.3151878062057703
448,463,0.6478201070999035,0.3157321720195972
541,551,0.6478201070999603,0.3162765378334241
1087,1108,0.6478201071001877,0.31682090364725096
1410,1434,0.6478201071001877,0.31736526946107785
1474,1483,0.6478201071001877,0.31790963527490473
931,946,0.6492104974028052,0.3184540010887316
1498,1509,0.6492104974029189,0.3189983669025585
337,357,0.6492104974029758,0.3195427327163854
54,47,0.6492887741937352,0.3200870985302123
1389,1414,0.649288774193792,0.3206314643440392
1606,1598,0.649288774193792,0.3211758301578661
635,664,0.6492887741939057,0.321720195971693
1626,1644,0.6494464096631418,0.3222645617855199
721,743,0.6494487392669726,0.32280892759934676
856,862,0.6494487392669726,0.32335329341317365
172,193,0.6494487392670294,0.32389765922700053
1720,1742,0.6494487392674273,0.3244420250408274
253,263,0.6510871757045891,0.3249863908546543
155,172,0.6512176707234687,0.32553075666848125
1138,1179,0.6512176707237813,0.32607512248230813
1597,1588,0.6512176707237813,0.326619488296135
1769,1781,0.6512176707237813,0.3271638541099619
1207,1241,0.6514944938544431,0.3277082199237888
1362,1382,0.6514944938544431,0.3282525857376157
1402,1428,0.6514944938544431,0.32879695155144256
1552,1564,0.651933560229736,0.32934131736526945
1639,1618,0.6519452003317383,0.32988568317909633
1779,1782,0.6521418544107291,0.3304300489929232
626,649,0.652156253854514,0.33097441480675016
227,243,0.6521562538545425,0.33151878062057705
569,584,0.6529696342979605,0.33206314643440393
1610,1621,0.6532277347555464,0.3326075122482308
1287,1300,0.6534925825524169,0.3331518780620577
1548,1568,0.6537113052756922,0.3336962438758846
553,570,0.6550328420752294,0.3342406096897115
1315,1335,0.6551120359501965,0.33478497550353836
1572,1582,0.6551120359501965,0.33532934131736525
1599,1620,0.6551120359501965,0.33587370713119213
1708,1716,0.6553800118301751,0.3364180729450191
1445,1464,0.6554876814197996,0.33696243875884596
939,951,0.6566853811128794,0.33750680457267285
195,206,0.6567797893980867,0.33805117038649973
1305,1338,0.657120801555493,0.3385955362003266
6,11,0.6571208015558287,0.3391399020141535
500,522,0.6571208015558341,0.3396842678279804
725,738,0.6571208015558341,0.3402286336418073
774,801,0.6576293367675135,0.34077299945563416
950,956,0.6592141448754774,0.3413173652694611
1241,1249,0.6593847557796835,0.341861731083288
115,120,0.6600425331543249,0.3424060968971149
788,817,0.6603573755470507,0.34295046271094176
846,860,0.6608901624509826,0.34349482852476865
1744,1757,0.6614736372014249,0.34403919433859553
1749,1756,0.6614736372014249,0.3445835601524224
878,894,0.6631540368879314,0.3451279259662493
1376,1390,0.6659444780250396,0.3456722917800762
119,119,0.6677681439496439,0.3462166575939031
484,432,0.6685912593745797,0.34676102340773
975,984,0.6691800666166046,0.3473053892215569
1605,1619,0.6691800666167182,0.3478497550353838
1825,1814,0.6691800666167182,0.3483941208492107
208,217,0.6692971487138948,0.34893848666303756
529,527,0.6692971487139516,0.34948285247686445
1081,1105,0.6692971487141222,0.35002721829069133
1499,1494,0.6692971487141222,0.3505715841045182
1159,1196,0.6695853337971585,0.3511159499183451
1356,1370,0.6695853337971585,0.35166031573217205
60,74,0.6695853337974427,0.35220468154599893
630,655,0.6695853337976132,0.3527490473598258
602,620,0.6698081225489432,0.3532934131736527
700,723,0.6698081225489432,0.3538377789874796
1486,1486,0.6698081225492842,0.3543821448013065
1770,1801,0.6698081225492842,0.35492651061513336
1462,1478,0.6700415838524805,0.35547087642896025
1700,1722,0.6700415838524805,0.35601524224278713
574,568,0.6700415838525942,0.356559608056614
1571,1581,0.6700869694345784,0.35710397387044096
1712,1728,0.6700869694345784,0.35764833968426785
9,4,0.6700869694348293,0.35819270549809473
23,6,0.6700869694348297,0.3587370713119216
547,567,0.6700869694349194,0.3592814371257485
688,703,0.6700869694349194,0.3598258029395754
156,173,0.6713402316766519,0.3603701687534023
1482,1499,0.6713402316768224,0.36091453456722916
1821,1817,0.6713402316768224,0.36145890038105605
1396,1406,0.6717702772014036,0.362003266194883
1616,1566,0.6717702772014036,0.3625476320087099
1703,1693,0.6717702772014036,0.36309199782253676
493,490,0.672892445507614,0.36363636363636365
639,667,0.672892445507614,0.36418072945019053
1220,1217,0.672892445507614,0.3647250952640174
1782,1792,0.672892445507614,0.3652694610778443
579,577,0.6733869651711757,0.3658138268916712
454,481,0.6734603154207548,0.3663581927054981
551,546,0.6736689349967264,0.36690255851932496
1085,1106,0.6736893536426578,0.3674469243331519
665,694,0.6736910341504654,0.3679912901469788
15,24,0.6739987917529895,0.3685356559608057
1409,1437,0.6743028734560994,0.36908002177463256
1245,1265,0.6745287336268575,0.36962438758845945
1704,1705,0.6747672804704052,0.37016875340228633
809,810,0.6749698622877531,0.3707131192161132
418,434,0.6750647167050943,0.3712574850299401
543,569,0.6755452579491248,0.371801850843767
998,977,0.6759144381394435,0.3723462166575939
201,150,0.6768802024348588,0.3728905824714208
409,427,0.6788264155295565,0.3734349482852477
584,604,0.6805004308791922,0.3739793140990746
288,297,0.6809474514452063,0.3745236799129015
1121,1116,0.6817168003115057,0.37506804572672836
1551,1569,0.6817168003115057,0.37561241154055525
294,314,0.6817168003115626,0.37615677735438213
324,333,0.6817168003115626,0.376701143168209
495,500,0.6817168003115626,0.3772455089820359
1491,1508,0.6826806865847175,0.37778987479586285
332,351,0.682680686584888,0.37833424060968973
590,614,0.6826806865850585,0.3788786064235166
904,913,0.6826806865850585,0.3794229722373435
947,954,0.6826806865850585,0.3799673380511704
1251,1234,0.6826878923113782,0.3805117038649973
1447,1458,0.6826878923113782,0.38105606967882416
351,359,0.6826878923114919,0.38160043549265105
708,742,0.6826878923114919,0.38214480130647793
995,1014,0.6826878923114919,0.3826891671203048
1000,1006,0.685528853449,0.38323353293413176
1123,1169,0.6871413267524531,0.38377789874795865
1470,1170,0.6871413267524531,0.38432226456178553
1095,1076,0.6873985835131862,0.3848666303756124
759,781,0.6878069565366332,0.3854109961894393
375,393,0.6884166943548848,0.3859553620032662
378,394,0.6884166943548848,0.3864997278170931
404,395,0.6884166943548848,0.38704409363091996
284,288,0.6921910264933331,0.38758845944474685
739,756,0.6927566300427088,0.3881328252585738
756,765,0.6927566300427088,0.3886771910724007
280,277,0.6927566300428794,0.38922155688622756
224,230,0.6946082410422036,0.38976592270005445
535,231,0.6946082410422036,0.39031028851388133
1403,1419,0.6965725065235802,0.3908546543277082
1615,1634,0.6965725065235802,0.3913990201415351
477,446,0.6972005828355918,0.391943385955362
1151,1182,0.6990958510375549,0.3924877517691889
1518,1515,0.6990958510375549,0.39303211758301576
1594,1604,0.6990958510375549,0.3935764833968427
225,236,0.6995359139383766,0.3941208492106696
62,82,0.7001106067525456,0.3946652150244965
1141,1176,0.7001106067525598,0.39520958083832336
1196,1210,0.7001106067525598,0.39575394665215025
1206,1233,0.7001106067525598,0.39629831246597713
1226,1216,0.7001106067525598,0.396842678279804
1773,1780,0.7001106067525598,0.3973870440936309
657,674,0.7001106067526734,0.3979314099074578
910,840,0.7001106067526734,0.39847577572128473
1285,1317,0.7010532964752656,0.3990201415351116
1195,1209,0.7011784179519509,0.3995645073489385
1408,1410,0.7011784179519509,0.4001088731627654
425,441,0.7011784179520077,0.4006532389765923
702,730,0.7011784179520646,0.40119760479041916
793,825,0.7011784179520646,0.40174197060424605
959,969,0.7011784179520646,0.40228633641807293
283,292,0.7012481466372265,0.4028307022318998
924,914,0.7012481466372265,0.4033750680457267
1050,1078,0.7012481466372265,0.40391943385955364
1312,1332,0.7012481466372265,0.40446379967338053
117,111,0.7012481466372975,0.4050081654872074
133,112,0.7012481466372975,0.4055525313010343
176,192,0.7015254852522617,0.4060968971148612
346,332,0.701728845589173,0.4066412629286881
824,836,0.7035909209888587,0.40718562874251496
1564,1576,0.7047383744095441,0.40772999455634185
21,28,0.7050718202154975,0.40827436037016873
175,194,0.7053285610422222,0.4088187261839956
1378,1401,0.7053285610425064,0.40936309199782256
1110,1123,0.7062400141485341,0.40990745781164944
428,410,0.7067402997342356,0.41045182362547633
1546,1552,0.7067402997342924,0.4109961894393032
1117,1121,0.707070774354861,0.4115405552531301
461,476,0.7070707743549178,0.412084921066957
1495,1501,0.7079258183473485,0.4126292868807839
1261,1272,0.7081439666433198,0.41317365269461076
1381,1392,0.7081439666433198,0.41371801850843765
717,740,0.7081439666434335,0.4142623843222646
326,350,0.7099064875051226,0.4148067501360915
1301,1325,0.7103002498588467,0.41535111594991836
1314,1326,0.7103002498588467,0.41589548176374525
782,784,0.7104965358325899,0.41643984757757213
792,786,0.7115720096860514,0.416984213391399
1467,1480,0.7122721937851111,0.4175285792052259
1534,1550,0.7125377368718091,0.4180729450190528
1215,1243,0.7143312719540518,0.4186173108328797
1223,1244,0.7143312719540518,0.41916167664670656
1353,1366,0.715368340541545,0.4197060424605335
661,666,0.7153683405416587,0.4202504082743604
753,771,0.7153683405416587,0.4207947740881873
909,918,0.71587212288307,0.42133913990201416
1156,1174,0.7165477629023371,0.42188350571584105
1662,1667,0.7165477629023371,0.42242787152966793
860,890,0.717306704747898,0.4229722373434948
1133,1140,0.7173067047483528,0.4235166031573217
1528,1544,0.7194194349981444,0.4240609689711486
1724,1717,0.7195451216477977,0.42460533478497553
825,844,0.7213149698586676,0.4251497005988024
158,179,0.7213149698587245,0.4256940664126293
573,582,0.7213384069410722,0.4262384322264562
864,871,0.7215952174453832,0.4267827980402831
557,574,0.7217767690968913,0.42732716385410996
1466,1477,0.7217767690970049,0.42787152966793685
1620,1646,0.7217767690970049,0.42841589548176373
1694,1707,0.7217767690970049,0.4289602612955906
1835,1842,0.7217767690970049,0.4295046271094175
258,266,0.7225766915213399,0.43004899292324444
322,329,0.7225766915213399,0.43059335873707133
515,532,0.7225766915213399,0.4311377245508982
220,238,0.7225766915214251,0.4316820903647251
1641,1653,0.7225766915214535,0.432226456178552
1450,1273,0.7231474915445233,0.4327708219923789
1273,1290,0.723837071882599,0.43331518780620576
1475,1491,0.7249702712645103,0.43385955362003265
1628,1615,0.7249702712645103,0.43440391943385953
1794,1787,0.7249702712645103,0.4349482852476865
27,34,0.7249702712646098,0.43549265106151336
1176,1202,0.7252745826015143,0.43603701687534024
1122,1122,0.725553685776049,0.43658138268916713
1193,1199,0.725553685776049,0.437125748502994
228,252,0.7255536857762195,0.4376701143168209
488,483,0.7255536857762763,0.4382144801306478
501,526,0.7255536857762763,0.4387588459444747
946,881,0.7255536857762763,0.43930321175830156
1233,1248,0.7257935467875996,0.43984757757212845
787,821,0.7274688719536471,0.4403919433859554
949,958,0.7274688719536471,0.4409363091997823
331,344,0.7274688719538176,0.44148067501360916
1235,1232,0.7274688719539881,0.44202504082743604
434,444,0.7279342204042223,0.44256940664126293
1684,1703,0.7281226869276907,0.4431137724550898
1811,1826,0.7281226869276907,0.4436581382689167
1340,1364,0.7290828824930031,0.4442025040827436
1521,1538,0.7292408965333834,0.4447468698965705
1612,1631,0.7300326757276707,0.44529123571039736
285,301,0.7301666669477527,0.4458356015242243
340,354,0.7301666669477527,0.4463799673380512
341,348,0.7301666669477527,0.4469243331518781
638,588,0.7301666669477527,0.44746869896570496
802,798,0.7301666669477527,0.44801306477953184
1657,1673,0.7301666669477527,0.44855743059335873
1043,1048,0.7318607588820214,0.4491017964071856
1611,1594,0.7320945165085959,0.4496461622210125
1668,1680,0.7320945165085959,0.4501905280348394
1679,1689,0.7320945165085959,0.45073489384866633
449,458,0.7320945165086528,0.4512792596624932
948,959,0.7320945165087096,0.4518236254763201
1532,1546,0.7326109800574159,0.452367991290147
1271,1292,0.7326517038559359,0.4529123571039739
631,658,0.733344436508446,0.45345672291780076
817,831,0.733344436508446,0.45400108873162764
833,842,0.733344436508446,0.45454545454545453
1035,1049,0.733344436508446,0.4550898203592814
3,20,0.7333444365086077,0.4556341861731083
1672,1686,0.7333444365087871,0.45617855198693524
845,864,0.7352810700790542,0.45672291780076213
354,371,0.7352810700792247,0.457267283614589
453,457,0.7352810700792247,0.4578116494284159
516,536,0.7352810700792247,0.4583560152422428
1642,1662,0.7353053671929501,0.4589003810560697
1648,1663,0.7353053671929501,0.45944474686989656
540,550,0.7356008034038268,0.45998911268372344
1425,1404,0.7357741198002259,0.46053347849755033
664,689,0.7370345839055972,0.46107784431137727
890,908,0.7370345839055972,0.46162221012520416
1060,1064,0.7370345839055972,0.46216657593903104
143,151,0.7383945506067278,0.46271094175285793
234,250,0.7385145132954278,0.4632553075666848
1685,1698,0.7413195651117803,0.4637996733805117
559,562,0.741319565111894,0.4643440391943386
1155,1146,0.7417502538571625,0.4648884050081655
522,539,0.7423699681049811,0.46543277082199236
690,713,0.7423699681049811,0.46597713663581924
847,868,0.7423699681049811,0.4665215024496462
994,1012,0.7423699681049811,0.46706586826347307
260,284,0.742369968105038,0.46761023407729996
1578,1591,0.7447747659389279,0.46815459989112684
1488,1500,0.7449006597557855,0.46869896570495373
1292,1309,0.7461456017315413,0.4692433315187806
1239,1247,0.7461810449412951,0.4697876973326075
677,708,0.7465808551554574,0.4703320631464344
750,776,0.7466085543776444,0.4708764289602613
819,845,0.7468977158221151,0.4714207947740882
681,704,0.7484681189945377,0.4719651605879151
1805,1813,0.748955607193011,0.472509526401742
134,148,0.7489556071933237,0.47305389221556887
958,968,0.7489556071934658,0.47359825802939576
595,636,0.7505669543511431,0.47414262384322264
600,637,0.7505669543511431,0.47468698965704953
1202,1124,0.751044012037255,0.4752313554708764
1760,1773,0.751044012037255,0.4757757212847033
1818,1788,0.751044012037255,0.4763200870985302
510,525,0.7515553056657609,0.47686445291235713
323,339,0.7524645795042488,0.477408818726184
723,739,0.7524645795042488,0.4779531845400109
879,899,0.7524645795042488,0.4784975503538378
1432,1442,0.7524645795042488,0.47904191616766467
349,368,0.7526043588062521,0.47958628198149156
707,731,0.7529875703397693,0.48013064779531844
1175,1141,0.7530105109785836,0.48067501360914533
828,849,0.754602003963214,0.4812193794229722
929,934,0.754602003963214,0.4817637452367991
1033,1055,0.7546020039633277,0.48230811105062604
1505,1518,0.7546020039633277,0.48285247686445293
398,412,0.7546020039633845,0.4833968426782798
380,369,0.7558498052237042,0.4839412084921067
365,370,0.7569114632213996,0.4844855743059336
1020,1028,0.7571679865546912,0.48502994011976047
1352,1377,0.7571878094556723,0.48557430593358736
933,944,0.7574724718078869,0.48611867174741424
230,249,0.7574724718080006,0.48666303756124113
1453,1457,0.7574724718083417,0.48720740337506807
1247,1286,0.7579496160437884,0.48775176918889496
804,818,0.7615792034868036,0.48829613500272184
1485,1490,0.7615792034869173,0.48884050081654873
548,565,0.7630148678176738,0.4893848666303756
1190,1201,0.7637691122363321,0.4899292324442025
646,656,0.76458986647026,0.4904735982580294
75,91,0.7664389961617957,0.49101796407185627
636,646,0.7671377991695181,0.49156232988568316
165,180,0.7671873493762575,0.49210669569951004
263,272,0.7671873493763428,0.492651061513337
1750,1725,0.7672484638478636,0.49319542732716387
34,0,0.7673627345557474,0.49373979314099076
874,884,0.7685321377692844,0.49428415895481764
524,486,0.7690731943513356,0.49482852476864453
729,726,0.769194544134848,0.4953728905824714
533,560,0.7704362158888216,0.4959172563962983
1086,1062,0.7712026943520414,0.4964616222101252
297,305,0.7717744762842926,0.49700598802395207
48,59,0.7721731757976471,0.497550353837779
132,137,0.7749693414413912,0.4980947196516059
1420,1405,0.774969341441647,0.4986390854654328
624,638,0.7753800029029208,0.49918345127925967
1808,1824,0.7764329059459669,0.49972781709308656
408,429,0.7771748610305735,0.5002721829069134
507,535,0.7771748610305735,0.5008165487207403
24,33,0.7771748610306837,0.5013609145345672
1056,1077,0.7771748610307441,0.5019052803483941
1803,1819,0.7771748610307441,0.502449646162221
123,146,0.7788737690378866,0.5029940119760479
1162,1181,0.7788737690382277,0.5035383777898748
1255,1255,0.7788737690382277,0.5040827436037016
1367,1397,0.7788737690382277,0.5046271094175285
1507,1520,0.7788737690382277,0.5051714752313554
1563,1572,0.7788737690382277,0.5057158410451824
85,37,0.7790536656274938,0.5062602068590093
179,175,0.7790536656275151,0.5068045726728362
589,602,0.7790536656275435,0.5073489384866631
1307,1328,0.7790536656275435,0.50789330430049
1788,1800,0.7790536656275435,0.5084376701143168
1581,1603,0.7795407278056246,0.5089820359281437
1430,1453,0.7800267043080567,0.5095264017419706
755,757,0.7805492827063745,0.5100707675557975
831,847,0.7805492827063745,0.5106151333696244
1051,1041,0.7805492827063745,0.5111594991834513
353,364,0.780549282706545,0.5117038649972782
1137,1128,0.7805492827067155,0.512248230811105
1558,1557,0.7805492827067155,0.5127925966249319
1640,1656,0.7805492827067155,0.5133369624387588
1076,1099,0.780833240713946,0.5138813282525857
1144,1155,0.780833240713946,0.5144256940664126
1338,1355,0.780833240713946,0.5149700598802395
1784,1799,0.780833240713946,0.5155144256940664
466,510,0.7808332407141734,0.5160587915078934
550,566,0.7808332407141734,0.5166031573217202
706,744,0.7808332407141734,0.5171475231355471
613,639,0.782064773538309,0.517691888949374
265,280,0.7825668314560517,0.5182362547632009
455,470,0.7825953473758887,0.5187806205770278
509,488,0.7838250560882898,0.5193249863908547
667,654,0.7842537987371543,0.5198693522046816
1726,1735,0.7844143758907194,0.5204137180185084
1214,1225,0.7849663562074056,0.5209580838323353
1300,1324,0.7849663562074056,0.5215024496461622
900,904,0.784966356207633,0.5220468154599891
978,985,0.784966356207633,0.522591181273816
796,803,0.7849687726419461,0.5231355470876429
1222,1222,0.785717540543601,0.5236799129014698
1021,1045,0.7879554372218536,0.5242242787152966
1028,1046,0.7879554372218536,0.5247686445291235
1398,1334,0.7882108105682164,0.5253130103429504
336,349,0.7882108105682732,0.5258573761567773
458,447,0.7882108105682732,0.5264017419706043
980,993,0.7882108105684438,0.5269461077844312
1204,1226,0.7891631165311992,0.5274904735982581
568,594,0.7899862952473313,0.528034839412085
129,133,0.7900496051201031,0.5285792052259118
343,361,0.7904855019143042,0.5291235710397387
1695,1676,0.791314100501495,0.5296679368535656
1746,1774,0.791314100501495,0.5302123026673925
110,99,0.7913141005016371,0.5307566684812194
1036,1020,0.7922855433756695,0.5313010342950463
257,270,0.7922855433757263,0.5318454001088732
1045,1054,0.7922855433760105,0.5323897659227
1553,1549,0.7927142041301067,0.5329341317365269
518,508,0.7932503258026031,0.5334784975503538
818,838,0.7934729134780127,0.5340228633641807
299,279,0.7934729134780696,0.5345672291780076
411,440,0.7934729134780696,0.5351115949918345
222,232,0.7934729134781264,0.5356559608056614
233,242,0.7934729134781264,0.5362003266194882
1088,1071,0.7934729134783538,0.5367446924333152
1693,1647,0.7934729134783538,0.5372890582471421
720,745,0.7949922915545358,0.537833424060969
1350,1376,0.7952501665563432,0.5383777898747959
1208,1218,0.7955840080462622,0.5389221556886228
1617,1623,0.7962211441310956,0.5394665215024497
840,839,0.7963346928951296,0.5400108873162766
1774,1805,0.7971715683631828,0.5405552531301034
578,627,0.7971715683634102,0.5410996189439303
731,752,0.7971715683634102,0.5416439847577572
1017,1017,0.7971715683634102,0.5421883505715841
801,820,0.7981626463307521,0.542732716385411
465,484,0.7984971533076077,0.5432770821992379
520,511,0.7999369285994931,0.5438214480130648
744,770,0.8008600311816281,0.5443658138268916
754,775,0.80107684753375,0.5449101796407185
1128,1134,0.8011044719251004,0.5454545454545454
908,922,0.8012773389422136,0.5459989112683723
97,80,0.8012773389423415,0.5465432770821992
1109,1118,0.8022296383146568,0.5470876428960262
951,963,0.8029457266468398,0.5476320087098531
694,709,0.8050485572218804,0.54817637452368
742,761,0.8050485572218804,0.5487207403375068
797,807,0.8050485572218804,0.5492651061513337
969,992,0.8050485572218804,0.5498094719651606
386,381,0.8050485572219372,0.5503538377789875
1619,1627,0.8050485572223351,0.5508982035928144
1796,1796,0.8050485572223351,0.5514425694066413
519,528,0.8076791020220071,0.5519869352204682
811,826,0.8084896268650255,0.552531301034295
784,814,0.8098874900746296,0.5530756668481219
1347,1368,0.815728517287198,0.5536200326619488
1529,1536,0.8214950168726318,0.5541643984757757
1576,1575,0.8214950168726318,0.5547087642896026
489,485,0.8214950168728592,0.5552531301034295
1372,1402,0.8231731475732431,0.5557974959172564
1246,1253,0.8236362510515391,0.5563418617310832
144,166,0.8268864965637306,0.5568862275449101
839,651,0.8270606894108141,0.5574305933587371
633,650,0.8278178094108171,0.557974959172564
915,933,0.831590417457619,0.5585193249863909
701,728,0.8316236510863746,0.5590636908002178
1132,1157,0.8322189246241578,0.5596080566140447
734,764,0.8325278820819904,0.5601524224278716
1059,1056,0.8350515740212359,0.5606967882416984
254,265,0.837916235784121,0.5612411540555253
379,373,0.837916235784121,0.5617855198693522
965,970,0.8379162357841778,0.5623298856831791
1052,1058,0.8379162357841778,0.562874251497006
1129,1163,0.8379162357841778,0.5634186173108329
1099,1094,0.8394113026847663,0.5639629831246598
760,785,0.8395687955173798,0.5645073489384866
816,841,0.8395687955173798,0.5650517147523135
1284,1302,0.8395687955173798,0.5655960805661404
1429,1448,0.8395687955173798,0.5661404463799673
237,244,0.8395687955174083,0.5666848121937942
99,106,0.8396340679258003,0.5672291780076211
1824,1832,0.8399356074346542,0.5677735438214481
1829,1839,0.8403028874347456,0.568317909635275
1279,1295,0.8404524893228427,0.5688622754491018
142,161,0.8404524893230416,0.5694066412629287
252,204,0.8404524893230416,0.5699510070767556
865,878,0.84045248932307,0.5704953728905825
327,340,0.8404524893231269,0.5710397387044094
397,409,0.8404524893231269,0.5715841045182363
355,374,0.8413454049033362,0.5721284703320632
531,544,0.8413454049033362,0.57267283614589
1068,1088,0.8413454049034499,0.5732172019597169
1191,1197,0.8413454049034499,0.5737615677735438
1363,1358,0.8413454049034499,0.5743059335873707
1369,1384,0.8413454049034499,0.5748502994011976
632,659,0.842569467909243,0.5753946652150245
1161,1190,0.8428861270167545,0.5759390310288514
1334,1344,0.8428861270167545,0.5764833968426782
1630,1640,0.8428861270167545,0.5770277626565051
447,474,0.8428861270169818,0.577572128470332
36,51,0.8428861270170458,0.5781164942841589
1623,1635,0.8437620312927265,0.5786608600979859
1635,1652,0.8437620312927265,0.5792052259118128
1341,1354,0.8439033488493806,0.5797495917256397
943,945,0.8439456634419003,0.5802939575394666
628,647,0.8441160035760049,0.5808383233532934
1524,1133,0.8442620193363837,0.5813826891671203
178,183,0.8446578201996431,0.5819270549809472
197,209,0.8446578201996431,0.5824714207947741
1023,1008,0.8446578201996999,0.583015786608601
545,564,0.8447730264969096,0.5835601524224279
78,94,0.8460694487599625,0.5841045182362548
935,942,0.8464183324757641,0.5846488840500816
1791,1797,0.8464575885709564,0.5851932498639085
1019,1025,0.8464745016117377,0.5857376156777354
1111,1132,0.8464745016117377,0.5862819814915623
1515,1522,0.8464745016117377,0.5868263473053892
1517,1525,0.8464745016117377,0.5873707131192161
1621,1651,0.8468245608580673,0.587915078933043
1661,1650,0.8468245608580673,0.5884594447468698
599,596,0.8469707016473649,0.5890038105606968
976,986,0.847418305409974,0.5895481763745237
1163,1153,0.847418305409974,0.5900925421883506
243,251,0.8474183054100308,0.5906369080021775
692,712,0.8477173151512716,0.5911812738160044
1274,1301,0.8484813463858245,0.5917256396298313
487,492,0.8488883104579941,0.5922700054436582
536,493,0.8488883104579941,0.592814371257485
1490,1507,0.8493517266626895,0.5933587370713119
1326,1291,0.8501568457115809,0.5939031028851388
621,579,0.8502592247413077,0.5944474686989657
1471,1473,0.8509830755444909,0.5949918345127926
1666,1674,0.8509830755444909,0.5955362003266195
1714,1704,0.8509830755444909,0.5960805661404464
405,391,0.8509830755446046,0.5966249319542732
168,184,0.8509830755446615,0.5971692977681001
594,610,0.8509830755447183,0.597713663581927
1281,1312,0.8511766515632644,0.5982580293957539
1171,1192,0.8515094421807134,0.5988023952095808
961,974,0.8525724333001108,0.5993467610234078
1664,1658,0.8525724333003382,0.5998911268372347
603,640,0.8525969275511898,0.6004354926510616
967,976,0.8525969275511898,0.6009798584648884
306,317,0.8525969275513603,0.6015242242787153
309,325,0.8525969275513603,0.6020685900925422
1149,1173,0.8525969275515308,0.6026129559063691
1257,1289,0.8525969275515308,0.603157321720196
1439,1456,0.8525969275515308,0.6037016875340229
1653,1661,0.8525969275515308,0.6042460533478498
1194,1129,0.8535574445670591,0.6047904191616766
206,195,0.8535574445671728,0.6053347849755035
325,338,0.8535574445671728,0.6058791507893304
71,83,0.8535574445672012,0.6064235166031573
1692,1701,0.8569109175030007,0.6069678824169842
73,89,0.8569896756758766,0.6075122482308111
952,964,0.8575936209106203,0.608056614044638
1026,1040,0.8575936209106203,0.6086009798584648
1480,1481,0.8575936209106203,0.6091453456722917
1713,1724,0.8578049305976947,0.6096897114861187
715,732,0.8579550796177955,0.6102340772999456
858,875,0.8582546745188893,0.6107784431137725
705,722,0.8586191166700701,0.6113228089275994
1107,1126,0.8598262496600455,0.6118671747414263
972,980,0.861146557163579,0.6124115405552532
1682,1671,0.8617285261955203,0.61295590636908
213,216,0.8620003080984304,0.6135002721829069
527,542,0.8620003080985725,0.6140446379967338
989,994,0.8620003080985725,0.6145890038105607
953,947,0.8621620906486669,0.6151333696243876
1061,1060,0.8621620906487806,0.6156777354382145
1064,1087,0.8621620906487806,0.6162221012520414
1390,1420,0.8626022620385356,0.6167664670658682
1590,1600,0.8626022620385356,0.6173108328796951
1736,1736,0.8626022620385356,0.617855198693522
610,611,0.8626022620388767,0.6183995645073489
970,978,0.8626022620388767,0.6189439303211758
313,328,0.8632244572391414,0.6194882961350027
1374,1393,0.8637519917319878,0.6200326619488297
308,316,0.8649442627079225,0.6205770277626566
498,505,0.8649442627079225,0.6211213935764834
850,858,0.8649442627080361,0.6216657593903103
1131,1162,0.8649442627081498,0.6222101252041372
352,363,0.8650250710630871,0.6227544910179641
163,153,0.8650250710631155,0.623298856831791
240,245,0.8650250710631155,0.6238432226456179
1288,1228,0.8650250710632008,0.6243875884594448
1655,1637,0.8650250710632008,0.6249319542732716
106,81,0.8650388023240083,0.6254763200870985
521,521,0.8650915685084897,0.6260206859009254
81,84,0.865212380793281,0.6265650517147523
1075,1079,0.8652123807933094,0.6271094175285792
1545,1555,0.8652123807933094,0.6276537833424061
1757,1763,0.8652123807933094,0.628198149156233
345,358,0.8659095764737117,0.6287425149700598
674,697,0.8669440148917147,0.6292868807838867
63,56,0.8675772008579798,0.6298312465977136
130,134,0.8675772008580083,0.6303756124115406
1756,1778,0.8675772008580225,0.6309199782253675
934,892,0.8678640905786779,0.6314643440391944
82,76,0.8689805012915883,0.6320087098530213
295,308,0.8696409504579492,0.6325530756668482
1754,1766,0.869640950458006,0.633097441480675
181,139,0.8696409504580345,0.6336418072945019
209,210,0.8696409504580345,0.6341861731083288
1048,1043,0.8696409504581197,0.6347305389221557
1230,1257,0.8697669420369039,0.6352749047359826
922,869,0.8705148155488587,0.6358192705498095
1317,1348,0.8705148155488587,0.6363636363636364
1349,1375,0.8705148155488587,0.6369080021774632
1579,1580,0.8705148155488587,0.6374523679912901
1781,1776,0.8705148155488587,0.637996733805117
1663,1681,0.8705438736460565,0.6385410996189439
1577,1595,0.8707294160460606,0.6390854654327708
1377,1373,0.8728346820660136,0.6396298312465977
580,599,0.8728346820663546,0.6401741970604246
640,660,0.8728346820663546,0.6407185628742516
347,353,0.8728346820664115,0.6412629286880784
982,995,0.8742165567960001,0.6418072945019053
1203,1224,0.8742165567960001,0.6423516603157322
1264,1278,0.8742165567960001,0.6428960261295591
1777,1806,0.8742165567960001,0.643440391943386
1098,1101,0.8742278892561899,0.6439847577572129
42,45,0.8744759910002884,0.6445291235710398
1248,1284,0.8778391267296684,0.6450734893848666
1633,1613,0.8778560343507706,0.6456178551986935
1573,1583,0.8803702677535057,0.6461622210125204
751,778,0.8812593480672604,0.6467065868263473
768,779,0.8812593480672604,0.6472509526401742
1185,1185,0.8819601504362709,0.6477953184540011
1787,1789,0.8821960214522733,0.648339684267828
7,25,0.8829904084626108,0.6488840500816548
1665,1685,0.8829904084627742,0.6494284158954817
1810,1821,0.8829904084627742,0.6499727817093086
1496,1521,0.8833105315868579,0.6505171475231355
997,1018,0.8839855780774997,0.6510615133369625
1303,1299,0.8855452340053489,0.6516058791507894
1386,1421,0.8855452340053489,0.6521502449646163
177,171,0.8855452340058036,0.6526946107784432
585,586,0.8855452340058036,0.65323897659227
806,822,0.8855452340058036,0.6537833424060969
693,718,0.8866162712786263,0.6543277082199238
300,315,0.8870323434493912,0.6548720740337507
203,207,0.8870509757447849,0.6554164398475776
1593,1599,0.8885905150082181,0.6559608056614045
1431,1452,0.8889467908020379,0.6565051714752314
1646,1632,0.8889467908020379,0.6570495372890582
204,167,0.8889467908023505,0.6575939031028851
684,717,0.8889467908023789,0.658138268916712
512,537,0.8889467908024358,0.6586826347305389
669,695,0.889884823957459,0.6592270005443658
161,136,0.8904535378690355,0.6597713663581927
255,256,0.8904535378690355,0.6603157321720196
790,819,0.8904535378691207,0.6608600979858464
823,824,0.8904535378691207,0.6614044637996733
1351,1372,0.8904535378692344,0.6619488296135003
1154,1142,0.8940103969239317,0.6624931954273272
1174,1151,0.8940103969239317,0.6630375612411541
372,382,0.8940103969240454,0.663581927054981
575,583,0.8940103969242728,0.6641262928688079
279,300,0.8947103989985976,0.6646706586826348
570,589,0.894918186628729,0.6652150244964616
1526,1539,0.8952425211541595,0.6657593903102885
1451,1461,0.8955509507218267,0.6663037561241154
658,682,0.8960167494175266,0.6668481219379423
1146,1186,0.8974333977578226,0.6673924877517692
1686,1675,0.8974333977578226,0.6679368535655961
770,783,0.8974333977582774,0.668481219379423
1828,1838,0.8974635791626042,0.6690255851932498
798,772,0.9000025486550385,0.6695699510070767
791,799,0.9009437136489851,0.6701143168209036
270,274,0.9009441322006069,0.6706586826347305
875,895,0.9009441322006069,0.6712030484485574
880,872,0.9009441322006069,0.6717474142623843
889,912,0.9009441322006069,0.6722917800762113
65,64,0.9009441322006353,0.6728361458900382
1464,1474,0.9009441322007206,0.673380511703865
282,302,0.9011820671222495,0.6739248775176919
1336,1352,0.9014235248084788,0.6744692433315188
749,763,0.9017493851727068,0.6750136091453457
1472,1459,0.9017493851727068,0.6755579749591726
571,592,0.9019195228678427,0.6761023407729995
686,720,0.9019195228678427,0.6766467065868264
1407,1425,0.9019195228681838,0.6771910724006532
1198,1219,0.9022214190986233,0.6777354382144801
508,519,0.9025358280671298,0.678279804028307
957,972,0.9025358280671298,0.6788241698421339
1084,1084,0.9025358280671298,0.6793685356559608
1479,1470,0.9025358280671298,0.6799129014697877
1728,1743,0.9025358280671298,0.6804572672836146
1400,1411,0.902550151287187,0.6810016330974414
1743,1762,0.902550151287187,0.6815459989112683
10,15,0.9025501512873877,0.6820903647250952
675,698,0.902550151287528,0.6826347305389222
1097,1097,0.9032079780668028,0.6831790963527491
1112,1115,0.9032079780668028,0.683723462166576
417,438,0.9032079780672007,0.6842678279804029
999,1003,0.9032079780672575,0.6848121937942298
565,572,0.9034149182111832,0.6853565596080566
1793,1810,0.9046264421524484,0.6859009254218835
1540,1551,0.9048911799784491,0.6864452912357104
412,404,0.904891179978847,0.6869896570495373
463,478,0.904891179978847,0.6875340228633642
1309,1336,0.905411099570756,0.6880783886771911
1557,1558,0.905411099570756,0.688622754491018
532,533,0.9054110995708129,0.6891671203048448
514,523,0.905424703466224,0.6897114861186717
1331,1343,0.9054824462457418,0.6902558519324986
903,865,0.9054930377676556,0.6908002177463255
50,41,0.9054930377677977,0.6913445835601524
1243,1280,0.9054930377678829,0.6918889493739793
1813,1795,0.9054930377678829,0.6924333151878062
687,706,0.90551856158595,0.6929776810016332
704,725,0.90551856158595,0.69352204681546
1394,1412,0.90551856158595,0.6940664126292869
1509,1519,0.90551856158595,0.6946107784431138
311,289,0.9055185615860069,0.6951551442569407
685,701,0.9062296407205395,0.6956995100707676
483,479,0.9065571621522395,0.6962438758845945
1422,1439,0.9066342551243451,0.6967882416984214
836,857,0.9066623010837702,0.6973326075122482
1530,1531,0.906706064135733,0.6978769733260751
849,888,0.906706064136074,0.698421339139902
1040,1044,0.906706064136074,0.6989657049537289
534,540,0.9070370709198414,0.6995100707675558
1234,1271,0.9073460717490889,0.7000544365813827
649,648,0.9074391436752194,0.7005988023952096
925,917,0.9074391436752194,0.7011431682090364
1219,1237,0.9074391436752194,0.7016875340228633
1062,1069,0.9076710881574854,0.7022318998366902
364,375,0.9077990916713929,0.7027762656505171
335,352,0.9082858905985063,0.7033206314643441
1089,1107,0.9088531963193418,0.703864997278171
1508,1495,0.909126753108012,0.7044093630919979
1034,1052,0.9093259749417939,0.7049537289058248
1412,1426,0.9096363604744511,0.7054980947196516
1775,1786,0.9097801079963119,0.7060424605334785
1735,1752,0.9098732257566553,0.7065868263473054
219,220,0.9099103724246334,0.7071311921611323
401,399,0.9099972328315857,0.7076755579749592
1437,1423,0.9100300785207764,0.7082199237887861
1680,1665,0.9105138144386729,0.708764289602613
160,164,0.9107987840363307,0.7093086554164398
79,92,0.911699859705891,0.7098530212302667
1272,1298,0.9120797553068769,0.7103973870440936
1318,1314,0.9120797553068769,0.7109417528579205
724,729,0.9120797553069906,0.7114861186717474
137,158,0.9120797553071611,0.7120304844855743
1554,1563,0.9125496667165862,0.7125748502994012
125,154,0.9125732896342527,0.713119216113228
174,197,0.9136524590272188,0.713663581927055
1003,1007,0.9138805287865353,0.7142079477408819
641,670,0.9156752965027408,0.7147523135547088
1127,1145,0.9160998330974053,0.7152966793685357
1130,1160,0.9160998330974053,0.7158410451823626
1596,1601,0.9160998330974053,0.7163854109961895
182,188,0.9160998330974337,0.7169297768100164
267,281,0.916099833097519,0.7174741426238432
743,769,0.9166470081597708,0.7180185084376701
577,591,0.9185066884560911,0.718562874251497
361,384,0.9185066884562048,0.7191072400653239
1093,1112,0.9185066884563184,0.7196516058791508
1275,1259,0.9185066884563184,0.7201959716929777
1699,1708,0.9185066884563184,0.7207403375068046
1711,1727,0.9185066884563184,0.7212847033206314
18,18,0.9196242313573233,0.7218290691344583
200,212,0.9223268796260697,0.7223734349482852
216,225,0.9223268796260697,0.7229178007621121
419,418,0.922326879626155,0.723462166575939
650,668,0.9223268796262118,0.724006532389766
1449,1467,0.9233008321734815,0.7245508982035929
369,389,0.9233389413089981,0.7250952640174197
91,100,0.9238389818863624,0.7256396298312466
1710,1726,0.9250704583200786,0.7261839956450735
499,502,0.9250704583201355,0.7267283614589004
381,405,0.9258344593372954,0.7272727272727273
437,462,0.9258344593372954,0.7278170930865542
666,673,0.9258344593373522,0.7283614589003811
145,152,0.925834459337409,0.728905824714208
246,261,0.925834459337409,0.7294501905280348
623,629,0.9265642042480522,0.7299945563418617
654,692,0.9265642042480522,0.7305389221556886
990,998,0.9265642042480522,0.7310832879695155
1385,1400,0.9265642042480522,0.7316276537833424
439,449,0.926564204248109,0.7321720195971693
443,450,0.926564204248109,0.7327163854109962
1541,1560,0.926902020397165,0.733260751224823
1709,1718,0.926902020397165,0.7338051170386499
344,330,0.9269020203973355,0.7343494828524768
1830,1833,0.9277894374156404,0.7348938486663038
1807,1803,0.9285294910673656,0.7354382144801307
1348,1371,0.9285965026690519,0.7359825802939576
562,581,0.9290468153681104,0.7365269461077845
870,863,0.9299692918920073,0.7370713119216113
1607,1606,0.9302007657017839,0.7376156777354382
826,843,0.9313519541997266,0.7381600435492651
38,31,0.9315832128894392,0.738704409363092
1240,1277,0.9315832128895636,0.7392487751769189
393,413,0.9324326574204633,0.7397931409907458
423,414,0.9324326574204633,0.7403375068045727
51,10,0.9339819829848457,0.7408818726183996
271,286,0.9343480230768932,0.7414262384322264
525,534,0.9343480230768932,0.7419706042460533
572,597,0.9343480230770638,0.7425149700598802
601,621,0.9343480230770638,0.7430593358737071
1293,1313,0.9343480230770638,0.743603701687534
1463,1462,0.9343480230770638,0.7441480675013609
1764,1768,0.9343480230770638,0.7446924333151878
420,424,0.9354834242993206,0.7452367991290147
468,473,0.9354834242993206,0.7457811649428416
474,501,0.9354834242993206,0.7463255307566685
673,690,0.9354834242994912,0.7468698965704954
777,788,0.9354834242994912,0.7474142623843223
1313,1341,0.9354834242994912,0.7479586281981492
1329,1347,0.9354834242994912,0.7485029940119761
1330,1339,0.9354834242994912,0.749047359825803
1705,1723,0.9357312507775077,0.7495917256396298
1651,1636,0.9361391188244852,0.7501360914534567
1179,1138,0.9381563223648755,0.7506804572672836
1321,1333,0.9381563223648755,0.7512248230811105
1375,1416,0.9381563223648755,0.7517691888949374
1629,1638,0.9381563223648755,0.7523135547087643
737,762,0.9403431742510975,0.7528579205225912
25,21,0.9407403511142416,0.753402286336418
869,882,0.9408723430005921,0.7539466521502449
1092,1103,0.9408723430008195,0.7544910179640718
1103,1119,0.9408723430008195,0.7550353837778987
1232,1245,0.9408723430008195,0.7555797495917257
370,388,0.9410093634459713,0.7561241154055526
758,773,0.9410093634460281,0.7566684812193795
1308,1329,0.9410093634462555,0.7572128470332063
1324,1320,0.9410093634462555,0.7577572128470332
1719,1720,0.9410093634462555,0.7583015786608601
1454,1455,0.9419789921612391,0.758845944474687
256,268,0.9427726550965758,0.7593903102885139
1201,1235,0.9428462965108793,0.7599346761023408
1624,1628,0.9428462965108793,0.7604790419161677
1690,1711,0.9428462965108793,0.7610234077299945
843,855,0.9450684800312956,0.7615677735438214
537,543,0.9452046730199299,0.7621121393576483
1373,1383,0.945846913397645,0.7626565051714752
1074,1065,0.9458674770121434,0.7632008709853021
421,431,0.9468279537110789,0.763745236799129
61,63,0.948116680885633,0.7642896026129559
307,326,0.9481166808856756,0.7648339684267828
891,919,0.9481166808857324,0.7653783342406096
1038,1047,0.9481166808857324,0.7659227000544366
1253,1263,0.9481166808857324,0.7664670658682635
1399,1388,0.9481166808857324,0.7670114316820904
1586,1596,0.9481166808857324,0.7675557974959173
1747,1755,0.9481166808857324,0.7681001633097442
1080,1091,0.948202014786375,0.7686445291235711
1237,1258,0.948202014786375,0.769188894937398
1613,1610,0.948202014786375,0.7697332607512248
539,556,0.9482020147868297,0.7702776265650517
1015,1029,0.9482020147868297,0.7708219923788786
785,812,0.9487680459207013,0.7713663581927055
503,509,0.9488220671557883,0.7719107240065324
1771,1772,0.9508312544439832,0.7724550898203593
167,181,0.9508312544442106,0.7729994556341862
714,711,0.9508312544443243,0.773543821448013
478,503,0.9519013948259953,0.7740881872618399
1047,1074,0.9519013948263364,0.7746325530756668
1078,1096,0.9519013948263364,0.7751769188894937
1157,1188,0.9519013948263364,0.7757212847033206
1182,1183,0.9519013948263364,0.7762656505171476
1327,1357,0.9519013948263364,0.7768100163309745
1752,1753,0.9519013948263364,0.7773543821448013
1644,1641,0.9521360754017678,0.7778987479586282
1766,1783,0.9525798340150686,0.7784431137724551
49,65,0.9526217050150976,0.778987479586282
102,114,0.952764562015247,0.7795318454001089
262,267,0.9527859460947639,0.7800762112139358
1189,1195,0.9528578079361978,0.7806205770277627
1077,1085,0.952908061429298,0.7811649428415895
1670,1683,0.9531001908374037,0.7817093086554164
1419,1443,0.9532253337383736,0.7822536744692433
394,428,0.9532629226230824,0.7827980402830702
95,110,0.9553386342404764,0.7833424060968971
1484,1476,0.9555098264820572,0.783886771910724
588,600,0.956606417420403,0.7844311377245509
211,221,0.9566064174204314,0.7849755035383778
229,227,0.9575618557377652,0.7855198693522046
316,322,0.9588182690710596,0.7860642351660315
1344,1356,0.9609102791293935,0.7866086009798585
676,705,0.9609229933045071,0.7871529667936854
956,973,0.9610223167844651,0.7876973326075123
320,345,0.9613485273720244,0.7882416984213392
446,442,0.961628110273125,0.7887860642351661
558,557,0.9616413086180273,0.789330430048993
131,168,0.962633956280655,0.7898747958628198
383,385,0.9631681220662927,0.7904191616766467
1798,1807,0.9636128306351566,0.7909635274904736
109,104,0.9636592246533695,0.7915078933043005
1071,1080,0.9636592246533837,0.7920522591181274
1184,1194,0.9636592246533837,0.7925966249319543
247,228,0.9636592246534121,0.7931409907457811
1575,1584,0.9650692417249047,0.793685356559608
66,67,0.9673482980217827,0.7942297223734349
1065,1075,0.9683389215817897,0.7947740881872618
711,733,0.9689380068555238,0.7953184540010887
1656,1659,0.9689380068555238,0.7958628198149156
1789,1793,0.9689380068555238,0.7964071856287425
1737,1733,0.9689477142237592,0.7969515514425695
298,306,0.9689477142238729,0.7974959172563963
615,631,0.9703220765633205,0.7980402830702232
120,142,0.9703390578923177,0.7985846488840501
264,273,0.9709356356050307,0.799129014697877
1299,1307,0.9710381697375396,0.7996733805117039
1391,1415,0.9710381697375396,0.8002177463255308
1631,1655,0.9710381697375396,0.8007621121393577
1658,1672,0.9710381697375396,0.8013064779531845
19,14,0.9710381697375734,0.8018508437670114
140,140,0.9710381697375965,0.8023952095808383
329,341,0.9710381697375965,0.8029395753946652
660,691,0.9710381697376533,0.8034839412084921
786,815,0.9710381697376533,0.804028307022319
1428,1281,0.971602388260635,0.8045726728361459
55,40,0.9729328253128884,0.8051170386499727
444,452,0.9731897696904639,0.8056614044637996
736,724,0.9733333119164627,0.8062057702776265
128,129,0.9733544970839745,0.8067501360914534
896,902,0.9734440669619744,0.8072945019052804
1364,1369,0.9736040337431859,0.8078388677191073
1007,1019,0.9736236812743755,0.8083832335329342
92,98,0.9739539222448883,0.8089275993467611
1343,1346,0.973953922245073,0.809471965160588
1604,1593,0.973953922245073,0.8100163309744148
1763,1747,0.973953922245073,0.8105606967882417
1404,1407,0.9741355670764733,0.8111050626020686
1072,1089,0.9741369434086664,0.8116494284158955
1009,1001,0.9743777913970462,0.8121937942297224
1119,1137,0.9743777913975009,0.8127381600435493
1725,1715,0.9744264342505176,0.8132825258573761
485,477,0.9744264342508018,0.813826891671203
851,876,0.9744264342509723,0.8143712574850299
991,1010,0.9747074959274187,0.8149156232988568
1603,1607,0.974798502927797,0.8154599891126837
1320,1322,0.9749844117795874,0.8160043549265106
186,189,0.9749844117798432,0.8165487207403375
1819,1825,0.9751038753488501,0.8170930865541643
764,760,0.9752855294160554,0.8176374523679912
330,335,0.9754977047641091,0.8181818181818182
377,392,0.9754977047641091,0.8187261839956451
695,721,0.9755227807706888,0.819270549809472
834,851,0.9755227807706888,0.8198149156232989
1502,1524,0.9755227807706888,0.8203592814371258
1753,1767,0.9755227807706888,0.8209036472509527
918,930,0.9769780411083957,0.8214480130647795
940,952,0.9772112572226206,0.8219923788786064
783,797,0.9776274595355972,0.8225367446924333
968,967,0.9776274595355972,0.8230811105062602
438,437,0.977627459535654,0.8236254763200871
1618,1624,0.9779290871726971,0.824169842133914
1024,1026,0.9779767910265491,0.8247142079477409
583,342,0.9780639508632021,0.8252585737615677
4,13,0.978138750660511,0.8258029395753946
1259,1254,0.9785623523657705,0.8263473053892215
193,211,0.9792394467702081,0.8268916712030484
126,127,0.9793614310083854,0.8274360370168753
1397,1427,0.979620807678657,0.8279804028307022
154,147,0.9797326471346537,0.8285247686445292
1549,1559,0.9798835516594409,0.8290691344583561
1211,1227,0.9802554019463514,0.829613500272183
185,155,0.9803267877933592,0.8301578660860098
1079,1095,0.9804616718147372,0.8307022318998367
678,685,0.9816012464812047,0.8312465977136636
368,383,0.981608504855501,0.8317909635274905
429,415,0.9817471634093522,0.8323353293413174
1547,1556,0.9840216796358163,0.8328796951551443
35,52,0.9840461949180792,0.8334240609689711
302,318,0.9844748489360882,0.833968426782798
1677,1695,0.9851809821486768,0.8345127925966249
442,456,0.9868302981894885,0.8350571584104518
497,494,0.9868302981894885,0.8356015242242787
1478,1475,0.9868302981897159,0.8361458900381056
1565,1578,0.9868302981897159,0.8366902558519325
696,714,0.9907061571673239,0.8372346216657593
1614,1614,0.9907061571673239,0.8377789874795862
1820,1828,0.9907061571673239,0.8383233532934131
210,215,0.9907061571673523,0.8388677191072401
275,290,0.9918721881529677,0.839412084921067
964,971,0.9919393366474196,0.8399564507348939
1405,1205,0.9923353549602325,0.8405008165487208
371,376,0.9925834924068795,0.8410451823625477
554,558,0.9925834924068795,0.8415895481763745
680,678,0.9925834924068795,0.8421339139902014
775,787,0.9925834924068795,0.8426782798040283
895,909,0.9925834924068795,0.8432226456178552
1039,1057,0.994233773880751,0.8437670114316821
1134,1175,0.994233773880751,0.844311377245509
1221,1242,0.994233773880751,0.8448557430593359
1250,1274,0.994233773880751,0.8454001088731627
1580,1587,0.994233773880751,0.8459444746869896
392,402,0.9942337738808646,0.8464888405008165
1238,1246,0.9942515269503929,0.8470332063146434
1667,1668,0.9942515269503929,0.8475775721284703
491,516,0.9942515269506202,0.8481219379422972
598,632,0.9942515269506202,0.8486663037561241
1012,1034,0.9943042444601815,0.8492106695699511
945,953,0.9945180011563934,0.849755035383778
1177,1203,0.9947662538809254,0.8502994011976048
1180,1204,0.9947662538809254,0.8508437670114317
655,672,0.9947662538810391,0.8513881328252586
12,12,0.9958497194505718,0.8519324986390855
885,887,0.9958497194505753,0.8524768644529124
1114,1136,0.995849719450689,0.8530212302667393
1476,1493,0.995849719450689,0.8535655960805661
761,777,0.9966096762032066,0.854109961894393
1738,1750,0.9980291190277057,0.8546543277082199
930,935,0.9982340219373782,0.8551986935220468
430,461,0.9983946015183278,0.8557430593358737
1427,1449,0.9988092237892943,0.8562874251497006
1649,1669,0.9989180140007647,0.8568317909635275
859,879,0.9992228850894662,0.8573761567773543
907,921,0.9992228850894662,0.8579205225911812
17,32,0.999222885089651,0.8584648884050081
829,598,0.9996826148949367,0.859009254218835
214,219,0.9999116728181434,0.859553620032662
269,283,1.0000449296161946,0.8600979858464889
407,422,1.0004934832958838,0.8606423516603158
746,767,1.0005196465010613,0.8611867174741427
1792,1798,1.0006611812962092,0.8617310832879695
1426,1447,1.0019322904618093,0.8622754491017964
1512,1502,1.0019322904618093,0.8628198149156233
1741,1749,1.0019322904618093,0.8633641807294502
43,57,1.0019322904620367,0.8639085465432771
303,311,1.0019322904620935,0.864452912357104
471,513,1.0019322904620935,0.8649972781709309
127,135,1.00193668025139,0.8655416439847577
259,271,1.0019560895997301,0.8660860097985846
1197,1206,1.0019560895998438,0.8666303756124115
1493,1503,1.0019560895998438,0.8671747414262384
2,8,1.0020013155950576,0.8677191072400653
862,866,1.0023037285376404,0.8682634730538922
1414,1430,1.002303728537754,0.8688078388677191
389,417,1.0026446696136873,0.869352204681546
992,999,1.0031888453179363,0.869896570495373
11,2,1.0033684620985355,0.8704409363091998
360,378,1.0035629921287637,0.8709853021230267
261,275,1.00492118891367,0.8715296679368536
281,276,1.00492118891367,0.8720740337506805
1291,1303,1.006294265093402,0.8726183995645074
586,587,1.0062942650935156,0.8731627653783343
591,605,1.0062942650935156,0.8737071311921611
747,758,1.0062942650935156,0.874251497005988
402,423,1.0062942650936293,0.8747958628198149
122,128,1.0066926048416747,0.8753402286336418
1446,1446,1.0066926048418736,0.8758845944474687
1675,1692,1.0066926048418736,0.8764289602612956
1681,1690,1.0067347154329127,0.8769733260751225
250,259,1.0071436573307153,0.8775176918889493
1555,1573,1.0071652759775134,0.8780620577027762
1748,1759,1.0071784361753089,0.8786064235166031
164,163,1.0076833184892564,0.87915078933043
1181,1171,1.0080825209256545,0.8796951551442569
414,420,1.0088075615327057,0.8802395209580839
1002,1004,1.009059421470056,0.8807838867719108
1011,1011,1.009059421470056,0.8813282525857377
1643,1666,1.009059421470056,0.8818726183995645
146,143,1.009059421470198,0.8824169842133914
189,200,1.009059421470198,0.8829613500272183
30,36,1.0090594214702122,0.8835057158410452
64,71,1.0090594214702122,0.8840500816548721
112,123,1.0090594214702122,0.884594447468699
157,162,1.0094001733112066,0.8851388132825259
1168,1193,1.0094750415214548,0.8856831790963527
357,362,1.0110232208725165,0.8862275449101796
1444,1460,1.0116606259978198,0.8867719107240065
1801,1808,1.011709647675616,0.8873162765378334
689,710,1.011709647675957,0.8878606423516603
1037,1059,1.011818076153304,0.8884050081654872
1435,1444,1.011818076153304,0.8889493739793141
138,157,1.0118180761534177,0.889493739793141
605,625,1.0118180761534177,0.8900381056069678
183,85,1.0131933364998815,0.8905824714207947
187,208,1.0132620817510087,0.8911268372346217
236,246,1.0132620817510087,0.8916712030484486
1069,1098,1.0132620817510087,0.8922155688622755
1786,1794,1.0132620817510087,0.8927599346761024
1200,1212,1.0135413717157462,0.8933043004899293
114,107,1.0136001082705093,0.8938486663037561
451,464,1.0136001082705093,0.894393032117583
619,612,1.0136001082705661,0.8949373979314099
1058,1068,1.0136001082705661,0.8954817637452368
1150,1154,1.0136001082705661,0.8960261295590637
1417,1431,1.0136001082705661,0.8965704953728906
1387,1387,1.0139742114213277,0.8971148611867175
232,241,1.0140389049029181,0.8976592270005443
292,312,1.0172094279638486,0.8982035928143712
894,911,1.0180971688013187,0.8987479586281981
1094,1110,1.0183148317025825,0.899292324442025
1148,1177,1.0201597371844855,0.8998366902558519
1212,1236,1.0202481898807036,0.9003810560696788
1816,1830,1.0203115271576735,0.9009254218835057
1210,1238,1.0210719361168685,0.9014697876973327
101,109,1.0211002486377936,0.9020141535111595
596,608,1.021100248637822,0.9025585193249864
1139,1168,1.0213370422661683,0.9031028851388133
1354,1378,1.0251502712005731,0.9036472509526402
147,149,1.026290292157455,0.9041916167664671
231,255,1.026465990776444,0.904735982580294
1055,1070,1.0264659907768419,0.9052803483941209
205,214,1.027093206962121,0.9058247142079477
683,702,1.0270932069621495,0.9063690800217746
1013,1033,1.0270932069621495,0.9069134458356015
617,630,1.0273536475584706,0.9074578116494284
1637,1657,1.0274169192643967,0.9080021774632553
726,746,1.0275743269928626,0.9085465432770822
1319,1340,1.0275743269933173,0.9090909090909091
141,144,1.0277784309760136,0.909635274904736
291,309,1.028293980253352,0.9101796407185628
348,365,1.028293980253352,0.9107240065323897
848,870,1.0282939802534656,0.9112683723462166
1124,1143,1.0290523885798848,0.9118127381600436
432,455,1.0297155985555264,0.9123571039738705
1718,1731,1.0316297900917561,0.9129014697876974
1461,1489,1.0320790117482375,0.9134458356015243
1669,1684,1.0325296598459772,0.9139902014153511
1636,1648,1.0327248753756066,0.914534567229178
1742,1761,1.0338154019120793,0.9150789330430049
1254,1268,1.0348726342215286,0.9156232988568318
1323,1351,1.0355607961134865,0.9161676646706587
1500,1514,1.0355607961134865,0.9167120304844856
98,117,1.0355607961136144,0.9172563962983125
1520,1534,1.0371887846008576,0.9178007621121393
422,443,1.0383184140571302,0.9183451279259662
390,403,1.0383263747644946,0.9188894937397931
188,201,1.0384090913791795,0.91943385955362
1126,1139,1.0397810779354586,0.9199782253674469
614,641,1.0411117622812753,0.9205225911812738
373,400,1.0411117622814459,0.9210669569951007
1280,1315,1.041254084721686,0.9216113228089275
1283,1316,1.041254084721686,0.9221556886227545
1018,1030,1.041704167878379,0.9227000544365814
475,465,1.0423358356379708,0.9232444202504083
1765,1721,1.0425764216286098,0.9237887860642352
773,793,1.0448436686280047,0.9243331518780621
470,496,1.0451877043144577,0.924877517691889
469,507,1.0452669903922356,0.9254218835057159
1242,1260,1.045976718767406,0.9259662493195427
22,26,1.0460962689342495,0.9265106151333696
96,116,1.0502800474271936,0.9270549809471965
149,178,1.0526760856670876,0.9275993467610234
74,96,1.053072486475358,0.9281437125748503
1135,1161,1.058027690934523,0.9286880783886772
41,23,1.0604661493042258,0.9292324442025041
1366,1349,1.0612691232317957,0.929776810016331
14,16,1.0615867649587098,0.9303211758301578
334,324,1.0633138846550878,0.9308655416439847
872,873,1.0651411007959268,0.9314099074578116
266,278,1.0655227150626843,0.9319542732716385
363,366,1.0688237002929668,0.9324986390854655
1506,1526,1.069277750120591,0.9330430048992924
728,759,1.0711282283796209,0.9335873707131193
679,719,1.071956073614956,0.9341317365269461
1562,1562,1.0731241776670686,0.934676102340773
1044,1038,1.0737335314580605,0.9352204681545999
0,3,1.0742155842166432,0.9357648339684268
1542,1553,1.0747936907159783,0.9363091997822537
1333,1327,1.075897656958432,0.9368535655960806
1654,1639,1.0769907339147267,0.9373979314099075
1673,1696,1.0770974037943688,0.9379422972237343
1574,1586,1.0782927283723893,0.9384866630375612
1759,1777,1.0784271072263891,0.9390310288513881
153,159,1.079805941616712,0.939575394665215
86,70,1.0800925901282596,0.9401197604790419
1538,1543,1.0838451381066534,0.9406641262928688
20,19,1.088232379533066,0.9412084921066957
13,1,1.0902037468089556,0.9417528579205225
1382,1417,1.090454592344713,0.9422972237343494
1510,1506,1.0924269992513018,0.9428415895481764
1826,1836,1.0963241706183453,0.9433859553620033
452,454,1.097294263846834,0.9439303211758302
80,79,1.10065149314147,0.9444746869896571
1115,1125,1.1010026628307514,0.945019052803484
244,257,1.101012291526672,0.9455634186173109
241,253,1.1012601908892918,0.9461077844311377
1379,1408,1.1074303900170435,0.9466521502449646
67,68,1.1103007512604748,0.9471965160587915
993,1013,1.110329660558591,0.9477408818726184
171,185,1.1112149625172378,0.9482852476864453
1602,1625,1.1113234438437303,0.9488296135002722
662,688,1.1120225946081064,0.9493739793140991
1365,1391,1.1130629121805669,0.949918345127926
1459,1482,1.113184625173517,0.9504627109417528
622,633,1.1132963624598915,0.9510070767555797
592,613,1.114096605736563,0.9515514425694066
1411,1429,1.1141324260056535,0.9520958083832335
1601,1608,1.114989727131615,0.9526401741970604
242,247,1.1160768997607988,0.9531845400108874
464,491,1.1163658461510408,0.9537289058247143
1716,1738,1.1165897707587646,0.9542732716385411
1834,1849,1.1181444370640747,0.954817637452368
105,113,1.120849725971695,0.9553620032661949
1358,1374,1.1276581368995267,0.9559063690800218
1004,1021,1.1301561271989158,0.9564507348938487
698,715,1.131509725720548,0.9569951007076756
1298,1323,1.1327780539411378,0.9575394665215025
1436,1450,1.1329600604601637,0.9580838323353293
162,176,1.1353941322624337,0.9586281981491562
1761,1769,1.1391180146433726,0.9591725639629831
1158,1172,1.1398314985888192,0.95971692977681
319,343,1.1400812722718001,0.9602612955906369
1209,1239,1.1402817565362966,0.9608056614044638
1316,1337,1.1419709053000133,0.9613500272182907
863,889,1.1425655342638947,0.9618943930321175
486,498,1.1431591125941054,0.9624387588459444
467,416,1.1469894754898178,0.9629831246597713
1359,1379,1.149962629193169,0.9635274904735982
472,504,1.1515099441401162,0.9640718562874252
104,124,1.153324975256524,0.9646162221012521
769,789,1.1539808110762806,0.965160587915079
1152,1149,1.1560588164518322,0.9657049537289059
1734,1754,1.1560954909164138,0.9662493195427327
287,269,1.1562494240253045,0.9667936853565596
1622,1649,1.1588462855434045,0.9673380511703865
1733,1748,1.1603806560790417,0.9678824169842134
490,517,1.1618106994823734,0.9684267827980403
1384,1399,1.163402566351806,0.9689711486118672
963,965,1.1635161429064738,0.9695155144256941
741,716,1.1678017332059198,0.9700598802395209
94,9,1.169509926335122,0.9706042460533478
459,482,1.1767149237386434,0.9711486118671747
671,683,1.176915486762823,0.9716929776810016
1380,1385,1.1780718953384621,0.9722373434948285
1030,1031,1.179036948666976,0.9727817093086554
977,996,1.1813762202341422,0.9733260751224823
971,975,1.1815420965956491,0.9738704409363091
1762,1764,1.1871594294043462,0.9744148067501361
1054,1081,1.1905018481243133,0.974959172563963
1632,1642,1.1912313485875075,0.9755035383777899
382,406,1.2007179837715398,0.9760479041916168
841,852,1.2014248229844497,0.9765922700054437
1539,1554,1.20175691666077,0.9771366358192706
476,506,1.2018653619609267,0.9776810016330975
699,518,1.204675014451766,0.9782253674469243
1294,1240,1.2087725643825706,0.9787697332607512
359,386,1.2116824017860495,0.9793140990745781
1270,1275,1.2135936955355646,0.979858464888405
582,622,1.2142459923172737,0.9804028307022319
608,609,1.2145623648932542,0.9809471965160588
555,529,1.2162812481928427,0.9814915623298857
427,425,1.2181229050359548,0.9820359281437125
1083,1102,1.2243820688443066,0.9825802939575394
1659,1677,1.2251492533887358,0.9831246597713663
1188,1207,1.2255538506797166,0.9836690255851932
1236,1261,1.2266713686603907,0.9842133913990201
139,160,1.2317481379250523,0.9847577572128471
388,401,1.2336642146607346,0.985302123026674
108,90,1.2342647377820128,0.9858464888405009
852,880,1.2382154229585467,0.9863908546543277
1767,1770,1.2455898466303097,0.9869352204681546
150,145,1.2554769669782218,0.9874795862819815
1645,1643,1.2574198997003805,0.9880239520958084
607,634,1.2601443395440128,0.9885683179096353
238,258,1.2630794129352694,0.9891126837234622
857,867,1.2704705481158953,0.9896570495372891
1723,1739,1.2770459113589823,0.9902014153511159
28,42,1.278454990387381,0.9907457811649428
26,27,1.2813918552528811,0.9912901469787697
1090,1082,1.2871549290916846,0.9918345127925966
984,966,1.295669824291167,0.9923788786064235
1014,1039,1.3023517216454366,0.9929232444202504
652,684,1.3056842417867074,0.9934676102340773
506,499,1.3150715695451254,0.9940119760479041
513,530,1.3283222372945716,0.994556341861731
1120,1150,1.3442957063766698,0.995100707675558
56,69,1.3611537619495095,0.9956450734893849
620,635,1.3822210462418525,0.9961894393032118
625,623,1.4042774929765756,0.9967338051170387
1568,1585,1.4045181092285475,0.9972781709308656
45,43,1.4104936688584289,0.9978225367446925
1263,1262,1.4139999708015694,0.9983669025585193
1183,1208,1.4824930984145794,0.9989112683723462
1732,1740,1.5086415974703868,0.9994556341861731
47,44,1.5965610865784186,1.0
