Request Id,request_e2e_time,request_e2e_time_normalized,request_execution_time,request_execution_time_normalized,request_model_execution_time,request_model_execution_time_normalized,request_preemption_time,request_scheduling_delay,request_execution_plus_preemption_time,request_execution_plus_preemption_time_normalized,prefill_e2e_time,prefill_time_execution_plus_preemption,prefill_time_execution_plus_preemption_normalized,decode_time_execution_plus_preemption_normalized,request_inter_arrival_delay,request_num_tokens,request_num_prefill_tokens,request_num_decode_tokens,request_pd_ratio,request_num_restarts
0,63.415385244079154,0.13266816996669278,23.291451674879298,0.04872688634911987,23.291451674879298,0.04872688634911987,40.12393356920027,0.0,63.415385244079566,0.13266816996669364,0.7051401694767747,0.7051401694767747,0.00024090883822233507,0.13119298132762003,,3405,2927,478,6.123430962343096,0.0
1,40.51898754022607,0.1278201499691674,14.354541550913634,0.04528246546029537,14.354541550913634,0.04528246546029537,26.164445989312522,0.0,40.518987540226156,0.12782014996916768,0.8466715800153337,0.8466715800153337,0.0002444907825629032,0.12514926170413482,0.006332209760684715,3780,3463,317,10.92429022082019,0.0
2,32.294696916706926,0.12005463537809266,12.10700877316478,0.045007467558233386,12.10700877316478,0.045007467558233386,20.187688143542147,0.0,32.294696916706926,0.12005463537809266,0.8465403800153342,0.8465403800153342,0.00024424130987170633,0.1169076451178126,0.08040601601874137,3735,3466,269,12.884758364312267,0.0
3,8.56248542243917,0.13810460358772855,3.0608407185469515,0.049368398686241155,3.0608407185469515,0.049368398686241155,5.501644703892209,0.0,8.56248542243916,0.1381046035877284,0.9199304746465052,0.9199304746465052,0.00024170532702220317,0.12326701528697846,0.06314654641752837,3868,3806,62,61.38709677419355,0.0
4,31.85327015548846,0.13554583044888707,11.14544587683305,0.04742742926311936,11.14544587683305,0.04742742926311936,20.48596704957768,0.2218572290777996,31.631412926410732,0.13460175713366268,0.8391935141880786,0.617336285110279,0.00024114698637120276,0.1319747942182995,0.33339816820202073,2795,2560,235,10.893617021276595,0.0
5,5.892778251432635,0.11332265868139682,2.0621726578507475,0.03965716649712976,2.0621726578507475,0.03965716649712976,3.743177996404497,0.08742759717739501,5.805350654255244,0.11164135873567778,0.49571223956415067,0.40828464238675566,0.00024360658853625039,0.10378973099747085,0.2822932521996482,1728,1676,52,32.23076923076923,0.0
6,37.48436608732345,0.12578646338028004,13.495653107319429,0.04528742653462896,13.495653107319429,0.04528742653462896,23.987274413636282,0.0014385663677407567,37.48292752095571,0.12578163597636144,0.6187748514780198,0.617336285110279,0.0002416188982819096,0.12371003770417932,0.556822024887845,2853,2555,298,8.573825503355705,0.0
7,19.945607738431995,0.1424686267030857,5.937390631551897,0.04240993308251355,5.937390631551897,0.04240993308251355,13.983384010936692,0.024833095943388006,19.92077464248859,0.14229124744634705,0.3991741303276124,0.3743410343842244,0.00024611507849061433,0.13961738291503129,0.022738101151641432,1661,1521,140,10.864285714285714,0.0
8,7.616504253815371,0.1952949808670608,2.241845635833672,0.05748322143163261,2.241845635833672,0.05748322143163261,5.351857681239052,0.02280093674264383,7.593703317072723,0.19471034146340316,0.860916705653735,0.8381157689110912,0.00024427740277210467,0.1732201935426061,0.13701153984912273,3470,3431,39,87.97435897435898,0.0
9,114.0666441675735,0.1183263943647028,45.71553115056679,0.047422750156189616,45.71553115056679,0.047422750156189616,68.3368836534422,0.01422936356413218,114.05241480400899,0.11831163361411721,0.7142081832981928,0.6999788197340606,0.00024162196055714898,0.11758551450650967,0.007562544301839669,3861,2897,964,3.0051867219917012,0.0
10,61.39344578462674,0.11518470128447794,24.5040120651058,0.0459737562197107,24.5040120651058,0.0459737562197107,36.49965022733566,0.38978349218545993,61.00366229244146,0.11445340017343614,0.9863457405633898,0.5965622483779298,0.00024409257298605967,0.11333414642413386,0.06167917398995604,2977,2444,533,4.585365853658536,0.0
11,19.80353850089541,0.13657612759238213,6.404179679545047,0.0441667564106555,6.404179679545047,0.0441667564106555,13.382416831130191,0.016941990220155523,19.78659651067524,0.1364592862805189,0.6179091700266561,0.6009671798065006,0.00024232547572842767,0.13231468504047417,0.17597888196653844,2625,2480,145,17.103448275862068,0.0
12,28.74532854841227,0.1289028186027456,10.96498025622224,0.049170315050323946,10.96498025622224,0.049170315050323946,17.17137578771477,0.608972504475324,28.13635604393701,0.12617200019702696,1.5204340448664995,0.9114615403911754,0.00024331594778194754,0.12208472871545188,0.006723600920076844,3969,3746,223,16.798206278026907,0.0
13,12.13067862045898,0.11553027257579981,4.142946862282022,0.0394566367836383,4.142946862282022,0.0394566367836383,7.573328149046269,0.4144036091307015,11.71627501132829,0.11158357153645991,0.9380901423483841,0.5236865332176825,0.00025008907985562683,0.10659608074391044,0.05542291729091997,2199,2094,105,19.942857142857143,0.0
14,32.55292990168647,0.12330655265790329,12.14070485458425,0.045987518388576704,12.14070485458425,0.045987518388576704,19.92637770702202,0.48584734008021124,32.06708256160627,0.12146622182426617,1.3749758421277365,0.8891285020475252,0.00024453479154222367,0.11809831083166186,0.26237300030564326,3900,3636,264,13.772727272727273,0.0
15,20.14486675007332,0.12358813957100195,7.497687351491756,0.04599808191099237,7.497687351491756,0.04599808191099237,12.550622060632124,0.09655733794941579,20.048309412123878,0.12299576326456367,0.9283521084474837,0.8317947704980679,0.0002450780113429782,0.11789272786273519,0.19683231356060027,3557,3394,163,20.822085889570552,0.0
16,30.875847064949376,0.13194806438012555,11.255923395246445,0.048102236731822415,11.255923395246445,0.048102236731822415,18.676374460735378,0.9435492089676303,29.932297855981822,0.1279158028033411,1.6104032404267237,0.6668540314590934,0.0002402211928887224,0.12506599925009682,0.06225660474170569,3010,2776,234,11.863247863247864,0.0
17,18.544241015746366,0.12041714945289848,6.103464166669501,0.039632884199152604,6.103464166669501,0.039632884199152604,12.246600801911946,0.19417604716499426,18.350064968581446,0.11915626602974964,0.49922077532385645,0.3050447281588622,0.0002591713918087189,0.11717545610663967,0.22245217657544059,1331,1177,154,7.642857142857143,0.0
18,26.404323573851734,0.12281080732024062,9.748907810786077,0.045343757259470124,9.748907810786077,0.045343757259470124,16.17641553937144,0.4790002236942157,25.92532335015752,0.12058289930305822,1.3256718037095494,0.8466715800153337,0.0002446320658813446,0.11664489195414969,0.41443452355577426,3676,3461,215,16.09767441860465,0.0
19,27.15320456470854,0.11857294569741719,10.538533205358348,0.046019795656586676,10.538533205358348,0.046019795656586676,16.38709254791411,0.22757881143599645,26.92562575327246,0.1175791517610151,0.9327189809127714,0.7051401694767749,0.0002409911720699846,0.11449993704714309,0.0016299921385667382,3155,2926,229,12.777292576419214,0.0
20,9.07360493738091,0.20621829403138434,2.274566187397701,0.05169468607722048,2.274566187397701,0.05169468607722048,6.236893667348901,0.5621450826343044,8.511459854746601,0.1934422694260591,1.2348818618089505,0.6727367791746461,0.0002393229381624497,0.17815279717208998,0.4097414655226377,2855,2811,44,63.88636363636363,0.0
21,28.962877231898293,0.12430419412831885,10.766863908796026,0.04620971634676406,10.766863908796026,0.04620971634676406,18.187372878762762,0.008640444339582665,28.954236787558788,0.12426711067621797,0.8715976014741518,0.8629571571345691,0.00024384209017648182,0.12056343189023236,0.29944748524337106,3772,3539,233,15.188841201716738,0.0
22,37.17145242842359,0.12107964960398564,13.701630867537732,0.04463071943823366,13.701630867537732,0.04463071943823366,22.958942471705527,0.510879089180329,36.66057333924326,0.11941554833629725,0.9018994413099204,0.3910203521295914,0.0002468562829100956,0.11814186640753638,0.10397377162464494,1891,1584,307,5.159609120521172,0.0
23,43.79986280642908,0.11869881519357475,17.512381267274748,0.04745902782459281,17.512381267274748,0.04745902782459281,26.210171847654053,0.0773096915003002,43.7225531149288,0.1184893038344954,0.959383195168777,0.8820735036684768,0.00024495237535919934,0.11609886073512278,0.042246567021817505,3970,3601,369,9.75880758807588,0.0
24,17.65106977230967,0.14234733687346507,5.818764207477519,0.04692551780223806,5.818764207477519,0.04692551780223806,11.793091526913068,0.03921403791911704,17.611855734390588,0.14203109463218216,0.6518652457324787,0.6126512078133617,0.00024205895211906823,0.1370903590852999,0.75,2655,2531,124,20.411290322580644,0.0
25,3.1873978723208882,0.09374699624473201,1.9234060348254194,0.05657076573015939,1.9234060348254194,0.05657076573015939,1.25843250004284,0.005559337452632818,3.1818385348682594,0.09358348631965469,0.812654698742528,0.8070953612898952,0.00024457435190602885,0.06984538745818707,0.10259223247027105,3334,3300,34,97.05882352941177,0.0
26,17.17958134860795,0.10165432750655592,7.4115853105238685,0.04385553438179804,7.4115853105238685,0.04385553438179804,9.751647062327423,0.016348975756645956,17.16323237285129,0.10155758800503722,0.7163277954907068,0.6999788197340608,0.00024103953847591628,0.09741570149773515,0.02433316283498943,3073,2904,169,17.183431952662723,0.0
27,22.070086785364676,0.11317993223263936,9.004422437756366,0.04617652532182752,9.004422437756366,0.04617652532182752,13.008636218993654,0.0570281286146086,22.01305865675002,0.11288748029102574,0.8595516150189475,0.8025234864043389,0.00024519507681159146,0.1087719752325422,0.025429671248907937,3468,3273,195,16.784615384615385,0.0
28,19.37331510890487,0.1274560204533215,7.2260192868582305,0.047539600571435726,7.2260192868582305,0.047539600571435726,12.117924078276616,0.029371743770025383,19.343943365134848,0.1272627852969398,0.6706898939005503,0.641318150130525,0.00024283156006456834,0.12304358694081788,0.4701384354082849,2793,2641,152,17.375,0.0
29,26.14918573442657,0.11778912492984941,9.974783190311962,0.044931455812216047,9.974783190311962,0.044931455812216047,16.11306148160335,0.061341062511342415,26.087844671915313,0.11751281383745636,0.6057564593807694,0.544415396869427,0.00024904638466122003,0.11506049222993603,0.23141236673900334,2408,2186,222,9.846846846846846,0.0
30,8.205588375595859,0.08919117799560716,3.854573382259646,0.0418975367636918,3.854573382259646,0.0418975367636918,4.332291258033552,0.018723735302642375,8.186864640293198,0.08898765913362172,0.47387080002349435,0.455147064720852,0.00023742674216006883,0.08404040843013438,0.41143248485131423,2009,1917,92,20.83695652173913,0.0
31,28.98887538202213,0.11784095683748833,11.745490540101638,0.047745896504478205,11.745490540101638,0.047745896504478205,17.241569936356964,0.0018149055634451017,28.987060476458602,0.11783357917259595,0.8599292059317571,0.858114300368312,0.00024454668007076435,0.11434530965890394,0.32708510761156706,3755,3509,246,14.264227642276422,0.0
32,10.454856584186391,0.1393980877891519,3.9594681820153115,0.05279290909353749,3.9594681820153115,0.05279290909353749,6.46935022187289,0.026038180298184166,10.4288184038882,0.13905091205184267,0.9534614379219315,0.9274232576237473,0.0002416423287190587,0.12668526861685944,0.19209060600754224,3913,3838,75,51.17333333333333,0.0
33,13.070480488894294,0.14363165372411313,4.332543530751814,0.04761036846980016,4.332543530751814,0.04761036846980016,8.730609600470471,0.007327357672061829,13.063153131222286,0.14355113331013503,0.7213444608454749,0.714017103173413,0.00024065288276825517,0.13570479151701997,0.75,3058,2967,91,32.604395604395606,0.0
34,11.475934138919431,0.11034552056653299,4.850528474950307,0.046639696874522185,4.850528474950307,0.046639696874522185,6.614737315384259,0.010668348584844445,11.465265790334566,0.11024294029167853,0.6739274098852057,0.6632590613003613,0.00024066003675629944,0.10386544931763678,0.11891867071224649,2860,2756,104,26.5,0.0
35,18.152413584628608,0.11787281548460135,7.071779103169992,0.04592064352707787,7.071779103169992,0.04592064352707787,11.064516097332593,0.01611838412599731,18.136295200502584,0.11776815065261419,0.4628086434115106,0.4466902592855133,0.00023989809843475473,0.11486756455335778,0.2007631863716215,2016,1862,154,12.090909090909092,0.0
36,16.699497440465198,0.13688112656119014,6.41134781586572,0.05255203127758787,6.41134781586572,0.05255203127758787,10.271088106006365,0.01706151859312044,16.682435921872084,0.13674127804813183,0.9364742332396236,0.9194127146465032,0.00024233334597957386,0.12920510825594733,0.44211524614637465,3916,3794,122,31.098360655737704,0.0
37,76.35518529556614,0.12043404620751758,30.894106055672662,0.04872887390484647,30.894106055672662,0.04872887390484647,45.439319102595896,0.02176013729775761,76.33342515826855,0.12039972422439835,0.7363954804711703,0.7146353431734127,0.00024069900410017268,0.11927253914052835,0.24092405128171102,3603,2969,634,4.682965299684542,0.0
38,16.29571589436388,0.1243947778195716,5.941680074972155,0.04535633645016912,5.941680074972155,0.04535633645016912,10.340987364200235,0.01304845519145914,16.28266743917239,0.12429517129139228,0.3293848751367836,0.31633641994532447,0.00025226189788303386,0.12188038945974884,0.494594983835853,1385,1254,131,9.572519083969466,0.0
39,317.41414461385267,0.09763584885076981,152.19554347339422,0.04681499337846639,152.19554347339422,0.04681499337846639,165.2052257636128,0.01337537685387069,317.400769237007,0.09763173461612028,0.10886779063046248,0.09549241377659179,0.0002984137930518493,0.09760236137287671,0.2153039853372114,3571,320,3251,0.09843125192248539,0.0
40,36.155661508813054,0.1291273625314752,14.260468561784293,0.050930244863515335,14.260468561784293,0.050930244863515335,21.864918963631858,0.030273983397078652,36.12538752541615,0.12901924116220054,0.9227717818286632,0.8924977984315845,0.0002442522710540735,0.12583174902494423,0.3048323930619574,3934,3654,280,13.05,0.0
41,29.358921963062176,0.12876720159237798,11.287429674986251,0.04950627050432566,11.287429674986251,0.04950627050432566,18.054370863939823,0.01712142413616391,29.341800538926073,0.12869210762686875,0.8437843179419247,0.8266628938057607,0.0002456650501651592,0.12506639318035198,0.011726885064222259,3593,3365,228,14.758771929824562,0.0
42,6.585535526086645,0.13719865679347176,2.8471851456556094,0.05931635720115853,2.8471851456556094,0.05931635720115853,3.7042759332636646,0.03407444716736663,6.551461078919274,0.1364887724774849,1.0002251486614409,0.9661507014940742,0.00023962070969595095,0.11636063286302507,0.06465974258679097,4080,4032,48,84.0,0.0
43,25.867538467321676,0.12998763048905365,9.710975446461235,0.04879887159025746,9.710975446461235,0.04879887159025746,16.141780892636852,0.01478212822352809,25.852756339098086,0.12991334843767882,0.5723884988815318,0.5576063706580037,0.00024596663901985165,0.12711130637407106,0.08540716429492079,2466,2267,199,11.391959798994975,0.0
44,25.25748183622104,0.12381118547167176,10.372833637066257,0.050847223711109106,10.372833637066257,0.050847223711109106,14.144459089886888,0.7401891092679822,24.517292726953144,0.12018280748506444,1.5237055257413612,0.783516416473379,0.00024600201459132776,0.1163420407376455,0.02078888061474693,3389,3185,204,15.612745098039216,0.0
45,20.781260265654744,0.12907615071835243,7.840825208075355,0.04870077768990903,7.840825208075355,0.04870077768990903,12.333755496232014,0.606679561347466,20.174580704307367,0.12530795468513892,1.2413731909650885,0.6346936296176224,0.0002427126690698365,0.12136575822788606,0.06624896909799993,2776,2615,161,16.242236024844722,0.0
46,13.61456033291373,0.12723888161601615,4.854986695135222,0.04537370743117029,4.854986695135222,0.04537370743117029,7.958411961752583,0.8011616760259042,12.813398656887806,0.11975138931670846,1.0928690731085116,0.2917073970826074,0.00026374990694629966,0.11702515196079642,0.026618458627869046,1213,1106,107,10.336448598130842,0.0
47,31.402179897945572,0.12869745859813758,11.944531178852836,0.04895299663464277,11.944531178852836,0.04895299663464277,19.080339923543995,0.3773087955488421,31.02487110239683,0.12715111107539684,0.9799767452774226,0.6026679497285805,0.00024213256316937747,0.12468116046175473,0.08142339499207374,2733,2489,244,10.200819672131148,0.0
48,390.7945119054619,0.11014501462949884,169.12268741555891,0.04766704831329169,169.12268741555891,0.04766704831329169,220.57484350575902,1.0969809841397975,389.69753092131793,0.10983583171401294,1.162480548920664,0.06549956478086649,0.00034292965853856803,0.10981737073183237,0.252433718883621,3739,191,3548,0.05383314543404735,0.0
49,24.37046749701033,0.12759407066497555,8.971846161295941,0.046973016551287654,8.971846161295941,0.046973016551287654,14.631190224732974,0.7674311109814962,23.603036386028915,0.12357610673313568,1.084233011088438,0.31680190010694176,0.0002512306900134352,0.12191745804147588,0.11346650748002851,1452,1261,191,6.602094240837697,0.0
50,172.42216314825416,0.1170551005758684,69.87902280463162,0.0474399340153643,69.87902280463162,0.0474399340153643,102.01317557943219,0.5299647641896765,171.89219838406382,0.1166953145852436,1.0608914010843478,0.5309266368946712,0.00025114788878650486,0.11633487559210443,0.1155806875631118,3587,2114,1473,1.4351663272233537,0.0
51,12.246003527869165,0.12756253674863713,4.98620564313414,0.05193964211598062,4.98620564313414,0.05193964211598062,6.820076682497781,0.43972120223722655,11.806282325631921,0.12298210755866584,1.2199581270049773,0.7802369247677508,0.00024551193353296123,0.11485463959233529,0.058774629113434784,3274,3178,96,33.104166666666664,0.0
52,12.567834372414563,0.13370036566398472,4.8023450214869765,0.05108877682432954,4.8023450214869765,0.05108877682432954,6.968475456448532,0.7970138944790914,11.770820477935509,0.12522149444612243,1.3919620628570222,0.5949481683779307,0.0002445327449148914,0.11889225861231426,0.07764483028499747,2527,2433,94,25.882978723404257,0.0
53,11.45232768572607,0.121833273252405,4.416327756167689,0.04698221017199669,4.416327756167689,0.04698221017199669,6.8935552637679685,0.14244466579051185,11.309883019935658,0.12031790446740061,0.5507293081772673,0.40828464238675544,0.0002434613252157158,0.11597445082498727,0.689788198336382,1771,1677,94,17.840425531914892,0.0
54,20.50127800154746,0.11022192473950246,8.814783723295005,0.04739131034029572,8.814783723295005,0.04739131034029572,11.674417121319273,0.012077156933159472,20.489200844614277,0.11015699378824881,0.4614967212324217,0.4494195642992622,0.00023892587150412664,0.10774075957158621,0.26105615867646925,2067,1881,186,10.112903225806452,0.0
55,31.481049234959368,0.11924639861727034,12.71956870531291,0.04818018448982163,12.71956870531291,0.04818018448982163,18.728754312418268,0.03272621722825164,31.448323017731177,0.11912243567322416,0.41556006011974667,0.382833842891495,0.00024667129052287053,0.1176723074804531,0.23484570699906726,1816,1552,264,5.878787878787879,0.0
56,35.03761762004391,0.1208193711035997,14.660380544232119,0.0505530363594211,14.660380544232119,0.0505530363594211,20.217890673306606,0.1593464025053244,34.878271217538725,0.12026990075013354,0.9589727915763273,0.7996263890710029,0.0002450586543276135,0.11751256837402614,0.04692559633977922,3553,3263,290,11.251724137931035,0.0
57,13.031242000934073,0.109506235301967,6.191201137033939,0.05202690031120957,6.191201137033939,0.05202690031120957,6.817290341575541,0.02275052232471353,13.00849147860948,0.10931505444209648,0.9388605957699756,0.9161100734452621,0.00024248546147307096,0.10161665046356384,0.32652611417809574,3897,3778,119,31.747899159663866,0.0
58,6.629925296769029,0.10523690947252427,3.1580559300863102,0.05012787190613191,3.1580559300863102,0.05012787190613191,3.469391651868751,0.002477714813972298,6.627447581955061,0.10519758066595335,0.5932826586135409,0.5908049437995686,0.0002445384701157155,0.09581972441516648,0.044603050201985184,2479,2416,63,38.34920634920635,0.0
59,16.2742376831812,0.11966351237633237,6.7205743002491785,0.049415987501832195,6.7205743002491785,0.049415987501832195,9.521946861165313,0.031716521766677275,16.24252116141449,0.11943030265745949,0.5692104423199122,0.537493920553235,0.0002496488251524547,0.11547814147692124,0.11928946667358709,2289,2153,136,15.830882352941176,0.0
60,23.859771188322316,0.11582413198214717,10.350566169244614,0.05024546684099327,10.350566169244614,0.05024546684099327,13.473447880474373,0.035757138603417005,23.824014049718986,0.11565055363941255,0.621869753527502,0.586112614924085,0.000246369321111427,0.11280534677084861,0.75,2585,2379,206,11.548543689320388,0.0
61,9.4613812320562,0.1182672654007025,4.004910694278028,0.050061383678475346,4.004910694278028,0.050061383678475346,5.454835270438359,0.0016352673399122608,9.459745964716387,0.11824682455895483,0.5242451872242597,0.5226099198843475,0.0002511340316599459,0.11171420056039924,0.2554126451150598,2161,2081,80,26.0125,0.0
62,14.34170314997331,0.12691772699091425,5.593187736163862,0.049497236603220016,5.593187736163862,0.049497236603220016,8.736677891584586,0.011837522224835695,14.329865627748447,0.1268129701570659,0.5355240554425187,0.523686533217683,0.00025020856818809507,0.1221785760577946,0.2035180175418656,2206,2093,113,18.52212389380531,0.0
63,25.285939342355732,0.1258006932455509,10.424517530174851,0.05186327129440225,10.424517530174851,0.05186327129440225,14.859000715609513,0.0024210965714352994,25.283518245784364,0.12578864798897693,0.8748328396695939,0.8724117430981586,0.000243418455105513,0.12144829105813999,0.288489697333846,3785,3584,201,17.83084577114428,0.0
64,23.742790541505354,0.11146850019486082,11.088937366861389,0.05206073881155582,11.088937366861389,0.05206073881155582,12.644064760867746,0.009788413776272264,23.733002127729137,0.11142254520060628,0.8391715333828991,0.8293831196066268,0.00024451153290289704,0.1075287277376641,0.46264168366187697,3605,3392,213,15.924882629107982,0.0
65,6.021130560424401,0.1627332583898487,2.488515427384665,0.06725717371309906,2.488515427384665,0.06725717371309906,3.5191085749522077,0.013506558087575726,6.007624002336873,0.16236821627937495,0.8852091811857363,0.8717026230981606,0.00024410602719074785,0.13880868592536932,0.3740272080610847,3608,3571,37,96.51351351351352,0.0
66,19.58795156150491,0.12886810237832177,7.590887434700744,0.0499400489125049,7.590887434700744,0.0499400489125049,11.978031446374487,0.019032680429667437,19.56891888107523,0.12874288737549494,0.525278381866018,0.5062457014363506,0.0002464682090731989,0.12541232355025586,0.06503231437766388,2206,2054,152,13.513157894736842,0.0
67,26.462230139028563,0.1266135413350649,10.708183841853913,0.051235329386860824,10.708183841853913,0.051235329386860824,15.74967090005072,0.004375397124027458,26.457854741904633,0.12659260642059633,0.7620679893066615,0.7576925921826341,0.00024592424283759624,0.12296728301302347,0.00815668870503572,3290,3081,209,14.741626794258373,0.0
68,24.289131879766614,0.11193148331689684,11.060601395230519,0.05097051334207612,11.060601395230519,0.05097051334207612,12.931324673186694,0.297205811349448,23.991926068417214,0.11056187128302863,0.8990744010780265,0.6018685897285785,0.00024259112846778657,0.10778828331192897,0.09474951088966677,2698,2481,217,11.433179723502304,0.0
69,15.073084889343601,0.12354987614216066,6.4676549567351165,0.0530135652191403,6.4676549567351165,0.0530135652191403,7.9660644736685455,0.6393654589400182,14.433719430403663,0.11830917565904642,1.4364106338376423,0.7970451748976242,0.0002453956819266084,0.11177601848775376,0.07790520827335179,3370,3248,122,26.62295081967213,0.0
70,47.7618261972442,0.11735092431755331,19.908919234028644,0.04891626347427185,19.908919234028644,0.04891626347427185,27.567681792684873,0.28522517053080243,47.47660102671352,0.11665012537276048,1.096710327064324,0.8114851565335215,0.00024471808098115846,0.1146563043493363,0.05924180346716135,3723,3316,407,8.147420147420148,0.0
71,17.052775582425305,0.11368517054950203,8.044270666877564,0.05362847111251709,8.044270666877564,0.05362847111251709,8.99345871388411,0.015046201663595937,17.037729380761675,0.11358486253841117,0.9344589163100974,0.9194127146465014,0.00024239723560413957,0.10745544444076806,0.7157803263133644,3943,3793,150,25.286666666666665,0.0
72,19.574713202154964,0.11380647210555211,8.727542374864402,0.05074152543525815,8.727542374864402,0.05074152543525815,10.832723448773308,0.014447378517310483,19.56026582363771,0.11372247571882389,0.4109322243496436,0.3964848458323331,0.00024626387939896466,0.11141733126631,0.5226107116279746,1782,1610,172,9.36046511627907,0.0
73,21.671401592113334,0.12673334264393762,8.620046483024398,0.050409628555698235,8.620046483024398,0.050409628555698235,13.007043892720333,0.0443112163686763,21.62709037574473,0.1264742127236534,0.6243902241514547,0.5800790077827784,0.0002461090402133129,0.12308193782433847,0.09446657606046571,2528,2357,171,13.783625730994151,0.0
74,12.108216158781605,0.13604737257057983,4.752980495789079,0.05340427523358516,4.752980495789079,0.05340427523358516,7.351451446020029,0.0037842169724662256,12.104431941809107,0.136004853278754,0.6238620110639808,0.6200777940915145,0.00024174572869064894,0.12903768705300703,0.2663707911482476,2654,2565,89,28.820224719101123,0.0
75,301.35696907369106,0.09671276286061972,146.17206521957542,0.046910162137219324,146.17206521957542,0.046910162137219324,155.16727329879095,0.01763055533153235,301.3393385183664,0.09670710478766573,0.16761358416357197,0.14998302883203962,0.0002878752952630319,0.09665897159484194,0.12589295783689636,3637,521,3116,0.167201540436457,0.0
76,31.836954415745346,0.12534234021946986,13.245330176773347,0.05214696919989507,13.245330176773347,0.05214696919989507,18.581273387744005,0.01035085122813939,31.826603564517352,0.1253015888366825,0.8074326002991441,0.7970817490710047,0.0002449544404028902,0.12216347171435513,0.6149489157885313,3508,3254,254,12.811023622047244,0.0
77,25.163089367220596,0.1221509192583524,10.445084625646247,0.050704294299253626,10.445084625646247,0.050704294299253626,14.688815439973656,0.029189301600695217,25.133900065619905,0.1220092236195141,0.603628791434236,0.5744394898335408,0.0002459073158533993,0.11922068240672991,0.15351554941840462,2542,2336,206,11.339805825242719,0.0
78,16.825414663919855,0.12650687717232972,6.62950443239946,0.04984589798796586,6.62950443239946,0.04984589798796586,10.179890179290297,0.01602005223007552,16.809394611689758,0.1263864256518027,0.38259836868923003,0.3665783164591545,0.0002488651164013269,0.12363019770850094,0.07693043857013038,1606,1473,133,11.075187969924812,0.0
79,25.663215089425872,0.12105290136521638,11.084846197768291,0.05228701036683156,11.084846197768291,0.05228701036683156,14.57411935966044,0.004249531997189138,25.65896555742873,0.12103285640296571,0.9218904854424501,0.917640953445261,0.00024237743091528287,0.11670436133954444,0.07079887394942119,3998,3786,212,17.858490566037737,0.0
80,51.00890307140492,0.11890187196131684,21.855355582790928,0.050944884808370464,21.855355582790928,0.050944884808370464,28.853383448280805,0.30016404033351307,50.70873903107173,0.11820218888361708,1.034764125378036,0.7346000850445229,0.0002402223953710016,0.11648983437302304,0.20602369802767484,3487,3058,429,7.128205128205129,0.0
81,55.07175580005509,0.11742378635406202,22.952138599665346,0.04893846183297515,22.952138599665346,0.04893846183297515,31.94594563180772,0.17367156858221122,54.898084231473064,0.11705348450207476,0.46058275888271183,0.2869111903005006,0.0002651674586880782,0.11644173356326731,0.07620421230479835,1551,1082,469,2.307036247334755,0.0
82,7.151848603410908,0.13494053968699826,3.068712771534265,0.05790024097234462,3.068712771534265,0.05790024097234462,4.0425864687613,0.04054936311530355,7.1112992402955655,0.13417545736406727,0.6818675132458303,0.6413181501305267,0.00024255603257584217,0.12207511490877505,0.2196199105295804,2697,2644,53,49.886792452830186,0.0
83,12.233026167378778,0.10825686873786529,6.143662785987678,0.05436869722112989,6.143662785987678,0.05436869722112989,6.04815191615948,0.04121146523155872,12.191814702147157,0.10789216550572706,0.8172780926792989,0.7760666274477401,0.00024566844806829383,0.10102431924512814,0.5702618840721954,3272,3159,113,27.95575221238938,0.0
84,21.304869816788518,0.11154382103030637,10.113459975794262,0.05295005222928933,10.113459975794262,0.05295005222928933,11.150188463646067,0.041221377348247046,21.26364843944033,0.11132800230073472,0.8381103922458735,0.7968890148976264,0.0002464097139448443,0.10715580850545887,0.1274567411232148,3425,3234,191,16.93193717277487,0.0
85,125.27893306321945,0.11514607818310611,53.0631934194784,0.048771317481138235,53.0631934194784,0.048771317481138235,72.20955802008837,0.006181623651016821,125.27275143956678,0.11514039654371946,0.6454971856582539,0.639315562007237,0.00024262450171052638,0.11455279032864081,0.06189772916260594,3723,2635,1088,2.421875,0.0
86,25.924548518187006,0.1432295498242376,9.160484911749176,0.05061041387706727,9.160484911749176,0.05061041387706727,16.726326188447363,0.03773741799046704,25.88681110019654,0.14302105580219082,0.5834316403837043,0.5456942223932373,0.00024883457473471834,0.14000617059559836,0.75,2374,2193,181,12.116022099447514,0.0
87,14.601296738308612,0.11497084045912292,6.603946959612892,0.05199958235915663,6.603946959612892,0.05199958235915663,7.962028229189109,0.03532154950655908,14.565975188802,0.11469271802206299,0.5992212007144033,0.5638996512078442,0.0002454939709220045,0.11025256328814338,0.17809590181947854,2424,2297,127,18.086614173228348,0.0
88,25.567915465469458,0.11363517984653092,11.603325750889974,0.05157033667062211,11.603325750889974,0.05157033667062211,13.946832355224728,0.017757359354927615,25.5501581061147,0.11355625824939868,0.6029880542790131,0.5852306949240855,0.00024651672069253815,0.1109552329386242,0.023827633298889594,2599,2374,225,10.551111111111112,0.0
89,12.101331612981305,0.11981516448496342,5.416385110617579,0.053627575352649295,5.416385110617579,0.053627575352649295,6.668434777959465,0.01651172440428894,12.084819888577044,0.11965168206511925,0.6578298745348157,0.6413181501305267,0.000242831560064569,0.11330199741036127,0.012065624401472519,2742,2641,101,26.14851485148515,0.0
90,45.85183577459071,0.11405929297161868,19.765441436280646,0.04916776476686728,19.765441436280646,0.04916776476686728,25.745986772042784,0.3404075662675332,45.51142820832343,0.11321250798090406,1.1785233351786246,0.8381157689110914,0.00024449118112925656,0.11112764288410967,0.029034914596330452,3830,3428,402,8.527363184079602,0.0
91,13.247740398412233,0.10858803605255929,6.380605784283621,0.05230004741216083,6.380605784283621,0.05230004741216083,6.579684935001989,0.28744967912656705,12.96029071928561,0.10623189114168533,0.8680726869093469,0.5806230077827799,0.00024550655720202106,0.10147268615985973,0.2468433492911437,2487,2365,122,19.385245901639344,0.0
92,9.724249005581818,0.08682365183555195,6.278809460535925,0.05606079875478504,6.278809460535925,0.05606079875478504,3.4260422423545975,0.019397302691352536,9.704851702890522,0.08665046163295109,0.8605956560400188,0.8411983533486662,0.0002441794929894532,0.07913976204948035,0.39264970788261877,3557,3445,112,30.758928571428573,0.0
93,26.764650077624395,0.11687620121233361,11.568803734993825,0.05051879360259312,11.568803734993825,0.05051879360259312,15.152212307088455,0.04363403554216916,26.72101604208228,0.1166856595724117,0.6311402185163395,0.5875061829741703,0.00024592138257604454,0.11412013038911815,0.13711455194591338,2618,2389,229,10.43231441048035,0.0
94,14.520085316778378,0.13081157943043584,5.897518533484185,0.05313079759895662,5.897518533484185,0.05313079759895662,8.237059892815608,0.38550689047857745,14.134578426299793,0.12733854438107922,1.0202005200961999,0.6346936296176224,0.00024317763586882086,0.1216205837538935,0.016408835580371317,2721,2610,111,23.513513513513512,0.0
95,7.393787103890194,0.10873216329250285,3.5698523127645516,0.052497828128890464,3.5698523127645516,0.052497828128890464,3.622197942112262,0.20173684901334354,7.192050254876813,0.10576544492465902,0.5637554494234358,0.36201860041009226,0.0002498403039407124,0.10044164197745233,0.1201627424870999,1517,1449,68,21.308823529411764,0.0
96,6.600654637316822,0.14668121416259605,3.1334359321177563,0.06963190960261681,3.1334359321177563,0.06963190960261681,1.820575978853288,1.6466427263457604,4.954011910971044,0.11008915357713431,2.612793427839833,0.9661507014940725,0.00023979913166891846,0.08861913798837753,0.75,4074,4029,45,89.53333333333333,0.0
97,13.493557988308595,0.11339124359923189,6.134520700477362,0.0515505941216585,6.134520700477362,0.0515505941216585,7.32935031857825,0.0296869692529782,13.463871019055611,0.11314177326937488,0.5062048586667984,0.47651788941382023,0.00023945622583609056,0.1091374212574941,0.18828499633761808,2109,1990,119,16.722689075630253,0.0
98,24.083184049068223,0.13761819456610414,9.232736924905938,0.052758496713748215,9.232736924905938,0.052758496713748215,14.835824159483195,0.014622964679134043,24.06856108438913,0.1375346347679379,0.9139885086475132,0.8993655439683792,0.00024392881583085957,0.13239540308811834,0.75,3862,3687,175,21.068571428571428,0.0
99,30.026448815599554,0.11079870411660352,13.751035479853188,0.050741828338941655,13.751035479853188,0.050741828338941655,16.268689773619837,0.006723562126634164,30.019725253473027,0.11077389392425471,0.7327920411267215,0.7260684790000873,0.0002404996618085748,0.1080946744445492,0.4929244311078058,3290,3019,271,11.140221402214022,0.0
100,17.94304361502416,0.13696979858797068,6.940748941603818,0.05298281634812075,6.940748941603818,0.05298281634812075,8.888514448017915,2.1137802254024507,15.829263389621733,0.12083407167650179,2.673656287715147,0.5598760623126964,0.00024523699619478597,0.1165602086054123,0.002886859427970734,2414,2283,131,17.427480916030536,0.0
101,12.977031723929699,0.1310811285245424,5.189176985175338,0.052415929143185234,5.189176985175338,0.052415929143185234,7.763381519465586,0.02447321928877244,12.952558504640924,0.13083392428930227,0.4925545096021402,0.46808129031336776,0.0002400416873401886,0.12610583044775311,0.3188867326682612,2049,1950,99,19.696969696969695,0.0
102,28.816300213684986,0.12262255410078718,11.587668652540975,0.049309228308685,11.587668652540975,0.049309228308685,17.225910371350867,0.0027211897932986062,28.81357902389184,0.1226109745697525,0.4372774972129001,0.4345563074196015,0.00024008635769038757,0.12076179879349824,0.28619838037354484,2045,1810,235,7.702127659574468,0.0
103,22.69211102265938,0.1140307086565798,10.131625684238571,0.050912691880595835,10.131625684238571,0.050912691880595835,12.532432963841863,0.028052374578997785,22.664058648080434,0.11388974195015293,0.5840059090123368,0.5559535344333391,0.0002469806905523497,0.1110960055962163,0.19249103643962684,2450,2251,199,11.311557788944723,0.0
104,28.12055864925684,0.1206890929152654,12.33932668041743,0.05295848360694176,12.33932668041743,0.05295848360694176,13.982744610553073,1.798487358286554,26.322071290970506,0.11297026305137556,2.6874234138876787,0.8889360556011248,0.00024549463010249234,0.10915508684707795,0.0775927799471603,3854,3621,233,15.540772532188841,0.0
105,14.909336495773324,0.12852876289459764,5.93392985590304,0.05115456772330207,5.93392985590304,0.05115456772330207,8.961190276807702,0.014216363062551807,14.895120132710742,0.12840620804060984,0.3859802240020187,0.3717638609394669,0.000246201232410243,0.1252013471704423,0.2560816213784669,1626,1510,116,13.017241379310345,0.0
106,23.56184217087451,0.12271792797330473,9.827421680796576,0.0511844879208155,9.827421680796576,0.0511844879208155,13.711106855612226,0.023313634465832678,23.5385285364088,0.12259650279379584,0.7134746309172009,0.6901609964513682,0.00024199193423961017,0.11900191427061098,0.029569838524341918,3044,2852,192,14.854166666666666,0.0
107,29.45196726703614,0.10827929142292698,13.997699974504402,0.05146213225920736,13.997699974504402,0.05146213225920736,15.376134160515605,0.07813313201624084,29.373834135020005,0.10799203726110296,1.0045468744866994,0.9264137424704586,0.00024245321708203576,0.10458610438437294,0.1426285371461269,4093,3821,272,14.047794117647058,0.0
108,10.261613547595374,0.12216206604280207,4.424818510540589,0.052676410839768914,4.424818510540589,0.052676410839768914,3.7288092199321987,2.107985817122657,8.153627730472788,0.09706699679134272,2.4797496780621238,0.3717638609394669,0.0002458755694044093,0.09264123654206251,0.1511575997160861,1596,1512,84,18.0,0.0
109,20.680613941294816,0.13006675434776613,8.59014057889652,0.054026041376707676,8.59014057889652,0.054026041376707676,12.059984046070209,0.030489316328054628,20.65012462496673,0.12987499764130017,0.9682387677685576,0.9377494514405029,0.00024088092767544385,0.12397720234922174,0.75,4052,3893,159,24.48427672955975,0.0
110,9.77681767546288,0.13035756900617174,4.433372969096998,0.059111639587959966,4.433372969096998,0.059111639587959966,5.3370024839022,0.006442222463704184,9.770375452999197,0.13027167270665596,0.8824167835377636,0.8759745610740595,0.00024414006718897978,0.11859201189233488,0.5215721128464281,3663,3588,75,47.84,0.0
111,25.729361355491857,0.10856270614131586,12.040743450330766,0.050804824684939937,12.040743450330766,0.050804824684939937,13.366639273407362,0.3219786317537867,25.407382723738127,0.10720414651366299,0.9612941937610238,0.639315562007237,0.00024253245903157702,0.10450661249675457,0.07642385262565554,2873,2636,237,11.122362869198312,0.0
112,51.42254415459162,0.1257274918205174,20.76355650603967,0.05076664182405787,20.76355650603967,0.05076664182405787,28.468611813338228,2.1903758352139917,49.2321683193779,0.12037204968063056,2.8296913972212288,0.639315562007237,0.00024271661427761467,0.11880893094711586,0.17358002356373703,3043,2634,409,6.440097799511002,0.0
113,18.40734455001833,0.12522003095250564,7.947576969526947,0.05406514945256427,7.947576969526947,0.05406514945256427,10.31230686189799,0.1474607185933401,18.259883831424936,0.12421689681241453,1.019163341691499,0.8717026230981588,0.0002441744042291761,0.11828694699542061,0.049202060139396764,3717,3570,147,24.285714285714285,0.0
114,15.154482243486978,0.13064208830592222,6.397890912556563,0.05515423200479796,6.397890912556563,0.05515423200479796,8.734847437632475,0.021743893297923478,15.132738350189037,0.1304546409499055,0.8941556363960821,0.8724117430981586,0.00024348639215689607,0.12293385006112842,0.6093946437585593,3699,3583,116,30.887931034482758,0.0
115,34.53656995516262,0.10998907629032681,15.50570672362183,0.04938123160389118,15.50570672362183,0.04938123160389118,18.836283435351184,0.19457979618965737,34.34199015897301,0.10936939541074207,0.638379780046602,0.44379998385694464,0.00023976228193243904,0.10795601966597457,0.5110544511369248,2165,1851,314,5.8949044585987265,0.0
116,15.133472162989118,0.23646050254670498,4.075510823189098,0.06367985661232965,4.075510823189098,0.06367985661232965,7.24991958515346,3.808041754646549,11.325430408342559,0.17695985013035248,4.772161487400695,0.9641197327541455,0.00024036891866221528,0.16189547930606912,0.08861392045541194,4075,4011,64,62.671875,0.0
117,8.903789353707989,0.1290404254160578,4.237615817165244,0.061414721987902085,4.237615817165244,0.061414721987902085,4.631480668481171,0.0346928680615477,8.869096485646415,0.12853763022675962,0.9853777835678343,0.9506849155062866,0.00024031469047176103,0.11475958797304572,0.25468435675414014,4025,3956,69,57.333333333333336,0.0
118,11.645958210544762,0.12522535710263186,4.964238380508845,0.053378907317299405,4.964238380508845,0.053378907317299405,6.487214490496022,0.19450533953988014,11.451452871004868,0.12313390183876202,0.7470875460367097,0.5525822064968295,0.0002469089394534538,0.11719215768288228,0.2347428840796546,2331,2238,93,24.06451612903226,0.0
119,27.403803400860514,0.10788898976716738,12.529653538551544,0.04932934463996671,12.529653538551544,0.04932934463996671,14.855277452738807,0.018872409570285242,27.384930991290354,0.10781468894208801,0.34951904991448046,0.3306466403441952,0.00025453936901015796,0.10651293051553556,0.04146620918711008,1553,1299,254,5.1141732283464565,0.0
120,23.721594336623898,0.14919241721147106,8.433083346834042,0.0530382600429814,8.433083346834042,0.0530382600429814,11.406651235045722,3.8818597547442764,19.839734581879764,0.12477820491748279,4.4827539745507785,0.6008942198065022,0.00024337554467659058,0.12099899598788126,0.3594082826355134,2628,2469,159,15.528301886792454,0.0
121,73.52643526404735,0.11542611501420307,31.50336950233014,0.04945583909313994,31.50336950233014,0.04945583909313994,41.867100295381455,0.15596546633583586,73.37046979771159,0.11518127126799309,0.7359603262640242,0.5799948599281883,0.00024722713551926187,0.11427076128380428,0.19379494132972042,2983,2346,637,3.682888540031397,0.0
122,18.081155159665663,0.12915110828332615,7.1164738949604445,0.0508319563925746,7.1164738949604445,0.0508319563925746,10.945835795140635,0.018845469564620743,18.06230969010108,0.12901649778643628,0.4831480193671638,0.46430254980254304,0.00023982569721205736,0.12570005100213213,0.37697596555095103,2076,1936,140,13.82857142857143,0.0
123,11.232357119129055,0.12620625976549502,5.174345599154596,0.05813871459724265,5.174345599154596,0.05813871459724265,6.0128535218959485,0.04515799807858656,11.187199121050543,0.1256988665286578,0.964570712725088,0.9194127146465014,0.0002420781239195633,0.11536838658880862,0.18894384039401757,3887,3798,89,42.674157303370784,0.0
124,12.058436529442595,0.22330438017486287,3.2267755168579537,0.05975510216403618,3.2267755168579537,0.05975510216403618,4.816646264990382,4.015014747594236,8.043421781848336,0.14895225521941363,4.621853499513293,0.6068387519190566,0.0002415759362735098,0.13771450055424633,0.00014301493072821359,2566,2512,54,46.51851851851852,0.0
125,20.92350523153532,0.12758234897277634,8.429941570273114,0.05140208274556776,8.429941570273114,0.05140208274556776,11.455354795864448,1.0382088653978663,19.88529636613756,0.12125180711059487,1.573345554142243,0.5351366887443767,0.00024971380716023176,0.1179887785206895,0.09794827078679091,2307,2143,164,13.067073170731707,0.0
126,10.238262715819953,0.1204501495978818,4.5685705071077045,0.05374788831891417,4.5685705071077045,0.05374788831891417,5.478496543824054,0.1911956648881734,10.047067050931759,0.11820078883449128,0.7356110617575986,0.5444153968694252,0.00024870506937844916,0.1117959018124983,0.004917228367453674,2274,2189,85,25.75294117647059,0.0
127,29.376493483718974,0.1175059739348759,12.89873678088097,0.05159494712352388,12.89873678088097,0.05159494712352388,15.173473470886574,1.3042832319515796,28.072210251767544,0.11228884100707018,2.20122846125329,0.8969452293017106,0.00024406672906168996,0.10870106008986273,0.6616163322288564,3925,3675,250,14.7,0.0
128,25.855766450593496,0.1339677018165466,10.445922281495648,0.05412394964505517,10.445922281495648,0.05412394964505517,11.83645759840509,3.573386570692957,22.282379879900738,0.11545274549171367,4.4910275241382145,0.9176409534452574,0.00024237743091528195,0.11069812915261804,0.5274172101446304,3979,3786,193,19.616580310880828,0.0
129,25.233638642060665,0.11682240112065123,11.326943049789032,0.0524395511564307,11.326943049789032,0.0524395511564307,13.82862220914545,0.07807338312624168,25.15556525893448,0.11646095027284481,0.9673703987273683,0.8892970156011266,0.0002452556579153686,0.11234383445987638,0.4454505955318737,3842,3626,216,16.787037037037038,0.0
130,21.29864695057807,0.12311356618831255,8.444401520721913,0.04881156948394169,8.444401520721913,0.04881156948394169,12.837931537959506,0.016313891896778898,21.282333058681417,0.12301926623515269,0.27826149144541645,0.26194759954863756,0.00025407138656511886,0.1215051182608824,0.09186685970551167,1204,1031,173,5.959537572254336,0.0
131,3.662417658139173,0.17440084086377014,1.1646817276480386,0.0554610346499066,1.1646817276480386,0.0554610346499066,1.376159776237884,1.1215761542532547,2.5408415038859227,0.12099245256599632,1.3262471129511333,0.20467095869787855,0.000259077162908707,0.1112462164375257,0.014917641618019672,811,790,21,37.61904761904762,0.0
132,36.27795343435211,0.14569459210583177,12.870303347294549,0.05168796525017891,12.870303347294549,0.05168796525017891,19.552341833623025,3.8553082534348064,32.42264518091757,0.13021142642938782,4.417495904642649,0.562187651207843,0.00024528257033501,0.12795364469762838,0.5259532298362011,2541,2292,249,9.204819277108435,0.0
133,15.886568158068773,0.11429185725229334,7.405843810544922,0.0532794518744239,7.405843810544922,0.0532794518744239,8.348483073103068,0.13224127442085987,15.754326883647991,0.11334048117732368,0.8550419134209513,0.7228006390000914,0.00024013310265783767,0.10814047658020015,0.7341274894413949,3149,3010,139,21.654676258992804,0.0
134,19.954647765809348,0.13392381050878757,7.830716540570752,0.05255514456758894,7.830716540570752,0.05255514456758894,12.038305148888504,0.08562607635021635,19.869021689459256,0.13334913885543126,0.8852524654212175,0.7996263890710011,0.0002455100979646918,0.12798251879455122,0.022386406025599825,3406,3257,149,21.859060402684563,0.0
135,15.022294734135617,0.12950254081151394,6.166107907370547,0.053156102649746094,6.166107907370547,0.053156102649746094,8.258296496364707,0.5978903304004639,14.424404403735254,0.12434831382530391,1.1723298202340082,0.5744394898335443,0.00024622352757545837,0.1193962492577725,0.16637836496009228,2449,2333,116,20.112068965517242,0.0
136,42.53334727161946,0.13007139838415738,16.941875479790774,0.05181001675776995,16.941875479790774,0.05181001675776995,21.966964204269324,3.6245075875596022,38.9088396840601,0.11898727732128471,4.437495464093129,0.8129878765335263,0.0002447284396548845,0.1165010758639949,0.01793107419849349,3649,3322,327,10.15902140672783,0.0
137,17.791261646889495,0.11704777399269405,8.027490348936725,0.052812436506162665,8.027490348936725,0.052812436506162665,9.132067711196292,0.6317035867565792,17.159558060133016,0.11289182934298037,1.342893016823517,0.7111894300669377,0.00024124471847589474,0.10821295151359196,0.35740713260389967,3100,2948,152,19.394736842105264,0.0
138,28.376380359357725,0.11582196065043969,11.792192821371705,0.048131399270904915,11.792192821371705,0.048131399270904915,16.555540290933784,0.0286472470523762,28.34773311230549,0.11570503311145099,0.31959679099212224,0.29094954393974604,0.00026401954985457896,0.11451748395251267,0.3629317116919566,1347,1102,245,4.497959183673469,0.0
139,52.38387456171716,0.10497770453249931,24.45858114103817,0.04901519266741116,24.45858114103817,0.04901519266741116,27.47819550052045,0.4470979201580576,51.93677664155862,0.10408171671655035,1.2488182065623974,0.8017202864043398,0.0002450994455531458,0.10247506283598148,0.034353720762439366,3770,3271,499,6.5551102204408815,0.0
140,29.175372828981715,0.1519550668176131,10.380719143302471,0.05406624553803371,10.380719143302471,0.05406624553803371,13.835488851577097,4.95916483410241,24.216207994879568,0.12612608330666442,5.848293336149936,0.8891285020475266,0.0002444003579020139,0.12149520569183218,0.16122375603398353,3830,3638,192,18.947916666666668,0.0
141,19.958259428379968,0.11951053549928124,8.337471945693657,0.04992498171074047,8.337471945693657,0.04992498171074047,11.035921487485787,0.5848659952006088,19.373393433179444,0.11600834391125416,0.8758155391403548,0.29094954393974604,0.00026522292063787243,0.1142661310732911,0.19951783313452864,1264,1097,167,6.568862275449102,0.0
142,10.27310398798219,0.16306514266638394,3.8093804865407304,0.060466356929217945,3.8093804865407304,0.060466356929217945,6.426645520885543,0.03707798055590672,10.236026007426274,0.16247660329248054,0.8708535510539761,0.8337755704980694,0.0002450839419453467,0.14924207042743196,0.07699045722861797,3465,3402,63,54.0,0.0
143,23.37519136199075,0.10722564844949886,11.39169029243885,0.052255460057058944,11.39169029243885,0.052255460057058944,11.447128848551884,0.5363722210001427,22.838819140990736,0.1047652254173887,1.4557849356466477,0.919412714646505,0.00024207812391956423,0.10054773590066103,0.5147784710693273,4016,3798,218,17.422018348623855,0.0
144,24.873799342916108,0.1446151124588146,9.43945241087948,0.054880537272555124,9.43945241087948,0.054880537272555124,10.315699825454132,5.1186471065827845,19.755152236333615,0.11485553625775358,6.062566591887645,0.9439194853048605,0.00024110331680839348,0.10936763227342129,0.1375380263818613,4087,3915,172,22.761627906976745,0.0
145,29.204684781436605,0.1149790739426638,13.218625037099944,0.05204183085472419,13.218625037099944,0.05204183085472419,14.838072228258099,1.147987516078743,28.056697265358043,0.11045943805259072,2.050100007279447,0.9021124912007039,0.00024315700571447545,0.10690781407148488,0.059500284360979094,3964,3710,254,14.606299212598426,0.0
146,10.217581588732493,0.1596497123239452,3.738201737706051,0.05840940215165705,3.738201737706051,0.05840940215165705,6.3700368954824,0.10934295554404372,10.108238633188451,0.15794122864356955,0.8263344401218333,0.7169914845777896,0.00024027864764671235,0.14673823669704156,0.1937499293355316,3048,2984,64,46.625,0.0
147,28.91606006246822,0.10994699643524038,13.503094198810334,0.05134256349357542,13.503094198810334,0.05134256349357542,14.334474030191089,1.0784918334668845,27.837568229001423,0.10584626703042366,1.9806043246675884,0.9021124912007039,0.0002434851528207028,0.10241618151254993,0.32726951322510445,3968,3705,263,14.087452471482889,0.0
148,20.95699098278869,0.15076971930063804,7.543790634899486,0.054271875071219326,7.543790634899486,0.054271875071219326,7.9374522868599655,5.4757480610294635,15.481242921759453,0.11137584835798167,6.166529857480832,0.6907817964513683,0.00024161657798229042,0.1064061951460997,0.056145854165023934,2998,2859,139,20.568345323741006,0.0
149,24.674919214946705,0.11530336081750797,11.134319440558158,0.05202953009606616,11.134319440558158,0.05202953009606616,11.917991491314929,1.622608283073717,23.052310931873087,0.10772107912090227,2.3950991522842955,0.7724908692105785,0.0002465658695214103,0.10411130870402995,0.0933885396884051,3347,3133,214,14.64018691588785,0.0
150,76.57669565410899,0.11655509231980059,31.37757557591932,0.047758866934428185,31.37757557591932,0.047758866934428185,45.16925585728069,0.02986422090895502,76.54683143320001,0.11650963688462711,0.6425154287223194,0.6126512078133644,0.00024177237877401908,0.1155771388514257,0.75,3191,2534,657,3.8569254185692543,0.0
151,14.444857371337307,0.09893737925573498,7.701480527279084,0.052749866625199204,7.701480527279084,0.052749866625199204,5.924675357852649,0.8187014862057111,13.626155885131734,0.09332983482966942,1.49143826538036,0.6727367791746488,0.00023932293816245065,0.08872204867093798,0.2623684446084482,2957,2811,146,19.253424657534246,0.0
152,22.790491010258094,0.13812418794095815,9.001760447705015,0.054556123925484944,9.001760447705015,0.054556123925484944,8.772476292796952,5.016254269756409,17.77423674050197,0.10772264691213315,5.868696005962221,0.8524417362058117,0.00024404286750810526,0.10255633335936892,0.14410788255116103,3658,3493,165,21.169696969696968,0.0
153,28.520157228614536,0.11097337443040675,13.260023563093746,0.051595422424489286,13.260023563093746,0.051595422424489286,14.203743728909082,1.0563899366118932,27.463767292002828,0.10686290775098377,1.8534716856828979,0.7970817490710047,0.00024525592279107836,0.10376142234603751,0.18223288851279307,3507,3250,257,12.645914396887159,0.0
154,5.067653062951543,0.1689217687650514,1.6098116806361287,0.053660389354537624,1.6098116806361287,0.053660389354537624,3.4362789579566666,0.021562424358705812,5.046090638592795,0.1682030212864265,0.24288895541710787,0.22132653105840205,0.0002512219421775279,0.16082547025114782,0.03224378869121125,911,881,30,29.366666666666667,0.0
155,49.0827959787172,0.10099340736361564,23.347649139480588,0.04804043032814936,23.347649139480588,0.04804043032814936,24.665918581862066,1.0692282573740997,48.01356772134265,0.09879334922086966,1.3872431910106258,0.3180149336365261,0.0002506027845835509,0.09813899750556908,0.06362544825109495,1755,1269,486,2.611111111111111,0.0
156,98.42320567196808,0.12091302908104186,39.97639958276517,0.049111055998483005,39.97639958276517,0.049111055998483005,52.95936695353336,5.4874391356683105,92.93576653629853,0.11417170336154611,5.860537747900018,0.3730986122317077,0.00024594503113494246,0.11371335125806888,0.10315474483881104,2331,1517,814,1.8636363636363635,0.0
157,15.159623878437728,0.13068641274515283,6.5022592202990666,0.056053958795681605,6.5022592202990666,0.056053958795681605,6.146694208908627,2.510670449230119,12.648953429207694,0.1090427019759284,3.445914568162685,0.935244118932566,0.00024204040345045702,0.10098025267478485,0.2218703817886052,3980,3864,116,33.310344827586206,0.0
158,11.458082096469354,0.1134463573907857,5.610792472929951,0.055552400722078725,5.610792472929951,0.055552400722078725,5.822289398415535,0.025000225123946507,11.433081871345486,0.11319883040936125,0.8668628984726112,0.8418626733486647,0.00024387678833970587,0.10486355641580934,0.06537844465217546,3553,3452,101,34.17821782178218,0.0
159,24.538307281535644,0.1162952951731547,10.816808900867064,0.05126449716050741,10.816808900867064,0.05126449716050741,11.227872385900568,2.493625994768024,22.044681286767634,0.10447716249652907,3.2164266337681156,0.7228006390000914,0.00024013310265783767,0.10105156705103094,0.062185024039209225,3221,3010,211,14.265402843601896,0.0
160,17.77973844611686,0.14816448705097382,6.551569801733659,0.054596415014447154,6.551569801733659,0.054596415014447154,5.536138731164833,5.692029913218569,12.087708532898493,0.10073090444082076,6.329309635225805,0.6372797220072357,0.0002424960890438492,0.09542024009075879,0.018409774448628013,2748,2628,120,21.9,0.0
161,17.132338654719923,0.127853273542686,7.220767520839208,0.053886324782382145,7.220767520839208,0.053886324782382145,6.8609392315746405,3.0506319023061153,14.081706752413847,0.10508736382398394,3.8186849298024086,0.7680530274962933,0.00024672439045817326,0.09935562481281728,0.2493094227165571,3247,3113,134,23.23134328358209,0.0
162,24.491429976707217,0.10741855252941762,11.589901869992705,0.050832902938564496,11.589901869992705,0.050832902938564496,12.429567279669115,0.471960827045514,24.01946914966182,0.10534854890202552,1.3713263710138932,0.8993655439683792,0.00024386267461181649,0.10140396318286546,0.06499785022270288,3916,3688,228,16.17543859649123,0.0
163,27.023556999517815,0.11648084913585265,12.006522630758257,0.05175225271878559,12.006522630758257,0.05175225271878559,12.47998763722945,2.537046731530104,24.486510267987704,0.10554530287925734,3.462608869153854,0.92556213762375,0.00024153500459909966,0.1015558109067412,0.589577344820249,4064,3832,232,16.517241379310345,0.0
164,27.141241883549185,0.1399033086780886,10.411706372366098,0.053668589548278856,10.411706372366098,0.053668589548278856,11.794988483152615,4.934547028030757,22.206694855518712,0.1144674992552511,5.76281974763738,0.8282727196066233,0.00024519618697650187,0.11019805224696806,0.49087798943553906,3572,3378,194,17.412371134020617,0.0
165,21.695716491505735,0.11299852339325904,9.831654996666433,0.05120653644097101,9.831654996666433,0.05120653644097101,8.86469870515706,2.9993627896823654,18.696353701823494,0.09737684219699737,3.55227668034037,0.5529138906580044,0.0002784057858298109,0.09449708234981961,0.018373249907426725,2178,1986,192,10.34375,0.0
166,14.091670089945431,0.12581848294594136,5.903809054667369,0.05271258084524437,5.903809054667369,0.05271258084524437,6.975007392063446,1.2128536432147712,12.878816446730816,0.11498943256009657,1.859228844835414,0.6463752016206428,0.00024236040555704642,0.10921822540276802,0.06795370129076161,2779,2667,112,23.8125,0.0
167,66.77708141341665,0.10787896835770057,29.88453347867279,0.048278729367807416,29.88453347867279,0.048278729367807416,33.89692818464862,2.9956197500941784,63.78146166332141,0.10303951803444493,3.8071049066277,0.8114851565335215,0.0002444968835593617,0.1017285565537786,0.2763924427004909,3938,3319,619,5.361873990306947,0.0
168,9.586450531680441,0.5325805850933578,1.1845136817493829,0.06580631565274349,1.1845136817493829,0.06580631565274349,1.4660441925011796,6.935892657429825,2.6505578742505627,0.14725321523614238,7.282738013104911,0.3468453556750859,0.00024774668262506137,0.12798402880975168,0.060274953397282616,1418,1400,18,77.77777777777777,0.0
169,326.8843644029831,0.10602801310508697,147.17339012504877,0.047737071075267194,147.17339012504877,0.047737071075267194,177.15171331104682,2.5592609668937385,324.32510343609556,0.10519789277849353,3.112174857551743,0.5529138906580044,0.0019332653519510644,0.10501854996608219,0.03548072540009173,3369,286,3083,0.09276678559844308,0.0
170,13.717666446729694,0.11062634231233624,6.38397447067479,0.05148366508608702,6.38397447067479,0.05148366508608702,6.531938968655815,0.8017530073992276,12.915913439330605,0.10416059225266618,1.3710052108571986,0.569252203457971,0.0002461099020570562,0.0995698486763911,0.6853277159383211,2437,2313,124,18.653225806451612,0.0
171,35.444442462398406,0.11216595715948863,15.79648211718777,0.049988867459454966,15.79648211718777,0.049988867459454966,15.762563919436431,3.8853964257740614,31.559046036624203,0.09987039885007659,4.693704587063955,0.8083081612898937,0.00024457130447500566,0.09731246163080523,0.21159970393532745,3621,3305,316,10.458860759493671,0.0
172,21.212872080930573,0.15830501552933263,7.197795101652007,0.053714888818298556,7.197795101652007,0.053714888818298556,7.775514883941504,6.239562095337249,14.973309985593511,0.11174111929547396,6.836124343715177,0.5965622483779285,0.0002442924850032467,0.10728916221802534,0.15998267167476143,2576,2442,134,18.223880597014926,0.0
173,16.58992065956061,0.13487740373626514,6.535436026812152,0.05313362623424514,6.535436026812152,0.05313362623424514,7.360763087397068,2.6937215453514938,13.896199114209221,0.11297722857080668,3.315583659443007,0.6218621140915133,0.00024159367291822582,0.10792143902534639,0.3838371740229789,2697,2574,123,20.926829268292682,0.0
174,26.43266254638742,0.09899873612879183,12.898088381002767,0.04830744711986055,12.898088381002767,0.04830744711986055,13.330899386500391,0.2036747788845119,26.228987767503156,0.09823590924158486,0.6830981144455208,0.4794233355610089,0.00023899468372931651,0.0964403162245015,0.4119108823396189,2273,2006,267,7.51310861423221,0.0
175,31.349428765104946,0.10885218321216995,14.384686375071741,0.04994682769122132,14.384686375071741,0.04994682769122132,13.27957533763761,3.6851670523955278,27.66426171270935,0.0960564642802408,4.3998023955689405,0.7146353431734127,0.00024061796066444872,0.0935750915608889,0.05280680663106807,3258,2970,288,10.3125,0.0
176,20.488212108918958,0.16132450479463747,7.127315324274301,0.056120593104522054,7.127315324274301,0.056120593104522054,6.906032939818253,6.454863844826619,14.033348264092554,0.11049880522907524,7.32434578894987,0.8694819441232511,0.00024389395347075766,0.10365249070841802,0.02548902770333683,3692,3565,127,28.070866141732285,0.0
177,11.088467773059513,0.126005315602949,4.4827123621800995,0.05093991320659204,4.4827123621800995,0.05093991320659204,3.921369668212243,2.6843857426672955,8.404082030392342,0.09550093216354934,2.9668812511178686,0.28249550845057314,0.00026352192952478837,0.09229075593115504,0.14099120010168775,1160,1072,88,12.181818181818182,0.0
178,8.458741900181522,0.12259046232147133,4.1900994149341315,0.06072607847730625,4.1900994149341315,0.06072607847730625,3.2181828074833305,1.0504596777642021,7.408282222417462,0.10736640902054292,2.0167543792582734,0.9662947014940713,0.00024037181629205751,0.09336213798439491,0.13772908212168744,4089,4020,69,58.26086956521739,0.0
179,16.33375783323214,0.14985098929570773,5.83022712704899,0.0534883222665045,5.83022712704899,0.0534883222665045,4.909965353238022,5.5935653529451415,10.74019248028701,0.09853387596593588,6.255073206626456,0.6615078536813144,0.00024063581436206417,0.09246499657436409,0.1573200343455028,2858,2749,109,25.220183486238533,0.0
180,24.8161583679738,0.16881740386376734,7.952959557435119,0.05410176569683755,7.952959557435119,0.05410176569683755,10.005702399218833,6.857496411320078,17.958661956653952,0.12216776841261191,7.562328100796854,0.7048316894767765,0.00024171182766693296,0.11737299501480915,0.3264790961459809,3063,2916,147,19.836734693877553,0.0
181,26.55164787149787,0.12583719370378138,11.10035112471462,0.05260829916926361,11.10035112471462,0.05260829916926361,12.520896175110416,2.9304005716730686,23.621247299825036,0.11194903933566368,3.806375132747128,0.8759745610740595,0.00024407204265089425,0.1077975011315201,0.2797276383724423,3800,3589,211,17.009478672985782,0.0
182,17.21971192295107,0.092579096359952,9.147968610631349,0.04918262693887822,9.147968610631349,0.04918262693887822,7.568515701925527,0.5032276103943474,16.716484312556876,0.08987357157288643,0.9763302483795968,0.47310263798524943,0.00024003177979972065,0.08733000900307245,0.75,2157,1971,186,10.596774193548388,0.0
183,27.64099272172801,0.11914221000744832,11.748048567919328,0.05063814037896262,11.748048567919328,0.05063814037896262,10.97129229367166,4.921651860136976,22.719340861590986,0.09792819336892666,5.692452489347552,0.7708006292105765,0.0002468141624113277,0.09460577686370887,0.025901034512536114,3355,3123,232,13.461206896551724,0.0
184,26.456132458214647,0.15031893442167413,9.446859260475865,0.05367533670724923,9.446859260475865,0.05367533670724923,10.23235795514946,6.776915242589439,19.679217215625325,0.11181373417968934,7.551267433021302,0.7743521904318627,0.0002468448168415246,0.10741400582496219,0.12880099959453872,3313,3137,176,17.823863636363637,0.0
185,25.543331001555842,0.1283584472439992,10.485975551524415,0.052693344480022185,10.485975551524415,0.052693344480022185,11.682780406199328,3.3745750438323086,22.168755957723743,0.11140078370715449,4.212690812743396,0.8381157689110879,0.0002444911811292555,0.10718914667744947,0.10361483583495357,3627,3428,199,17.22613065326633,0.0
186,38.878897181962515,0.11076608883750004,16.98704380844674,0.048396136206400965,16.98704380844674,0.048396136206400965,21.235985279254287,0.6558680942615354,38.22302908770102,0.10889751876837898,1.3162509534361817,0.6603828591746463,0.00032789615649188,0.10701608612115765,0.49453286994643975,2365,2014,351,5.737891737891738,0.0
187,247.9621498388875,0.09843674070618798,117.58461198185454,0.046679083756194735,117.58461198185454,0.046679083756194735,125.28635475982718,5.091183097211932,242.8709667416817,0.09641562792444688,5.282743600915495,0.19156050370356326,0.0063853501234521085,0.09633958167446288,0.0714730301497184,2549,30,2519,0.011909487892020643,0.0
188,42.14733244182283,0.15668153324097708,13.97942693268143,0.05196812986126926,13.97942693268143,0.05196812986126926,19.30157399826713,8.866331510874176,33.281000930948565,0.1237211930518534,9.71287189088951,0.8465403800153339,0.0002442413098717063,0.12057420279157369,0.05274474405897678,3735,3466,269,12.884758364312267,0.0
189,38.66199848911304,0.12801986254673192,15.663827304347873,0.051866977828966467,15.663827304347873,0.051866977828966467,18.40100698890958,4.597164195855655,34.06483429325745,0.1127974645472101,5.490069674287234,0.8929054784315795,0.0002441633793906425,0.10984082389015166,0.1488298376441577,3959,3657,302,12.109271523178808,0.0
190,12.025939890400245,0.08842602860588415,6.988537783254859,0.05138630722981514,6.988537783254859,0.05138630722981514,4.791575788711917,0.24582631843358627,11.780113571966776,0.08661848214681453,0.9062091776082326,0.6603828591746463,0.0008306702631127627,0.08176272582935304,0.13699416397509623,931,795,136,5.845588235294118,0.0
191,47.007679577047185,0.1143739162458569,19.500580133447933,0.0474466669913575,19.500580133447933,0.0474466669913575,22.836106460389118,4.6709929832095085,42.33668659383705,0.10300896981468868,4.862553486913072,0.19156050370356326,0.0002627716100186053,0.10254288586407327,0.08162136832419264,1140,729,411,1.7737226277372262,0.0
192,36.09044007711195,0.1702379248920375,10.958285717160468,0.051690026967738056,10.958285717160468,0.051690026967738056,15.858583848069422,9.273570511882198,26.81686956522989,0.12649466776051835,9.84282271534017,0.569252203457971,0.00024547313646311816,0.12380951585741407,0.07185600906386469,2531,2319,212,10.93867924528302,0.0
193,21.702576699795195,0.13314464233003187,8.5134374369325,0.052229677527193256,8.5134374369325,0.052229677527193256,8.63139242020582,4.557746842656975,17.14482985713832,0.1051830052585173,5.159615432385557,0.601868589728582,0.00024200586639669562,0.10149055992275852,0.6418512902671054,2650,2487,163,15.257668711656441,0.0
194,15.115135540228344,0.08737072566605979,8.699236935772946,0.05028460656516154,8.699236935772946,0.05028460656516154,6.26171284113024,0.15418576332528033,14.960949776903187,0.08647947847920917,0.8006057649459208,0.6464200016206405,0.0002429237134989254,0.08274294667793308,0.1463561993511462,2834,2661,173,15.38150289017341,0.0
195,50.87688376784111,0.11971031474786142,20.671091981186077,0.04863786348514371,20.671091981186077,0.04863786348514371,24.829106901567407,5.376684885086917,45.50019888275348,0.10705929148883171,6.152751512534657,0.7760666274477401,0.0002458240821817359,0.10523325236542694,0.4939490125301589,3582,3157,425,7.4282352941176475,0.0
196,31.351114777577628,0.17914922730044358,9.10831929095695,0.052047538805468294,9.10831929095695,0.052047538805468294,12.8378288675314,9.404966619089365,21.94614815848835,0.1254065609056477,9.943460104339742,0.5384934852503775,0.0002487267830255785,0.12232945527564507,0.19980771855079382,2340,2165,175,12.371428571428572,0.0
197,20.849485574246557,0.1458005984213046,7.650051718822195,0.053496865166588775,7.650051718822195,0.053496865166588775,7.918887150138886,5.280546705285566,15.56893886896108,0.10887369838434321,5.9930519753525004,0.7125052700669343,0.0002412001591289554,0.10389114404821019,0.012978195116538416,3097,2954,143,20.657342657342657,0.0
198,16.95510747049967,0.09525341275561612,8.761525459589432,0.04922205314376085,8.761525459589432,0.04922205314376085,8.186014207630151,0.007567803280174701,16.947539667219583,0.09521089700685159,0.4892407168131001,0.4816729135329254,0.00023845193739253733,0.09250486940273353,0.75,2198,2020,178,11.348314606741573,0.0
199,30.61564734710715,0.12703588110832842,11.886548743828897,0.04932177902003691,11.886548743828897,0.04932177902003691,13.462788885507926,5.2663097177701275,25.349337629336823,0.10518397356571296,5.802984438323364,0.5366747205532363,0.00024984856636556626,0.10295710750532691,0.4520142667531175,2389,2148,241,8.91286307053942,0.0
200,28.323555473799765,0.1888237031586651,8.256365056722823,0.05504243371148548,8.256365056722823,0.05504243371148548,11.050571968761638,9.016618448315363,19.30693702548446,0.12871291350322972,9.936031162961868,0.919412714646505,0.0002419507143806592,0.12258349540558598,0.75,3950,3800,150,25.333333333333332,0.0
201,13.950883175087085,0.13414310745276042,6.000343292802581,0.05769560858464021,6.000343292802581,0.05769560858464021,3.928818974235341,4.021720908049225,9.929162267037922,0.09547271410613387,4.981409038327186,0.9596881302779607,0.00024040283824598214,0.08624494362269133,0.6521654383513393,4096,3992,104,38.38461538461539,0.0
202,13.57524249045219,0.10362780527062741,6.609775808727994,0.050456303883419804,6.609775808727994,0.050456303883419804,6.957691411717612,0.0077752700066042735,13.567467220445605,0.10356845206447027,0.556727283510952,0.5489520135043477,0.0002476102902590653,0.09937797867894076,0.4721156164214335,2348,2217,131,16.923664122137403,0.0
203,27.573298491404877,0.1204074169930344,11.0283463188812,0.04815871754969956,11.0283463188812,0.04815871754969956,12.66172253410172,3.8832296384217813,23.690068852982918,0.10345008232743633,4.126922579169985,0.24369294074820402,0.00025045523201254266,0.10238592101412616,0.04547374512880964,1202,973,229,4.248908296943231,0.0
204,98.81866812378752,0.13371944265735794,36.53346855098371,0.04943635798509298,36.53346855098371,0.04943635798509298,53.68513172415242,8.600067848649623,90.21860027513614,0.12208200307866866,9.368120876145916,0.7680530274962933,0.00024617084214624785,0.12104268910370987,0.16620851441066264,3859,3120,739,4.2219215155615695,0.0
205,23.619174947981733,0.13574238475851572,8.96914032216456,0.05154678346071586,8.96914032216456,0.05154678346071586,10.412542722434246,4.23749190338313,19.381683044598805,0.11138898301493566,4.760101823267476,0.5226099198843457,0.0002504120363604915,0.10838547772824286,0.06011925898314985,2261,2087,174,11.994252873563218,0.0
206,14.181642335231437,0.10276552416834375,6.795446995155055,0.0492423695301091,6.795446995155055,0.0492423695301091,7.229409812460283,0.15678552761611542,14.024856807615338,0.10162939715663288,0.5644379092816365,0.4076523816655211,0.00024395714043418378,0.09867539439094059,0.12814023737221447,1809,1671,138,12.108695652173912,0.0
207,29.45530035783345,0.12751212276118376,11.459934788172054,0.04961010730810413,11.459934788172054,0.04961010730810413,13.526786742110026,4.468578827551113,24.986721530282082,0.10816762567221681,5.0583904913506785,0.5898116637995656,0.00024544804985416794,0.10561432842633235,0.015106188565432888,2634,2403,231,10.402597402597403,0.0
208,22.46109215686343,0.29948122875817906,4.5861787556849904,0.06114905007579987,4.5861787556849904,0.06114905007579987,7.634933517378094,10.239979883800267,12.221112273063085,0.16294816364084114,11.175541442732829,0.9355615589325623,0.0002417471728507913,0.15047400952174134,0.11909522782846693,3945,3870,75,51.6,0.0
209,20.530197879030496,0.15914882076767825,7.017468231393444,0.05439897853793368,7.017468231393444,0.05439897853793368,8.879270086159423,4.633459561477821,15.896738317552867,0.12323052959343307,5.404260190688397,0.7708006292105765,0.00024657729661246847,0.1172553309173806,0.75,3255,3126,129,24.232558139534884,0.0
210,32.335029157378436,0.11385573646964238,13.963172013226762,0.0491660986381224,13.963172013226762,0.0491660986381224,18.349567682526512,0.02228946162510681,32.31273969575327,0.11377725244983547,0.8240097480294466,0.8017202864043398,0.0002455498580105175,0.11095429369489081,0.07704027189019058,3549,3265,284,11.496478873239436,0.0
211,13.014942073969905,0.15311696557611654,4.895354557311473,0.05759240655660556,4.895354557311473,0.05759240655660556,4.248490897884203,3.871096618774132,9.143845455195676,0.10757465241406677,4.7640020972057116,0.8929054784315795,0.0002440966316106013,0.09706988207957876,0.38320094640040736,3743,3658,85,43.03529411764706,0.0
212,27.931724577912547,0.19951231841366104,7.673731962602029,0.054812371161443066,7.673731962602029,0.054812371161443066,10.444438600206475,9.813554015104081,18.118170562808505,0.12941550402006075,10.663089705214652,0.8495356901105708,0.00024362939205924028,0.12334739194784211,0.15174620933814964,3627,3487,140,24.90714285714286,0.0
213,13.08221025987536,0.1406689275255415,4.790916870131865,0.05151523516270823,4.790916870131865,0.05151523516270823,3.6365021233201276,4.654791266423494,8.427418993451994,0.09061740853174187,4.951751745865806,0.29696047944231196,0.00025800215416360724,0.08742428509687693,0.1374814966361555,1244,1151,93,12.376344086021506,0.0
214,14.603933730578817,0.0967147929177405,7.91876556983653,0.05244215609163265,7.91876556983653,0.05244215609163265,6.677644699736653,0.007523461005661147,14.596410269573184,0.09666496867267009,0.947657518668386,0.9401340576627248,0.0002427405261199909,0.0904389153106651,0.75,4024,3873,151,25.649006622516556,0.0
215,22.421458575791775,0.11381451053701408,10.177841199279829,0.051664168524263095,10.177841199279829,0.051664168524263095,8.748020215624422,3.495597160887307,18.92586141490425,0.09607036251220431,4.404049950230863,0.9084527893435563,0.0002431618815159412,0.09145892703330412,0.75,3933,3736,197,18.96446700507614,0.0
216,36.349467440509535,0.16674067633261255,11.345053239107067,0.05204152861975719,11.345053239107067,0.05204152861975719,15.932520135196647,9.071894066205502,27.277573374303714,0.12512648336836565,9.862666357980473,0.7907722917749709,0.0002458869066464462,0.12149908753453699,0.20285226462640793,3434,3216,218,14.752293577981652,0.0
217,19.740685000281474,0.14201931654878758,7.34037057951674,0.05280842143537223,7.34037057951674,0.05280842143537223,8.737942861862301,3.662371558902649,16.07831344137904,0.11567131972215138,4.269210310821705,0.6068387519190566,0.0002418647875325056,0.11130557330546596,0.31682426045893664,2648,2509,139,18.050359712230215,0.0
218,341.5621444284236,0.10451718005765716,154.23111848629733,0.04719434470204937,154.23111848629733,0.04719434470204937,187.31764481836893,0.013381123763707592,341.5487633046663,0.10451308546654416,0.13956490381404763,0.12618378005034003,0.00025910427115059554,0.10447447353874223,0.04204455926605277,3755,487,3268,0.14902080783353733,0.0
219,28.49689814743327,0.1223042838945634,11.80282393861495,0.050655896732253,11.80282393861495,0.050655896732253,11.739426056579454,4.954648152238498,23.542249995194403,0.10103969955019057,5.856760643439202,0.9021124912007039,0.00024302599439674137,0.09716797212014622,0.08799571563825026,3945,3712,233,15.931330472103005,0.0
220,39.251611236972764,0.1684618508024582,12.081730516964814,0.05185292067366873,12.081730516964814,0.05185292067366873,17.95633786221056,9.213542857796988,30.038068379175375,0.128918748408478,10.054741211145654,0.8411983533486662,0.0002440378164632046,0.1253084550464683,0.75,3680,3447,233,14.793991416309012,0.0
221,20.01133604834765,0.13521173005640305,8.061849701870864,0.0544719574450734,8.061849701870864,0.0544719574450734,8.679342676977505,3.2701436694994825,16.741192378848368,0.11311616472194844,4.152217173167962,0.8820735036684795,0.0002448164040156757,0.10715620861607898,0.21638769531040936,3751,3603,148,24.344594594594593,0.0
222,9.469489771111974,0.10639876147316825,4.699953000672921,0.05280846068171821,4.699953000672921,0.05280846068171821,4.768960506631615,0.0005762638074671145,9.468913507304535,0.10639228659892735,0.5929874455187303,0.5924111817112632,0.00024429327080876834,0.09973598118644093,0.19532809739814638,2514,2425,89,27.247191011235955,0.0
223,245.18457200875017,0.09714127258666805,117.94624018798756,0.04672988913945624,117.94624018798756,0.04672988913945624,122.8878442734246,4.350487547343029,240.83408446141215,0.09541762458851512,4.674476228894747,0.3239886815517181,0.000252131269690053,0.09528926140247837,0.34455730338761725,3809,1285,2524,0.5091125198098256,0.0
224,26.346794198089157,0.19809619697811395,7.014863995262082,0.052743338310241215,7.014863995262082,0.052743338310241215,10.048178156427952,9.283752046399144,17.063042151690034,0.12829355001270704,9.838911340832482,0.5551592944333379,0.00024706688670820555,0.1241194199793735,0.014716068650336922,2380,2247,133,16.894736842105264,0.0
225,27.87659689421097,0.14987417685059662,9.957356180869208,0.05353417301542585,9.957356180869208,0.05353417301542585,12.19812602460076,5.721114688741004,22.15548220546997,0.11911549572833317,6.570650378851575,0.8495356901105708,0.0002438391762659503,0.11454809954494298,0.21937425490748552,3670,3484,186,18.731182795698924,0.0
226,20.86409294329536,0.11217254270588904,8.766188433331465,0.04713004534049175,8.766188433331465,0.04713004534049175,12.072558444446955,0.025346065516906435,20.83874687777842,0.11203627353644312,0.2717752380767209,0.24642917255981445,0.00024717068461365543,0.11071138551192818,0.17471606444642163,1183,997,186,5.360215053763441,0.0
227,34.31789294181025,0.11874703440072751,14.375000114139976,0.049740484824013755,14.375000114139976,0.049740484824013755,15.634508744061947,4.308384083607656,30.009508858201922,0.10383913099723849,5.190457587276136,0.8820735036684795,0.0002449523753592001,0.10078697354510074,0.47885475227207763,3890,3601,289,12.460207612456747,0.0
228,60.86765354746517,0.13865069145208467,22.069727386901757,0.05027272753280582,22.069727386901757,0.05027272753280582,29.57949593922126,9.218430221341464,51.64922332612302,0.1176519893533554,10.107366276942585,0.8889360556011212,0.00024535911001963046,0.11562707806497172,0.04282544295006829,4062,3623,439,8.252847380410023,0.0
229,43.35111009278397,0.14402362157071086,15.123787641603222,0.05024514166645589,15.123787641603222,0.05024514166645589,22.118643468380867,6.108678982799802,37.24243110998409,0.12372900700991392,6.626887251350816,0.5182082685510139,0.0002492584264314641,0.12200738485525965,0.75,2380,2079,301,6.906976744186046,0.0
230,21.619093758678034,0.1221417726478985,8.588224890129318,0.0485210445770018,8.588224890129318,0.0485210445770018,13.027747206586277,0.0031216619623606334,21.615972096715595,0.12212413613963613,0.47485868242380036,0.4717370204614397,0.0002398256331781595,0.11945895523307476,0.02087569353736285,2144,1967,177,11.112994350282486,0.0
231,282.1499856541814,0.0966929354537976,136.7236488727017,0.04685526006603896,136.7236488727017,0.04685526006603896,141.1009753058093,4.325361475677148,277.824624178511,0.09521063200086052,4.613595179616901,0.2882337039397527,0.0004177300057097865,0.09511185417222909,0.05139497511155611,3608,690,2918,0.23646333104866346,0.0
232,28.50952021613287,0.1738385379032492,8.667639358047866,0.05285145950029187,8.667639358047866,0.05285145950029187,10.438269680081675,9.403611178003189,19.10590903812954,0.11649944535444841,10.13204633172245,0.7284351537192606,0.00024001158277405622,0.11205776758786842,0.22598872455635188,3199,3035,164,18.50609756097561,0.0
233,23.745912365168827,0.1708339019076894,7.555206930901522,0.05435400669713325,7.555206930901522,0.05435400669713325,10.143223656546873,6.047481777720435,17.698430587448396,0.12732683875862155,6.827327686791442,0.7798459090710068,0.0006021976131822446,0.12171643653508911,0.2811460804251098,1434,1295,139,9.316546762589928,0.0
234,206.06220297038013,0.10862530467600429,89.71846006744869,0.04729491832759551,89.71846006744869,0.04729491832759551,116.30817480506977,0.03556809786402226,206.02663487251846,0.10860655501977778,0.2844736662631817,0.24890556839915945,0.0002433094510255713,0.1084753449151908,0.06703650252346449,2920,1023,1897,0.5392725355824987,0.0
235,85.13828124864114,0.11173002788535583,35.62468363178455,0.0467515533225519,35.62468363178455,0.0467515533225519,45.79433358168839,3.719264035166553,81.41901721347294,0.1068491039546889,4.007497739106306,0.2882337039397527,0.0007030090339993967,0.10647084450070186,0.031926133005669044,1172,410,762,0.5380577427821522,0.0
236,25.125088512423986,0.1962897540033124,6.83919158597939,0.053431184265463984,6.83919158597939,0.053431184265463984,8.988002081540913,9.297894844903624,15.827193667520302,0.12364995052750236,9.93517456691086,0.6372797220072357,0.00024240385013588273,0.1186712026993213,0.5524725692262606,2757,2629,128,20.5390625,0.0
237,20.541245274841913,0.18018636206001679,6.313577007126533,0.05538225444847836,6.313577007126533,0.05538225444847836,8.902283834479,5.325384433236444,15.215860841605533,0.13347246352285555,6.1052303423074505,0.7798459090710068,0.0003966662813179078,0.12663170993451284,0.07066213972859714,2080,1966,114,17.24561403508772,0.0
238,8.850629605706402,0.10536463816317146,4.516547561183203,0.05376842334741908,4.516547561183203,0.05376842334741908,4.32449866509554,0.009583379427724026,8.841046226278742,0.10525055031284217,0.6770626908868209,0.6674793114590969,0.00023975549980571008,0.09730436803356644,0.22567041022584533,2868,2784,84,33.142857142857146,0.0
239,20.128705024880908,0.12903016041590326,7.646053682418626,0.049013164630888624,7.646053682418626,0.049013164630888624,8.565550419497363,3.9171009229647638,16.211604101915988,0.10392053911484608,4.262599095528735,0.3454981725639712,0.0002487387851432478,0.10170580723943701,0.24148943624626185,1545,1389,156,8.903846153846153,0.0
240,15.604725332471588,0.23643523231017557,3.550343871874502,0.053793088967795485,3.550343871874502,0.053793088967795485,2.7928768085612035,9.261504652035839,6.343220680435706,0.09610940424902584,9.625232676391093,0.36372802435525386,0.0002472658221313758,0.0905983735769772,0.13584792867431617,1537,1471,66,22.28787878787879,0.0
241,30.079485851791127,0.14890834580094617,10.810917865940647,0.053519395375943794,10.810917865940647,0.053519395375943794,13.597729016686458,5.670838969164109,24.408646882627103,0.12083488555755992,6.606083088096675,0.935244118932566,0.00024247967822985895,0.1162049641767052,0.2190706406797247,4059,3857,202,19.094059405940595,0.0
242,24.449956355507155,0.12103938789855027,10.086264725236521,0.04993200359027981,10.086264725236521,0.04993200359027981,14.327852436503406,0.0358391937671243,24.414117161739927,0.12086196614722736,0.764274347486392,0.7284351537192677,0.0002400906900854541,0.11725585152485526,0.18494584220477606,3236,3034,202,15.01980198019802,0.0
243,13.048058792248035,0.12426722659283843,5.498356750281024,0.052365302383628805,5.498356750281024,0.052365302383628805,4.368064022177627,3.1816380197893537,9.866420772458651,0.09396591211865382,3.779769575405375,0.5981315556160212,0.0002429453922079696,0.08826942111278724,0.6822147694662348,2567,2462,105,23.447619047619046,0.0
244,34.866881999738624,0.18546213829648203,9.774835250209224,0.05199380452238948,9.774835250209224,0.05199380452238948,14.78676975252641,10.305276997002636,24.561605002735632,0.13064683512093422,11.06935988406687,0.7640828870642338,0.0002462400538395855,0.12658256444506252,0.057120443395596965,3291,3103,188,16.50531914893617,0.0
245,30.04783433695983,0.14801888835940805,10.715651701517663,0.05278646158383085,10.715651701517663,0.05278646158383085,13.575753378047324,5.756429257394878,24.29140507956499,0.11966209398800487,6.553511006465875,0.7970817490709976,0.00024480397698740713,0.11573558290883722,0.31486415596702244,3459,3256,203,16.039408866995075,0.0
246,20.097733793319975,0.12254715727634131,8.487995605414028,0.051756070764719685,8.487995605414028,0.051756070764719685,11.07862524849152,0.5311129394143705,19.566620853905548,0.1193086637433265,1.4666744983469329,0.9355615589325623,0.00024193471914470192,0.11360402009129904,0.06817733225059186,4031,3867,164,23.579268292682926,0.0
247,28.18361492228282,0.11942209712831704,11.438540098343067,0.048468390247216386,11.438540098343067,0.048468390247216386,12.912697358879491,3.8323774650597358,24.35123745722256,0.10318320956450237,4.281797029358998,0.4494195642992622,0.00023829245190841051,0.10127888937679586,0.1259566463989117,2122,1886,236,7.991525423728813,0.0
248,39.60593114837093,0.16366087251392947,12.131518731271889,0.05013024269120615,12.131518731271889,0.05013024269120615,17.192500086175016,10.281912330923419,29.324018817446905,0.12117363147705333,10.830864344427766,0.5489520135043477,0.0002468309413238974,0.11890523472703786,0.2784494185269253,2466,2224,242,9.190082644628099,0.0
249,24.06170246839004,0.16480618129034272,7.849205449929077,0.05376168116389778,7.849205449929077,0.05376168116389778,9.733872876814516,6.478624141646392,17.583078326743593,0.12043204333386022,7.177468079111421,0.6988439374650284,0.00024173086733484205,0.11564544102245629,0.08916769305784555,3037,2891,146,19.801369863013697,0.0
250,18.876297284085673,0.1250085912853356,7.318131429655498,0.04846444655400992,7.318131429655498,0.04846444655400992,10.68007922751633,0.8780866269137206,17.99821065717183,0.11919344806074059,1.2766326478889098,0.3985460209751892,0.00024495760354959384,0.11655407043838917,0.0950141134495297,1778,1627,151,10.774834437086092,0.0
251,24.285950485348224,0.11089475107464943,10.980921445898423,0.05014119381688777,10.980921445898423,0.05014119381688777,9.646150831531742,3.6588782079176028,20.627072277430166,0.09418754464579984,4.443506304390979,0.7846280964733765,0.00024534962366271935,0.09060476794957646,0.348445070121322,3417,3198,219,14.602739726027398,0.0
252,21.317919804873497,0.23952718881880333,4.94928374890226,0.055609929762946736,4.94928374890226,0.055609929762946736,6.089225830724644,10.279410225246636,11.038509579626904,0.12402819752389779,10.946264256705732,0.6668540314590956,0.0002407415276025616,0.11653545559739063,0.018827242552433177,2859,2770,89,31.123595505617978,0.0
253,29.874323534948942,0.14937161767474472,10.625777162999386,0.05312888581499693,10.625777162999386,0.05312888581499693,12.686618771673068,6.561927600276462,23.312395934672452,0.11656197967336226,7.41969758064478,0.8577699803683174,0.0002439618829261426,0.11227312977152082,0.1532540527116737,3716,3516,200,17.58,0.0
254,15.668328322361958,0.11606169127675525,6.543392285027546,0.04846957248168553,6.543392285027546,0.04846957248168553,9.118829754830877,0.0061062825034809975,15.662222039858424,0.11601645955450685,0.39860220022037396,0.39249591771689296,0.0002473194188512243,0.11310908238623396,0.75,1722,1587,135,11.755555555555556,0.0
255,5.689956381290983,0.15378260489975631,2.6366666975928803,0.07126126209710487,2.6366666975928803,0.07126126209710487,0.0,3.0532896836981678,2.6366666975928803,0.07126126209710487,3.9974679578630514,0.9441782741648836,0.0002405549743095245,0.04574293036291708,0.75,3962,3925,37,106.08108108108108,0.0
256,35.10182427964971,0.1581163255840077,11.437110166901363,0.051518514265321454,11.437110166901363,0.051518514265321454,14.098606124882338,9.566107987865472,25.5357162917837,0.11502574906208873,10.379095864398998,0.8129878765335263,0.0002442872225160836,0.11136364151013835,0.019020751377460954,3550,3328,222,14.99099099099099,0.0
257,19.35752330037422,0.15610905887398563,6.882682272845472,0.055505502200366715,6.882682272845472,0.055505502200366715,6.049857909355694,6.424983118172953,12.932540182201166,0.10429467888871907,7.229409079527223,0.8044259613542692,0.00024443207576854123,0.0978073727487661,0.05993078159211507,3415,3291,124,26.54032258064516,0.0
258,10.73904408825554,0.14318725451007386,3.9989645661064586,0.05331952754808612,3.9989645661064586,0.05331952754808612,6.730934527096068,0.009144995053084415,10.729899093202526,0.14306532124270036,0.6885157774612765,0.679370782408192,0.0002402301210778614,0.1340070441439235,0.07703937252029647,2903,2828,75,37.70666666666666,0.0
259,20.40854848244968,0.12444236879542489,8.55197819579574,0.052146208510949636,8.55197819579574,0.052146208510949636,6.99934018231734,4.8572301043361605,15.55131837811308,0.09482511206166512,5.788259787610706,0.931029683274545,0.0002415122395005305,0.08914810179779864,0.6767353714649502,4019,3855,164,23.50609756097561,0.0
260,26.424277552009656,0.200183920848558,6.753510831443368,0.05116296084426794,6.753510831443368,0.05116296084426794,9.566147845626006,10.104618874940016,16.319658677069373,0.12363377785658616,10.539352313558638,0.4347334386186219,0.00024084955048123098,0.12034034271553802,0.5318727597941617,1937,1805,132,13.674242424242424,0.0
261,11.67707689381539,0.2432724352878206,3.1519295070324604,0.06566519806317626,3.1519295070324604,0.06566519806317626,3.109935971066676,5.415211415716293,6.2618654780991365,0.130455530793732,6.267653151922097,0.8524417362058045,0.0002443226529681297,0.11269632795611025,0.5285501600315214,3537,3489,48,72.6875,0.0
262,11.828274700234346,0.12583270957696113,4.761445778304314,0.05065367849259908,4.761445778304314,0.05065367849259908,7.027417190490809,0.03941173143920196,11.788862968795122,0.125413435838246,0.5620216513235476,0.5226099198843457,0.0002504120363604915,0.11985375583947658,0.11532127210001164,2181,2087,94,22.20212765957447,0.0
263,15.604185886369876,0.1258402087610474,6.141288044937142,0.049526516491428564,6.141288044937142,0.049526516491428564,4.893300904690676,4.569596936741718,11.034588949627818,0.08898862056151466,4.952430779633218,0.38283384289150035,0.0002474685474411767,0.0859012508607795,0.04291865894329305,1671,1547,124,12.475806451612904,0.0
264,23.370970104246624,0.27822583457436456,4.466223274313208,0.05316932469420486,4.466223274313208,0.05316932469420486,8.225870734749407,10.678876095183838,12.692094009062615,0.1510963572507454,11.143178644986378,0.4643025498025395,0.00024007370724019622,0.14556894594357436,0.44855806296885703,2018,1934,84,23.023809523809526,0.0
265,14.205816583049724,0.16328524808103131,4.997227281203985,0.057439394036827414,4.997227281203985,0.057439394036827414,3.608262712279881,5.600326589565839,8.605489993483866,0.09891367808602144,6.3627985966300855,0.7624720070642468,0.0002465153595422718,0.09014963202781194,0.30396068105149254,3180,3093,87,35.55172413793103,0.0
266,23.71736936087035,0.1210069865350528,9.796185797986546,0.04998053978564564,9.796185797986546,0.04998053978564564,13.883764344033139,0.03741921885060151,23.679950142019685,0.12081607215316166,0.7048985303096913,0.6674793114590898,0.00023992786177537377,0.11741056546204418,0.23647994583186005,2978,2782,196,14.193877551020408,0.0
267,26.911202447757077,0.1293807809988321,10.519724065784995,0.05057559647012017,10.519724065784995,0.05057559647012017,11.81268566376228,4.578792718209186,22.332409729547276,0.10736735446897729,5.454767279283246,0.8759745610740595,0.00024393610723309926,0.10315593830997034,0.75,3799,3591,208,17.264423076923077,0.0
268,20.673839083423175,0.25842298854278967,4.676350190781014,0.05845437738476268,4.676350190781014,0.05845437738476268,6.264020896286226,9.733467996355742,10.940371087067241,0.13675463858834053,10.601312180478999,0.8678441841232569,0.00024398205907316754,0.1259065862868022,0.2653120150859962,3637,3557,80,44.4625,0.0
269,52.34410054486442,0.13456066978114245,19.567983946726557,0.0503033006342585,19.567983946726557,0.0503033006342585,26.352910021352187,6.423206576785304,45.920893968078744,0.11804857061202761,7.246679895568988,0.8234733187836838,0.0002459597726355089,0.11593167262029673,0.0019634670478012595,3737,3348,389,8.606683804627249,0.0
270,14.639237398949064,0.14212851843639868,5.49609442451905,0.05336014004387427,5.49609442451905,0.05336014004387427,9.132454348309707,0.010688626120114009,14.628548772828758,0.1420247453672695,0.7376114598393855,0.7269228337192715,0.00024030506899810626,0.13496724212727843,0.4247095831136676,3128,3025,103,29.368932038834952,0.0
271,21.40761111534242,0.1466274733927563,7.681475154748397,0.052612843525673955,7.681475154748397,0.052612843525673955,8.063476337726584,5.662659622866968,15.744951492474982,0.10784213351010262,6.59323618614151,0.930576563274542,0.00024208547431699842,0.10146832143288294,0.08894696016851356,3990,3844,146,26.328767123287673,0.0
272,35.2690567439691,0.17903074489324416,10.075537461517058,0.05114486021074649,10.075537461517058,0.05114486021074649,15.185311072328886,10.008208210122518,25.260848533845945,0.1282276575322129,10.713039899599295,0.7048316894767765,0.00024138071557423853,0.12464983169730867,0.27220661781144884,3117,2920,197,14.82233502538071,0.0
273,24.103122703484402,0.15255140951572407,8.59043774698208,0.054369859158114424,8.59043774698208,0.054369859158114424,9.304199016126546,6.2084859403756525,17.894636763108625,0.11325719470321914,7.097782955976783,0.8892970156011302,0.00024518803848942104,0.10762873257916215,0.6989336490130142,3785,3627,158,22.955696202531644,0.0
274,26.565862725417816,0.12130530924848318,11.06028072456381,0.05050356495234617,11.06028072456381,0.05050356495234617,15.469508366504499,0.0360736343494068,26.52978909106831,0.12114058945693292,0.8654567539560389,0.8293831196066321,0.00024480021239865177,0.117353451924483,0.036051646685407945,3607,3388,219,15.470319634703197,0.0
275,17.353755209578054,0.13557621257482855,6.023219869391469,0.04705640522962085,6.023219869391469,0.04705640522962085,5.775154098723462,5.5553812414626975,11.79837396811493,0.09217479662589789,5.664722763094304,0.10934152163160604,0.0002931408086638232,0.0913205659881543,0.030663031168941757,501,373,128,2.9140625,0.0
276,44.73402912598371,0.15372518599994403,14.286034995722616,0.049092903765369816,14.286034995722616,0.049092903765369816,20.236786269155928,10.211207861104398,34.522821264878544,0.11863512462157576,10.585548895488628,0.37434103438422994,0.0002454695307437573,0.11734872931441609,0.028302246876407366,1816,1525,291,5.240549828178694,0.0
277,36.57609216048593,0.13252207304523886,13.97050818833783,0.05061778329107909,13.97050818833783,0.05061778329107909,15.80424222208839,6.801341750059393,29.774750410426222,0.10787953047255877,7.4360353796770085,0.6346936296176153,0.00024289844225702843,0.10557991587249609,0.20142428118663247,2889,2613,276,9.467391304347826,0.0
278,21.06997038724174,0.12109178383472263,9.14435122414238,0.05255374266748494,9.14435122414238,0.05255374266748494,11.400035133083492,0.5255840300157644,20.54438635722587,0.11807118596106822,1.4530072876395081,0.9274232576237438,0.00024164232871905778,0.11274116723909328,0.07948316470829297,4012,3838,174,22.057471264367816,0.0
279,58.414533484214346,0.12144393655761818,22.919488323425874,0.047649663874066266,22.919488323425874,0.047649663874066266,29.100575256196052,6.394469904591219,52.020063579621926,0.10814982033185432,7.122905058310479,0.7284351537192606,0.00024016984956124648,0.10663540213285627,0.2321096973028176,3514,3033,481,6.3056133056133055,0.0
280,29.6698779498371,0.18428495621016833,8.359385679549009,0.051921650183534215,8.359385679549009,0.051921650183534215,11.359356342682815,9.95113592760461,19.718742022231822,0.12247665852317902,10.667806132182392,0.7166702045777811,0.00023976922200661795,0.11802529079288639,0.3161184824712251,3150,2989,161,18.565217391304348,0.0
281,24.580598655630467,0.14988169911969798,8.821804299814662,0.053791489633016235,8.821804299814662,0.053791489633016235,8.712093508541116,7.0467008472745505,17.53389780835578,0.10691401102655962,7.8932412272898915,0.846540380015341,0.00024381923387538625,0.10175217944110107,0.05691258300515756,3636,3472,164,21.170731707317074,0.0
282,25.278544683524515,0.11649098932499777,10.663722662479854,0.04914157908976891,10.663722662479854,0.04914157908976891,14.01839857566307,0.5964234453815038,24.682121238142926,0.11374249418499044,1.1201099785991886,0.5236865332176848,0.00024996970559316696,0.11132919218859598,0.25144307947880407,2312,2095,217,9.654377880184331,0.0
283,25.157694281157802,0.14798643694798708,8.641515856275854,0.050832446213387374,8.641515856275854,0.050832446213387374,10.047316941024533,6.4688614838569265,18.688832797300385,0.10993431057235521,7.262958717040263,0.7940972331833365,0.0002462317002118873,0.105263150377162,0.07662582192692469,3395,3225,170,18.970588235294116,0.0
284,22.517367332621546,0.23455590971480778,5.235818530874937,0.05453977636328059,5.235818530874937,0.05453977636328059,7.166341645867547,10.115207155878693,12.402160176742484,0.1291891685077342,10.80162572272755,0.6864185668488574,0.00024118712819706865,0.12203897510306246,0.1676174918928126,2942,2846,96,29.645833333333332,0.0
285,23.068389096741768,0.18164085902946275,6.576392185798896,0.051782615636211775,6.576392185798896,0.051782615636211775,8.297835140279005,8.19416177066374,14.8742273260779,0.1171199002053378,8.608420138925851,0.4142583682621108,0.00024396841475978257,0.11385802328988912,0.5893566716292753,1825,1698,127,13.37007874015748,0.0
286,16.461885040019453,0.11843082762603924,7.450422436676739,0.05360016141494057,7.450422436676739,0.05360016141494057,9.007099390402374,0.004363212940148742,16.457521827079113,0.11839943760488571,0.8643964144276879,0.8600332014875391,0.000243981050067387,0.11221214838555227,0.4678690916000363,3664,3525,139,25.359712230215827,0.0
287,34.66984345350609,0.12471166709894277,13.38549562670115,0.048149264844248744,13.38549562670115,0.048149264844248744,15.176329495866824,6.108018330937213,28.561825122567974,0.10274037813873373,6.665391741595215,0.5573734106580019,0.00024673457753784944,0.10073543781262904,0.02420991583804266,2537,2259,278,8.12589928057554,0.0
288,34.78613684083004,0.1633151964358218,10.508431791583938,0.049335360523868256,10.508431791583938,0.049335360523868256,14.406984460923582,9.87072058832186,24.91541625250752,0.11697378522304,10.258501312673673,0.38778072435181343,0.0002477832104484431,0.11515321844204866,0.13772784585198394,1778,1565,213,7.347417840375587,0.0
289,78.29978575817228,0.12857107677860802,29.992633387597515,0.04924898750016012,29.992633387597515,0.04924898750016012,39.616779043246,8.690373327327123,69.60941243084352,0.11430116983718147,9.517054781132885,0.8266814538057616,0.0002448700988761142,0.11294372902633726,0.08097596602753754,3985,3376,609,5.543513957307061,0.0
290,17.005707748465994,0.11490343073287834,7.748412893103128,0.05235414116961573,7.748412893103128,0.05235414116961573,8.636700166137928,0.6205946892247027,16.385113059241057,0.11071022337325039,1.3537899198444023,0.7331952306196996,0.00024023434817159226,0.10575620154474048,0.0008879974854210104,3200,3052,148,20.62162162162162,0.0
291,21.05548936074743,0.1525760098604886,6.8320620246157,0.04950769583054855,6.8320620246157,0.04950769583054855,7.581045267643248,6.642382068488018,14.413107292258948,0.10444280646564455,7.121913027724986,0.47953095923696765,0.000673498538254168,0.10096794444219162,0.368638508884942,850,712,138,5.159420289855072,0.0
292,32.60680823654182,0.17252279490233768,9.618921998422984,0.050893767187423194,9.618921998422984,0.050893767187423194,13.289174409502522,9.698711828615757,22.908096407925505,0.12120685930119315,10.338027390622997,0.6393155620072406,0.00024244048616125924,0.11782423727999379,0.25341620691683886,2826,2637,189,13.952380952380953,0.0
293,38.030575015766416,0.15715113642878684,12.325641742537085,0.05093240389478135,12.325641742537085,0.05093240389478135,15.286689989792293,10.418243283436993,27.61233173232938,0.11410054434846852,11.17509147386886,0.7568481904318674,0.0004467816944698154,0.11097307248717998,0.07593770905283748,1936,1694,242,7.0,0.0
294,21.53265374460672,0.10607218593402325,9.843548631092343,0.04849038734528248,9.843548631092343,0.04849038734528248,11.371262406764927,0.31784270674931747,21.21481103785727,0.10450645831456784,0.6774208184446024,0.359578111695285,0.00025040258474602015,0.10273513756730107,0.33795478824046654,1639,1436,203,7.073891625615763,0.0
295,217.93777973138018,0.09861437996895031,103.2253142186322,0.046708286976756656,103.2253142186322,0.046708286976756656,108.93795438726879,5.774511125483571,212.163268605901,0.09600147900719502,6.254042084720538,0.47953095923696765,0.000876656232608716,0.09578449667269667,0.2005622387943049,2757,547,2210,0.24751131221719458,0.0
296,24.370211993248972,0.18462281813067402,6.804625881922068,0.051550196075167184,6.804625881922068,0.051550196075167184,7.59718620933144,9.968399901994928,14.401812091253507,0.10910463705495081,10.523559196428266,0.5551592944333379,0.00024739719003268176,0.10489888482439928,0.13951727322532292,2376,2244,132,17.0,0.0
297,34.8488085311819,0.16516023000560143,10.835158682143438,0.0513514629485471,10.835158682143438,0.0513514629485471,14.275870054546019,9.73777979449224,25.111028736689455,0.1190096148658268,10.494627984924108,0.7568481904318674,0.0005205283290453008,0.11542265661733551,0.0024291886846583566,1665,1454,211,6.890995260663507,0.0
298,10.71148340948767,0.10930085111722113,5.205183964557481,0.05311412208732123,5.205183964557481,0.05311412208732123,5.190943629374502,0.3153558155555487,10.396127593931983,0.106082934631959,0.895978823338325,0.5806230077827763,0.00024540279280759776,0.10015821006274842,0.01955630218476756,2464,2366,98,24.142857142857142,0.0
299,12.708055880728907,0.14776809163638263,4.415952952997495,0.051348290151133666,4.415952952997495,0.051348290151133666,3.2157173419258953,5.076385585805184,7.63167029492339,0.08874035226655105,5.555916545042152,0.47953095923696765,0.0006108674639961372,0.08316441088007855,0.5366227755836377,871,785,86,9.127906976744185,0.0
300,17.916513211589603,0.2421150433998595,4.307323514390615,0.05820707451879209,4.307323514390615,0.05820707451879209,4.133818466534393,9.475371230664322,8.441141980925007,0.11406948622871631,10.288359107197849,0.8129878765335263,0.00024436064819162196,0.10308316357286154,0.585665829482096,3401,3327,74,44.95945945945946,0.0
301,23.721707701079694,0.21565188819163358,5.915828543849265,0.05378025948953877,5.915828543849265,0.05378025948953877,8.453425493137772,9.352453664092693,14.369254036987037,0.1306295821544276,10.022476331019135,0.6700226669264424,0.0002394648559422596,0.12453846700055053,0.19718901030427105,2908,2798,110,25.436363636363637,0.0
302,6.001051003262603,0.09092501520094853,3.9281676261030367,0.05951769130459147,3.9281676261030367,0.05951769130459147,2.058185417016091,0.014697960143337241,5.986353043119127,0.0907023188351383,0.833790543422424,0.8190925832790867,0.00024538423705185343,0.07829182514909362,0.4498395968324047,3404,3338,66,50.57575757575758,0.0
303,32.9358110080145,0.11720929184346796,13.365284519241719,0.04756329010406306,13.365284519241719,0.04756329010406306,15.419118778762027,4.151407710009835,28.784403298003745,0.10243559892528023,4.569379211922737,0.417971501912902,0.00044089820876888397,0.1009481558579778,0.21837341217543838,1229,948,281,3.373665480427046,0.0
304,35.283681185642536,0.18094195479816685,9.73021679257758,0.04989854765424401,9.73021679257758,0.04989854765424401,14.531714471975974,11.021749921088372,24.261931264553553,0.12442016033104386,11.50024441050219,0.4784944894138192,0.00023960665468894301,0.12196634243661715,0.04006970879221683,2192,1997,195,10.24102564102564,0.0
305,38.77926188763658,0.152674259400144,12.7261243390342,0.050102851728481106,12.7261243390342,0.050102851728481106,16.773026481576053,9.280111067026212,29.499150820610254,0.11613838905752068,9.875059235404137,0.5949481683779254,0.0002439311883468329,0.113796073433986,0.034082546192863106,2693,2439,254,9.60236220472441,0.0
306,32.676766460603076,0.12814418219844342,12.86655877897518,0.05045709325088306,12.86655877897518,0.05045709325088306,17.84569241569254,1.9645152659351623,30.712251194667722,0.12044020076340284,2.8539471279826927,0.8894318620475303,0.0002440142282709274,0.11695223267694269,0.09213568278045159,3900,3645,255,14.294117647058824,0.0
307,33.393079232677266,0.11635219244835285,13.64202308181305,0.047533181469731886,13.64202308181305,0.047533181469731886,16.339049253408533,3.412006897454745,29.981072335221583,0.10446366667324593,3.829978399367647,0.417971501912902,0.0005005646729495832,0.10300731997668856,0.5731128747895582,1122,835,287,2.9094076655052263,0.0
308,33.19318415046192,0.18138351994787932,9.475576226269796,0.051779105061583584,9.475576226269796,0.051779105061583584,12.833822716269921,10.883785207921633,22.309398942539715,0.12190928383901484,11.685505494325966,0.8017202864043327,0.0002450245374096371,0.11752829866740958,0.39755874967376315,3455,3272,183,17.879781420765028,0.0
309,19.226900857670003,0.21363223175188892,5.230928328994689,0.05812142587771876,5.230928328994689,0.05812142587771876,5.385498050240599,8.610474478434696,10.616426379235289,0.11796029310261433,9.556384592599585,0.9459101141648887,0.00024038376471788786,0.10745018072300465,0.49278598347736136,4025,3935,90,43.72222222222222,0.0
310,29.694714815534525,0.11925588279331134,12.226383416110135,0.04910194143016119,12.226383416110135,0.04910194143016119,16.458662805028737,1.0096685943954924,28.685046221138872,0.11520098883991516,1.5471625149487238,0.5374939205532314,0.0002490703987735085,0.11304237871721205,0.5729722168460825,2407,2158,249,8.666666666666666,0.0
311,25.2301223507106,0.1255229967697045,10.18366560582299,0.050665003014044724,10.18366560582299,0.050665003014044724,11.358496264207005,3.687960480679976,21.542161870029993,0.10717493467676613,4.604070554125244,0.9161100734452674,0.00024235716228710778,0.10261717311734009,0.05895480554724486,3981,3780,201,18.80597014925373,0.0
312,19.64283885214533,0.25183126733519656,3.756127788207854,0.04815548446420326,3.756127788207854,0.04815548446420326,5.397682389125251,10.489028674811848,9.153810177333105,0.1173565407350398,10.59532984266636,0.10630116785451094,0.0003211515645151388,0.1159937052497304,0.07176381364342888,409,331,78,4.243589743589744,0.0
313,50.68282616898121,0.13810034378468994,17.639422973660018,0.04806382281651231,17.639422973660018,0.04806382281651231,24.217826780561182,8.825576414759666,41.8572497542212,0.1140524516463793,9.004409353185466,0.17883293842579917,0.0002677139796793401,0.11356516843541074,0.027117341803162276,1035,668,367,1.8201634877384196,0.0
314,10.187676965500756,0.12274309596988864,4.576460237382163,0.05513807514918268,4.576460237382163,0.05513807514918268,4.456425040009435,1.1547916881090998,9.032885277391598,0.1088299431011036,1.786051322524429,0.6312596344153292,0.00024297907406286727,0.10122440533706419,0.3786640611026115,2681,2598,83,31.301204819277107,0.0
315,17.025296930317296,0.15477542663924815,5.869932337335752,0.05336302124850684,5.869932337335752,0.05336302124850684,6.869235634481498,4.286128958499745,12.739167971817249,0.11581061792561136,5.093224319789641,0.8070953612898961,0.0002447968945374268,0.10847338736843323,0.5388317455046661,3407,3297,110,29.972727272727273,0.0
316,41.8087990126883,0.15717593613792594,13.56186416301355,0.05098445174065244,13.56186416301355,0.05098445174065244,18.6317653035438,9.615169546130389,32.193629466557354,0.12102868220510284,10.412214721028008,0.7970451748976188,0.0002458498380313445,0.11803227177315899,0.13037787448722327,3508,3242,266,12.18796992481203,0.0
317,32.09865631222978,0.14202945270898132,11.561416942853764,0.05115671213652108,11.561416942853764,0.05115671213652108,12.433589971572317,8.103649397803594,23.99500691442608,0.10617259696648709,8.878755508235457,0.7751061104318637,0.0002463782932078397,0.1027429239114793,0.24233158985727243,3372,3146,226,13.920353982300885,0.0
318,16.560884261319657,0.13040066347495793,6.4224275726584565,0.05057029584770438,6.4224275726584565,0.05057029584770438,8.048510641469903,2.089946047191333,14.47093821412836,0.11394439538683748,2.6491264295040224,0.5591803823126895,0.00024546987810039047,0.10954140025051681,0.04197254939792572,2405,2278,127,17.937007874015748,0.0
319,13.217328401727684,0.23188295441627516,3.370851938440733,0.05913775330597777,3.370851938440733,0.05913775330597777,4.668265639220209,5.178210824066483,8.039117577660942,0.14103715048527968,5.949813515841456,0.771602691774973,0.0005797165227460353,0.12750026115589874,0.6643904260280209,1388,1331,57,23.350877192982455,0.0
320,55.9853835107001,0.13050205946550142,20.970154755240905,0.04888147961594617,20.970154755240905,0.04888147961594617,26.051599596953366,8.963629158504716,47.02175435219427,0.10960781900278385,9.260589637947021,0.29696047944230486,0.0002591278180124824,0.10891560343299087,0.49989099724007247,1575,1146,429,2.6713286713286712,0.0
321,25.005973382713336,0.14371249070524905,8.756459306210617,0.050324478771325384,8.756459306210617,0.050324478771325384,9.327012540933026,6.922501535569438,18.08347184714364,0.10392799912151518,7.390582825882802,0.4680812903133642,0.00024004168734018678,0.10123787676339387,0.75,2124,1950,174,11.206896551724139,0.0
322,33.548591434918364,0.12425404235154949,13.546956456048997,0.05017391280018147,13.546956456048997,0.05017391280018147,19.68299026307315,0.3186447157958412,33.22994671912215,0.12307387673748943,1.2007182194643207,0.8820735036684795,0.00024468058354188056,0.11980693783501498,0.4162002904400879,3875,3605,270,13.351851851851851,0.0
323,34.83722493850348,0.1295064124107936,13.155505383961112,0.048905224475691865,13.155505383961112,0.048905224475691865,18.70263387682138,2.9790856777199934,31.858139260782494,0.11843174446387544,3.7506883694949664,0.771602691774973,0.0004106453921101506,0.11556333297029188,0.5330338586663288,2148,1879,269,6.985130111524164,0.0
324,55.905682117560715,0.12971155943749585,21.670564823589956,0.050279732769350244,21.670564823589956,0.050279732769350244,25.827755842869976,8.407361451099632,47.49832066645993,0.11020492033981423,9.283336012173692,0.8759745610740595,0.00024407204265089425,0.10817249676423904,0.006274678996206262,4020,3589,431,8.327146171693736,0.0
325,16.799849774481387,0.2507440264847968,3.928362187986431,0.05863227146248405,3.928362187986431,0.05863227146248405,5.310388929369992,7.561098657124859,9.238751117356424,0.13789180772173767,8.336204767556723,0.7751061104318637,0.0002460654318831313,0.12632305980484573,0.3334866538826873,3217,3150,67,47.014925373134325,0.0
326,6.528726945604035,0.11256425768282818,3.604447858665181,0.06214565273560657,3.604447858665181,0.06214565273560657,2.5055554172853647,0.41872366965343133,6.110003275950546,0.10534488406811286,1.2911354127515864,0.8724117430981551,0.00024348639215689507,0.09030330229055945,0.10093619765571304,3641,3583,58,61.775862068965516,0.0
327,25.271120358738187,0.12763192100372822,9.406510844594926,0.047507630528257204,9.406510844594926,0.047507630528257204,12.621372938749033,3.243236575393638,22.02788378334396,0.11125193829971697,3.546174288896495,0.3029377135028568,0.00026003237210545647,0.10972194984768531,0.6677460024713611,1363,1165,198,5.883838383838384,0.0
328,19.709287088119012,0.20111517436856136,5.397471910275048,0.055076243982398444,5.397471910275048,0.055076243982398444,6.298740334874921,8.013074842968734,11.696212245149969,0.11934910454234662,8.790397150416482,0.7773223074477471,0.00024575476049565196,0.11141724426227072,0.4051691310994272,3261,3163,98,32.275510204081634,0.0
329,32.515129141686046,0.1477960415531184,11.127194634231826,0.05057815742832648,11.127194634231826,0.05057815742832648,14.292086310598918,7.095848196855002,25.419280944830746,0.11554218611286703,7.763327508314092,0.6674793114590898,0.00024027333025885162,0.1125081892425998,0.4988928252456901,2998,2778,220,12.627272727272727,0.0
330,48.44872890232621,0.11241004385690535,21.329637533021376,0.04948871817406352,21.329637533021376,0.04948871817406352,27.091491216590484,0.027600152713631587,48.42112874961186,0.11234600637960988,0.8808041289194364,0.8532039762058048,0.00024384223383989848,0.11036641478748671,0.41617069385983996,3930,3499,431,8.11832946635731,0.0
331,31.052218685884668,0.1252105592172769,11.999354386160666,0.04838449349258333,11.999354386160666,0.04838449349258333,16.858385704838057,2.1944785948850836,28.857740090998725,0.11636185520564002,2.7829582178592602,0.5884796229741767,0.00024519984290590695,0.11398895350010245,0.0775861375683462,2648,2400,248,9.67741935483871,0.0
332,54.25226640576598,0.1273527380417042,21.196639911598623,0.04975737068450381,21.196639911598623,0.04975737068450381,25.45408046885737,7.601546025308863,46.650720380455994,0.10950873328745539,8.238825747316099,0.6372797220072357,0.00024221958267093717,0.10801277149870864,0.3870557299190125,3057,2631,426,6.176056338028169,0.0
333,28.464354365074115,0.14902803332499537,9.710939107229368,0.050842613126855334,9.710939107229368,0.050842613126855334,11.563197944437576,7.190217313407004,21.274137051666944,0.11138291650087405,7.821476947822319,0.631259634415315,0.00024335375266588857,0.1080778922369204,0.028599089159143887,2785,2594,191,13.581151832460733,0.0
334,5.693180072832618,0.07798876812099477,3.8153265122328217,0.05226474674291537,3.8153265122328217,0.05226474674291537,1.8601822688212764,0.017671291778512455,5.6755087810540985,0.07774669563087806,0.4562604656574365,0.43858917387892404,0.0002397972519841028,0.0717386247558244,0.5142572140369595,1902,1829,73,25.054794520547944,0.0
335,27.373748675322716,0.12386311617793085,11.060293992917217,0.05004657915347157,11.060293992917217,0.05004657915347157,14.716803676651907,1.5966510057528467,25.777097669569123,0.11663845099352545,2.4928224750545667,0.89617146930172,0.00024452154687632194,0.11258337647180158,0.48902869980075536,3886,3665,221,16.58371040723982,0.0
336,15.91501981190278,0.2066885689857504,4.189323995767947,0.054406805139843466,4.189323995767947,0.054406805139843466,4.439405579227028,7.286290236907462,8.628729574994974,0.11206142305188278,7.860729726740999,0.5744394898335372,0.000246434787573375,0.10460116993716599,0.06289659695431737,2408,2331,77,30.272727272727273,0.0
337,339.9096918138961,0.10589086972395516,151.6459041085969,0.047241714675575364,151.6459041085969,0.047241714675575364,181.93249644026912,6.331291265029293,333.57840054886606,0.10391850484388351,6.449721914076591,0.11843064904729772,0.00027606211899136997,0.10388161056069144,0.4240031720009938,3639,429,3210,0.1336448598130841,0.0
338,14.969991471788319,0.12170724773811642,6.413341658556984,0.05214098909395922,6.413341658556984,0.05214098909395922,8.512746909330218,0.0439029039011416,14.926088567887202,0.12135031356005856,0.8199695313488746,0.776066627447733,0.000245746240483766,0.11504082878406052,0.15418696071284899,3281,3158,123,25.67479674796748,0.0
339,14.091770618831305,0.1214807811968216,6.0180060557128225,0.05187936254924847,6.0180060557128225,0.05187936254924847,6.313058342831539,1.7607062202866501,12.331064398544362,0.10630227929779622,2.4550358453822696,0.6943296250956195,0.00024133806920250938,0.1003166790814572,0.09102952509975637,2993,2877,116,24.801724137931036,0.0
340,24.818236962355826,0.16327787475234096,7.9911645537626885,0.052573451011596634,7.9911645537626885,0.052573451011596634,9.36835527597978,7.458717132613046,17.359519829742467,0.11420736730093728,8.22677016010934,0.7680530274962933,0.000246407772696918,0.10915438685688478,0.3966080208462017,3269,3117,152,20.50657894736842,0.0
341,24.941187086071707,0.14671286521218652,8.973085348063906,0.05278285498861121,8.973085348063906,0.05278285498861121,9.703197057136947,6.264904680870785,18.67628240520085,0.1098604847364756,7.154033182918312,0.8891285020475266,0.0002447367195286338,0.10463031707737291,0.06456172153630746,3803,3633,170,21.370588235294118,0.0
342,228.09203701083885,0.10648554482298732,100.99352737601212,0.047149172444450105,100.99352737601212,0.047149172444450105,126.83672660465106,0.2617830301775399,227.8302539806632,0.10636333052318543,0.33668266357518917,0.07489963339764927,0.00030696571064610357,0.10632836337407268,0.005987233689069171,2386,244,2142,0.11391223155929038,0.0
343,11.708558338256779,0.16261886580912194,3.9672061835022876,0.055100085881976214,3.9672061835022876,0.055100085881976214,5.202734675491456,2.538617479262868,9.169940858993744,0.12736028970824645,3.2163498616710626,0.6777323824081947,0.0002403306320596435,0.11794733995257939,0.053648112952402016,2892,2820,72,39.166666666666664,0.0
344,31.279963272830727,0.1511109336851726,10.623594825277529,0.051321714131775505,10.623594825277529,0.051321714131775505,12.321427357718036,8.334941089834842,22.945022182995565,0.1108455177922491,9.005548716761297,0.6706076269264543,0.00024079268471326903,0.10760586742062526,0.09947170569597574,2992,2785,207,13.454106280193237,0.0
345,15.274634862081058,0.20366179816108076,4.4214640533364395,0.05895285404448586,4.4214640533364395,0.05895285404448586,3.788256826786153,7.064913981958355,8.209720880122592,0.10946294506830123,7.946987485626835,0.8820735036684795,0.00024468058354188056,0.09770196501938964,0.49942473212593086,3680,3605,75,48.06666666666667,0.0
346,20.937218608970966,0.12766596712787173,7.9645488621647145,0.04856432233027265,7.9645488621647145,0.04856432233027265,12.940319250179243,0.03235049662693257,20.90486811234396,0.1274687080020973,0.3951465029821861,0.36279600635525355,0.0002481504831431283,0.1252565372316389,0.75,1626,1462,164,8.914634146341463,0.0
347,62.68427331234385,0.11294463659881775,25.951258046441474,0.04675902350710175,25.951258046441474,0.04675902350710175,34.94738422128982,1.785631044611577,60.8986422677313,0.10972728336528162,2.1484270509668306,0.36279600635525355,0.0002479808655880065,0.10907359686734598,0.08182237923757896,2018,1463,555,2.636036036036036,0.0
348,40.198079485932226,0.1540156302142997,13.285885524431572,0.05090377595567652,13.285885524431572,0.05090377595567652,17.973192334792444,8.939001626708134,31.259077859224014,0.11976658183610733,9.609024293634576,0.6700226669264424,0.00023929380961658657,0.11719944518121705,0.2564439204766984,3061,2800,261,10.727969348659004,0.0
349,28.216218639479308,0.1558907107153553,9.320884535053324,0.051496599641178586,9.320884535053324,0.051496599641178586,11.587794387670598,7.30753971675513,20.908678922723922,0.11551756310897195,8.030340355755214,0.7228006390000843,0.00023973487197349397,0.1115241894128403,0.12757243532752227,3196,3015,181,16.65745856353591,0.0
350,4.790930275023726,0.12284436602624939,2.3305186351266407,0.059756888080170274,2.3305186351266407,0.059756888080170274,2.447720350701644,0.012691289195458921,4.778238985828285,0.1225189483545714,0.6591112908160994,0.6464200016206405,0.00024274126985378915,0.10594407651814428,0.75,2702,2663,39,68.28205128205128,0.0
351,12.124265506822795,0.12124265506822794,5.206607777458347,0.05206607777458347,5.206607777458347,0.05206607777458347,5.629740840472948,1.2879168888912318,10.836348617931295,0.10836348617931295,1.9155274399225988,0.627610551031367,0.00024278938144346886,0.10208738066900196,0.19208394389031014,2685,2585,100,25.85,0.0
352,17.502225722370085,0.23651656381581196,4.3102084321279435,0.05824605989362086,4.3102084321279435,0.05824605989362086,4.968498989456776,8.223518300785301,9.27870742158472,0.12538793812952323,9.046991619568985,0.8234733187836838,0.0002459597726355089,0.11425992030812297,0.7001941343163054,3422,3348,74,45.24324324324324,0.0
353,29.754603476593786,0.1451444072028965,10.53603684270008,0.05139530167170771,10.53603684270008,0.05139530167170771,12.861142823554147,6.357423810339256,23.397179666254225,0.11413258373782549,7.16169233169353,0.804268521354274,0.00024497975064096067,0.11020932265805003,0.030638467209342934,3488,3283,205,16.014634146341464,0.0
354,18.793973039993617,0.1456897134883226,6.729022760105763,0.052162967132602815,6.729022760105763,0.052162967132602815,12.037478750846645,0.02747152904100858,18.76650151095241,0.1454767558988559,0.697494195967451,0.6700226669264424,0.00023955047083533873,0.14028278173663694,0.75,2926,2797,129,21.68217054263566,0.0
355,33.00412362020924,0.10680946155407521,14.74690039521267,0.047724596748261065,14.74690039521267,0.047724596748261065,17.871704860736656,0.38551836425878605,32.618605255949326,0.10556182930727938,0.903726632809807,0.518208268551021,0.0002491385906495293,0.10388477989449656,0.049176474138164394,2389,2080,309,6.731391585760518,0.0
356,15.02769613592163,0.2177926976220526,3.8157719913742167,0.05530104335324952,3.8157719913742167,0.05530104335324952,3.5525752059834588,7.659348938563909,7.368347197357675,0.10678764054141558,8.228601142021887,0.5692522034579781,0.0002454731364631212,0.09853760860724266,0.75,2388,2319,69,33.608695652173914,0.0
357,9.237146340295965,0.24965260379178283,2.311651842507261,0.06247707682452057,2.311651842507261,0.06247707682452057,0.7203293838889806,6.205165113899653,3.031981226396242,0.08194543855124978,6.800113282277579,0.5949481683779254,0.0002445327449148892,0.06586575832482125,0.07712987199698773,2470,2433,37,65.75675675675676,0.0
358,13.755420588318685,0.1250492780756244,5.817540266019719,0.05288672969108836,5.817540266019719,0.05288672969108836,7.920327916823368,0.017552405475470323,13.737868182843087,0.12488971075311897,0.6680748924661373,0.650522486990667,0.00024191985384554367,0.1189758699622959,0.02868513359437941,2799,2689,110,24.445454545454545,0.0
359,19.522873583865803,0.11760767219196266,8.243091457126935,0.0496571774525719,8.243091457126935,0.0496571774525719,10.26091124349027,1.0188708832480131,18.504002700617207,0.11146989578685064,1.6511564376633316,0.6322855544153185,0.00024281319293983046,0.10766094666387031,0.14253943425579507,2770,2604,166,15.686746987951807,0.0
360,17.97820696775301,0.20429780645173876,4.38201413787217,0.04979561520309284,4.38201413787217,0.04979561520309284,5.94193590836538,7.654256921515355,10.32395004623755,0.11731761416179035,7.87558345257375,0.22132653105839495,0.00025036937902533365,0.11480253994521887,0.3259897806593699,972,884,88,10.045454545454545,0.0
361,14.487024750814413,0.1609669416757157,4.97233097517432,0.05524812194638134,4.97233097517432,0.05524812194638134,3.2584813222867126,6.256212453353157,8.230812297461032,0.09145346997178924,6.976541837242138,0.7203293838889806,0.00023994982807760845,0.08344981015080306,0.09410184359572327,3092,3002,90,33.355555555555554,0.0
362,23.33334670466425,0.1356589924689782,9.044340931781687,0.052583377510358645,9.044340931781687,0.052583377510358645,14.278186974074941,0.010818798807250118,23.322527905856628,0.13559609247591062,0.9284597522525075,0.9176409534452574,0.00024231342842494254,0.13026097065355666,0.23298364869050658,3959,3787,172,22.017441860465116,0.0
363,18.261770900075703,0.11631701210239301,7.990703747925617,0.05089620221608673,7.990703747925617,0.05089620221608673,9.127112850265107,1.1439543018844063,17.117816598190725,0.10903067896936768,1.9410360509554039,0.7970817490709976,0.00024533140937857726,0.10395372515363248,0.17906457916654972,3406,3249,157,20.694267515923567,0.0
364,26.283906629476675,0.16530758886463318,8.393132443391332,0.052786996499316556,8.393132443391332,0.052786996499316556,10.168799883024334,7.721974303060932,18.561932326415665,0.1167417127447526,8.438644507638713,0.7166702045777811,0.00023952881169043486,0.11223435296753435,0.1216127098685007,3151,2992,159,18.81761006289308,0.0
365,21.395708577505147,0.1844457635991823,6.446484276034873,0.05557314031064546,6.446484276034873,0.05557314031064546,7.051907511359602,7.897316790110537,13.498391787394475,0.11636544644305581,8.843226904275426,0.9459101141648887,0.00024075085623947282,0.10821104890715277,0.21485242035460317,4045,3929,116,33.87068965517241,0.0
366,27.4194958095855,0.1324613324134565,10.017584231100376,0.04839412672029167,10.017584231100376,0.04839412672029167,17.062481199364882,0.3394303791197615,27.080065430465257,0.13082157212785148,0.5489646224590388,0.20953424333927728,0.0002590040090720362,0.12980932940640802,0.07349966374309247,1016,809,207,3.9082125603864735,0.0
367,16.54630153353348,0.11652325023615127,6.844094776990258,0.048197850542184915,6.844094776990258,0.048197850542184915,7.968942695085872,1.7332640614567936,14.813037472076129,0.10431716529631077,2.078762234020772,0.3454981725639783,0.0002485598363769628,0.10188407957403316,0.3084236069131947,1532,1390,142,9.788732394366198,0.0
368,21.581576710795133,0.16729904426972972,6.848704700592265,0.053090734113118335,6.848704700592265,0.053090734113118335,6.844011007905152,7.8888610022976025,13.692715708497417,0.10614508301160788,8.536476546104723,0.6476155438071203,0.00024101806617310022,0.10112480747822024,0.0004231775110667968,2816,2687,129,20.829457364341085,0.0
369,43.60625526329895,0.14731842994357752,14.728547777040788,0.04975860735486753,14.728547777040788,0.04975860735486753,20.48980164806838,8.38790583818897,35.21834942510917,0.1189809102199634,9.080740423284595,0.6928345850956248,0.000241827080312609,0.11664025283788633,0.6494913989463953,3161,2865,296,9.679054054054054,0.0
370,28.185599354475116,0.13682329783725786,10.475107557544016,0.05085003668710687,10.475107557544016,0.05085003668710687,17.70599486969502,0.004496927235564385,28.181102427239033,0.13680146809339336,0.6988265523311838,0.6943296250956195,0.00024167407765249545,0.13343093593273753,0.1932923038703933,3079,2873,206,13.946601941747574,0.0
371,10.120950495587465,0.09200864086897695,5.707716066454045,0.051888327876854955,5.707716066454045,0.051888327876854955,3.4954120823745427,0.9178223467584701,9.203128148828588,0.08366480135298716,1.597193129166655,0.6793707824081849,0.00024040013531782906,0.07748870333109827,0.3177330069344464,2936,2826,110,25.69090909090909,0.0
372,52.65558068127088,0.1385673175822918,18.968960127560273,0.04991831612515861,18.968960127560273,0.04991831612515861,25.977146525499066,7.709474028210437,44.94610665305934,0.11827922803436668,8.289553035993222,0.5800790077827855,0.00024642268809803975,0.11675270432967803,0.3386505540080975,2734,2354,380,6.1947368421052635,0.0
373,37.97561253799293,0.14951028558264934,12.78871244274743,0.0503492615856198,12.78871244274743,0.0503492615856198,16.945219396106637,8.241680699138328,29.73393183885407,0.11706272377501602,9.004152706202575,0.7624720070642468,0.0002468345765827927,0.11406086547948958,0.27764224984697705,3343,3089,254,12.161417322834646,0.0
374,10.866173368257208,0.12489854446272652,4.870067968858164,0.055977792745496135,4.870067968858164,0.055977792745496135,5.978840651254046,0.01726474814482515,10.84890862011221,0.12470009908174955,0.7834835356411105,0.7662187874962854,0.0002462142633342819,0.11589298658179423,0.11322625058949143,3199,3112,87,35.770114942528735,0.0
375,14.729655674062371,0.10228927551432203,6.9053761301176095,0.04795400090359451,6.9053761301176095,0.04795400090359451,6.974741102510137,0.8495384414340634,13.880117232627747,0.09638970300435935,1.164369251601613,0.31483081016754966,0.0002547174839543282,0.09420337793375527,0.018135633288025588,1380,1236,144,8.583333333333334,0.0
376,30.961077503913415,0.15327266091046246,10.6889969457578,0.052915826464147525,10.6889969457578,0.052915826464147525,12.616954233933612,7.655126324221953,23.305951179691412,0.1153759959390664,8.563515753565511,0.9083894293435577,0.00024301482860983353,0.11087901856607874,0.2728379412276212,3940,3738,202,18.504950495049506,0.0
377,337.0418278647345,0.10575520171469548,150.4589852327447,0.04721022442194688,150.4589852327447,0.04721022442194688,178.0830837940008,8.499758837989177,328.5420690267455,0.10308819235228914,8.619730248906606,0.11997141091742947,0.0002732833961672653,0.10305054835764917,0.10019404310826019,3626,439,3187,0.13774709758393475,0.0
378,14.904468383613349,0.13549516712375773,6.101051748579061,0.05546410680526419,6.101051748579061,0.05546410680526419,8.505289390123991,0.2981272449100061,14.606341138703051,0.132784919442755,1.2022866204916625,0.9041593755816564,0.00024344625082974055,0.12456528875565169,0.09418867310719747,3824,3714,110,33.763636363636365,0.0
379,37.08157536770665,0.11660872757140456,15.146797801958519,0.04763143962880037,15.146797801958519,0.04763143962880037,20.87991504143892,1.054862524308433,36.02671284339744,0.11329154982200453,1.5798980197483417,0.5250354954399086,0.00025013601497851764,0.11164049480490033,0.47099382156416425,2417,2099,318,6.60062893081761,0.0
380,16.339437444877163,0.2094799672420149,4.192258580610991,0.05374690487962809,4.192258580610991,0.05374690487962809,4.038932312453895,8.108246551812144,8.231190893064886,0.10552808837262674,8.586741041225963,0.4784944894138192,0.00023996714614534564,0.09939354363655384,0.3180221071534248,2072,1994,78,25.564102564102566,0.0
381,39.43599437168098,0.1571155154250238,12.630901349470875,0.0503223161333501,12.630901349470875,0.0503223161333501,17.920238929749985,8.884854092459506,30.55114027922086,0.1217176903554616,9.622147297504029,0.7372932050445229,0.00024055243231468936,0.11878026722779661,0.08928385827663021,3316,3065,251,12.211155378486056,0.0
382,22.680096450620454,0.1296005511464026,9.123758637888304,0.05213576364507602,9.123758637888304,0.05213576364507602,13.324857853478889,0.23147995925278053,22.448616491367194,0.12827780852209825,1.0484419825318696,0.8169620232790891,0.00024526028918615703,0.12360945410336334,0.09250687424466264,3506,3331,175,19.034285714285716,0.0
383,17.653026470027882,0.11690746006640981,7.316751877771156,0.048455310448815604,7.316751877771156,0.048455310448815604,9.387417552541066,0.9488570397150227,16.704169430312223,0.11062363861133923,1.3488743252028996,0.40001728548787696,0.00024495853367291915,0.10797451751539723,0.1312281403586013,1784,1633,151,10.814569536423841,0.0
384,19.30184950755718,0.2144649945284131,5.209340331731793,0.05788155924146437,5.209340331731793,0.05788155924146437,4.4702543399904755,9.622254835834795,9.679594671722269,0.1075510519080252,10.468926415850135,0.8466715800153395,0.0002447027687905605,0.09814358990785606,0.12870857321267692,3550,3460,90,38.44444444444444,0.0
385,40.23024723984666,0.16287549489816464,12.27643753829784,0.04970217626841231,12.27643753829784,0.04970217626841231,18.291402005113994,9.662407696434187,30.567839543411836,0.12375643539842848,10.241070716362373,0.5786630199281859,0.00024729188885819914,0.12141367013556392,0.08762181839564676,2587,2340,247,9.473684210526315,0.0
386,7.0514951297170825,0.09040378371432158,4.524665571797251,0.058008532971759626,4.524665571797251,0.058008532971759626,1.859983468411997,0.6668460895077004,6.384649040209248,0.08185447487447754,1.5200500657135052,0.8532039762058048,0.00024356379566251921,0.07091596235902022,0.0340373610572442,3581,3503,78,44.91025641025641,0.0
387,8.629874364894704,0.09380298222711635,4.632576817263743,0.050354095839823296,4.632576817263743,0.050354095839823296,2.989042134500906,1.008255413129703,7.621618951764649,0.0828436842583114,1.4408466980615913,0.43259128493188825,0.00024046208167420135,0.07814160507427297,0.1363742531695209,1891,1799,92,19.554347826086957,0.0
388,25.15921481075803,0.20127371848606423,6.943700148477182,0.05554960118781746,6.943700148477182,0.05554960118781746,8.661451198743691,9.554063463537105,15.605151347220874,0.12484121077776698,10.421907647660362,0.8678441841232569,0.00024398205907316754,0.11789845730478135,0.7048725847762256,3682,3557,125,28.456,0.0
389,23.906445739613233,0.21537338504156064,6.078352071695393,0.05475992857383237,6.078352071695393,0.05475992857383237,8.408851034769185,9.419242633148514,14.487203106464579,0.13051534330148268,10.265914213163853,0.8466715800153395,0.0002444202020829502,0.12288767140945386,0.2827719478100903,3575,3464,111,31.207207207207208,0.0
390,13.333220160908638,0.11111016800757198,6.218212786310164,0.051818439885918034,6.218212786310164,0.051818439885918034,7.110289815918435,0.0047175586796726066,13.3285026022286,0.11107085501857167,0.5536695721840204,0.5489520135043477,0.0002474986535186419,0.10649625490603848,0.5827604060013556,2338,2218,120,18.483333333333334,0.0
391,31.243049279839866,0.11657854208895473,13.089103488856072,0.048839938391254,13.089103488856072,0.048839938391254,17.09265069586563,1.0612950951174724,30.1817541847217,0.11261848576388694,1.8356472855493422,0.7743521904318698,0.0002466875407556132,0.1097291119189945,0.23896257097510443,3407,3139,268,11.712686567164178,0.0
392,25.229197480368825,0.21024331233640686,6.738889040242286,0.05615740866868572,6.738889040242286,0.05615740866868572,8.493714883161232,9.996593556965351,15.232603923403518,0.12693836602836264,10.892765026267071,0.89617146930172,0.00024425496574045246,0.11947027045084795,0.08950820727818609,3789,3669,120,30.575,0.0
393,23.324880330617177,0.28444976012947776,5.654988276144794,0.06896327166030236,5.654988276144794,0.06896327166030236,8.513692575514298,9.156199478957944,14.168680851659092,0.17278879087389137,9.32034783418888,0.1641483552309353,0.00026179960961871657,0.17078698166375972,0.19848354995126272,709,598,111,5.387387387387387,1.0
394,13.090514762260838,0.10389297430365745,6.27759988944258,0.04982222134478238,6.27759988944258,0.04982222134478238,6.78630113436671,0.026613738451189306,13.06390102380929,0.10368175415721659,0.3506024200029145,0.3239886815517252,0.0002525243036256627,0.10111041541474543,0.00010150552827781212,1409,1283,126,10.182539682539682,0.0
395,29.165219847356028,0.11131763300517568,12.247839742857234,0.0467474799345696,12.247839742857234,0.0467474799345696,15.454364294626629,1.4630158098715214,27.702204037483863,0.1057336031965033,1.673485056875876,0.21046924700435454,0.0002576122974349505,0.10493028545984791,0.08453821292009422,1079,817,262,3.118320610687023,0.0
396,35.50767101304913,0.14612210293435857,12.276298109971492,0.05051974530852466,12.276298109971492,0.05051974530852466,12.664776110096241,10.56659679298076,24.941074220067733,0.10263816551468204,11.038333813442208,0.47173702046144683,0.0002404368096133776,0.1006968609037322,0.140480677328938,2205,1962,243,8.074074074074074,0.0
397,317.3479782866059,0.10699527251739915,140.25789555148324,0.047288568965436026,140.25789555148324,0.047288568965436026,166.7212383195975,10.368844415526851,306.97913387108076,0.10349937082639271,10.680564395633795,0.31171998010694324,0.000489356326698498,0.10339427305831832,0.21686608327820522,3603,637,2966,0.21476736345246122,0.0
398,2.4768279029315607,0.07740087196661127,1.5408696944799183,0.048152177952497446,1.5408696944799183,0.048152177952497446,0.9139463388154212,0.022011869636060055,2.4548160332953395,0.07671300104047936,0.0951083041765628,0.07309643454050274,0.0003110486576191606,0.07442873746109369,0.26583949028632503,267,235,32,7.34375,0.0
399,26.012549942352422,0.11877876686005671,10.895092753002775,0.04974928197718162,10.895092753002775,0.04974928197718162,13.021888560063687,2.0955686292853386,23.91698131306646,0.10920996033363681,2.9336843981964336,0.838115768911095,0.0002442774027721058,0.10538294769020999,0.15636661450628253,3650,3431,219,15.666666666666666,0.0
400,20.698698702346334,0.27971214462630184,4.559587325225277,0.06161604493547672,4.559587325225277,0.06161604493547672,5.252846942784771,10.886264434336255,9.812434268010048,0.13260046308121687,11.842772492888386,0.9565080585521315,0.00024032865792767124,0.11967467850618849,0.14592068407436898,4054,3980,74,53.78378378378378,0.0
401,27.725620432579476,0.19804014594699626,7.388418649606466,0.05277441892576047,7.388418649606466,0.05277441892576047,10.190038115277915,10.147163667694741,17.57845676488438,0.12556040546345984,10.966256250973828,0.8190925832790867,0.00024538423705185343,0.11970974415432606,0.060104665433769355,3478,3338,140,23.84285714285714,0.0
402,20.91204385305703,0.1252218194793834,8.856763828417485,0.05303451394261967,8.856763828417485,0.05303451394261967,11.725230313952437,0.33004971068668,20.581994142369922,0.12324547390640672,1.2439960495021012,0.9139463388154212,0.0002427480315578808,0.11777274133865226,0.16022702170234027,3932,3765,167,22.54491017964072,0.0
403,20.39589271283174,0.14363304727346296,7.4635844586961815,0.05256045393448015,7.4635844586961815,0.05256045393448015,9.42143003862985,3.510878215505059,16.885014497326033,0.11890855279807065,4.458353989774949,0.9474757742698898,0.00023974589429906119,0.11223618819054078,0.5786159056233373,4094,3952,142,27.830985915492956,0.0
404,41.44026983317633,0.1644455152110172,13.063121485554225,0.051837783672834224,13.063121485554225,0.051837783672834224,16.450117885181797,11.927030462439461,29.513239370736024,0.11711602924895248,12.765146231350556,0.838115768911095,0.0002444911811292576,0.11379017302311815,0.39743916641867827,3680,3428,252,13.603174603174603,0.0
405,21.071890844644855,0.2667327955018336,4.544986095739992,0.057531469566329006,4.544986095739992,0.057531469566329006,6.696004687366013,9.830900061538614,11.240990783106005,0.1422910225709621,10.683341797744418,0.8524417362058045,0.00024411275378173096,0.13150062084684097,0.046489458871704414,3571,3492,79,44.20253164556962,0.0
406,16.745011609729374,0.17813842138009972,5.341458222643758,0.05682402364514636,5.341458222643758,0.05682402364514636,8.860933208686902,2.5426201783984084,14.20239143133066,0.15108927054607085,3.4409156423667895,0.8982954639683811,0.00024337454997788705,0.14153293582300622,0.022151945384607075,3785,3691,94,39.265957446808514,0.0
407,11.866428209372543,0.22389487187495366,2.612115277501905,0.04928519391513029,2.612115277501905,0.04928519391513029,5.4431742132239265,3.8111387186464754,8.055289490725832,0.15198659416463833,4.029767872530172,0.21862915388369686,0.00025363010891380145,0.1478615157894787,0.1811347004534838,915,862,53,16.264150943396228,0.0
408,50.89914929613194,0.1713776070576833,14.772182334485272,0.04973798765819957,14.772182334485272,0.04973798765819957,23.21375258380256,12.913214377842948,37.98593491828783,0.1278987707686459,13.353092216483773,0.4398778386408253,0.0002391940395001769,0.12641770060487598,0.25055807199007063,2136,1839,297,6.191919191919192,0.0
409,29.892879386691448,0.18339189807786163,8.441072248697305,0.05178571931716138,8.441072248697305,0.05178571931716138,10.850219268580389,10.601587869413251,19.291291517277692,0.11835148170109014,11.369640896909544,0.7680530274962933,0.0002465659799346046,0.11363949993731229,0.10206284231146867,3278,3115,163,19.11042944785276,0.0
410,53.803085906233946,0.13059001433551928,20.474121679285673,0.04969447009535358,20.474121679285673,0.04969447009535358,30.463979186441776,2.864985040504891,50.93810086572745,0.12363616714982391,3.511221384312009,0.6462363438071179,0.00024140319156037277,0.12206763233476198,0.4265195077917383,3089,2677,412,6.497572815533981,0.0
411,15.633408683487446,0.15326871258321026,5.218282020447584,0.0511596276514469,5.218282020447584,0.0511596276514469,7.465742445265349,2.94938421777411,12.684024465712934,0.12435318103640132,3.500147544270945,0.5507633264968348,0.00024720077490881273,0.11895354058055392,0.34771432642467914,2330,2228,102,21.84313725490196,0.0
412,29.57859149399762,0.2159021276934133,7.305983492686135,0.05332834666194259,7.305983492686135,0.05332834666194259,9.188574684133926,13.084033317177273,16.49455817682006,0.12039823486729971,13.780376774642306,0.6963434574650336,0.00024128324929488342,0.11531543590770303,0.2792926106369009,3023,2886,137,21.065693430656935,0.0
413,22.873818101433244,0.23104866769124488,5.0241412045071465,0.050748901055627745,5.0241412045071465,0.050748901055627745,7.4543271260228465,10.395349770903039,12.478468330529992,0.1260451346518181,10.793895791878228,0.3985460209751892,0.00024495760354959384,0.12201941726823248,0.06360717507666891,1726,1627,99,16.434343434343436,0.0
414,37.82592333782728,0.12822346894178738,14.682901799034244,0.049772548471302525,14.682901799034244,0.049772548471302525,20.329885341086154,2.8131361977059868,35.012787140120395,0.11868741403430642,3.2877889057864707,0.4746527080804839,0.0002399659798182426,0.11707842180352816,0.055514139553380915,2273,1978,295,6.705084745762712,0.0
415,46.316554470803666,0.11845666105064877,18.253377316853808,0.046683829454869076,18.253377316853808,0.046683829454869076,24.9676256938602,3.0955514600891973,43.22100301071401,0.11053964964376983,3.343044097806498,0.24749263771730057,0.00024601653848638227,0.1099066761457728,0.006182158914796787,1397,1006,391,2.5728900255754477,0.0
416,90.37735677100655,0.14232654609607331,31.181892148178683,0.04910534196563572,31.181892148178683,0.04910534196563572,45.41373897515044,13.781725647674008,76.59563112332913,0.120623041139101,14.474560232769633,0.6928345850956248,0.00024132169456482925,0.1195319630523416,0.07020725014680806,3506,2871,635,4.521259842519685,0.0
417,21.480221002005635,0.25879784339765827,4.803548744484473,0.057874081258849075,4.803548744484473,0.057874081258849075,5.8439266603401165,10.832745597180875,10.64747540482459,0.1282828362027059,11.76377528045542,0.931029683274545,0.00024144960665833638,0.11706561110301464,0.16115418834829143,3939,3856,83,46.45783132530121,0.0
418,34.01628987283446,0.1283633580106961,13.616608158781958,0.05138342701427154,13.616608158781958,0.05138342701427154,17.727214447042954,2.6724672670088836,31.34382260582491,0.1182785758710374,3.5220029571194544,0.8495356901105708,0.00024362939205924028,0.1150727808140189,0.47384320239603994,3752,3487,265,13.158490566037736,0.0
419,25.54558883618145,0.12709248177204702,9.563802036208626,0.04758110465775436,9.563802036208626,0.04758110465775436,13.27118670379484,2.710600096177572,22.834988740003467,0.11360690915424611,3.052635876008509,0.3420357798309368,0.000248934337577101,0.11190523860782559,0.018904108261551755,1575,1374,201,6.835820895522388,0.0
420,40.87653291393613,0.18496168739337615,11.532267845226984,0.05218220744446599,11.532267845226984,0.05218220744446599,15.608125083570911,13.73613998513737,27.140392928797894,0.12280720782261491,14.584257435247949,0.8481174501105784,0.00024378196323960287,0.11896957230175648,0.1337970878072241,3700,3479,221,15.7420814479638,0.0
421,43.76739813663869,0.15249964507539612,14.194746431001604,0.049459046797915,14.194746431001604,0.049459046797915,18.11484105752251,11.45781064811328,32.309587488524116,0.11257695989032793,11.997211653363664,0.539401005250383,0.0002478864913834481,0.11069751387900706,0.24840459204747845,2463,2176,287,7.581881533101045,0.0
422,22.703020882828852,0.13276620399315117,8.972754009666165,0.05247224567056237,8.972754009666165,0.05247224567056237,10.56733649355823,3.1629303796042194,19.540090503224395,0.1142695351065754,3.9537026713791903,0.7907722917749709,0.0002462697887807446,0.10964513573947171,0.05405291957019642,3382,3211,171,18.77777777777778,0.0
423,17.911134647683525,0.13569041399760245,6.981459261453903,0.052889842889802294,6.981459261453903,0.052889842889802294,7.9719617856612075,2.9577136005677858,14.95342104711511,0.11328349278117508,3.8776440752142918,0.919930474646506,0.000241832406584255,0.10631432251870632,0.2979733886823226,3936,3804,132,28.818181818181817,0.0
424,45.30102953931876,0.17030462232826601,13.671096673075132,0.05139510027471854,13.671096673075132,0.05139510027471854,17.52130800644437,14.10862485979807,31.192404679519505,0.11726467924631392,14.970208141285624,0.8615832814875546,0.00024379832526529559,0.11402564435350804,0.17049107023491672,3800,3534,266,13.285714285714286,0.0
425,49.55457891566027,0.1444739910077559,17.261837711639522,0.0503260574683368,17.261837711639522,0.0503260574683368,20.745927685711763,11.546813518307218,38.007765397351285,0.11080981165408538,12.455266307650774,0.9084527893435563,0.00024322698509867638,0.1081612612478411,0.06992333011154983,4078,3735,343,10.889212827988338,0.0
426,19.796202651786956,0.13559042912182848,7.2554469717871,0.04969484227251438,7.2554469717871,0.04969484227251438,9.392261365844774,3.148494314154803,16.647708337631876,0.11402539957282107,3.440323458199785,0.29182914404498206,0.0002605617357544483,0.11202656981909022,0.2668205681955982,1266,1120,146,7.671232876712328,0.0
427,22.372363258730203,0.12498526960184471,8.781885437074132,0.04906081249762085,8.781885437074132,0.04906081249762085,9.944720214338332,3.645757607317421,18.726605651412463,0.10461790866710872,4.2135902907754,0.5678326834579792,0.00024570864710427487,0.10144565903885365,0.0013900619261590919,2490,2311,179,12.910614525139664,0.0
428,22.44981189825073,0.3118029430312601,4.330735499635728,0.060149104161607334,4.330735499635728,0.060149104161607334,3.736112351328657,14.38296404728645,8.066847850964386,0.11203955348561648,15.25893860836051,0.8759745610740595,0.00024386819629010565,0.09987324013736416,0.3475399321275461,3664,3592,72,49.888888888888886,0.0
429,28.04995597310777,0.19212298611717651,7.588114684776342,0.05197338825189276,7.588114684776342,0.05197338825189276,8.80013329273443,11.6617079955966,16.388247977510773,0.11224827381856693,12.375725098770019,0.7140171031734184,0.00024097776009902747,0.10735774571464214,0.3674692025282553,3109,2963,146,20.294520547945204,0.0
430,11.45861939193476,0.1527815918924635,3.9452230642157873,0.05260297418954383,3.9452230642157873,0.05260297418954383,4.722818002479642,2.7905783252391103,8.668041066695428,0.11557388088927238,3.2041804944535954,0.4136021692144851,0.00024201414231391757,0.11005918529974887,0.028176662740406755,1784,1709,75,22.786666666666665,0.0
431,33.31328175554199,0.13541984453472355,12.090209072430433,0.049147191351343225,12.090209072430433,0.049147191351343225,17.38305815056286,3.840014532548267,29.473267222993293,0.11981002936176136,4.6197362573160206,0.7797217247677537,0.0002459689983494491,0.11664042885457712,0.1384098802117677,3416,3170,246,12.886178861788618,0.0
432,91.12896268608029,0.1404144263267801,31.678698211150945,0.048811553484053846,31.678698211150945,0.048811553484053846,44.626098723584974,14.8241657513408,76.30479693473592,0.11757287663287506,15.369859973734037,0.5456942223932373,0.00024872115879363593,0.1167320534858956,0.04836180908179699,2843,2194,649,3.3805855161787366,0.0
433,23.388814825932485,0.19990440022164518,5.935995758841283,0.05073500648582294,5.935995758841283,0.05073500648582294,6.042042320354895,11.410776746736047,11.978038079196178,0.10237639383928357,11.865923811456895,0.45514706472084754,0.00023705576287544143,0.09848624798697085,0.75,2037,1920,117,16.41025641025641,0.0
434,22.27573520699042,0.12307036025961557,9.290501588777877,0.05132873805954628,9.290501588777877,0.05132873805954628,10.56834814930943,2.4168854689029615,19.858849738087308,0.10971740186788567,3.02710158012907,0.6102161112261086,0.0002417654957314218,0.10634604213735552,0.1824308785229931,2705,2524,181,13.94475138121547,0.0
435,364.39035760001894,0.09777042060639092,175.82393033411248,0.04717572587446001,175.82393033411248,0.04717572587446001,184.94036449618244,3.6260627697339345,360.76429483029494,0.09679750330836999,3.6590130275814374,0.03295025784750294,0.0017342240972369968,0.09678866234838678,0.012880799977295965,3746,19,3727,0.005097933995170378,0.0
436,39.66975364470336,0.1717305352584561,11.67700261617519,0.050549794875217276,11.67700261617519,0.050549794875217276,13.639856154025864,14.352894874501303,25.316858770201055,0.10959679121299158,14.891388359751687,0.5384934852503847,0.0002487267830255818,0.10726565058420638,0.07165342073244574,2396,2165,231,9.372294372294371,0.0
437,51.04494451219131,0.1450140469096344,17.670449528600432,0.05020014070625123,17.670449528600432,0.05020014070625123,21.30303580418247,12.071459179407128,38.9734853327829,0.11072012878631506,12.975618554988785,0.9041593755816564,0.0002431189501429568,0.10815149419659807,0.47152250538626106,4071,3719,352,10.565340909090908,0.0
438,18.343741382865517,0.12229160921910344,8.006632084543885,0.05337754723029256,8.006632084543885,0.05337754723029256,7.544324646620495,2.792784651700998,15.55095673116438,0.1036730448744292,3.6169030904846835,0.8241184387836853,0.0002452733448760968,0.09817892194920555,0.1524138341405319,3510,3360,150,22.4,0.0
439,16.70958424578393,0.13585027842100755,5.97949713910457,0.04861379787889894,5.97949713910457,0.04861379787889894,8.07834010299112,2.6517470036877597,14.05783724209569,0.11429135969183488,2.9884636478419253,0.3367166441541656,0.00025222220535892553,0.1115538259995285,0.4041365311582297,1458,1335,123,10.853658536585366,0.0
440,21.802700159360796,0.31146714513372564,4.069965324039806,0.058142361771997234,4.069965324039806,0.058142361771997234,3.171028202532767,14.561706632788216,7.240993526572574,0.10344276466532248,15.290141786507476,0.7284351537192606,0.00024016984956124648,0.09303654818361885,0.27533730710803184,3103,3033,70,43.32857142857143,0.0
441,25.995437827086732,0.19114292519916715,7.053147570020292,0.05186137919132568,7.053147570020292,0.05186137919132568,7.548559374484043,11.393730882581991,14.601706944504336,0.10736549223900248,12.036373192712517,0.6426423101305261,0.00024195870110336071,0.10264018113510452,0.75,2792,2656,136,19.529411764705884,0.0
442,41.88833117351494,0.1254141651901645,16.9898899569461,0.05086793400283264,16.9898899569461,0.05086793400283264,21.98909286266438,2.9093483539032263,38.97898281961048,0.11670354137607927,3.791421857571706,0.8820735036684795,0.0002448164040156757,0.11406260274234502,0.22624641793207445,3937,3603,334,10.7874251497006,0.0
443,7.601377331607708,0.12065678304139218,3.8168953145419584,0.06058563991336442,3.8168953145419584,0.06058563991336442,2.7044870958270764,1.0799949212384377,6.521382410369035,0.10351400651379421,2.0229249665433002,0.9429300453048626,0.00024122027252618638,0.08854686293753028,0.7491311890871657,3972,3909,63,62.04761904761905,0.0
444,31.301118521349238,0.18093132093265454,9.012084968830852,0.05209297669844423,9.012084968830852,0.05209297669844423,8.743799381952613,13.545234170564882,17.755884350783464,0.10263516965770789,14.212713482023972,0.6674793114590898,0.00023984164982360394,0.09877690774176455,0.5550806568796247,2956,2783,173,16.08670520231214,0.0
445,28.393865515395447,0.18085264659487546,7.856816055059412,0.05004341436343575,7.856816055059412,0.05004341436343575,9.462906364397426,11.0741430959378,17.319722419456838,0.11031670330864228,11.508699403357397,0.43455630741959794,0.0002399537865376024,0.10754882873909585,0.23710814961684434,1968,1811,157,11.535031847133759,0.0
446,48.63291808027043,0.12312131159562134,19.647868921307566,0.04974144030710776,19.647868921307566,0.04974144030710776,26.716239850470075,2.2688093084917114,46.36410877177764,0.11737749056146238,2.903502938109341,0.6346936296176295,0.00024327084308839767,0.11577067124597744,0.31759400909561464,3004,2609,395,6.60506329113924,0.0
447,34.01254918257834,0.1083202203266826,15.182586202471205,0.04835218535818855,15.182586202471205,0.04835218535818855,17.72266712529364,1.1072958548129748,32.90525332776485,0.10479380040689441,1.830096493813059,0.7228006390000843,0.0002400533507140765,0.10249188754383848,0.17568736623340442,3325,3011,314,9.589171974522293,0.0
448,65.18613801065175,0.14421711949259236,22.047566185561283,0.048777801295489566,22.047566185561283,0.048777801295489566,30.10007549711004,13.038496327977697,52.14764168267132,0.11537088867847638,13.405074644436851,0.3665783164591545,0.000248023218172635,0.11455987470401525,0.4438276291004115,1930,1478,452,3.269911504424779,0.0
449,28.15144035499445,0.1793085372929583,8.282522840389076,0.05275492255024889,8.282522840389076,0.05275492255024889,9.402181558926728,10.46673595567782,17.684704399315805,0.11264142929500513,11.324505936046137,0.8577699803683174,0.00024382318941680426,0.10717792623533957,0.19844746104040212,3675,3518,157,22.40764331210191,0.0
450,18.310677797610765,0.11662852100389022,8.421466681824977,0.05363991517085973,8.421466681824977,0.05363991517085973,8.276346692452975,1.6128644233327805,16.697813374277953,0.10635549919922263,2.470634403701098,0.8577699803683174,0.00024382318941680426,0.10089199613955202,0.5687621885735581,3675,3518,157,22.40764331210191,0.0
451,35.535728622876974,0.10576109709189575,15.997103546117017,0.04761042722058636,15.997103546117017,0.04761042722058636,18.983135501686988,0.5554895750727695,34.980239047804005,0.1041078543089405,1.0780994949571152,0.5226099198843457,0.00025053208048146967,0.10255246764261863,0.3403082025972708,2422,2086,336,6.208333333333333,0.0
452,30.7370441815858,0.20089571360513594,8.263022916994599,0.05400668573199084,8.263022916994599,0.05400668573199084,9.221611589289452,13.252409675300811,17.484634506284053,0.11427865690381733,14.141841537348341,0.8894318620475303,0.00024408119156079318,0.10846537675972197,0.16093427206216404,3797,3644,153,23.81699346405229,0.0
453,16.235767206156225,0.2194022595426517,3.833546789315123,0.05180468634209626,3.833546789315123,0.05180468634209626,2.2227224407917276,10.17949797604922,6.056269230106851,0.08184147608252501,10.567278700401033,0.38778072435181343,0.00024762498362184765,0.07660119602371881,0.07500329676392425,1640,1566,74,21.16216216216216,0.0
454,21.18704528128133,0.11705549879160955,9.651177376485292,0.053321421969532,9.651177376485292,0.053321421969532,9.13607994137189,2.3997879634238473,18.787257317857183,0.10379700175611703,3.3137343022392685,0.9139463388154212,0.00024261915020319118,0.09874757446984564,0.0710021195954198,3948,3767,181,20.8121546961326,0.0
455,6.948144244895957,0.10527491280145389,3.969088490029053,0.06013770439437959,3.969088490029053,0.06013770439437959,1.7243098538188946,1.2547459010477127,5.693398343847948,0.08626361127042345,2.207576736554003,0.9528308355062904,0.000240371048311375,0.07182678042942355,0.2537940616781924,4030,3964,66,60.06060606060606,0.0
456,27.367107720621746,0.21548903717024998,7.020510296704646,0.05527960863546966,7.020510296704646,0.05527960863546966,5.949875473448941,14.396721950467253,12.970385770153587,0.10212902181223298,15.30337604604891,0.9066540955816578,0.00024352782583445011,0.09499001318561288,0.3629095648719698,3850,3723,127,29.31496062992126,0.0
457,29.110667961478242,0.16083241967667536,9.278620004102473,0.05126309394531753,9.278620004102473,0.05126309394531753,9.007766831341371,10.824281126033227,18.286386835443842,0.10102976152178919,11.503651908441412,0.6793707824081849,0.00024040013531782906,0.09727633178473387,0.18417019789576727,3007,2826,181,15.613259668508288,0.0
458,22.150721678224443,0.12803885363135517,9.034417418826358,0.052222066004776635,9.034417418826358,0.052222066004776635,10.08121428055145,3.035089978846372,19.115631699377808,0.110494980921259,3.7065768380210216,0.6714868591746495,0.00023921868869777323,0.10661355398961515,0.24637566374522635,2980,2807,173,16.22543352601156,0.0
459,19.464071058618956,0.126390071809214,7.564051367005318,0.0491172166688657,7.564051367005318,0.0491172166688657,10.240242418386401,1.6597772732272205,17.80429378539172,0.11561229730773845,2.1660229746635764,0.5062457014363559,0.0002463482732050394,0.11232498755815182,0.08025713314707161,2209,2055,154,13.344155844155845,0.0
460,25.09840797921008,0.2261117835964872,5.67338019469672,0.05111153328555604,5.67338019469672,0.05111153328555604,4.652617197911468,14.772410586601055,10.325997392608187,0.0930270035370107,15.11329520358639,0.3408846169853348,0.00025213359244477426,0.08995597095156478,0.020162464659790658,1463,1352,111,12.18018018018018,0.0
461,14.932973088558285,0.3642188558184947,2.612389319811433,0.06371681267832764,2.612389319811433,0.06371681267832764,0.8266814538057616,11.493902314940968,3.439070773617195,0.08387977496627304,12.210572519518749,0.7166702045777811,0.00023984946605682097,0.06640001387901306,0.08412291200450284,3029,2988,41,72.8780487804878,0.0
462,13.464417624913878,0.13880842912282348,5.50791810764051,0.05678266090351041,5.50791810764051,0.05678266090351041,4.321558671449324,3.63494084582409,9.829476779089834,0.1013348121555653,4.487382582029895,0.8524417362058045,0.00024411275378173096,0.09254675301942251,0.07926574272799769,3589,3492,97,36.0,0.0
463,23.576905295694303,0.1386876782099665,8.381159387470428,0.049300937573355456,8.381159387470428,0.049300937573355456,12.14549053558747,3.0502553726363146,20.526649923057896,0.12074499954739938,3.6419004743475796,0.5916451017112649,0.00024478489934268307,0.11726473424321601,0.09630886668223582,2587,2417,170,14.217647058823529,0.0
464,36.113354207981374,0.20874771218486343,9.22262659751787,0.053309980332473236,9.22262659751787,0.053309980332473236,11.558741957787873,15.331985652674419,20.781368555305743,0.12012351766072683,16.258399395144878,0.9264137424704586,0.00024258018917791533,0.11476852492969072,0.19421494069574408,3992,3819,173,22.07514450867052,0.0
465,49.21402296650204,0.16188823344244094,15.335139853204245,0.050444538990803436,15.335139853204245,0.050444538990803436,20.79601426214488,13.082868851151872,36.131154115349126,0.1188524806425958,13.909550304957634,0.8266814538057616,0.00024494265297948494,0.11613313375508029,0.03723351214367199,3679,3375,304,11.101973684210526,0.0
466,32.25925245066527,0.12750692668247143,12.772491407205665,0.05048415575970619,12.772491407205665,0.05048415575970619,15.200714618846149,4.286046424612508,27.973206026051813,0.11056603172352496,4.84199995904585,0.5559535344333426,0.00024654258733185924,0.10836858692339693,0.0657510982381666,2508,2255,253,8.91304347826087,0.0
467,15.86660179805115,0.13561198117992435,5.869220553273756,0.050164278233109025,5.869220553273756,0.050164278233109025,6.855563838579641,3.141817406197859,12.724784391853397,0.10875884095601195,3.6727440430925355,0.5309266368946766,0.0002504370928748474,0.10422100645263772,0.2960015445959243,2237,2120,117,18.11965811965812,0.0
468,22.692060289927596,0.3601914331734539,3.5537114423493197,0.056408118132528884,3.5537114423493197,0.056408118132528884,2.0784565654515177,17.059892282126313,5.632168007800837,0.08939949218731488,17.605248584519543,0.5453563023932304,0.0002477766026320901,0.08074304294298497,0.30640054521862226,2264,2201,63,34.93650793650794,0.0
469,37.02717483533506,0.1833028457194805,10.283049779699073,0.050906187028213236,10.283049779699073,0.050906187028213236,12.902924300134913,13.841200755499642,23.185974079833986,0.11478204990016824,14.433611937210898,0.5924111817112561,0.00024359012405890463,0.11184932127784239,0.016596082756279884,2634,2432,202,12.03960396039604,0.0
470,21.910602463999325,0.1312012123592774,8.640715578722498,0.05174081184863771,8.640715578722498,0.05174081184863771,8.649377807998675,4.620509077277774,17.290093386721175,0.10353349333365973,5.178115447935781,0.5576063706580072,0.00024618382810508046,0.10019453303032062,0.13089303313890355,2432,2265,167,13.562874251497005,0.0
471,250.27613907223127,0.09391224730665339,125.11469785236808,0.046947353790757256,125.11469785236808,0.046947353790757256,122.1381421763528,3.0232990435182217,247.25284002872087,0.09277780113648063,3.1187914572948188,0.09549241377659712,0.000298413793051866,0.0927419690862801,0.1955553384605082,2985,320,2665,0.1200750469043152,0.0
472,23.705100738423965,0.6772885925263991,2.035395383115131,0.058154153803289456,2.035395383115131,0.058154153803289456,2.7954480500293073,18.87425730527943,4.830843433144438,0.1380240980898411,19.2596564082979,0.3853991030184716,0.0002470507070631228,0.12701269514645902,0.13436694635474566,1595,1560,35,44.57142857142857,0.0
473,40.710806439742015,0.16549108308838217,12.623082624003805,0.05131334400001547,12.623082624003805,0.05131334400001547,13.98072768409611,14.106996131640898,26.603810308099916,0.10814557035812974,14.968579413128452,0.8615832814875546,0.00024400546063085658,0.10464319929517708,0.057930809672598116,3777,3531,246,14.353658536585366,0.0
474,17.21253869231583,0.12845178128593904,7.252521394022326,0.05412329398524124,7.252521394022326,0.05412329398524124,4.870237066021758,5.089780232271508,12.122758460044084,0.09046834671674689,5.870017157039257,0.780236924767749,0.00024535752351187076,0.08464568309907891,0.1362436626245085,3314,3180,134,23.73134328358209,0.0
475,43.37137264288329,0.12148843877558343,17.002290209545,0.04762546277183473,17.002290209545,0.04762546277183473,22.733743148860498,3.6353392844780075,39.73603335840549,0.11130541556976328,4.195215346790704,0.5598760623126964,0.00024491516286644636,0.1097371352831725,0.5880449007837143,2643,2286,357,6.4033613445378155,0.0
476,46.19063510660831,0.24183578589847285,9.709948997597557,0.0508374293067935,9.709948997597557,0.0508374293067935,17.39752037738637,19.083165731623154,27.10746937498393,0.14192392342923524,19.735296538613824,0.6521308069906695,0.00024126185978197169,0.13850962601044234,0.21931523411846854,2894,2703,191,14.151832460732985,0.0
477,44.95284318200561,0.16773448948509556,13.686028693980177,0.05106727124619469,13.686028693980177,0.05106727124619469,16.722396686967897,14.544417801056653,30.408425380948074,0.11346427380950774,15.44136303035836,0.8969452293017071,0.00024380136702954798,0.1101174632524151,0.2972899210004414,3947,3679,268,13.727611940298507,0.0
478,22.05457040846119,0.1289740959559134,9.11066088100097,0.05327871860234485,9.11066088100097,0.05327871860234485,8.52017285664381,4.42373667081597,17.630833737644778,0.10310429086341975,5.261852439727065,0.838115768911095,0.00024420622637269664,0.0982030290569247,0.48575962557748653,3603,3432,171,20.07017543859649,0.0
479,28.29283093015951,0.1224797875764481,11.443284684840993,0.0495380289387056,11.443284684840993,0.0495380289387056,13.650386699658839,3.199159545659711,25.09367138449983,0.10863061205411183,4.028542665266343,0.8293831196066321,0.000244727978638723,0.10504020893893146,0.36267577052973365,3620,3389,231,14.670995670995671,0.0
480,31.599997323250307,0.41038957562662737,3.9493928572372528,0.051290816327756526,3.9493928572372528,0.051290816327756526,8.839890924878716,18.810713541133936,12.78928378211597,0.16609459457293466,19.12320504285705,0.312491501723116,0.0002563506987064118,0.16203626338173058,0.11966263816267997,1296,1219,77,15.831168831168831,0.0
481,23.756274364418502,0.28281279005260124,4.523255407926872,0.05384827866579609,4.523255407926872,0.05384827866579609,4.569060083587885,14.663958872902938,9.092315491514757,0.1082418510894614,15.208374269772364,0.5444153968694252,0.00024881873714324736,0.10176071541245403,0.0014783835279530422,2272,2188,84,26.047619047619047,0.0
482,25.564733700637888,0.18260524071884204,7.634019925952827,0.0545287137568059,7.634019925952827,0.0545287137568059,10.296732892122563,7.633980882561772,17.93075281807539,0.12807680584339565,8.517226866230246,0.8832459836684734,0.0002442605043330955,0.12176790596005459,0.108373108446699,3756,3616,140,25.82857142857143,0.0
483,30.62698442728555,0.1265577868896097,11.788323708074223,0.048712081438323236,11.788323708074223,0.048712081438323236,15.066843622262454,3.7718170969490785,26.855167330336677,0.1109717658278375,4.438671128408174,0.6668540314590956,0.0002408284692882252,0.10821617065651808,0.3500730945131778,3011,2769,242,11.442148760330578,0.0
484,39.24179219173821,0.2744181272149525,7.497904184121313,0.05243289639245673,7.497904184121313,0.05243289639245673,13.560701208098493,18.1831867995176,21.058605392219807,0.14726297477076788,18.91162195323686,0.7284351537192606,0.00023993252757551403,0.1421690226468626,0.4800936568516221,3179,3036,143,21.23076923076923,0.0
485,33.32530168829267,0.18617486976699815,9.329787852439642,0.05212171984603152,9.329787852439642,0.05212171984603152,10.091334905205969,13.904178930645728,19.421122757645612,0.10849789250081347,14.654553762828371,0.7503748321826436,0.00024370731801969585,0.10430585433220278,0.75,3258,3079,179,17.201117318435752,0.0
486,54.83457102070868,0.1311831842600686,20.679863244226585,0.04947335704360427,20.679863244226585,0.04947335704360427,27.254831778379597,6.899875998102075,47.93469502260618,0.11467630388183296,7.606276087112732,0.706400089010657,0.00024084558097874428,0.11298635151577978,0.1357602884583855,3351,2933,418,7.016746411483253,0.0
487,295.0499953383115,0.09429530052358948,147.27787807457128,0.04706867308231744,147.27787807457128,0.04706867308231744,145.0434016025386,2.728715661210458,292.3212796771099,0.09342322776513579,2.7856292171486245,0.05691355593816638,0.0004279214732192961,0.09340503870922431,0.3441015218877084,3262,133,3129,0.042505592841163314,0.0
488,54.5266181566699,0.18932853526621493,14.451999973756243,0.0501805554644314,14.451999973756243,0.0501805554644314,22.397644424192862,17.676973758719,36.849644397949106,0.1279501541595455,18.39396524329679,0.7169914845777896,0.00024035919697545745,0.1254606003936566,0.19748738863673054,3271,2983,288,10.35763888888889,0.0
489,23.469952330997458,0.24705212979997324,5.046129573239957,0.05311715340252587,5.046129573239957,0.05311715340252587,4.197301404297264,14.22652135345946,9.243430977537221,0.09729927344776022,14.764015274012692,0.5374939205532314,0.0002494171325073,0.0916414427051028,0.23111386124216438,2250,2155,95,22.68421052631579,0.0
490,29.238839835298734,0.1538886307120986,9.75673115581725,0.051351216609564466,9.75673115581725,0.051351216609564466,12.418704886796448,7.063403792683914,22.175436042613697,0.1167128212769142,7.673662783910032,0.610258991226118,0.00024235861446628994,0.11350093184941422,0.06228805791108982,2708,2518,190,13.25263157894737,0.0
491,10.962871345723912,0.17401383088450653,3.7231943743111584,0.05909832340176442,3.7231943743111584,0.05909832340176442,4.594543413196064,2.6451335582170117,8.317737787507223,0.13202758392868608,3.521108119291071,0.8759745610740595,0.00024407204265089425,0.1181232258163943,0.06193003499858207,3652,3589,63,56.96825396825397,0.0
492,36.41770094726611,0.2738173003553843,6.67407571063243,0.05018102038069497,6.67407571063243,0.05018102038069497,11.848094509276109,17.895530727356842,18.52217021990854,0.13926443774367323,18.280929830375314,0.3853991030184716,0.000247209174482663,0.13636670012699847,0.14310256178811187,1692,1559,133,11.721804511278195,0.0
493,73.07123937696728,0.1394489301087162,25.1598242611009,0.04801493179599409,25.1598242611009,0.04801493179599409,33.181879248755536,14.729535867111608,58.34170350985644,0.11133912883560389,15.145196793659423,0.4156609265478153,0.00024265086196603345,0.11054588279257226,0.007363593059920959,2237,1713,524,3.269083969465649,0.0
494,33.107864560622616,0.15690931071385125,11.053562134329752,0.052386550399667074,11.053562134329752,0.052386550399667074,14.062529400306488,7.991773025984969,25.11609153463624,0.11903360916889213,8.898427121566627,0.9066540955816578,0.00024352782583445011,0.11473667032727956,0.10241706111767712,3934,3723,211,17.644549763033176,0.0
495,15.89366141905937,0.14318613891044477,5.289831472893744,0.04765613939543913,5.289831472893744,0.04765613939543913,7.619794108590696,2.984035837575064,12.909625581484441,0.1163029331665265,3.207893316661057,0.22385747908599285,0.00025124296193714126,0.11428619912070552,0.28418906575029723,1002,891,111,8.027027027027026,0.0
496,29.27435034712083,0.4065881992655671,4.349290524855377,0.06040681284521357,4.349290524855377,0.06040681284521357,6.876164843794726,18.048894978470244,11.225455368650103,0.15590910234236255,19.005268637022382,0.9563736585521383,0.0002408395010204327,0.14262613486247844,0.12951151929397042,4043,3971,72,55.15277777777778,0.0
497,40.55036766878416,0.16825878700740315,12.026096360682972,0.04990081477461814,12.026096360682972,0.04990081477461814,13.940286442070402,14.583984866030022,25.966382802753373,0.10774432698237914,15.118150034774402,0.53416516874438,0.00025019445842828104,0.1055278740000405,0.0450942814674562,2376,2135,241,8.858921161825727,0.0
498,26.661424406295012,0.22594427462961875,6.576107895927599,0.055729727931589826,6.576107895927599,0.055729727931589826,9.901023686742178,10.184292823624489,16.477131582669777,0.13963670832770997,11.109854961248246,0.925562137623757,0.00024159805210748032,0.13179296139870142,0.15749152753811302,3949,3831,118,32.46610169491525,0.0
499,31.793497401867796,0.1276847285215574,12.183471233526122,0.048929603347494466,12.183471233526122,0.048929603347494466,15.484744091688185,4.125282076653676,27.668215325214305,0.11111733062335062,4.842273561231465,0.7169914845777896,0.00024052045775839974,0.1082378467495435,0.034134777040563336,3230,2981,249,11.971887550200803,0.0
500,45.908364915664535,0.2306953010837414,10.055645125351385,0.05053088002689138,10.055645125351385,0.05053088002689138,16.789599714520563,19.063120075791275,26.845244839871945,0.1349007278385525,19.694379710206604,0.6312596344153292,0.00024307263550840552,0.13172856887164788,0.24338527636545848,2796,2597,199,13.050251256281408,0.0
501,24.24466200372352,0.27550752276958546,5.049324629827799,0.0573786889753159,5.049324629827799,0.0573786889753159,3.9027987463041143,15.292538627590844,8.952123376131913,0.10172867472877174,16.1541219090784,0.8615832814875546,0.00024393637641210493,0.09193795562096728,0.0068341795904700575,3620,3532,88,40.13636363636363,0.0
502,36.48722436625921,0.17974002150866608,10.552036416246235,0.051980474956878006,10.552036416246235,0.051980474956878006,14.796847767298715,11.138340182713492,25.34888418354495,0.1248713506578569,11.98645763282407,0.8481174501105784,0.00024399236194205362,0.12069343218440957,0.12522717994366417,3679,3476,203,17.123152709359605,0.0
503,18.331153735978432,0.1851631690502872,5.406425669739134,0.054610360300395296,5.406425669739134,0.054610360300395296,7.932336281629489,4.992391784609495,13.338761951368623,0.13473496920574365,5.869760265683553,0.8773684810740576,0.00024405242867150422,0.12587266131610989,0.20775312091249987,3694,3595,99,36.313131313131315,0.0
504,31.751674715270013,0.4349544481543837,4.231390500152816,0.057964253426750906,4.231390500152816,0.057964253426750906,8.075215160359761,19.445069054757,12.306605660512577,0.1685836391851038,20.256554211290535,0.8114851565335357,0.00024471808098116274,0.15746740416410246,0.0068690200859578,3389,3316,73,45.42465753424658,0.0
505,37.9131766365514,0.189565883182757,10.33522048053525,0.051676102402676255,10.33522048053525,0.051676102402676255,11.060361576819332,16.517594579196455,21.39558205735458,0.1069779102867729,17.314639754094074,0.7970451748976188,0.00024562255004549117,0.10299268441228662,0.2573296192235972,3445,3245,200,16.225,0.0
506,22.74292191104645,0.2584422944437097,5.1083527253015335,0.05804946278751743,5.1083527253015335,0.05804946278751743,6.008686984336521,11.625882201407862,11.117039709638053,0.12632999670043243,12.534271630751405,0.9083894293435435,0.00024275505861666048,0.11600738954880735,0.03645868873664426,3830,3742,88,42.52272727272727,0.0
507,13.039037173409767,0.2103070511840285,3.7800103697531644,0.06096790918956717,3.7800103697531644,0.06096790918956717,3.79931886299066,5.459707940665837,7.579329232743824,0.12224724568941651,6.421042790943801,0.9613348502779644,0.00024063450570161813,0.10674184487848332,0.15483409073340226,4057,3995,62,64.43548387096774,0.0
508,58.26256481425517,0.180379457629273,15.798406116726074,0.04891147404559156,15.798406116726074,0.04891147404559156,22.620438700758513,19.843719996768527,38.41884481748458,0.11894379200459623,20.23378754918383,0.390067552415303,0.00024797682925321233,0.11773615252344068,0.01289823836985704,1896,1573,323,4.869969040247678,0.0
509,44.5934462926073,0.18895528090087838,11.90338765016425,0.05043808326340784,11.90338765016425,0.05043808326340784,15.602671642057118,17.08738700038589,27.506059292221366,0.11655109869585324,17.76012377956053,0.6727367791746417,0.0002389828700442777,0.11370051912307952,0.11914786603949779,3051,2815,236,11.927966101694915,0.0
510,18.927411980406504,0.33798949965011615,3.3708169822293232,0.0601931603969522,3.3708169822293232,0.0601931603969522,3.3686601052229435,12.18793489295382,6.739477087452267,0.12034780513307619,12.896166661964486,0.7082317690106663,0.00024081325025864206,0.10770080925789317,0.05945654265482858,2997,2941,56,52.517857142857146,0.0
511,39.36910231624134,0.12150957505012759,15.401723701046656,0.04753618426248968,15.401723701046656,0.04753618426248968,17.79055355242977,6.176825062765218,33.192277253476426,0.1024453001650507,6.643307366721899,0.4664823039566812,0.00023996003289952737,0.10100553996765259,0.09894521487629504,2268,1944,324,6.0,0.0
512,47.145843743288424,0.2032148437210708,11.554142365086221,0.049802337780544055,11.554142365086221,0.049802337780544055,15.993526780117548,19.59817459808346,27.54766914520377,0.11873995321208522,20.130444274978146,0.5322696768946855,0.00025083396649136925,0.11644568736340637,0.3580633275297487,2354,2122,232,9.14655172413793,0.0
513,27.052100683437246,0.4585101810752076,3.7397728703749413,0.06338598085381257,3.7397728703749413,0.06338598085381257,3.884451253060149,19.427876560001877,7.6242241234350905,0.12922413768534052,20.34398663344713,0.9161100734452532,0.0002424212949048037,0.1136968483049172,0.11915686584519847,3838,3779,59,64.05084745762711,0.0
514,21.4718282288202,0.26839785286025253,4.339823777922285,0.05424779722402856,4.339823777922285,0.05424779722402856,4.766290046581474,12.36571440431588,9.106113824503758,0.11382642280629698,12.899879573060261,0.53416516874438,0.0002504290523883638,0.10714935819699925,0.3485915361774232,2213,2133,80,26.6625,0.0
515,12.926643367258066,0.21544405612096776,3.2512507473913317,0.054187512456522195,3.2512507473913317,0.054187512456522195,4.072581493264295,5.602811126602347,7.323832240655626,0.12206387067759378,6.127846622042256,0.5250354954399086,0.0002497790178115645,0.11331327908693017,0.4458351793766582,2162,2102,60,35.03333333333333,0.0
516,35.74517108156425,0.28826750872229234,6.749969782301302,0.05443524017984921,6.749969782301302,0.05443524017984921,9.754933319841172,19.24026797942105,16.504903102142475,0.13310405727534252,20.153111279812236,0.912843300391188,0.0002432302958676227,0.12574241775606462,0.07267884432903315,3877,3753,124,30.266129032258064,0.0
517,33.02235148138976,0.28467544380508414,6.23943522206532,0.0537882346729769,6.23943522206532,0.0537882346729769,7.035315136736926,19.74760112258727,13.274750358802248,0.11443750309312282,20.46746266647625,0.7198615438889817,0.00024035443869415083,0.10823180012856475,0.021363937654172105,3111,2995,116,25.81896551724138,0.0
518,213.91519085234052,0.11043634014059912,91.20731913753626,0.047086896818552534,91.20731913753626,0.047086896818552534,109.71984001164623,12.988031703161184,200.9271591491825,0.10373110952461667,13.209358234219579,0.22132653105839495,0.0002495225829294193,0.10361684698922094,0.004893401578627277,2824,887,1937,0.4579246257098606,0.0
519,30.795136424146094,0.1387168307393968,11.050184368161029,0.049775605261986614,11.050184368161029,0.049775605261986614,13.448627341645249,6.296324714339917,24.498811709806276,0.11035500770183007,7.119798033123587,0.8234733187836696,0.0002456662645536007,0.1066456684280293,0.19381666175928558,3574,3352,222,15.0990990990991,0.0
520,34.33452940780141,0.2861210783983451,5.962383823579416,0.049686531863161805,5.962383823579416,0.049686531863161805,9.044979110144311,19.327166474076975,15.007362933723726,0.12506135778103106,19.643968374183927,0.3168019001069524,0.0002510316165665233,0.12242134194681237,0.75,1382,1262,120,10.516666666666667,0.0
521,50.439100730902894,0.1993640345094976,12.761594529160867,0.050441085095497495,12.761594529160867,0.050441085095497495,17.779569850261993,19.897936351480226,30.54116437942286,0.12071606474080182,20.694981526377845,0.7970451748976188,0.00024569826599803293,0.11756568855543498,0.10768047707304618,3497,3244,253,12.82213438735178,0.0
522,27.08751235855162,0.2220287898241936,6.41526552314985,0.052584143632375825,6.41526552314985,0.052584143632375825,8.728263551634484,11.943983283766485,15.143529074784334,0.12412728749823225,12.544950463572988,0.6009671798065028,0.0002427169546876021,0.11920132700802158,0.26255847606699945,2598,2476,122,20.295081967213115,0.0
523,26.549964833858994,0.12764406170124515,10.409893311208975,0.050047563996196996,10.409893311208975,0.050047563996196996,10.474219376217917,5.665852146432101,20.884112687426892,0.1004043879203216,6.497646916930179,0.8317947704980782,0.00024507801134298116,0.09640537460061929,0.3799370673133353,3602,3394,208,16.317307692307693,0.0
524,31.85034725031103,0.28186148009124806,5.849731884426489,0.051767538800234415,5.849731884426489,0.051767538800234415,7.370535020639863,18.630080345244025,13.220266905066353,0.11699351243421552,19.16675506579726,0.5366747205532363,0.00025019800491992366,0.11224417862401567,0.26371200848652165,2258,2145,113,18.98230088495575,0.0
525,38.70897418579716,0.2669584426606701,7.566342056412974,0.05218166935457224,7.566342056412974,0.05218166935457224,11.656020534590226,19.486611594794084,19.2223625910032,0.1325680178689876,20.176772591245452,0.6901609964513682,0.00024165300996196364,0.1278082868589773,0.3508430441631418,3001,2856,145,19.69655172413793,0.0
526,15.35841082641791,0.3571723448004165,2.6859179861826346,0.0624632089809915,2.6859179861826346,0.0624632089809915,1.8690337273722548,10.80345911286274,4.554951713554889,0.10592910961755556,11.470313144321821,0.6668540314590814,0.00024074152760255647,0.09042087632781601,0.7469992307472495,2813,2770,43,64.4186046511628,0.0
527,30.866852944627965,0.12496701597015371,11.988339785343612,0.04853578860463001,11.988339785343612,0.04853578860463001,13.474395770271713,5.404117389012697,25.462735555615325,0.10308799820087176,6.010956140931768,0.6068387519190708,0.00024196122484811434,0.1006311611485676,0.05558618085383671,2755,2508,247,10.153846153846153,0.0
528,38.50896409854779,0.2655790627486055,7.415751133779428,0.05114311126744433,7.415751133779428,0.05114311126744433,12.08931136676074,19.003901598006635,19.505062500540166,0.13451767241751839,19.578341087840172,0.5744394898335372,0.0002463291122785323,0.13055602076350084,0.005147638824169576,2477,2332,145,16.082758620689656,0.0
529,78.39627193084343,0.15047269084614862,25.335909459401297,0.048629384758927634,25.335909459401297,0.048629384758927634,32.80772171222819,20.252640759216177,58.14363117162948,0.11160005983038288,21.090756528127258,0.8381157689110807,0.00024463390803008777,0.10999139232767019,0.04133140608253427,3947,3426,521,6.575815738963532,0.0
530,27.368575196671102,0.21721091425929445,6.491711204352813,0.0515215174948636,6.491711204352813,0.0515215174948636,8.82170203921146,12.055161953105952,15.313413243564273,0.1215350257425736,12.540475945772997,0.4853139926670451,0.00023789901601325742,0.11768332738808021,0.033731941739446825,2166,2040,126,16.19047619047619,0.0
531,19.000544015218992,0.16964771442159815,7.480703208030676,0.06679199292884533,7.480703208030676,0.06679199292884533,5.773391411089506,5.746449396098512,13.254094619120181,0.11834013052785876,6.292143618491764,0.5456942223932515,0.00024503557359373664,0.11346786068506454,0.2767560257108954,2339,2199,140,15.707142857142857,1.0
532,35.99908605724511,0.26086294244380515,7.1731381708533775,0.05197926210763317,7.1731381708533775,0.05197926210763317,9.759521626865421,19.06642625952537,16.9326597977188,0.12270043331680289,19.73390557098446,0.6674793114590898,0.00024001413572782805,0.11786362671203367,0.2075108179627705,2919,2781,138,20.152173913043477,0.0
533,55.161478820201694,0.1851056336248379,14.852243967191304,0.04983974485634666,14.852243967191304,0.04983974485634666,19.116330993555096,21.19290385945618,33.9685749607464,0.11398850657968591,22.03217162836728,0.8392677689110997,0.00024418614166747156,0.11117217178467924,0.06146379883887221,3735,3437,298,11.533557046979865,0.0
534,36.56724089285734,0.18192657160625544,10.399779058032657,0.05174019431857043,10.399779058032657,0.05174019431857043,13.848798787485919,12.318663047338589,24.248577845518575,0.12063969077372426,13.178696248826128,0.8600332014875391,0.0002438426995995291,0.11636091862702097,0.3005477408920001,3728,3527,201,17.54726368159204,0.0
535,14.602453848406768,0.20281185900564955,4.002449400267497,0.05558957500371523,4.002449400267497,0.05558957500371523,3.0729273129065007,7.5270771352326875,7.0753767131739975,0.09826912101630553,8.241094238406092,0.7140171031734042,0.00024114052792077143,0.08835221680556495,0.36406989372845544,3033,2961,72,41.125,0.0
536,36.103389350377526,0.2798712352742444,6.759525807841568,0.0523994248669889,6.759525807841568,0.0523994248669889,9.860387769224985,19.483475773310047,16.619913577066555,0.12883653935710507,20.162846555718247,0.6793707824081991,0.00024031509812812138,0.12357009918340527,0.045917359204395325,2956,2827,129,21.914728682170544,0.0
537,34.79455622703411,0.3411231002650403,5.597519511246857,0.054877642267126055,5.597519511246857,0.054877642267126055,7.719552606148113,21.477484109639434,13.317072117394972,0.13055953056269579,22.28896926617297,0.8114851565335357,0.0002444232399197397,0.12260379373393272,0.23364390523494194,3422,3320,102,32.549019607843135,0.0
538,22.42938018333274,0.2702334961847318,4.463060601665723,0.053771814477900276,4.463060601665723,0.053771814477900276,5.5341973840742185,12.432122197592292,9.997257985739942,0.12044889139445714,12.955808730809963,0.5236865332176706,0.0002500890798556211,0.11413941509063585,0.3445078007651574,2177,2094,83,25.228915662650603,0.0
539,22.29469480077826,0.1402182062942029,7.999343253227238,0.05031033492595747,7.999343253227238,0.05031033492595747,6.523815825371173,7.771535722180047,14.523159078598411,0.09134062313583906,8.457954289028905,0.6864185668488574,0.0002410177552137842,0.08702352523112802,0.030409986069130923,3007,2848,159,17.91194968553459,0.0
540,53.134805241910755,0.1932174736069482,13.957987851337183,0.050756319459407936,13.957987851337183,0.050756319459407936,19.194318015354924,19.98249937521689,33.1523058666921,0.12055383951524401,20.80597269400056,0.8234733187836696,0.0002457395758829214,0.1175593910833098,0.4277308950207299,3626,3351,275,12.185454545454546,0.0
541,62.64570096686839,0.1644244119865312,18.270188190796315,0.047953249844609754,18.270188190796315,0.047953249844609754,23.639192191755882,20.73632058431795,41.9093803825522,0.1099983737074861,21.155194410167354,0.4188738258494027,0.00024170445807813196,0.10889896734042266,0.75,2114,1733,381,4.548556430446194,0.0
542,30.48686444833399,0.19418384998938848,8.24671065617667,0.052526819466093444,8.24671065617667,0.052526819466093444,10.08869832127283,12.1514554708844,18.3354089774495,0.1167860444423535,12.942227762659371,0.7907722917749709,0.0002463465083411124,0.11174927825270457,0.028599964606172534,3367,3210,157,20.445859872611464,0.0
543,33.08620797085692,0.12345599989125716,12.977792656554751,0.04842459946475653,12.977792656554751,0.04842459946475653,12.77017732517777,7.338237989124963,25.74796998173252,0.0960745148572109,7.96707645925548,0.6288384701305176,0.00042575387280332946,0.09372810265522924,0.00650346780079758,1745,1477,268,5.5111940298507465,0.0
544,41.89943155380013,0.2228693167755326,9.712114671228697,0.051660184421429244,9.712114671228697,0.051660184421429244,12.211891115013827,19.97542576755663,21.924005786242525,0.11661705205448152,20.741644555052915,0.7662187874962854,0.00024676933574759594,0.1125414202061022,0.09347607455114826,3293,3105,188,16.51595744680851,0.0
545,362.03780947961525,0.10648170867047507,159.91227717102092,0.047033022697359095,159.91227717102092,0.047033022697359095,180.79709781215482,21.32843449644301,340.70937498317573,0.10020863970093404,21.570163841355395,0.24172934491238607,0.0009121862072165512,0.1001375428347823,0.282794681419972,3665,265,3400,0.07794117647058824,0.0
546,53.3629707989092,0.14905857765058436,17.571070757488084,0.04908120323320694,17.571070757488084,0.04908120323320694,23.838317307277748,11.953582734144277,41.409388064765835,0.11566868174515596,12.570919019254546,0.6173362851102695,0.00024114698637119902,0.11394427871411915,0.75,2918,2560,358,7.150837988826815,0.0
547,10.935614283047641,0.17638087553302648,3.4543116696057226,0.055714704348479395,3.4543116696057226,0.055714704348479395,1.3956516755170298,6.085650937924839,4.849963345122752,0.07822521524391536,6.714489408055357,0.6288384701305176,0.0005365515956745031,0.0680826592740691,0.12631629522900312,1234,1172,62,18.903225806451612,0.0
548,27.883491478010086,0.40410857214507373,3.7802658490162515,0.054786461579945676,3.7802658490162515,0.054786461579945676,4.834521474766859,19.268704154226583,8.61478732378311,0.12485199019975522,19.824657688659926,0.5559535344333426,0.00024676144448883383,0.11679469259927769,0.3138294241773565,2322,2253,69,32.65217391304348,0.0
549,49.8174222362008,0.19160547013923385,12.433403512493136,0.04782078274035822,12.433403512493136,0.04782078274035822,17.265489795544312,20.118528928164267,29.698893308037448,0.11422651272322096,20.360258273076653,0.24172934491238607,0.00033250253770617064,0.1132967844735544,0.01975984887238269,987,727,260,2.796153846153846,0.0
550,37.35792385130006,0.1729533511634262,10.906702972709118,0.0504939952440237,10.906702972709118,0.0504939952440237,13.672637859682908,12.778583018908307,24.579340832392027,0.11379324459440754,13.450069878082957,0.6714868591746495,0.00023973111716338788,0.11068450913526436,0.2932917337796539,3017,2801,216,12.967592592592593,0.0
551,28.453629635114567,0.11905284366156722,11.596362473040726,0.04852034507548421,11.596362473040726,0.04852034507548421,10.554064154415215,6.303203007659079,22.150426627455943,0.09267960931989934,6.8948481093703435,0.5916451017112649,0.0002443804633255948,0.09020410680227708,0.24670673118583863,2660,2421,239,10.129707112970712,0.0
552,29.510142435125914,0.33157463410253835,4.620539740685825,0.05191617686163848,4.620539740685825,0.05191617686163848,5.651572147585142,19.238030546854446,10.272111888270967,0.11541698750866254,19.685950709340545,0.4479201624860991,0.00023889075332591953,0.11038417669421763,0.026868827967604147,1964,1875,89,21.06741573033708,0.0
553,65.03774492488654,0.1613839824438872,19.25150200175661,0.04777047643115784,19.25150200175661,0.04777047643115784,25.888828566662227,19.897414356469938,45.14033056841883,0.11201074582734201,20.28748190888524,0.390067552415303,0.0002482925222248905,0.1110428362679933,0.37013025548208134,1974,1571,403,3.898263027295285,0.0
554,37.081688443307,0.16932277827994063,10.932429481253477,0.04991976932079213,10.932429481253477,0.04991976932079213,13.817664104983635,12.3315948570702,24.750093586237114,0.11301412596455303,12.887548391503543,0.5559535344333426,0.00024709045974815225,0.11047552535070072,0.47476920637723197,2469,2250,219,10.273972602739725,0.0
555,22.862064158252025,0.15987457453323095,7.378171535993929,0.05159560514681069,7.378171535993929,0.05159560514681069,8.765540202161816,6.71835242009675,16.143711738155744,0.1128930890780122,7.522358993902515,0.8040065738057649,0.0005037635174221585,0.10727066548496161,0.229330074684583,1739,1596,143,11.160839160839162,0.0
556,34.498701380409614,0.2299913425360641,7.969538262186358,0.05313025508124239,7.969538262186358,0.05313025508124239,7.902899397627266,18.626263720595034,15.872437659813624,0.10581625106542415,19.497966343693207,0.871702623098173,0.0002442428195848061,0.10000490024477604,0.03225825709674268,3719,3569,150,23.793333333333333,0.0
557,55.400788780877804,0.17871222187379937,15.394412358536517,0.049659394704956505,15.394412358536517,0.049659394704956505,20.495039183903685,19.51133723843938,35.8894515424402,0.11577242433045225,20.394583222107855,0.8832459836684734,0.00024432807293733703,0.11292324373796758,0.75,3925,3615,310,11.661290322580646,0.0
558,37.720662308222956,0.1571694262842623,12.27202786648803,0.05113344944370012,12.27202786648803,0.05113344944370012,13.521925883453463,11.9267085582822,25.793953749941494,0.10747480729142289,12.835097987625744,0.9083894293435435,0.00024275505861666048,0.10368985133582172,0.38154472606771606,3982,3742,240,15.591666666666667,0.0
559,26.860635010999033,0.12209379550454105,10.93068028365934,0.04968491038026973,10.93068028365934,0.04968491038026973,10.482027851229162,5.447926876111126,21.412708134888504,0.09733049152222048,6.251933449916891,0.8040065738057649,0.00045245164536058803,0.09367591618673701,0.10662256082116528,1997,1777,220,8.077272727272728,0.0
560,20.761631140741486,0.6697300367981124,2.026133607344295,0.06535914862400952,2.026133607344295,0.06535914862400952,0.0,18.735497533397023,2.026133607344295,0.06535914862400952,19.34120540531609,0.6057078719190656,0.00024218627425792307,0.04582018501372248,0.13981934209164137,2532,2501,31,80.6774193548387,0.0
561,42.27006143016257,0.20619542161054913,10.032922819655651,0.048941086925149514,10.032922819655651,0.048941086925149514,12.586277523162295,19.650861087345277,22.619200342817948,0.11033756264789242,20.075204871797865,0.4243437844525886,0.00023906692081835976,0.1082675929676327,0.11573550578205527,1980,1775,205,8.658536585365853,0.0
562,46.16927693452993,0.15545211089067318,14.722317274212209,0.04957009183236434,14.722317274212209,0.04957009183236434,18.71793659357266,12.729023066746151,33.44025386778487,0.11259344736627902,13.414488033595006,0.6854649668488548,0.00024153099607077336,0.1102854845149324,0.1762850979552013,3135,2838,297,9.555555555555555,0.0
563,246.80146458547395,0.09496016336493804,122.5272758813503,0.047144007649615356,122.5272758813503,0.047144007649615356,117.11987166404504,7.154317040087847,239.64714754539534,0.09220744422677773,7.5163356404979424,0.3620186004100958,0.00024881003464611397,0.09206815272988689,0.10434565061854073,4054,1455,2599,0.5598307041169681,0.0
564,36.48544962767343,0.2533711779699544,7.631204552224049,0.05299447605711145,7.631204552224049,0.05299447605711145,8.962553895580868,19.891691179867763,16.593758447804916,0.11523443366531191,20.659744207364042,0.7680530274962791,0.00024664515976116863,0.10990073208548187,0.4735737065179251,3258,3114,144,21.625,0.0
565,38.473999960895014,0.26533793076479323,7.487643145921254,0.051638918247732785,7.487643145921254,0.051638918247732785,11.018689968538325,19.967666846435748,18.50633311445958,0.1276298835479971,20.668646626169817,0.7009797797340696,0.00024113511514759875,0.12279554023948412,0.4319581373342487,3052,2907,145,20.048275862068966,0.0
566,30.740566608544384,0.1970549141573358,8.071333317578278,0.05173931613832229,8.071333317578278,0.05173931613832229,9.331655392736849,13.337577898229682,17.402988710315128,0.11155761993791749,14.045809667240349,0.7082317690106663,0.00024073139667255824,0.1070176727006669,0.02788345803534753,3098,2942,156,18.858974358974358,0.0
567,17.522117035732578,0.16687730510221502,5.42957690034669,0.051710256193778,5.42957690034669,0.051710256193778,6.074699261728256,6.0178408736580025,11.504276162074945,0.10956453487690423,6.635177158768272,0.6173362851102695,0.00024142991204938188,0.10368514168537434,0.75,2662,2557,105,24.35238095238095,0.0
568,63.37141201716497,0.16764923814064808,18.659362807596793,0.04936339367089099,18.659362807596793,0.04936339367089099,24.992943163092633,19.719106046473115,43.652305970689426,0.11548229092774981,20.329322157699238,0.6102161112261228,0.00024195722094612324,0.11386796259117919,0.25236556051063985,2900,2522,378,6.671957671957672,0.0
569,23.28112264849878,0.776037421616626,1.9965132370237144,0.06655044123412382,1.9965132370237144,0.06655044123412382,1.9469176656878346,19.337691745787453,3.9434309027115493,0.13144769675705165,19.95955385987895,0.621862114091499,0.00024196969419902688,0.11071895962066094,0.4410953885217168,2600,2570,30,85.66666666666667,0.0
570,23.67891164526273,0.2573794744050297,4.927795206215428,0.05356299137190683,4.927795206215428,0.05356299137190683,6.119625419405452,12.631491019642226,11.04742062562088,0.12008065897414,13.228053268020147,0.5965622483779214,0.00024399273962287174,0.1135962867091585,0.3071591541650207,2537,2445,92,26.57608695652174,0.0
571,31.128599017051926,0.13475583990065768,11.150870662728448,0.04827216737111882,11.150870662728448,0.04827216737111882,13.330365985531301,6.647362368793182,24.48123664825975,0.10597937942969589,7.16409173428724,0.5167293654940579,0.0002499900171717745,0.10374245576954409,0.14294803082509588,2298,2067,231,8.948051948051948,0.0
572,47.485505406711724,0.2038004523893207,11.978411800218016,0.05140949270479835,11.978411800218016,0.05140949270479835,16.111755037070452,19.39533856942174,28.090166837288468,0.12055865595402776,20.21881188820541,0.8234733187836696,0.00024595977263550464,0.11702443570174384,0.3308724330888708,3581,3348,233,14.369098712446352,0.0
573,34.23315120604684,0.26955237170115626,6.418167609571403,0.05053675283127089,6.418167609571403,0.05053675283127089,9.058833792409843,18.756149804065757,15.477001401981244,0.12186615277150586,19.236373885734423,0.48022408166866626,0.00023879864826885442,0.11808486078986156,0.75,2138,2011,127,15.834645669291339,0.0
574,23.146114000179182,0.25717904444643536,4.891366637538082,0.054348518194867586,4.891366637538082,0.054348518194867586,6.089057561707904,12.165689800933677,10.980424199245986,0.1220047133249554,12.823868209662606,0.6581784087289293,0.00024117933628762525,0.11469161989462862,0.0787059057434476,2819,2729,90,30.322222222222223,0.0
575,25.435300173091207,0.14209664901168273,8.715896935926423,0.04869216165322024,8.715896935926423,0.04869216165322024,10.574237227464124,6.145166009701541,19.290134163390547,0.10776611264463994,6.627998524011787,0.4828325143102461,0.00023831812157465256,0.10506872429653308,0.4128245108959163,2205,2026,179,11.318435754189943,0.0
576,311.1727578348577,0.11185217751073245,131.7528966805803,0.04735905703831068,131.7528966805803,0.04735905703831068,160.63572086129503,18.784140292982727,292.3886175418753,0.10510015008694296,19.09843634315027,0.3142960501675418,0.00025656820421840145,0.10498717523066407,0.1931411785833177,4007,1225,2782,0.44033069734004315,0.0
577,51.891209161463166,0.1679327157328905,15.057200851046483,0.0487288053431925,15.057200851046483,0.0487288053431925,18.44747480932685,18.386533501091407,33.50467566037333,0.10842937106916935,19.00078534890477,0.6142518478133638,0.00024154614542405185,0.10644150101151584,0.16516878942033486,2852,2543,309,8.229773462783172,0.0
578,49.8844028803241,0.14758699077018966,16.529001518022806,0.048902371355097056,16.529001518022806,0.048902371355097056,21.1574064423246,12.197994919978726,37.68640796034741,0.1114982484033947,12.785501102952907,0.587506182974181,0.000246127433168907,0.1097600644300923,0.14298671672653995,2725,2387,338,7.062130177514793,0.0
579,58.56066915340983,0.11642280149783267,23.985441936941413,0.04768477522254754,23.985441936941413,0.04768477522254754,28.63844143467287,5.93678578179788,52.62388337161428,0.10462004646444191,6.72030219827127,0.7835164164733897,0.00024546253648915714,0.10306235975176653,0.32828533876934785,3695,3192,503,6.345924453280318,0.0
580,35.73663255632749,0.23205605556056813,7.747018269364175,0.05030531343742971,7.747018269364175,0.05030531343742971,9.321255425540699,18.66835886142158,17.068273694904875,0.11083294607081087,19.06151117101149,0.3931523095899081,0.0002460277281538849,0.10828000899555847,0.07812881589754284,1752,1598,154,10.376623376623376,0.0
581,28.402174446526317,0.4000306260074129,4.148326922776116,0.05842713975741008,4.148326922776116,0.05842713975741008,5.280133522476518,18.97371400127375,9.428460445252634,0.1327952175387695,19.826155737479553,0.8524417362058045,0.0002443226529681297,0.1207889959020671,0.4771516932371469,3560,3489,71,49.140845070422536,0.0
582,32.03660266526498,0.171318730830294,9.465534680051686,0.05061783251364538,9.465534680051686,0.05061783251364538,10.34455218336177,12.226515801852656,19.810086863413456,0.10593629338723773,12.884616130581577,0.6581003287289207,0.00024123912343435508,0.10241704029242461,0.44406655628026215,2915,2728,187,14.588235294117647,0.0
583,26.627359008447513,0.1416348883428059,9.467810288752236,0.050360693025277854,9.467810288752236,0.050360693025277854,10.86165592845012,6.297892791245687,20.329466217202356,0.10813545860214019,7.114854814524762,0.8169620232790749,0.0002449661239217616,0.10378991592512102,0.02266256051504456,3523,3335,188,17.73936170212766,0.0
584,29.021068632761654,0.2687135984514968,5.732294667029637,0.05307680247249664,5.732294667029637,0.05307680247249664,5.657215733977722,17.631558231753843,11.38951040100736,0.10545842963895703,18.22650640013177,0.5949481683779254,0.0002445327449148892,0.09994965030212857,0.5334874924060387,2541,2433,108,22.52777777777778,0.0
585,28.127114617942567,0.37009361339398117,3.895456251468398,0.051256003308794706,3.895456251468398,0.051256003308794706,5.428008215310484,18.803650151163737,9.323464466778882,0.12267716403656423,19.17250482382383,0.36885467266009186,0.0002467255335519009,0.11782381308050971,0.06988332078111625,1571,1495,76,19.67105263157895,0.0
586,40.72503371991064,0.15846316622533324,12.915956385106945,0.05025663963076632,12.915956385106945,0.05025663963076632,15.562632775949709,12.246444558855586,28.478589161056654,0.11081163097687415,13.054752720145473,0.8083081612898866,0.00024420186141688416,0.10766646303410571,0.15623593956635773,3567,3310,257,12.879377431906615,0.0
587,31.8812345511451,0.12309356969554092,12.84986242921374,0.0496133684525627,12.84986242921374,0.0496133684525627,12.727362893470286,6.304009228462064,25.577225322684026,0.09875376572464875,7.223939703108556,0.9199304746464918,0.00024164183731192326,0.0952019106101797,0.23561485635673307,4066,3807,259,14.698841698841699,0.0
588,88.24850837516198,0.1405231025082197,30.543478731695124,0.048636112630087776,30.543478731695124,0.048636112630087776,40.059359103431575,17.645670540034814,70.6028378351267,0.11242490101134826,18.31569320696127,0.6700226669264566,0.00023937930222452897,0.11135798593662533,0.11910174339274704,3427,2799,628,4.457006369426751,0.0
589,34.61684941994855,0.2420758700695703,7.326956389652044,0.051237457270294016,7.326956389652044,0.051237457270294016,8.30634514085827,18.98354788943837,15.633301530510312,0.10932378692664554,19.6248660395689,0.6413181501305303,0.0002421896337350945,0.10483904461803951,0.0072799740695188575,2791,2648,143,18.517482517482517,0.0
590,423.2832441148866,0.10603287678228622,189.7306838378738,0.04752772641229304,189.7306838378738,0.04752772641229304,221.33567725277257,12.216883024249597,411.0663610906464,0.1029725353433483,12.24631396102339,0.029430936773792382,0.029430936773792382,0.10296516286419419,0.4758731220768766,3993,1,3992,0.000250501002004008,0.0
591,26.8521332985448,0.15888836271328283,8.612073832012607,0.05095901675747105,8.612073832012607,0.05095901675747105,10.090711968032878,8.149347498499822,18.702785800045483,0.11066737159790227,8.996019078515161,0.8466715800153395,0.00024456140381725575,0.10565748059189135,0.05017429697366538,3631,3462,169,20.485207100591715,0.0
592,34.780160450807244,0.2520301481942554,7.445382493527845,0.0539520470545496,7.445382493527845,0.0539520470545496,7.996377806995497,19.33840015028298,15.441760300523342,0.11189681377190827,20.173413043955662,0.8350128936726833,0.00024394183279949849,0.10584599570182306,0.05960232370711083,3561,3423,138,24.804347826086957,0.0
593,55.83276098659107,0.16325368709529553,16.21111681567193,0.047400926361613825,16.21111681567193,0.047400926361613825,20.982092376379455,18.639551794541546,37.193209192051384,0.10875207366096896,18.86087832559994,0.22132653105839495,0.0002512219421775198,0.10810492006137756,0.39966450226970096,1223,881,342,2.5760233918128654,0.0
594,19.36839940852255,0.2617351271421966,4.169939057804675,0.056350527808171284,4.169939057804675,0.056350527808171284,3.3759333035546035,11.822527047163874,7.545872361359279,0.10197124812647673,12.542856431052854,0.7203293838889806,0.00023986992470495524,0.09223706726310399,0.10400724363242375,3077,3003,74,40.58108108108108,0.0
595,33.90230871198807,0.1400921847602813,11.66206525205504,0.04819035228121917,11.66206525205504,0.04819035228121917,14.29181217617213,7.94843128376192,25.95387742822717,0.10724742738936847,8.473466779201829,0.5250354954399086,0.0002502552409151137,0.10507785922638943,0.5307333989058804,2340,2098,242,8.669421487603305,0.0
596,46.70214161405238,0.18755880166286096,12.698873421095561,0.05099949165098619,12.698873421095561,0.05099949165098619,14.92607900226426,19.077189190690973,27.624952423359822,0.11094358402955752,19.857426115458736,0.7802369247677632,0.0002451262723115813,0.10781010240399054,0.3019816110276281,3432,3183,249,12.783132530120483,0.0
597,27.40695715092039,0.3079433387743864,4.998271273867082,0.056160351391764965,4.998271273867082,0.056160351391764965,4.565363534121559,17.843322342931828,9.563634807988642,0.10745657087627687,18.703355544419367,0.8600332014875391,0.0002438426995995291,0.0977932764775396,0.08083372910218145,3616,3527,89,39.62921348314607,0.0
598,248.3152866329297,0.10607231381158894,112.11804412901604,0.047893226881254185,112.11804412901604,0.047893226881254185,124.57048555898979,11.626756944929298,236.68852968800581,0.10110573673131389,11.91858608897428,0.29182914404498206,0.0002537644730825931,0.10098107669541026,0.0025507470878665117,3491,1120,2371,0.47237452551665965,1.0
599,21.161961133272513,0.16154168804024818,6.813170426399785,0.05200893455267012,6.813170426399785,0.05200893455267012,6.675336680525703,7.673454026347429,13.48850710692549,0.10296570310630145,8.477722547701717,0.8042685213542882,0.00024460721452381027,0.09682624874481524,0.7394289259699178,3419,3288,131,25.099236641221374,0.0
600,38.964516112895836,0.22653788437730138,9.128679872976278,0.053073720191722545,9.128679872976278,0.053073720191722545,10.727533701084297,19.108302538834238,19.856213574060575,0.11544310217477079,19.990376042502703,0.8820735036684653,0.00024495237535919614,0.11031476785112287,0.022375335492910153,3773,3601,172,20.936046511627907,0.0
601,25.477585418433847,0.36924036838309926,3.725085415248338,0.05398674514852664,3.725085415248338,0.05398674514852664,4.037694774681654,17.714805228503934,7.762780189929992,0.11250406072362307,18.24247398794384,0.527668759439905,0.00024996151560393416,0.10485668739840591,0.31830809222182666,2180,2111,69,30.594202898550726,0.0
602,31.958430687980353,0.1858048295812811,8.802258343309733,0.051175920600637984,8.802258343309733,0.051175920600637984,10.62490764091217,12.531264703759547,19.4271659842219,0.11294863944315059,13.245900046932974,0.7146353431734269,0.00024013284380827518,0.10879378279678709,0.16763997460645896,3148,2976,172,17.302325581395348,0.0
603,21.011301249895524,0.157979708645831,6.480115043284733,0.04872266949838145,6.480115043284733,0.04872266949838145,6.916661603901758,7.614524602709423,13.396776647186492,0.1007276439638082,7.993277473424882,0.37875287071545927,0.000245943422542506,0.09787987801857626,0.35487454267109797,1673,1540,133,11.578947368421053,0.0
604,31.464474716076978,0.24775176941792895,6.707675826944906,0.05281634509405438,6.707675826944906,0.05281634509405438,5.708360827527883,19.048438061603377,12.41603665447279,0.09776406814545505,19.674144612634763,0.6257065510313851,0.00024252191900441282,0.09283724490899382,0.2932876317423734,2707,2580,127,20.31496062992126,0.0
605,32.52229495569685,0.21681529970464566,7.935371413167913,0.05290247608778609,7.935371413167913,0.05290247608778609,7.419797730841054,17.167125811688123,15.355169144008968,0.10236779429339313,18.087056286334615,0.9199304746464918,0.00024202327667626725,0.0962349244624149,0.25954602723578546,3951,3801,150,25.34,0.0
606,127.09767600373473,0.10966149784619045,54.90147528496349,0.04736969394733692,54.90147528496349,0.04736969394733692,59.97937522707272,12.216825491700803,114.8808505120362,0.09912066480762399,12.79682035162898,0.5799948599281777,0.0002469113920511612,0.09862023783615682,0.1687390780970759,3508,2349,1159,2.0267471958584986,0.0
607,25.435328898645224,0.13110994277652177,9.351681231464088,0.04820454243022726,9.351681231464088,0.04820454243022726,8.973995231461458,7.109652435720562,18.325676462925546,0.09446224980889457,7.54420874314016,0.43455630741959794,0.0002396890829672355,0.09222226884280961,0.3936780574384784,2007,1813,194,9.345360824742269,0.0
608,40.114619252783115,0.2538899952707792,8.505464154502244,0.053832051610773694,8.505464154502244,0.053832051610773694,11.005104415979929,20.604050682299942,19.51056857048217,0.12348461120558336,21.541800133740452,0.93774945144051,0.00024100474208185813,0.11754948809520673,0.02441791287381534,4049,3891,158,24.626582278481013,0.0
609,37.927626364902125,0.1832252481396238,10.505391971066077,0.05075068585056076,10.505391971066077,0.05075068585056076,9.890527902018789,17.5317064918182,20.395919873084864,0.09853101387963703,18.355179810601868,0.8234733187836696,0.00024618036435984143,0.09455288190483216,0.06262753096413576,3552,3345,207,16.159420289855074,0.0
610,29.371497145859905,0.19712414191852284,7.772944534913396,0.05216741298599595,7.772944534913396,0.05216741298599595,8.629242440421592,12.969310170525716,16.40218697533499,0.11008179178077174,13.743662360957586,0.7743521904318698,0.0002462952259643352,0.10488479721410952,0.29424117011006956,3293,3144,149,21.100671140939596,0.0
611,27.085852146633613,0.12716362510156626,10.589636394703703,0.049716602792036164,10.589636394703703,0.049716602792036164,9.378714323960963,7.1175014279696995,19.968350718664666,0.09374812543974022,7.91159866115305,0.7940972331833507,0.0002461553729644608,0.0900199694154017,0.09139505898431821,3439,3226,213,15.145539906103286,0.0
612,54.039341397782295,0.20704728504897432,13.361732128503503,0.05119437597127779,13.361732128503503,0.05119437597127779,18.63353975345072,22.044069515826124,31.995271881954224,0.12258724858986293,22.970483258296582,0.9264137424704586,0.00024258018917791533,0.11903777064937054,0.21780280456550827,4080,3819,261,14.632183908045977,0.0
613,32.610910225623286,0.23631094366393685,7.358105144981972,0.05331960249986936,7.358105144981972,0.05331960249986936,6.43786038523524,18.81494469540621,13.795965530217213,0.09997076471171894,19.732473109676107,0.9175284142698956,0.00048265566242498457,0.09332200808657376,0.1602622846779127,2039,1901,138,13.77536231884058,0.0
614,27.199555963710708,0.21084927103651713,6.683355474684933,0.05180895716810025,6.683355474684933,0.05180895716810025,7.2891266193232696,13.227073869703048,13.972482094008203,0.10831381468223414,13.85468442073443,0.6276105510313812,0.00024241427231803058,0.10344861661221921,0.18924651656928404,2718,2589,129,20.069767441860463,0.0
615,27.68421143215585,0.12470365509980112,10.693479519687612,0.04816882666525951,10.693479519687612,0.04816882666525951,9.785010311698244,7.2057216007708575,20.478489831385858,0.09224544969092728,7.688554115081104,0.4828325143102461,0.00023761442633378252,0.09007052845529165,0.13856545456948766,2254,2032,222,9.153153153153154,0.0
616,49.90019212734131,0.20878741475875026,11.960161540151875,0.050042516904401146,11.960161540151875,0.050042516904401146,15.751476876690361,22.188553710497246,27.711638416842234,0.11594827789473738,22.757805913955224,0.5692522034579781,0.0002453673290767147,0.11356646951207569,0.3425417145241454,2559,2320,239,9.707112970711297,0.0
617,60.543067519149986,0.1700647964021067,19.270855460360213,0.05413161646168599,19.270855460360213,0.05413161646168599,23.22803587534014,18.044176183451754,42.49889133570035,0.1193789082463493,18.96170459772165,0.9175284142698956,0.0004443236872977703,0.11680158123996724,0.10041482629154075,2421,2039,382,5.337696335078534,1.0
618,30.835194406120934,0.177213760954718,8.262508786184169,0.04748568267921936,8.262508786184169,0.04748568267921936,9.460788733361824,13.11189688657575,17.723297519545994,0.1018580317215287,13.20244762207821,0.09055073550246107,0.00030591464696777385,0.10133762519564783,0.30338371231599126,470,296,174,1.7011494252873562,0.0
619,23.292024902686364,0.12389374948237428,8.826749221023176,0.04695079372884668,8.826749221023176,0.04695079372884668,7.509593280417846,6.955682401246207,16.336342501441024,0.08689543883745225,7.143154604796223,0.1874722035500156,0.0002611033475626958,0.0858982462653731,0.07899172822700962,906,718,188,3.8191489361702127,0.0
620,39.649293409258775,0.2772677860787327,7.424788118401468,0.051921595233576694,7.424788118401468,0.051921595233576694,9.437641421810639,22.786863869045618,16.862429540212105,0.11791908769379095,23.403076314155896,0.6162124451102784,0.00024174674190281616,0.11360990975596419,0.07238884857298444,2692,2549,143,17.825174825174827,0.0
621,34.68736306005445,0.24954937453276585,7.34717272862816,0.05285735775991482,7.34717272862816,0.05285735775991482,6.563031173621312,20.777159157805812,13.91020390224947,0.10007340936870122,21.63719235929335,0.8600332014875391,0.000243773583188078,0.09388612014936043,0.032144743245936525,3667,3528,139,25.381294964028775,0.0
622,19.033016049772698,0.3021113658694079,3.8525086257711263,0.06115093056779566,3.8525086257711263,0.06115093056779566,1.6079886279482594,13.572518796053572,5.460497253719385,0.08667455958284738,14.479172891635216,0.9066540955816436,0.00024320120589636362,0.07228322473234099,0.05347915437735651,3791,3728,63,59.17460317460318,0.0
623,42.86275038713191,0.12569721521153052,16.50262001793973,0.04839478011126021,16.50262001793973,0.04839478011126021,17.974649604882075,8.385480764312064,34.47726962282181,0.10110636253026924,9.182525939209683,0.7970451748976188,0.00024547125805285457,0.09876898665079832,0.03183188090648059,3588,3247,341,9.52199413489736,0.0
624,285.5557791564817,0.11291252635685319,119.43417894833944,0.04722585169962018,119.43417894833944,0.04722585169962018,143.02787407043533,23.09372613770816,262.4620530187748,0.10378096204775594,23.123157074481952,0.029430936773792382,0.029430936773792382,0.10376932466666657,0.19189439791796303,2530,1,2529,0.00039541320680110717,0.0
625,37.02095754455968,0.2501416050308086,7.827331200596841,0.05288737297700569,7.827331200596841,0.05288737297700569,7.25179774563432,21.941828598329607,15.079128946231162,0.1018860063934538,22.877072717262166,0.9352441189325589,0.0002424796782298571,0.09556678937363183,0.35907040033305293,4005,3857,148,26.06081081081081,0.0
626,210.93147935425952,0.10772802827081691,91.96803588660245,0.04697039626486336,91.96803588660245,0.04697039626486336,105.11825501478168,13.845188452878574,197.08629090138413,0.10065694121623296,13.891662521551666,0.046474068673092006,0.0005467537490952001,0.1006332057368273,0.05118775959914501,2043,85,1958,0.04341164453524004,0.0
627,14.14688775932737,0.4563512180428184,2.124522159476359,0.06853297288633416,2.124522159476359,0.06853297288633416,1.4291725189848137,10.593193080866513,3.5536946784611727,0.11463531220842492,11.325163351486225,0.731970270619712,0.00024046329521015505,0.09102336799487566,0.06095924777781647,3075,3044,31,98.19354838709677,0.0
628,45.03680344678244,0.23214847137516723,9.797893407852186,0.05050460519511436,9.797893407852186,0.05050460519511436,12.75247873378612,22.486431305142645,22.550372141638306,0.11623903165792941,23.042384839575988,0.5559535344333426,0.00024698069055235125,0.113373291789724,0.16550836162929272,2445,2251,194,11.603092783505154,0.0
629,51.31522062355796,0.19437583569529532,13.182592348800345,0.04993406192727403,13.182592348800345,0.04993406192727403,15.432225668623886,22.700402606135782,28.61481801742423,0.108389462187213,23.5581725865041,0.8577699803683174,0.00024382318941680426,0.10514033347368888,0.32236905797714144,3782,3518,264,13.325757575757576,0.0
630,28.712165334451868,0.19014679029438322,8.037314182152857,0.05322724623942289,8.037314182152857,0.05322724623942289,7.56348229494219,13.111368857357718,15.600796477095047,0.10331653296089435,14.055547131522616,0.9441782741648979,0.00024073897862440026,0.09706369670814075,0.75,4073,3922,151,25.973509933774835,0.0
631,26.793415564622705,0.18103659165285613,7.685990681429208,0.051932369469116266,7.685990681429208,0.051932369469116266,8.788319281690264,10.319105601503992,16.47430996311947,0.11131290515621264,11.21160339993557,0.8924977984315774,0.00024425227105407153,0.10528251462626444,0.18591907023275667,3802,3654,148,24.68918918918919,0.0
632,31.65096477881181,0.46545536439429136,4.1408522772145115,0.06089488642962517,4.1408522772145115,0.06089488642962517,4.7044358458647935,22.805676655732043,8.845288123079305,0.13007776651587213,23.71851995612323,0.912843300391188,0.0002429066791887142,0.1166536003336556,0.08316940746038881,3826,3758,68,55.26470588235294,0.0
633,45.28822534914977,0.22091817243487694,10.055913673404856,0.0490532374312432,10.055913673404856,0.0490532374312432,12.33895913038441,22.893352545362205,22.394872803789266,0.10924328196970373,23.415962465246565,0.5226099198843599,0.00025041203636049826,0.1066939652873327,0.026486312781912602,2292,2087,205,10.180487804878048,0.0
634,26.795938459756485,0.25042933139959334,5.62433358463239,0.052563865276938224,5.62433358463239,0.052563865276938224,6.037756580488377,15.133848294636493,11.662090165120766,0.10899149687028753,15.751184579746763,0.6173362851102695,0.0002413355297538192,0.10322199887859554,0.05395435641042923,2665,2558,107,23.906542056074766,0.0
635,31.245187573548634,0.17652648346637645,8.663613282645631,0.04894696769856289,8.663613282645631,0.04894696769856289,11.133909598902846,11.447664692000814,19.797522881548478,0.11185041176016089,11.98433941255405,0.5366747205532363,0.00025019800491992366,0.10881835119205979,0.06452536890077454,2322,2145,177,12.11864406779661,0.0
636,28.657440498832898,0.5117400089077303,3.034192134272447,0.054182002397722265,3.034192134272447,0.054182002397722265,2.099136978090769,23.524111386469315,5.133329112363215,0.09166659129220027,23.909510489487786,0.3853991030184716,0.00024816426466096046,0.08478446445259127,0.04944253156079981,1609,1553,56,27.732142857142858,0.0
637,30.370839891635285,0.39961631436362216,3.8592410218138493,0.050779487129129594,3.8592410218138493,0.050779487129129594,2.981554951845652,23.530043917976343,6.840795973659501,0.09001047333762502,23.874041772981883,0.34399785500554003,0.0002498168881666957,0.08548418577175529,0.0035623523980916616,1453,1377,76,18.11842105263158,0.0
638,45.41397158984762,0.18165588635939048,12.382323694344,0.049529294777376005,12.382323694344,0.049529294777376005,16.58947724612179,16.442170649382803,28.97180094046579,0.11588720376186316,17.0640327634743,0.621862114091499,0.00024168756863252974,0.11339975530549327,0.1909648945038498,2823,2573,250,10.292,0.0
639,28.087267726357197,0.2080538350100533,6.784416172470992,0.05025493461089624,6.784416172470992,0.05025493461089624,9.132024053639668,12.1708275002471,15.91644022611066,0.11789955723044934,12.767389748625021,0.5965622483779214,0.0002443925638582226,0.11348057761283094,0.08015854522483323,2576,2441,135,18.081481481481482,0.0
640,28.637890260721235,0.5844467400147191,3.0879211458961358,0.0630187988958395,3.0879211458961358,0.0630187988958395,2.136994161331586,23.412974953493233,5.224915307227722,0.10663092463730044,24.188081063925097,0.7751061104318637,0.00024614357269986143,0.0908124325876763,0.75,3198,3149,49,64.26530612244898,0.0
641,35.03735602951875,0.35391268716685603,5.533182301883876,0.05589073032205936,5.533182301883876,0.05589073032205936,5.395030370607657,24.109143357028273,10.928212672491533,0.11038598659082356,25.06565141558039,0.9565080585521173,0.00024020795041489635,0.10072428902968038,0.20150001617679436,4081,3982,99,40.22222222222222,0.0
642,18.279990119351766,0.8309086417887166,1.2328351691075574,0.0560379622321617,1.2328351691075574,0.0560379622321617,1.313630987547441,15.733523962697035,2.5464661566549984,0.1157484616661363,15.977268330804918,0.24374436810788325,0.00024109235223331677,0.10466917220667488,0.29885023937563915,1033,1011,22,45.95454545454545,0.0
643,257.8806458168841,0.09554673798328422,127.3461394178967,0.04718271189992467,127.3461394178967,0.04718271189992467,119.05121559103836,11.483290807956934,246.39735500893505,0.09129209151868657,11.52868218215383,0.045391374196896095,0.000613396948606704,0.0912752736697778,0.0337486851156541,2773,74,2699,0.02741756206002223,0.0
644,71.46132251227996,0.18229929212316318,19.045552873419194,0.04858559406484488,19.045552873419194,0.04858559406484488,28.397377780968554,24.018391857892595,47.44293065438775,0.12102788432241773,24.50122437220284,0.4828325143102461,0.000238435809535924,0.11979616872468654,0.5071133482607308,2417,2025,392,5.165816326530612,0.0
645,131.11035844385995,0.1270449209727325,48.60949733908698,0.04710222610376645,48.60949733908698,0.04710222610376645,58.44368920436486,24.0571719004148,107.05318654345183,0.10373370789094169,24.144943842861778,0.08777194244697739,0.00032150894669222486,0.10364865755910675,0.16876724241356555,1305,273,1032,0.26453488372093026,0.0
646,42.192763453290354,0.17151529859061118,12.27229706601547,0.04988738644721736,12.27229706601547,0.04988738644721736,15.121066565062165,14.799399822213672,27.393363631077634,0.1113551367116977,15.500379601947742,0.7009797797340696,0.00024080377180833718,0.10850562541196183,0.5153409532298383,3157,2911,246,11.833333333333334,0.0
647,29.1699957373948,0.1676436536631885,8.754228088303021,0.05031165567990242,8.754228088303021,0.05031165567990242,10.198555656912248,10.217211992180125,18.95278374521527,0.10892404451273144,10.985265019676405,0.7680530274962791,0.0002463287451880305,0.104509946653554,0.2133666735933275,3292,3118,174,17.919540229885058,0.0
648,62.66075077814071,0.19103887432359973,16.37500955588731,0.049923809621607654,16.37500955588731,0.049923809621607654,22.840426989170027,23.44531423308331,39.21543654505734,0.11955925775932115,24.286512586431968,0.8411983533486591,0.00024432133411230296,0.11699462863325835,0.15843526988280132,3771,3443,328,10.496951219512194,0.0
649,39.27254086251912,0.2708451093966836,7.305257917327984,0.050381089085020585,7.305257917327984,0.050381089085020585,8.854645995381361,23.11263694981119,16.159903912709346,0.11144761319109894,23.71076850542721,0.5981315556160212,0.00024304411036815164,0.10732256797994422,0.14516399634462118,2606,2461,145,16.97241379310345,0.0
650,38.20774270173996,0.17688769769324056,10.762493854926396,0.049826360439474054,10.762493854926396,0.049826360439474054,12.371522025866511,15.07372682094811,23.13401588079291,0.10710192537404124,15.686378028761482,0.6126512078133715,0.0002416770050545844,0.10426557718971517,0.0509466744645124,2751,2535,216,11.73611111111111,0.0
651,204.4180611316283,0.09441942777442415,101.84089767707849,0.047039675601421936,101.84089767707849,0.047039675601421936,91.95963025593437,10.61753319862413,193.80052793301286,0.08951525539631079,10.646964135397923,0.029430936773792382,0.029430936773792382,0.0895016614301295,0.013185880360339297,2166,1,2165,0.00046189376443418013,0.0
652,57.39359378106593,0.2149572800788986,13.44680177837046,0.05036255347704292,13.44680177837046,0.05036255347704292,19.328280357147975,24.618511645547187,32.77508213551843,0.12275311661242858,25.431474939219868,0.8129632936726807,0.000495407247820037,0.11970831026908638,0.7078240819411121,1908,1641,267,6.146067415730337,0.0
653,47.83219789168285,0.20617326677449505,11.578423830716298,0.04990699927032887,11.578423830716298,0.04990699927032887,13.05343896527225,23.200335095696317,24.631862795988546,0.10617182239650236,23.959399483144068,0.7590643874477507,0.00048440611834572476,0.10289999314025339,0.16239225682181768,1799,1567,232,6.754310344827586,0.0
654,63.44787575964659,0.14858987297341122,20.85408139720606,0.048838598119920515,20.85408139720606,0.048838598119920515,26.803018245982713,15.790776116458517,47.65709964318877,0.11160913265383787,16.507446321036298,0.7166702045777811,0.00023968903163136491,0.10993074809978992,0.43165540813132,3417,2990,427,7.0023419203747075,0.0
655,23.87596989535743,0.19100775916285942,6.342586060565695,0.050740688484525565,6.342586060565695,0.050740688484525565,7.669070921081186,9.864312913711132,14.011656981646881,0.11209325585317505,10.484390707802646,0.6200777940915145,0.0002420288033144085,0.10713263350043827,0.128001347459076,2687,2562,125,20.496,0.0
656,52.281447742869034,0.234445954003897,11.374192166755918,0.05100534603926421,11.374192166755918,0.05100534603926421,17.030035389239885,23.877220186872364,28.404227555995803,0.1273732177398915,24.690183480545045,0.8129632936726807,0.00045930129586027157,0.12372764243194614,0.019242446262609292,1993,1770,223,7.937219730941704,0.0
657,34.17763784267515,0.305157480738171,5.927351609684051,0.05292278222932188,5.927351609684051,0.05292278222932188,5.877039165409286,22.37324706758298,11.804390775093337,0.10539634620619051,23.13231145503073,0.7590643874477507,0.0004750090034091056,0.09861898560396806,0.248188826260332,1710,1598,112,14.267857142857142,0.0
658,31.975262387041283,0.24223683626546427,6.848659761759865,0.05188378607393837,6.848659761759865,0.05188378607393837,8.557970128588806,16.568632496693567,15.406629890348672,0.11671689310870206,17.24136927586821,0.6727367791746417,0.0002394933354128308,0.11162040235737178,0.013774888646281624,2941,2809,132,21.28030303030303,0.0
659,24.939301605733732,0.1833772176892186,6.696204240231822,0.049236795884057515,6.696204240231822,0.049236795884057515,7.987846390479291,10.255250975023102,14.684050630711113,0.10797096051993466,10.725586357399976,0.47033538237687367,0.00024070388043852286,0.10451261212010114,0.04039383913411143,2090,1954,136,14.367647058823529,0.0
660,48.3951291017201,0.26886182834288946,9.32341924916306,0.05179677360646144,9.32341924916306,0.05179677360646144,14.69857543983639,24.37313441271968,24.02199468899945,0.13345552604999694,25.177402934073967,0.8042685213542882,0.00024475609292583326,0.1289873675980341,0.20686377412707202,3466,3286,180,18.255555555555556,0.0
661,50.25765220307335,0.20940688417947229,11.790733106820362,0.04912805461175151,11.790733106820362,0.04912805461175151,14.943467691194058,23.52345140506074,26.73420079801442,0.11139250332506008,24.103530412843526,0.5800790077827855,0.00024579618973846843,0.10897550745929092,0.09054232825252484,2600,2360,240,9.833333333333334,0.0
662,28.563292707078205,0.29146217048038986,5.042784084714555,0.051456980456270965,5.042784084714555,0.051456980456270965,7.272860551152576,16.247648071211614,12.31564463586713,0.125669843223134,16.706076194842097,0.45842812363048324,0.00023864035587219326,0.12099200522689905,0.75,2019,1921,98,19.602040816326532,0.0
663,27.378059536333097,0.17438254481740825,7.587589569873102,0.04832859598645288,7.587589569873102,0.04832859598645288,9.727737339927359,10.06273262653346,17.31532690980046,0.11028870643185007,10.448131729551932,0.3853991030184716,0.0002470507070631228,0.10783393507503927,0.03151883234397701,1717,1560,157,9.936305732484076,0.0
664,35.86482664347653,0.36227097619673265,5.277283486212918,0.05330589380013048,5.277283486212918,0.05330589380013048,6.448781020681281,24.138762136581647,11.726064506894199,0.11844509602923432,24.74143008631023,0.6026679497285841,0.00024184107131965652,0.1123575409814778,0.3614510617804001,2591,2492,99,25.171717171717173,0.0
665,35.68939370260546,0.36049892628894403,4.93424832071387,0.04984089212842293,4.93424832071387,0.04984089212842293,7.1367497294353655,23.618395652457053,12.070998050149235,0.12192927323383065,23.997148523172513,0.37875287071545927,0.00024546524349673313,0.11810348666093884,0.23305272907109043,1642,1543,99,15.585858585858587,0.0
666,46.5125931819525,0.16094322900329583,14.264579472547782,0.049358406479404086,14.264579472547782,0.049358406479404086,16.559005574419984,15.689008134985016,30.823585046967764,0.10665600362272583,16.345868718146193,0.6568605831611762,0.00024211595398495253,0.10438312963254777,0.3910454366616136,3002,2713,289,9.387543252595156,0.0
667,18.1984921819207,0.2426465624256093,4.028639609605868,0.05371519479474491,4.028639609605868,0.05371519479474491,4.079368481695099,10.09048409062018,8.108008091300967,0.10810677455067956,10.700743081846298,0.610258991226118,0.0002425512683728609,0.09996998800099201,0.06394481784681716,2591,2516,75,33.54666666666667,0.0
668,44.72707608497387,0.27439923978511577,8.553154798930644,0.052473342324727876,8.553154798930644,0.052473342324727876,12.11319768212718,24.060723603915108,20.66635248105782,0.12678743853409707,24.91025929402568,0.8495356901105708,0.00024362939205924028,0.12157556313465151,0.18483575915803385,3650,3487,163,21.392638036809817,0.0
669,35.86863140305579,0.35513496438669095,5.192528399724957,0.05141117227450453,5.192528399724957,0.05141117227450453,7.280066819414799,23.39603618391689,12.472595219139755,0.12349104177366095,23.939137660786315,0.543101476869424,0.0002486728373944249,0.1181137994284106,0.14969320730332925,2285,2184,101,21.623762376237625,0.0
670,27.235561088886357,0.2751066776655188,5.342436893912407,0.05396400902941826,5.342436893912407,0.05396400902941826,5.903494697924458,15.989629497050032,11.245931591836865,0.11359526860441277,16.702134767116974,0.7125052700669414,0.00024128183883066084,0.10639824567443822,0.14617231850215262,3052,2953,99,29.828282828282827,0.0
671,32.31473997456908,0.14688518170258671,10.976399795901141,0.04989272634500519,10.976399795901141,0.04989272634500519,11.425203855672152,9.913136322997275,22.401603651573293,0.10182547114351496,10.775930425044805,0.8627941020475305,0.0004727638915328934,0.09790367977056488,0.4918260089330886,2045,1825,220,8.295454545454545,0.0
672,39.71956722332479,0.25960501453153456,8.145155461541366,0.05323631020615272,8.145155461541366,0.05323631020615272,8.057714807238511,23.51669695454393,16.202870268779876,0.10590111286784232,24.431175773359342,0.9144788188154109,0.00024224604471931416,0.09992412712395715,0.75,3928,3775,153,24.673202614379086,0.0
673,50.919445414275856,0.20532034441240266,12.44867282974355,0.05019626141025625,12.44867282974355,0.05019626141025625,15.257828646643304,23.212943937890913,27.706501476386855,0.11171976401768893,24.065385674096717,0.8524417362058045,0.0002438334485714544,0.10828249895233524,0.09109767431687033,3744,3496,248,14.096774193548388,0.0
674,34.28037728196304,0.19151048760873207,9.050895974851173,0.05056366466397303,9.050895974851173,0.05056366466397303,9.302113766899936,15.927367540212316,18.35300974175111,0.1025307806801738,16.568685690342846,0.6413181501305303,0.0002424643289718451,0.09894799771854858,0.24257279093993134,2824,2645,179,14.776536312849162,0.0
675,11.37474702691614,0.2916601801773369,2.617344464999291,0.06711139653844336,2.617344464999291,0.06711139653844336,0.16310235631030423,8.594300205606999,2.7804468213095954,0.07129350823870757,9.457094307654529,0.8627941020475305,0.0004772091272386784,0.049170582545169504,0.23516565213347462,1847,1808,39,46.35897435897436,0.0
676,69.12049359170334,0.17151487243598842,19.97697302415235,0.04957065266539045,19.97697302415235,0.04957065266539045,24.99347536287084,24.15004520468119,44.97044838702319,0.11158920195291114,25.076593103233307,0.9265478985521156,0.00048032550469264676,0.10929007565377179,0.33685429740077666,2332,1929,403,4.786600496277916,0.0
677,41.12523148263972,0.24191312636846893,8.093304108372312,0.04760767122571948,8.093304108372312,0.04760767122571948,10.518299862758596,22.513627511510208,18.611603971130908,0.10948002335959357,22.69439152245039,0.18076401094018024,0.00026504986941375405,0.10841670564817253,0.7371654221123265,852,682,170,4.011764705882353,0.0
678,50.96473145965601,0.15033844088394102,16.91168053225898,0.049886963222002895,16.91168053225898,0.049886963222002895,18.00569187682214,16.04735905057487,34.917372409081125,0.10300109855186172,16.955748479918412,0.9083894293435435,0.00024275505861666048,0.1003214837160401,0.05823153183530394,4081,3742,339,11.03834808259587,0.0
679,21.208886487192814,0.1696710918975425,5.886141662784498,0.04708913330227598,5.886141662784498,0.04708913330227598,7.057156991067643,8.265587833341243,12.94329865385214,0.10354638923081713,8.428690189651547,0.16310235631030423,0.00027644467171238004,0.10224157038033013,0.05925522296487884,715,590,125,4.72,0.0
680,29.28457626675157,0.4575715041679933,3.925985598945118,0.061343524983517465,3.925985598945118,0.061343524983517465,2.3332150605122877,23.02537560729371,6.259200659457406,0.09780001030402197,23.951923505845826,0.9265478985521156,0.0004528582104360291,0.08332269938915227,0.27001742047497146,2110,2046,64,31.96875,0.0
681,41.668073491950594,0.22894545874698127,9.076312157077602,0.0498698470169099,9.076312157077602,0.0498698470169099,10.141909305077576,22.44985202979666,19.218221462155178,0.10559462341843505,23.040656973596242,0.5908049437995828,0.0002448424963943567,0.1023484424085404,0.04271401242607453,2595,2413,182,13.258241758241759,0.0
682,28.497078204646073,0.25673043427609077,5.883691154878905,0.05300622662053068,5.883691154878905,0.05300622662053068,5.419050627877738,17.194336421889943,11.302741782756643,0.10182650254735715,17.879801388738798,0.6854649668488548,0.00024161613212860585,0.09565114248565112,0.04773370062889626,2948,2837,111,25.55855855855856,0.0
683,32.37604246015249,0.14649792968394793,10.928489274679754,0.04945017771348305,10.928489274679754,0.04945017771348305,11.644285684518792,9.803267500955258,22.572774959198547,0.1021392532090432,10.567350388019491,0.7640828870642338,0.000246717109158616,0.09868186457978732,0.019507918117653844,3318,3097,221,14.013574660633484,0.0
684,27.931920183910364,0.6650457186645324,2.494584559855345,0.05939487047274631,2.494584559855345,0.05939487047274631,0.931029683274545,24.50630594078021,3.42561424312989,0.081562243884045,25.050721337649634,0.5444153968694252,0.00024916036469996576,0.06859997253001739,0.000669827186754901,2227,2185,42,52.023809523809526,0.0
685,59.218135677500726,0.19805396547659104,14.863165748455852,0.04970958444299616,14.863165748455852,0.04970958444299616,20.371731781075823,23.983238147970297,35.23489752953168,0.11784246665395211,24.80735658675397,0.8241184387836711,0.00024556568497725596,0.1150862176948052,0.14968831173965214,3655,3356,299,11.224080267558529,0.0
686,41.00619736849367,0.17828781464562465,11.259201221155687,0.04895304878763342,11.259201221155687,0.04895304878763342,12.262295113349523,17.484701033988472,23.52149633450521,0.10226737536741395,17.91380320402257,0.4291021700340991,0.00024039337256812274,0.10040171375857002,0.22523429770626535,2015,1785,230,7.760869565217392,0.0
687,88.5311511112547,0.10403190494859542,39.9408936602878,0.04693407010609612,39.9408936602878,0.04693407010609612,37.65242347443254,10.937833976540276,77.59331713472034,0.0911789860572507,11.372567415158898,0.4347334386186219,0.00024111671581731665,0.09066813595310905,0.08606638256065935,2654,1803,851,2.118683901292597,0.0
688,43.66983169426658,0.3119273692447613,7.539206254547557,0.05385147324676827,7.539206254547557,0.05385147324676827,10.564593632103367,25.566031807615133,18.103799886650926,0.1293128563332209,26.497061490889678,0.931029683274545,0.0002416376027185427,0.12266264430983499,0.06582094800654659,3993,3853,140,27.521428571428572,0.0
689,42.94243388359959,0.26672319182359994,8.197563448790468,0.050916543160189245,8.197563448790468,0.050916543160189245,10.389506130035414,24.355364304774724,18.587069578825883,0.1154476371355645,25.033096687182905,0.6777323824081805,0.00024016030560176487,0.11123811923240177,0.30685798251519714,2983,2822,161,17.527950310559007,0.0
690,39.16367105540087,0.1732905798911543,11.501969815399944,0.05089367174955727,11.501969815399944,0.05089367174955727,10.462544317673178,17.19915692232769,21.964514133073124,0.09718811563306692,18.060740203815243,0.8615832814875546,0.00024386733130131745,0.09337580022825498,0.3034953122791251,3759,3533,226,15.632743362831858,0.0
691,23.34685969739317,0.20845410444101045,6.01155206961716,0.05367457205015321,6.01155206961716,0.05367457205015321,6.697966687708657,10.637340940068015,12.709518757325817,0.11347784604755194,11.526469442115541,0.8891285020475266,0.0002442660719910787,0.10553919870783599,0.15129841981377012,3752,3640,112,32.5,0.0
692,33.137653523982664,0.6136602504441234,3.374852134095754,0.06249726174251396,3.374852134095754,0.06249726174251396,3.0738104524538983,26.688990937432663,6.448662586549652,0.11941967752869725,27.54676091780098,0.8577699803683174,0.00024417021929072516,0.10353504826262376,0.29069565545580645,3567,3513,54,65.05555555555556,0.0
693,125.6229757778571,0.12612748572074006,47.38042709087456,0.04757070993059695,47.38042709087456,0.04757070993059695,54.59890442630939,23.643644260678258,101.97933151718395,0.10238888706544573,24.098791325399105,0.45514706472084754,0.00023792319117660614,0.10193191210086144,0.6439630389559454,2909,1913,996,1.9206827309236947,0.0
694,26.822058728310992,0.2853410503011808,4.994651237130241,0.05313458762904512,4.994651237130241,0.05313458762904512,4.431110093780575,17.396297397400588,9.425761330910817,0.1002740567118172,18.002005269319653,0.6057078719190656,0.0002418961149836524,0.09383035594671638,0.38758953452210676,2598,2504,94,26.638297872340427,0.0
695,23.172769921622972,0.21456268445947196,5.7479793538119734,0.05322203105381457,5.7479793538119734,0.05322203105381457,7.050707498460042,10.37408306935157,12.798686852272017,0.11850635974325942,11.182391230641457,0.8083081612898866,0.00024449732646397054,0.11102202491649552,0.24524598768701367,3414,3306,108,30.61111111111111,0.0
696,42.53374186875723,0.34026993495005786,6.425492783402402,0.05140394226721921,6.425492783402402,0.05140394226721921,10.060827964916257,26.0474211204384,16.486320748318658,0.13189056598654927,26.58591460568877,0.5384934852503704,0.00024849722438872654,0.12758261810454768,0.27057381671170333,2292,2167,125,17.336,0.0
697,34.14368554306037,0.3132448214959667,5.8554227880945575,0.05371947512013356,5.8554227880945575,0.05371947512013356,5.445240110913176,22.843022644053434,11.300662899007733,0.10367580641291499,23.637119877236785,0.7940972331833507,0.0002458505365892727,0.09639051069562923,0.6782724387580004,3339,3230,109,29.63302752293578,0.0
698,28.529853413076296,0.22288947978965856,6.83323647861013,0.05338465998914164,6.83323647861013,0.05338465998914164,4.98007127676874,16.71654565769765,11.813307755378869,0.09229146683889741,17.54834042819573,0.8317947704980782,0.0002450058234162233,0.08579307019437943,0.13840673689384175,3523,3395,128,26.5234375,0.0
699,179.8776408343277,0.09437441806627897,89.76153827663919,0.04709419636759663,89.76153827663919,0.04709419636759663,80.21758844872647,9.898514108968527,169.97912672536566,0.08918107383282564,10.055733143285522,0.15721903431699502,0.0002758228672227983,0.08909858745595078,0.19662412930938444,2476,570,1906,0.2990556138509968,0.0
700,59.34881006694957,0.20897468333432948,13.91055465842014,0.04898082626204275,13.91055465842014,0.04898082626204275,19.886252936190914,25.55200247233995,33.79680759461105,0.11900284364299667,26.07703796777986,0.5250354954399086,0.00024954158528512764,0.1171541271097525,0.26077173095853823,2388,2104,284,7.408450704225352,0.0
701,46.763913539225086,0.23381956769612544,10.23197767887546,0.051159888394377295,10.23197767887546,0.051159888394377295,12.609858536606708,23.922077323744105,22.841836215482168,0.11420918107741083,24.75709021741679,0.8350128936726833,0.00024437017666745193,0.11003411660904149,0.5976122407111291,3617,3417,200,17.085,0.0
702,30.361521302430475,0.21532993831510974,7.5587022035538185,0.05360781704648098,7.5587022035538185,0.05360781704648098,6.512373411737485,16.29044568713931,14.071075615291303,0.09979486251979647,17.230579744802043,0.940134057662732,0.0002424275548382496,0.09312724508956335,0.4380834822201507,4019,3878,141,27.50354609929078,0.0
703,28.47923365005272,0.14029179137957004,9.950054825011778,0.049015048399072794,9.950054825011778,0.049015048399072794,9.649021803526665,8.880157021515458,19.59907662853844,0.09654717551004158,9.497493306625728,0.6173362851102695,0.00024152436819650607,0.09350611006614282,0.01852194916588701,2759,2556,203,12.591133004926109,0.0
704,41.62592343725592,0.3177551407424116,6.525575229847588,0.04981355137288235,6.525575229847588,0.04981355137288235,10.122885237234613,24.977462970173576,16.648460467082202,0.12708748448154353,25.338937542174193,0.36147457200061694,0.00025015541314921585,0.12432813660367731,0.04535732550911575,1576,1445,131,11.030534351145038,0.0
705,31.150742569319306,0.4649364562584971,3.7574128867007293,0.05608078935374223,3.7574128867007293,0.05608078935374223,3.137309419627627,24.256020262991427,6.894722306328356,0.10290630307952771,24.902256606798545,0.6462363438071179,0.0002416740253579349,0.09326098451523523,0.09190212905397743,2741,2674,67,39.91044776119403,0.0
706,35.68024227096046,0.19182925952129282,9.568714313118509,0.05144470060816403,9.568714313118509,0.05144470060816403,8.196393677976346,17.915134279865327,17.765107991094855,0.0955113332854562,18.741815733671075,0.8266814538057474,0.00024516057348924895,0.09106680934026552,0.34553347901621123,3558,3372,186,18.129032258064516,0.0
707,94.24122310471373,0.09899288141251442,44.24390534172709,0.04647469048500745,44.24390534172709,0.04647469048500745,41.193149314235626,8.80416844875748,85.43705465596273,0.08974480531088522,8.833599385531272,0.029430936773792382,0.029430936773792382,0.0897138904613261,0.21053192428894363,953,1,952,0.0010504201680672268,0.0
708,33.91970019543302,0.5218415414682004,3.7204083639465013,0.0572370517530231,3.7204083639465013,0.0572370517530231,5.119302015696945,25.079989815789247,8.839710379643446,0.13599554430220687,25.766408382638105,0.6864185668488574,0.0002410177552137842,0.12543525865838337,0.08513382583427642,2913,2848,65,43.815384615384616,0.0
709,50.576996543666525,0.2134050487074537,11.890618441614244,0.05017138582959597,11.890618441614244,0.05017138582959597,14.365679624105326,24.3206984779479,26.25629806571957,0.11078606778784629,25.057991682992423,0.7372932050445229,0.0002404739742480505,0.10767512599440549,0.033198247234963674,3303,3066,237,12.936708860759493,0.0
710,39.90529631810202,0.20052912722664332,10.298781636848421,0.051752671541951865,10.298781636848421,0.051752671541951865,10.221789080878239,19.38472560037448,20.52057071772666,0.10311844581772191,20.30877262284494,0.9240470224704609,0.00024246838689857277,0.0984749934435029,0.2917318761064678,4010,3811,199,19.150753768844222,0.0
711,44.25173457522638,0.11090660294542952,19.30138818230574,0.04837440647194421,19.30138818230574,0.04837440647194421,16.36800098928967,8.582345403632985,35.66938917159541,0.0893969653423444,9.458319964707044,0.8759745610740595,0.0002440040560094873,0.08720154037724144,0.30077137034146517,3989,3590,399,8.997493734335839,0.0
712,45.85093899834794,0.2547274388797108,9.23548557758542,0.05130825320880789,9.23548557758542,0.05130825320880789,11.762768286806107,24.852685133957124,20.99825386439153,0.11665696591328627,25.623485763167707,0.7708006292105836,0.0002468932188374707,0.11237474019544574,0.7147600236257006,3302,3122,180,17.344444444444445,0.0
713,40.93290192777144,0.2495908654132405,8.384960488045463,0.05112780785393575,8.384960488045463,0.05112780785393575,8.83020356343431,23.717737876292944,17.215164051479775,0.10497051250902302,24.4041564431418,0.6864185668488574,0.00024161160395947109,0.10078503344286364,0.1735229952448094,3005,2841,164,17.323170731707318,0.0
714,44.154488980604725,0.18397703741918636,12.231619216476481,0.050965080068652004,12.231619216476481,0.050965080068652004,11.363438393691467,20.559431370436528,23.59505761016795,0.09831274004236645,21.467884159780084,0.9084527893435563,0.00024335729690424761,0.09452752008676933,0.17020349667848222,3973,3733,240,15.554166666666667,0.0
715,31.479226167521432,0.12154141377421403,12.520177690373737,0.048340454402987405,12.520177690373737,0.048340454402987405,10.58018052751845,8.37886794963029,23.100358217892186,0.089190572269854,8.979835129436793,0.6009671798065028,0.00024291316887894212,0.08687023566828046,0.020965499527761722,2733,2474,259,9.552123552123552,0.0
716,93.9310187384543,0.1568130529857334,28.472893791374887,0.047534046396285286,28.472893791374887,0.047534046396285286,39.87580366709497,25.582321279985763,68.34869745846986,0.11410467021447389,25.773908983689324,0.19158770370356137,0.0002540950977500814,0.11378482429843902,0.010169247139685922,1353,754,599,1.2587646076794659,0.0
717,37.28336486607881,0.31330558710990597,6.387010605982379,0.05367235803346537,6.387010605982379,0.05367235803346537,6.646731572238622,24.249622687858505,13.033742178221,0.10952724519513446,25.06110784439204,0.8114851565335357,0.0002444232399197397,0.10270804219904851,0.14142108165154355,3439,3320,119,27.899159663865547,0.0
718,40.642004480143584,0.2116771066674145,9.641689342092686,0.050217131990066076,9.641689342092686,0.050217131990066076,9.754842047233609,21.245473090816688,19.396531389326295,0.10102360098607445,21.837118192527953,0.5916451017112649,0.00024478489934268307,0.09794211608133141,0.0972706038252511,2609,2417,192,12.588541666666666,0.0
719,14.344083304436538,0.30519326179652206,2.915693804821841,0.0620360384004647,2.915693804821841,0.0620360384004647,2.1252900524665392,9.303099447148327,5.04098385728838,0.1072549756869868,10.092210298923305,0.7891108517749785,0.0002462892795802055,0.09046538309602623,0.07204318233837625,3251,3204,47,68.17021276595744,0.0
720,42.590829757634936,0.32762176736642257,6.933238171195921,0.0533326013168917,6.933238171195921,0.0533326013168917,9.224061920951641,26.433529665488066,16.157300092147562,0.12428692378575047,27.26854255916075,0.8350128936726833,0.00024401311913287062,0.11786374768057066,0.02394246518386467,3552,3422,130,26.323076923076922,0.0
721,44.158807759571005,0.267629137936794,8.65896334901254,0.05247856575159115,8.65896334901254,0.05247856575159115,9.734702202515507,25.765142208043784,18.393665551528045,0.11147676091835179,26.667254699244495,0.902112491200711,0.0002432881583604938,0.10600941248682733,0.75,3873,3708,165,22.472727272727273,0.0
722,48.41575469987447,0.19289145298754767,12.612242956099138,0.05024797990477744,12.612242956099138,0.05024797990477744,14.837550062332838,20.965961681442508,27.449793018431976,0.10936172517303576,21.755072533217486,0.7891108517749785,0.00024621243425116334,0.10621785723767722,0.45190913219082063,3456,3205,251,12.768924302788845,0.0
723,28.798949621925146,0.13584410199021296,10.375946508868743,0.04894314390975822,10.375946508868743,0.04894314390975822,9.174857230633194,9.248145882424097,19.550803739501937,0.0922207723561412,9.864358327534376,0.6162124451102784,0.00024203159666546676,0.08931410987920174,0.21403367802918183,2758,2546,212,12.00943396226415,0.0
724,75.57747163683567,0.1683239902824848,22.145089797439336,0.04932091268917447,22.145089797439336,0.04932091268917447,28.093044467886557,25.339337371511647,50.2381342653259,0.11188894045729599,26.228465873559173,0.8891285020475266,0.00024460206383700866,0.10990869880462471,0.75,4084,3635,449,8.09576837416481,0.0
725,42.90456064746746,0.2879500714595132,7.825328906665476,0.052518985950775005,7.825328906665476,0.052518985950775005,9.53563129974114,25.5436004410615,17.360960206406617,0.1165165114523934,26.370281894867247,0.8266814538057474,0.0002450152500906187,0.11096831377584038,0.75,3523,3374,149,22.644295302013422,0.0
726,56.4570669251564,0.1700514064010735,16.259884423621113,0.04897555549283468,16.259884423621113,0.04897555549283468,19.202244335655536,20.994938165880342,35.46212875927665,0.10681364084119474,21.70007833535712,0.7051401694767776,0.00024090883822233604,0.10468972466807011,0.2789001320099658,3259,2927,332,8.816265060240964,0.0
727,30.730463654345414,0.12492058396075371,11.79820427974316,0.04796017999895594,11.79820427974316,0.04796017999895594,10.36765833934399,8.564601035259074,22.16586261908715,0.09010513259791525,9.039253743339572,0.4746527080804981,0.00023996597981824978,0.08817565004473919,0.07851028540790139,2224,1978,246,8.040650406504065,0.0
728,40.28530874179441,0.3565071570070302,5.935786860589409,0.05252908726185317,5.935786860589409,0.05252908726185317,8.337840362087661,26.01168151911827,14.27362722267707,0.12631528515643425,26.65929706292539,0.6476155438071203,0.00024128746043484362,0.12058417414928337,0.0102658374591158,2797,2684,113,23.75221238938053,0.0
729,58.383519500459016,0.20132248103606556,14.496342883594915,0.04998738925377557,14.496342883594915,0.04998738925377557,17.858511537027937,26.028665079837822,32.35485442062285,0.11156846351938914,26.87052775318648,0.8418626733486576,0.000244088916598625,0.1086654887836984,0.3529223562657364,3739,3449,290,11.893103448275863,0.0
730,32.987718698852404,0.28684972781610785,6.036692131984511,0.05249297506073488,6.036692131984511,0.05249297506073488,5.85160262782145,21.09942393904595,11.88829475980596,0.10337647617222574,21.742066249176474,0.6426423101305261,0.00024195870110336071,0.09778828217109505,0.1589559171784174,2771,2656,115,23.095652173913045,0.0
731,22.387292453728236,0.15229450648794718,7.444048834331347,0.05063978798864862,7.444048834331347,0.05063978798864862,6.226699118972107,8.716544500425783,13.670747953303454,0.09299828539662214,9.409379085521408,0.6928345850956248,0.00024174270240601004,0.08828512495378794,0.26353606962931053,3013,2866,147,19.496598639455783,0.0
732,45.33612922529019,0.2747644195472133,8.53456666420805,0.05172464644974576,8.53456666420805,0.05172464644974576,11.537131185912585,25.2644313751708,20.071697850120636,0.12164665363709476,26.040498002618534,0.776066627447733,0.000245746240483766,0.11694321953134339,0.6194513446811243,3323,3158,165,19.13939393939394,0.0
733,42.66094235291362,0.27882968858113477,8.07700696651755,0.05279089520599706,8.07700696651755,0.05279089520599706,8.568554497855587,26.015380888540875,16.645561464373138,0.10879451937498782,26.904677904142005,0.8892970156011302,0.000244850499890179,0.10298212058020664,0.05006715572756093,3785,3632,153,23.73856209150327,0.0
734,25.085546733604673,0.4325094264414599,3.2159347950970627,0.05544715163960453,3.2159347950970627,0.05544715163960453,1.2332527342218214,20.636359204285554,4.449187529318884,0.07671012981584283,21.160045737503225,0.5236865332176706,0.00025068766549433724,0.06768105165692152,0.2200678380337706,2147,2089,58,36.01724137931034,0.0
735,22.01928920091899,0.14582310729085424,7.277725098463411,0.04819685495671133,7.277725098463411,0.04819685495671133,6.4735884277661455,8.267975674690405,13.751313526229556,0.09106830149820898,8.609565988870543,0.34159031418013797,0.00025043278165699264,0.08880611398707582,0.25181707238854756,1515,1364,151,9.033112582781458,0.0
736,35.165983873766805,0.4395747984220851,4.0937515055294424,0.05117189381911803,4.0937515055294424,0.05117189381911803,5.628039259796282,25.444193108441624,9.721790765325725,0.12152238456657156,25.80566768044224,0.36147457200061694,0.00025050212889855643,0.11700395241655706,0.16918355438872368,1523,1443,80,18.0375,0.0
737,53.5913209878002,0.22708186859237373,11.320264667456538,0.04796722316718872,11.320264667456538,0.04796722316718872,14.988867694525169,27.282188625819572,26.309132361981707,0.11147937441517672,27.496603011938134,0.21441438611856256,0.0002570915900702189,0.11057083888077147,0.023919223489741626,1070,834,236,3.5338983050847457,0.0
738,46.633094042093205,0.1843205298106451,12.478136873085862,0.04932069910310617,12.478136873085862,0.04932069910310617,13.404701455536213,20.75025571347129,25.882838328622075,0.10230370880878291,21.351222893277793,0.6009671798065028,0.0002424232270296502,0.099928344461721,0.10691274730746159,2732,2479,253,9.798418972332016,0.0
739,29.977715670832254,0.12438886170469815,11.786208511948846,0.048905429510161184,11.786208511948846,0.048905429510161184,9.473175588645262,8.718331570238917,21.259384100594108,0.0882132120356602,9.41266119533455,0.6943296250956337,0.00024108667538042837,0.08533217624687844,0.10135692482637637,3121,2880,241,11.950207468879668,0.0
740,47.09375301450544,0.2573429126475707,9.253256910776864,0.05056424541408122,9.253256910776864,0.05056424541408122,12.544284139084027,25.296211964646034,21.79754104986089,0.11911224617410322,25.943827508453154,0.6476155438071203,0.00024128746043484362,0.11557336342105073,0.2772668201726276,2867,2684,183,14.666666666666666,0.0
741,192.54695385388396,0.1145431016382415,80.02183932612765,0.04760371167526927,80.02183932612765,0.04760371167526927,85.57482233168773,26.950292196071445,165.5966616578154,0.09851080407960464,27.49339367294087,0.543101476869424,0.0002489007685011109,0.09818772170192927,0.4875125921878407,3863,2182,1681,1.2980368828078526,0.0
742,29.360617973222105,0.34140253457235004,4.65278229469158,0.054102119705716045,4.65278229469158,0.054102119705716045,3.659929921763336,21.047905756766852,8.312712216454916,0.09665944437738273,21.68019131118217,0.6322855544153185,0.00024262684359758962,0.08930728676790621,0.1000461425226149,2692,2606,86,30.302325581395348,0.0
743,24.371968683394357,0.14336452166702562,8.412757995487725,0.04948681173816309,8.412757995487725,0.04948681173816309,6.369581408452717,9.589629279454414,14.782339403940442,0.0869549376702379,10.191497869182996,0.601868589728582,0.00024249338828709994,0.0834145342012433,0.2957760800915139,2652,2482,170,14.6,0.0
744,32.32299082175999,0.5050467315899998,3.6917645602174534,0.05768382125339771,3.6917645602174534,0.05768382125339771,3.6089328856781435,25.022293375864706,7.300697445895597,0.11407339759211871,25.730525144875372,0.7082317690106663,0.00024064959871242483,0.1030072762013221,0.08499582668159178,3007,2943,64,45.984375,0.0
745,42.180251645590914,0.33476390194913425,6.63478620408632,0.052657033365764445,6.63478620408632,0.052657033365764445,8.879757228611567,26.665708212893293,15.514543432697888,0.12313129708490388,27.392631046612564,0.7269228337192715,0.0002398293743712542,0.11736206824585992,0.7259868001986263,3157,3031,126,24.055555555555557,0.0
746,39.12834341531345,0.25082271420072727,8.28169181662181,0.05308776805526801,8.28169181662181,0.05308776805526801,8.805798193407753,22.040853405284196,17.087490010029562,0.10953519237198438,22.981102056724694,0.9402486514404984,0.00024115123145434687,0.10350795742685101,0.41991954406481113,4055,3899,156,24.993589743589745,0.0
747,26.08666935215362,0.12914192748590902,9.847899412452268,0.048751977289367664,9.847899412452268,0.048751977289367664,7.477854842931322,8.760915096770418,17.32575425538359,0.0857710606702158,9.320095479083108,0.5591803823126895,0.00024590166328614316,0.08300284095579462,0.1996806014675485,2476,2274,202,11.257425742574258,0.0
748,41.66995777634867,0.2637339099768903,7.830890613173342,0.049562598817552796,7.830890613173342,0.049562598817552796,9.418605453843838,24.42046170933267,17.24949606701718,0.10917402574061506,24.821665556583014,0.4012038472503434,0.0002434489364383152,0.10663476088459274,0.15166252539216885,1806,1648,158,10.430379746835444,0.0
749,33.98227954435151,0.4471352571625199,4.018553706886007,0.05287570666955273,4.018553706886007,0.05287570666955273,3.436765414024933,26.526960423441125,7.45531912091094,0.09809630422251236,27.00638375900212,0.4794233355609947,0.00023947219558491243,0.09178810243880782,0.09440795224691101,2078,2002,76,26.342105263157894,0.0
750,73.78417682792394,0.14524444257465344,24.08648127621862,0.0474143332209028,24.08648127621862,0.0474143332209028,26.21682870883791,23.48086684286946,50.30330998505653,0.09902226375011128,23.844594867224714,0.36372802435525386,0.0002477711337569849,0.09830626370216383,0.09762212472722354,1976,1468,508,2.8897637795275593,0.0
751,9.116740548654292,1.8233481097308584,0.6579822031280441,0.13159644062560882,0.6579822031280441,0.13159644062560882,0.0,8.458758345526206,0.6579822031280441,0.13159644062560882,8.933411053606704,0.4746527080804981,0.00024008735866489533,0.036665899009517486,0.75,1982,1977,5,395.4,0.0
752,39.61105305609513,0.25721463023438396,7.971279661876093,0.05176155624594865,7.971279661876093,0.05176155624594865,7.889590008326508,23.750183385893678,15.8608696702026,0.10299266019612079,24.48215365651339,0.731970270619712,0.00024022654106324647,0.09823960649079053,0.1294520937152015,3201,3047,154,19.785714285714285,0.0
753,46.140635703811824,0.24806793389146142,9.246971925065594,0.0497149028229333,9.246971925065594,0.0497149028229333,10.997675079905775,25.895988698841194,20.24464700497137,0.1088421881987708,26.402234400277536,0.5062457014363417,0.0002468287183989965,0.10612043711577575,0.1806935662326623,2237,2051,186,11.026881720430108,0.0
754,37.521362385027686,0.27793601766687176,6.9193036787982285,0.051254101324431325,6.9193036787982285,0.051254101324431325,8.567609498953033,22.03444920727685,15.486913177751262,0.1147178753907501,22.608888697110388,0.5744394898335372,0.0002460126294790309,0.11046276805864666,0.75,2470,2335,135,17.296296296296298,0.0
755,45.33624048241947,0.10567888224340202,20.36109470698294,0.04746175922373645,20.36109470698294,0.04746175922373645,17.186538889898003,7.788606885541299,37.54763359688094,0.08752362143795091,8.320876562435984,0.5322696768946855,0.00025047984795044024,0.08628289958038109,0.2679880031651294,2554,2125,429,4.953379953379954,0.0
756,40.34630112661219,0.26897534084408126,7.682931830207423,0.05121954553471615,7.682931830207423,0.05121954553471615,9.146955023784926,23.516414272620977,16.82988685399235,0.11219924569328232,24.151107902238607,0.6346936296176295,0.00024317763586882357,0.10796795482915722,0.19554574825633608,2760,2610,150,17.4,0.0
757,63.30845159345586,0.19971120376484497,15.62952864321467,0.04930450676092956,15.62952864321467,0.04930450676092956,22.34273132405758,25.33619162618558,37.97225996727225,0.11978630904502287,26.052861830763362,0.7166702045777811,0.00024009052079657659,0.11752551975612774,0.13328807604116832,3302,2985,317,9.416403785488958,0.0
758,47.34130853225082,0.1948201997211968,12.266787183876836,0.0504806056949664,12.266787183876836,0.0504806056949664,12.735533922450685,22.338987425924273,25.00232110632752,0.10289021031410503,23.258917900570765,0.9199304746464918,0.00024176885010420283,0.09910448819621422,0.05193523983686532,4048,3805,243,15.65843621399177,0.0
759,12.476880621155658,0.43023726279847097,3.1646700455333363,0.10912655329425297,3.1646700455333363,0.10912655329425297,1.484370883164388,7.8278396924584115,4.649040928697724,0.1603117561619905,8.136058319364764,0.3082186269063527,0.00025201850114992046,0.14968352764796186,0.11226780584320295,1252,1195,57,20.964912280701753,1.0
760,67.7756546118026,0.166116800519124,20.202194199987126,0.049515181862713545,20.202194199987126,0.049515181862713545,23.12105798550067,24.452402426316524,43.323252185487796,0.10618444163109754,25.344900224748102,0.8924977984315774,0.0002443191345282172,0.10399694702709435,0.35310122753375595,4061,3653,408,8.95343137254902,0.0
761,44.891128171487395,0.24665455039278789,9.293138255569444,0.05106119920642552,9.293138255569444,0.05106119920642552,10.214319297209926,25.383670618708692,19.50745755277937,0.10718383270757896,26.120963823753215,0.7372932050445229,0.0002400042985170973,0.1031327711413966,0.24547995663107258,3254,3072,182,16.87912087912088,0.0
762,33.000689322048515,0.2750057443504043,6.50089006725333,0.05417408389377775,6.50089006725333,0.05417408389377775,4.26115205055325,22.238647204242284,10.76204211780658,0.08968368431505483,23.10023048572984,0.8615832814875546,0.00024400546063085658,0.08250382363598897,0.3567692308346295,3651,3531,120,29.425,0.0
763,28.887019658335134,0.12036258190972973,11.907444643589365,0.049614352681622356,11.907444643589365,0.049614352681622356,7.646717721954502,9.332857292792,19.554162365543867,0.08147567652309945,10.166632863290062,0.8337755704980623,0.000244724264895234,0.07800161164602114,0.05690031753340463,3647,3407,240,14.195833333333333,0.0
764,35.95906878629043,0.36322291703323667,5.385447759078692,0.05439846221291608,5.385447759078692,0.05439846221291608,5.189045061546864,25.384575965665874,10.574492820625556,0.10681305879419754,26.142268557848496,0.7576925921826216,0.0002455257913747964,0.09915959826709024,0.1991937656821392,3185,3086,99,31.171717171717173,0.0
765,57.058488489803494,0.2052463614741133,13.70809210443741,0.04930968382891155,13.70809210443741,0.04930968382891155,18.07776591284994,25.272630472517847,31.785858017287353,0.11433761876722069,25.907324102135476,0.6346936296176295,0.00024317763586882357,0.1120545481570792,0.6566386172412138,2888,2610,278,9.388489208633093,0.0
766,39.97472167517276,0.25141334386901104,7.861336117232728,0.04944236551718697,7.861336117232728,0.04944236551718697,9.406187694458197,22.707197863482463,17.267523811690925,0.10860077868988004,23.141931302101085,0.4347334386186219,0.0002407161897113078,0.10586660611994764,0.14411500632246543,1965,1806,159,11.358490566037736,0.0
767,24.83207965990738,0.15049745248428714,8.503655061340897,0.05153730340206604,8.503655061340897,0.05153730340206604,5.655927196687884,10.672497401878786,14.159582258028781,0.08581565004865928,11.583958942269959,0.9114615403911728,0.0002431212431024734,0.08029164071295405,0.29953912887884826,3914,3749,165,22.721212121212123,0.0
768,31.357535013152926,0.4751141668659534,3.250820770940831,0.04925486016577017,3.250820770940831,0.04925486016577017,3.0971022456309356,25.00961199658198,6.347923016571767,0.0961806517662389,25.20048674415824,0.19087474757625955,0.0002614722569537802,0.09328861013628312,0.03236380882398748,796,730,66,11.06060606060606,0.0
769,38.08137306306148,0.40947712971033845,5.19209662331938,0.05582899594967076,5.19209662331938,0.05582899594967076,6.504957861597973,26.384318578143876,11.697054484917352,0.12577477940771348,27.226181251492534,0.8418626733486576,0.000244088916598625,0.11672249259751552,0.75,3542,3449,93,37.086021505376344,0.0
770,31.808048483660713,0.32791802560474964,5.280575157721566,0.054438919151768725,5.280575157721566,0.054438919151768725,4.1808950488020855,22.34657827713758,9.461470206523652,0.09754092996416136,23.079773507757267,0.7331952306196854,0.00024023434817158762,0.08998221624642727,0.23467988891664504,3149,3052,97,31.463917525773194,0.0
771,29.32164393108235,0.13896513711413436,10.39537305715774,0.049267170887003504,10.39537305715774,0.049267170887003504,7.780511976983206,11.145758896942226,18.175885034140947,0.08614163523289549,11.802619480103402,0.6568605831611762,0.00024149286145631478,0.08302855190037416,0.06837822025363494,2931,2720,211,12.890995260663507,0.0
772,97.59446841180451,0.14566338568926046,32.188359553811914,0.04804232769225659,32.188359553811914,0.04804232769225659,40.78383340889633,24.622275449098737,72.97219296270825,0.10891372083986306,25.28553451039909,0.6632590613003515,0.00024057274620977565,0.10792378194239616,0.04310612282159809,3427,2757,670,4.114925373134328,0.0
773,55.775276198910035,0.24899676874513407,11.385415190034747,0.050827746384083695,11.385415190034747,0.050827746384083695,16.7167328879396,27.67312812093715,28.10214807797435,0.12545601820524263,28.540972305060393,0.8678441841232427,0.0002439134862628563,0.12158171381182876,0.2000934741231788,3782,3558,224,15.883928571428571,0.0
774,42.8430486195812,0.21637903343222828,9.805423464111362,0.04952234072783516,9.805423464111362,0.04952234072783516,9.806495226633189,23.231129928837788,19.611918690744552,0.09905009439769975,23.81636062376188,0.5852306949240926,0.00024651672069254114,0.09609438381726927,0.20088084625291458,2572,2374,198,11.98989898989899,0.0
775,29.794117416519043,0.14053828970056154,10.373222230732635,0.048930293541191675,10.373222230732635,0.048930293541191675,7.948126624440903,11.472768561346328,18.32134885517354,0.08642145686402614,12.061248184320505,0.5884796229741767,0.0002457117423691761,0.08364560958584216,0.024460876845068924,2607,2395,212,11.297169811320755,0.0
776,40.858727958019955,0.28773752083112647,7.353147362479655,0.0517827279047863,7.353147362479655,0.0517827279047863,8.693533648937006,24.812046946604625,16.04668101141666,0.1130047958550469,25.498465513453482,0.6864185668488574,0.00024127190398905355,0.10817086228567939,0.75,2987,2845,142,20.035211267605632,0.0
777,48.49796317717957,0.26215115230907876,9.590309846172898,0.05183951268201567,9.590309846172898,0.05183951268201567,11.762621668954893,27.145031662052844,21.352931515127793,0.1154212514331232,28.053421091396388,0.9083894293435435,0.00024281994903596458,0.11051103830153072,0.6102603726329505,3926,3741,185,20.221621621621622,0.0
778,35.09331866344661,0.29994289455937273,5.904990592960405,0.05047000506803765,5.904990592960405,0.05047000506803765,6.911406452709059,22.27692161777773,12.816397045669465,0.109541855091192,22.72484178026383,0.4479201624860991,0.0002447651161126225,0.10571347763404085,0.1547177565061304,1947,1830,117,15.64102564102564,0.0
779,33.45296498135039,0.11990310029157847,13.254639766036703,0.04750766941231793,13.254639766036703,0.04750766941231793,9.498374158320786,10.699951056994479,22.75301392435749,0.08155202123425623,11.07304966922618,0.3730986122317006,0.00024610726400507954,0.08021475022266743,0.031239533234526107,1795,1516,279,5.433691756272402,0.0
780,48.98609980933733,0.21391309960409316,11.047375719891676,0.04824181537070601,11.047375719891676,0.04824181537070601,12.82992816904843,25.108795920398848,23.877303888940105,0.10426770257179085,25.344114769402353,0.2353188490035052,0.00025114071398453063,0.10324010934469423,0.44616097193593873,1166,937,229,4.091703056768559,0.0
781,42.57737539205368,0.3153879658670643,6.9614787023424505,0.05156650890624037,6.9614787023424505,0.05156650890624037,7.845500729137882,27.770395960574092,14.806979431480332,0.10968132912207654,28.398006511605473,0.6276105510313812,0.00024222715207695145,0.10503236207739414,0.17247586413500926,2726,2591,135,19.192592592592593,0.0
782,405.42506832319475,0.10910254798794261,176.87244522464619,0.0475975363898402,176.87244522464619,0.0475975363898402,207.24080477203606,21.31181832651538,384.11324999668227,0.10336739773861202,21.759738489001478,0.4479201624860991,0.009141227805838757,0.10324685948175277,0.31522692195687796,3765,49,3716,0.01318622174381055,0.0
783,29.284282184827077,0.12408594146113168,11.70926616132288,0.04961553458187661,11.70926616132288,0.04961553458187661,7.428672208104757,10.146343815400655,19.137938369427637,0.08109295919248999,10.965436398679742,0.8190925832790867,0.0002452373003829601,0.07762222790740396,0.17776263084527955,3576,3340,236,14.152542372881356,0.0
784,67.11568957906726,0.17945371545205152,18.35363625019941,0.049073893717110725,18.35363625019941,0.049073893717110725,23.88247827914779,24.87957504972144,42.236114529347205,0.11293078751162354,25.530097536712105,0.650522486990667,0.00024174005462306464,0.11119142257314214,0.07985335611442679,3065,2691,374,7.195187165775401,0.0
785,40.07374644803156,0.3454633314485479,6.202053981939338,0.05346598260292533,6.202053981939338,0.05346598260292533,6.2124782528117635,27.659214213281075,12.414532234751102,0.10702182960992329,28.42329710034531,0.7640828870642338,0.00024647835066588186,0.10043490816970903,0.45003453649289327,3216,3100,116,26.724137931034484,0.0
786,61.78427342588506,0.1474564998231147,20.153079838752706,0.0480980425745888,20.153079838752706,0.0480980425745888,19.99646399891961,21.634729588214952,40.14954383767231,0.09582230032857354,22.28096593202207,0.6462363438071179,0.00024113296410713356,0.09427997015241764,0.75,3099,2680,419,6.39618138424821,0.0
787,34.535816367092224,0.14212270109914496,12.135120707720608,0.049938768344529254,12.135120707720608,0.049938768344529254,10.247444821844965,12.153250837528645,22.382565529565575,0.09210932316693653,13.061640266872189,0.9083894293435435,0.00024301482860982973,0.0883710950626339,0.06983950544767481,3981,3738,243,15.382716049382717,0.0
788,51.934923098678894,0.19306662861962415,13.590460726085569,0.050522158833031856,13.590460726085569,0.050522158833031856,13.956994049869735,24.387468322725,27.547454775955302,0.10240689507790075,25.249051604212553,0.8615832814875546,0.00024393637641210493,0.09920398325080423,0.20033073431233106,3801,3532,269,13.130111524163569,0.0
789,49.69929408001843,0.28238235272737744,9.088650174332658,0.051640057808708284,9.088650174332658,0.051640057808708284,12.523568249551005,28.08707565613625,21.61221842388366,0.12279669559024807,28.92634342504735,0.8392677689110997,0.00024432831700468697,0.11802812872142661,0.12095912119011132,3611,3435,176,19.517045454545453,0.0
790,297.82520304953493,0.10929365249524217,130.00208373513237,0.0477071866917917,130.00208373513237,0.0477071866917917,145.52132510394392,22.301794210455313,275.5234088390763,0.10110950783085369,22.67250911139479,0.37071490093947546,0.006283303405753822,0.10097346566537253,0.6373393734733384,2784,59,2725,0.02165137614678899,0.0
791,19.337357511393634,0.20355113169888037,5.1235528650652755,0.05393213542173974,5.1235528650652755,0.05393213542173974,2.2882351832949723,11.925569463033867,7.411788048360248,0.07801882156168682,12.684633850481617,0.7590643874477507,0.00042287709607117033,0.07002867011486333,0.17744157486254153,1890,1795,95,18.894736842105264,0.0
792,43.0476108596433,0.2562357789264482,8.500667187420007,0.05059920944892861,8.500667187420007,0.05059920944892861,10.051408973793173,24.495534698431356,18.55207616121318,0.11042902476912607,25.075529558359534,0.5799948599281777,0.0002472271355192573,0.10697667441240337,0.5286661746344237,2514,2346,168,13.964285714285714,0.0
793,39.6901191113424,0.3392317872764308,6.433679043655681,0.05498870977483489,6.433679043655681,0.05498870977483489,5.840935709043748,27.41550435864403,12.27461475269943,0.10491123720255922,28.371878017196167,0.9563736585521383,0.00024059714680556938,0.0967371033687712,0.4988246150322766,4092,3975,117,33.97435897435897,0.0
794,41.10708306164108,0.20656825659116118,9.564476976460075,0.04806269837417123,9.564476976460075,0.04806269837417123,10.526570654655671,21.016035430526102,20.091047631115746,0.1009600383473153,21.386750331465578,0.37071490093947546,0.00025584189160764354,0.09909714939786683,0.08082641539996871,1648,1449,199,7.28140703517588,0.0
795,24.3013476056573,0.13966291727389252,8.785783032254484,0.05049300593249703,8.785783032254484,0.05049300593249703,5.088481612138821,10.4270829612652,13.874264644393305,0.07973715312869716,11.18614734871295,0.7590643874477507,0.0005552775328805785,0.07537471412036982,0.3901692967019983,1541,1367,174,7.85632183908046,0.0
796,33.81051504981917,0.3842103982933997,4.485784911965981,0.05097482854506796,4.485784911965981,0.05097482854506796,5.353032160457104,23.9716979773969,9.838817072423085,0.11180473945935324,24.343461838336367,0.3717638609394669,0.00024685515334625955,0.10758015013048644,0.1340112538283904,1594,1506,88,17.113636363636363,0.0
797,49.25569521030215,0.28146111548744085,9.10059172611772,0.05200338129210126,9.10059172611772,0.05200338129210126,12.831623411400727,27.3234800727854,21.932215137518448,0.12532694364296257,28.227639448367057,0.9041593755816564,0.00024324976475158903,0.1201603186396291,0.68046779438464,3892,3717,175,21.24,0.0
798,52.98027444112242,0.16251617926724668,15.797284791921202,0.04845792880957424,15.797284791921202,0.04845792880957424,16.0016637332713,21.181325915931467,31.7989485251925,0.09754278688709356,21.851348582857923,0.6700226669264566,0.00023972188441018127,0.09548750263271318,0.1771858813326901,3121,2795,326,8.57361963190184,0.0
799,29.345919340510477,0.14245591912869163,10.35107505885985,0.050247937178931314,10.35107505885985,0.050247937178931314,7.751996169523835,11.242848112128826,18.103071228383683,0.08787898654555186,12.077119885801494,0.8342717736726684,0.0002445827539351124,0.08382912356654847,0.429463931418951,3617,3411,206,16.558252427184467,0.0
800,35.4565060951048,0.3030470606419214,6.046571677923553,0.05168009981131242,6.046571677923553,0.05168009981131242,6.105094837772128,23.304839579410043,12.15166651569568,0.10386039757004856,23.855602905906863,0.5507633264968206,0.0002467577627673927,0.09915301871109347,0.08311372338917522,2349,2232,117,19.076923076923077,0.0
801,31.209006285405053,0.8669168412612515,2.2934580180651567,0.06370716716847658,2.2934580180651567,0.06370716716847658,1.0395875858348518,27.87596068150532,3.3330456039000085,0.09258460010833357,28.513190688495996,0.6372300069906771,0.0005609419075622157,0.07488376658080714,0.08865349934853839,1172,1136,36,31.555555555555557,0.0
802,46.15417974469196,0.17549117773647133,12.523632397846528,0.04761837413629859,12.523632397846528,0.04761837413629859,12.601469144196273,21.029078202650453,25.1251015420428,0.09553270548305247,21.402176814882154,0.3730986122317006,0.0002462697110440268,0.09411407958102587,0.22103922605080584,1778,1515,263,5.760456273764259,0.0
803,31.36302299291347,0.13877443802174103,11.160473565002757,0.04938262639381751,11.160473565002757,0.04938262639381751,8.80264585328132,11.399903574631765,19.963119418284077,0.08833238680656672,12.116573779209546,0.7166702045777811,0.00024001011539778334,0.08516127970665453,0.75,3212,2986,226,13.212389380530974,0.0
804,44.75148736352676,0.1997834257300302,10.98065440167344,0.04902077857889929,10.98065440167344,0.04902077857889929,11.143082681138878,22.6277502807159,22.12373708281232,0.09876668340541214,23.026296301691104,0.3985460209752034,0.00024465685756611626,0.09698746009748062,0.16815989979161827,1853,1629,224,7.272321428571429,0.0
805,55.62573941615176,0.23372159418551158,11.79908837842181,0.04957600159000761,11.79908837842181,0.04957600159000761,17.130106443151334,26.6965445945809,28.929194821573144,0.12155123874610566,27.333774601571577,0.6372300069906771,0.0004066560350929656,0.11887380174193354,0.04021696108199535,1805,1567,238,6.584033613445378,0.0
806,47.84760222355885,0.15949200741186284,14.368724701752978,0.04789574900584326,14.368724701752978,0.04789574900584326,12.996341158953953,20.482536362853267,27.36506586070693,0.09121688620235643,20.95287174523014,0.47033538237687367,0.00024033489135251592,0.08964910159442904,0.19336195996464767,2257,1957,300,6.523333333333333,0.0
807,33.88026225610156,0.1519294271574061,11.035963056183837,0.049488623570331104,11.035963056183837,0.049488623570331104,9.279812984852697,13.564486215067518,20.315776041036536,0.09110213471316832,14.301779420112041,0.7372932050445229,0.00024031721155297355,0.08779588715690367,0.10582732130268369,3291,3068,223,13.757847533632287,0.0
808,51.656231130638105,0.19419635763397783,13.014199070087225,0.04892556041386174,13.014199070087225,0.04892556041386174,15.251543903208557,23.390488157343157,28.26574297329578,0.1062621916289315,23.806149083890972,0.4156609265478153,0.00024222664717238652,0.10469955656671855,0.20069443166488554,1982,1716,266,6.451127819548872,0.0
809,29.661278700823658,0.9568154419620535,1.8925808489757125,0.06105099512824879,1.8925808489757125,0.06105099512824879,0.5692522034579781,27.199445648390167,2.4618330524336907,0.07941396943334486,27.66978103076704,0.47033538237687367,0.00024070388043852286,0.064241860324407,0.1960033469905511,1985,1954,31,63.03225806451613,0.0
810,49.212408023709855,0.15524418934924245,15.324274471581365,0.048341559847259824,15.324274471581365,0.048341559847259824,13.589687409069427,20.298446143060517,28.913961880650792,0.09121123621656402,20.915782428170786,0.6173362851102695,0.00024152436819650607,0.0892638031405018,0.15190050221150386,2873,2556,317,8.063091482649842,0.0
811,24.63988424281473,0.19555463684773597,6.1366260840670215,0.04870338161957954,6.1366260840670215,0.04870338161957954,4.38155679512451,14.121701363624396,10.518182879191531,0.08347764189834549,14.463737143455319,0.3420357798309226,0.000249297215620206,0.08076307221713819,0.0970699132394941,1498,1372,126,10.88888888888889,0.0
812,36.296343812027345,0.33921816646754527,5.816013872791073,0.054355269839168906,5.816013872791073,0.054355269839168906,6.8382588815280485,23.642071057709074,12.654272754319122,0.11826423134877684,24.439116232606693,0.7970451748976188,0.00024569826599803293,0.11081521102262291,0.052264669406866915,3351,3244,107,30.317757009345794,0.0
813,73.34064604582642,0.15604392775707748,22.66395941464586,0.04822119024392736,22.66395941464586,0.04822119024392736,23.607057886167837,27.06962874501511,46.271017300813696,0.09844897298045467,27.638880948473087,0.5692522034579781,0.00024568502523002937,0.09723779807947518,0.29891720089406704,2787,2317,470,4.9297872340425535,0.0
814,29.686095599926347,0.3262208307684214,4.909945787614496,0.05395544821554391,4.909945787614496,0.05395544821554391,4.427540989166545,20.34860882314564,9.337486776781041,0.10260974479979167,21.085902028190162,0.7372932050445229,0.0002401606531089651,0.0945076216674306,0.21203984900847672,3161,3070,91,33.73626373626374,0.0
815,23.09875708946865,0.24061205301529842,5.288702361426956,0.055090649598197455,5.288702361426956,0.055090649598197455,2.765505459357712,15.044549268684875,8.054207820784669,0.08389799813317363,15.933677770732402,0.8891285020475266,0.00024466937315562097,0.07463624290350257,0.0665005132698866,3730,3634,96,37.854166666666664,0.0
816,67.35435683157843,0.17182233885606743,18.85156961442272,0.04809073881230285,18.85156961442272,0.04809073881230285,24.824270597748153,23.678516619407844,43.67584021217087,0.11141795972492569,24.045094935867013,0.3665783164591687,0.00024819114181392604,0.11048281095844749,0.3735194246930007,1869,1477,392,3.767857142857143,0.0
817,41.709816541701315,0.37918015037910285,5.650822822292038,0.05137111656629125,5.650822822292038,0.05137111656629125,7.6610842163029815,28.397909503107485,13.31190703859502,0.12101733671450018,28.920519422991845,0.5226099198843599,0.0002502921072243103,0.11626633744281337,0.011157124992877243,2198,2088,110,18.98181818181818,0.0
818,40.40963163613992,0.18708162794509223,10.668091238540095,0.049389311289537476,10.668091238540095,0.049389311289537476,9.308472424434257,20.433067973166203,19.97656366297435,0.09248409103228866,21.133046792900274,0.6999788197340706,0.0002412888037690695,0.0892434483483317,0.3413340333538315,3117,2901,216,13.430555555555555,0.0
819,24.347149644142632,0.2675510949905784,4.976479959103501,0.054686592957181326,4.976479959103501,0.054686592957181326,3.5372103969117745,15.833459288128239,8.513690356015275,0.09355703687928874,16.646447164661765,0.8129878765335263,0.0002448021308441814,0.08462310417011942,0.30538817480203306,3412,3321,91,36.494505494505496,0.0
820,39.06211549364332,0.22321208853510469,8.982908658648673,0.05133090662084956,8.982908658648673,0.05133090662084956,7.109034760606676,22.97017207438924,16.09194341925535,0.09195396239574487,23.6986072281085,0.7284351537192606,0.00023985352443834724,0.0877914758030561,0.4170435283290317,3212,3037,175,17.354285714285716,0.0
821,35.360476384737126,0.5525074435115176,3.6387584697956425,0.056855601090556915,3.6387584697956425,0.056855601090556915,3.51724264773884,28.204475267203435,7.156001117534482,0.11181251746147629,28.87508289412989,0.6706076269264543,0.00024061988766647084,0.10133427329073807,0.12197215511179138,2851,2787,64,43.546875,0.0
822,37.54345584676949,0.18049738387869946,10.404923850000817,0.05002367235577316,10.404923850000817,0.05002367235577316,7.075759659565648,20.06277233720357,17.480683509566465,0.08404174764214646,20.871080498493455,0.8083081612898866,0.0002444233931931922,0.08015565071286555,0.2724296112157276,3515,3307,208,15.899038461538462,0.0
823,40.554215389598795,0.14330111445087915,13.886898329062213,0.04907031211682761,13.886898329062213,0.04907031211682761,11.075819170754642,15.591497889784847,24.962717499816854,0.08820748233150832,16.34759216021672,0.7560942704318734,0.0004552042567320129,0.08553577112855856,0.4297400352678835,1944,1661,283,5.869257950530035,0.0
824,57.11237854646936,0.17736763523748247,16.042515379164886,0.049821476332810206,16.042515379164886,0.049821476332810206,18.898358372363873,22.171504794941654,34.940873751528756,0.1085120302842508,22.98449267147518,0.8129878765335263,0.0002448021308441814,0.10598722321426764,0.75,3643,3321,322,10.313664596273291,0.0
825,34.574077759183126,0.5487948850663988,3.5616917816284004,0.056534790184577785,3.5616917816284004,0.056534790184577785,3.570943795073333,27.441442182482177,7.132635576701734,0.11321643772542435,28.084084492612703,0.6426423101305261,0.000242141036220997,0.10301576613603845,0.17096196322074775,2717,2654,63,42.12698412698413,0.0
826,37.314912099434196,0.17684792464186821,10.214229859410413,0.04840867231948063,10.214229859410413,0.04840867231948063,7.543175284316703,19.55750695570765,17.757405143727116,0.08415831821671618,20.036001445121485,0.47849448941383343,0.00023972669810312297,0.08189057182138726,0.009430558059051464,2207,1996,211,9.459715639810426,0.0
827,179.65836953285705,0.09790646841027632,87.55484003356563,0.047713809282597074,87.55484003356563,0.047713809282597074,77.61685913372747,14.486670365568386,165.1716991672931,0.0900118251592878,15.24276463600026,0.7560942704318734,0.0005108745070485631,0.08959978468493558,0.17443500293666148,3315,1480,1835,0.8065395095367848,0.0
828,357.13008534725395,0.10874850345531485,155.8142325566749,0.047446477636015505,155.8142325566749,0.047446477636015505,178.90919721523017,22.406655575351124,334.7234297719051,0.1019255267271331,22.514897297618347,0.1082417222672234,0.0003083809751202946,0.10189256639757477,0.22300957190759618,3635,351,3284,0.10688185140073081,0.0
829,36.502778339213876,0.5984062022821947,3.241299259189532,0.0531360534293366,3.241299259189532,0.0531360534293366,5.0989220554638734,28.16255702456104,8.340221314653405,0.13672493958448206,28.58480635453742,0.4222493299763812,0.00023882880654772692,0.1298028194209255,0.5094795499457518,1829,1768,61,28.983606557377048,0.0
830,55.44037431881449,0.14142952632350636,18.68893129298964,0.047675845135177655,18.68893129298964,0.047675845135177655,17.72450421658624,19.02693880924042,36.413435509575876,0.09289141711626499,19.497274191617294,0.47033538237687367,0.00024070388043852286,0.09169158195713571,0.5182463549479621,2346,1954,392,4.98469387755102,0.0
831,29.45511267141748,0.17429060752318037,8.467065618283026,0.050100979989840394,8.467065618283026,0.050100979989840394,5.806829776834206,15.181217276301936,14.273895395117233,0.0844609194977351,15.853954055476578,0.6727367791746417,0.00023889800396826764,0.08048022849669173,0.14509136199154682,2985,2816,169,16.662721893491124,0.0
832,28.632791663213055,0.36244040080016526,4.2346320294091155,0.053602937081128045,4.2346320294091155,0.053602937081128045,2.3477581074845943,22.050401526319916,6.58239013689371,0.08332139413789506,22.587895446873148,0.5374939205532314,0.0002494171325073,0.07651767362455579,0.18661119255548897,2234,2155,79,27.27848101265823,0.0
833,46.87324655530483,0.366197238713319,6.418920867305191,0.050147819275821806,6.418920867305191,0.050147819275821806,12.544521057764598,27.909804630236124,18.963441925069787,0.14815189003960771,28.356494889521628,0.44669025928550354,0.00023964069704157916,0.14466212238893128,0.15262837707209087,1992,1864,128,14.5625,0.0
834,30.66126473360697,0.20858003220140797,7.336639012693701,0.049909108929889125,7.336639012693701,0.049909108929889125,4.632115446693206,18.69251027422027,11.968754459386908,0.08142009836317625,19.261762477678246,0.5692522034579781,0.00024600354514173645,0.07754763439407295,0.3204329857778987,2461,2314,147,15.741496598639456,0.0
835,34.27203202621854,0.16242669206738644,10.29863608099205,0.04880870180564953,10.29863608099205,0.04880870180564953,8.585100475079656,15.388295470149018,18.883736556071707,0.08949638178233037,15.911982003366688,0.5236865332176706,0.0002502085681880891,0.08701445508460592,0.13189912625523448,2304,2093,211,9.919431279620854,0.0
836,43.84130769999396,0.20203367603683853,10.921539785919217,0.05032967643280745,10.921539785919217,0.05032967643280745,10.54362047288231,22.376147441192813,21.465160258801525,0.09891778921106693,23.01342716320005,0.6372797220072357,0.0002427732274313279,0.09598101629858946,0.26589430657472235,2842,2625,217,12.096774193548388,0.0
837,41.408563287879275,0.45503915700966235,4.783591447606569,0.052566938984687575,4.783591447606569,0.052566938984687575,8.744382768049206,27.880589072224268,13.527974215655775,0.14865905731489862,28.435748366657606,0.5551592944333379,0.0002477283777034083,0.14255840572771064,0.041915745774474544,2332,2241,91,24.626373626373628,0.0
838,32.0560712721975,0.23229037153766305,7.086959975098003,0.0513547824282464,7.086959975098003,0.0513547824282464,4.829242430597702,20.139868866502155,11.916202405695705,0.0863492927948964,20.868304020221416,0.7284351537192606,0.00024001158277405622,0.0810707771882325,0.15847940095210333,3173,3035,138,21.992753623188406,0.0
839,45.49196458114736,0.13827344857491597,16.066855547682213,0.04883542719660247,16.066855547682213,0.04883542719660247,13.10745152973658,16.31765750373114,29.174307077418792,0.08867570540248873,17.044580337450412,0.7269228337192715,0.00023998772985119558,0.08646621350667764,0.75,3358,3029,329,9.206686930091186,0.0
840,113.6219952115824,0.12780876851696557,42.47004957586386,0.04777283416857577,42.47004957586386,0.04777283416857577,48.43874526343939,22.713200372281506,90.90879483930325,0.10225961174274832,23.354518522412036,0.6413181501305303,0.00024273964804334984,0.10153821899794192,0.10333446704868265,3531,2642,889,2.971878515185602,0.0
841,42.56714329161852,0.4480751925433529,5.185053371463946,0.054579509173304695,5.185053371463946,0.054579509173304695,9.689278895892102,27.692811024263193,14.874332267356047,0.15657191860374786,28.456893911327427,0.7640828870642338,0.000246717109158616,0.1485289408451694,0.29498644361117954,3192,3097,95,32.6,0.0
842,45.80096388753455,0.1782138672666714,14.746163961399837,0.05737806988871532,14.746163961399837,0.05737806988871532,11.36436062937932,19.69043929675692,26.110524590779157,0.10159737194855703,20.363176075931563,0.6727367791746417,0.00023637975375075254,0.09897971911129567,0.26233888161402774,3103,2814,289,9.737024221453288,1.0
843,28.70846732741049,0.18641861900915901,7.978486847715038,0.051808356153993755,7.978486847715038,0.051808356153993755,4.638817447191656,16.091163032505364,12.617304294906694,0.08193054736952399,16.94893301287368,0.8577699803683174,0.00024368465351372654,0.07636061243205719,0.477239599718672,3674,3520,154,22.857142857142858,0.0
844,33.32171071854469,0.26657368574835755,6.559626735963121,0.05247701388770497,6.559626735963121,0.05247701388770497,4.539588635040246,22.222495347542065,11.099215371003368,0.08879372296802694,22.88400320122338,0.6615078536813144,0.00024046087011316407,0.08350166013857051,0.47821299925925587,2876,2751,125,22.008,0.0
845,32.05268636427101,0.9427260695373827,2.2362005997030967,0.06577060587362049,2.2362005997030967,0.06577060587362049,2.646571047831941,27.169914716736173,4.882771647535037,0.14361093080985404,27.85633328358503,0.6864185668488574,0.00024118712819706865,0.12342214943194062,0.4903562940553172,2880,2846,34,83.70588235294117,0.0
846,276.8071578976236,0.10779094933708085,122.64122201827423,0.04775748520960835,122.64122201827423,0.04775748520960835,132.86700323647247,21.298932642872558,255.50822525474672,0.09949697245122535,21.65851075456783,0.35957811169527076,0.0002505770813207462,0.09935694982206221,0.11951273958811726,4003,1435,2568,0.5588006230529595,0.0
847,34.22092538431866,0.17196444916743045,9.96442167654285,0.05007247073639623,9.96442167654285,0.05007247073639623,7.9802274234602635,16.276276284317674,17.94464910000311,0.09017411608041764,16.992946488895456,0.7166702045777811,0.00023968903163136491,0.08657275826845832,0.09519110703394063,3189,2990,199,15.025125628140703,0.0
848,47.490205452646705,0.22088467652393817,10.592461513869969,0.04926726285520916,10.592461513869969,0.04926726285520916,13.703258133249847,23.194485805526853,24.295719647119817,0.11300334719590613,23.602138187192367,0.407652381665514,0.0002441032225542,0.11110728960676437,0.3170988776852255,1885,1670,215,7.767441860465116,0.0
849,41.443430912481574,0.44088756289874015,5.0731615297834445,0.05396980350833452,5.0731615297834445,0.05396980350833452,9.214906300921768,27.155363081777068,14.288067830705213,0.15200072160324696,27.851706539242088,0.6963434574650194,0.00024161813236121422,0.14459281248127112,0.35615674889069737,2976,2882,94,30.659574468085108,0.0
850,33.801578899798216,0.2238515158927034,7.273549437117485,0.04816920157031447,7.273549437117485,0.04816920157031447,4.988670553786392,21.539358908895053,12.262219990903876,0.0812067549066482,21.853654959062595,0.3142960501675418,0.0002561500001365459,0.07912532411083192,0.5146804561098861,1378,1227,151,8.125827814569536,0.0
851,30.155836572928763,0.18965934951527524,8.270569472690214,0.05201616020559883,8.270569472690214,0.05201616020559883,5.764458808105076,16.12080829213508,14.03502828079529,0.08827061811820937,17.022920783335792,0.902112491200711,0.00024341945256360254,0.08259695465152812,0.009139830407690397,3865,3706,159,23.30817610062893,0.0
852,45.09604324492966,0.23245383115943125,10.067896223050377,0.051896372283764834,10.067896223050377,0.051896372283764834,11.70587412222099,23.322272899658117,21.773770345271366,0.11223592961480086,24.199641380732174,0.8773684810740576,0.0002441882775046083,0.10771341167112106,0.01771850292561794,3787,3593,194,18.52061855670103,0.0
853,61.098855275793994,0.17308457585210762,17.166972224353877,0.04863164936077585,17.166972224353877,0.04863164936077585,16.73067454751049,27.20120850393073,33.897646771864366,0.09602732796562144,27.78871468690491,0.587506182974181,0.0002456129527484034,0.09436300450110222,0.2493487725535033,2745,2392,353,6.776203966005665,0.0
854,33.12590643641602,0.2193768638173246,7.435421191411381,0.049241199943121726,7.435421191411381,0.049241199943121726,4.516933533324959,21.173551711680375,11.95235472473634,0.07915466705123404,21.645288732141807,0.4717370204614326,0.0002401919656117274,0.07603058082300801,0.6343525863048001,2115,1964,151,13.006622516556291,0.0
855,26.346328642915807,0.19372300472732212,7.153735042100637,0.05260099295662233,7.153735042100637,0.05260099295662233,3.588994310455263,15.603599290361245,10.7427293525559,0.0789906570040875,16.4688066874958,0.8652073971345544,0.00024378906653551829,0.07262883790750006,0.75,3685,3549,136,26.095588235294116,0.0
856,34.13381503364491,0.2625678079511147,6.604327744860322,0.05080252111431017,6.604327744860322,0.05080252111431017,5.306907958097156,22.22257933068761,11.911235702957478,0.09162489002274983,22.68100745431809,0.45842812363048324,0.00023789731376776504,0.08809851984097551,0.34336069118626256,2057,1927,130,14.823076923076924,0.0
857,36.67889377396196,0.5557408147569994,3.897374708284932,0.059051131943711095,3.897374708284932,0.059051131943711095,6.348722432855595,26.432796632821947,10.246097141140527,0.15524389607788677,27.264591403320026,0.8317947704980782,0.00024464552073472887,0.14264094500972627,0.14227769977162552,3466,3400,66,51.515151515151516,0.0
858,38.852759433830755,0.17987388626773498,10.832735779417948,0.050151554534342356,10.832735779417948,0.050151554534342356,7.636281350871798,20.38374230354205,18.469017130289746,0.0855047089365266,21.18078747843967,0.7970451748976188,0.00024569826599803293,0.08181468497866244,0.02590803764186944,3460,3244,216,15.018518518518519,0.0
859,24.619200407547936,0.23008598511727044,5.301647519614725,0.0495481076599507,5.301647519614725,0.0495481076599507,2.450909082597434,16.866643805336707,7.752556602212159,0.07245380002067438,17.228662405746803,0.3620186004100958,0.00024881003464611397,0.06907044861496386,0.25110829760620845,1562,1455,107,13.598130841121495,0.0
860,34.74825922928903,0.23964316709854505,7.46739744703466,0.05149929273817007,7.46739744703466,0.05149929273817007,5.5342134978972695,21.746648284357093,13.00161094493193,0.08966628237884089,22.347615464163596,0.6009671798065028,0.0002426189664136063,0.08552168113879612,0.5150651349412954,2622,2477,145,17.082758620689656,0.0
861,55.20557056039692,0.1903640364151618,14.15435204910508,0.04880811051415545,14.15435204910508,0.04880811051415545,14.725310829987194,26.325907681305807,28.879662879092272,0.09958504441066302,26.85683431820047,0.5309266368946624,0.00025055527932735364,0.0977542629041257,0.1466022518248451,2409,2119,290,7.3068965517241375,0.0
862,38.604546583435535,0.17627646841751385,10.777007755534573,0.04921008107550033,10.777007755534573,0.04921008107550033,7.8093403943265685,20.018198433575492,18.58634814986114,0.08486916963406914,20.620067023304074,0.601868589728582,0.00024239572683390335,0.08212091123347699,0.29604349425372334,2702,2483,219,11.337899543378995,0.0
863,34.03821772590203,0.13669966958193586,12.477394831884329,0.05011001940515795,12.477394831884329,0.05011001940515795,5.82783031811573,15.732992575903523,18.30522515000006,0.07351496044176731,16.585434312109328,0.8524417362058045,0.0002442526464773079,0.07009149965378594,0.5843564145853009,3739,3490,249,14.016064257028113,0.0
864,27.8304424420964,0.3127016004729932,4.86301495633753,0.054640617486938534,4.86301495633753,0.054640617486938534,1.5158016864554895,21.451625799303855,6.378816642793019,0.07167209711003393,22.130996581712054,0.6793707824081991,0.00024048523271086696,0.06403871753240836,0.011770535195807952,2914,2825,89,31.741573033707866,0.0
865,70.72020123582885,0.14344868404833439,23.99072225471213,0.04866272262619093,23.99072225471213,0.04866272262619093,20.454069493639935,26.275409487479408,44.44479174835206,0.09015170740030844,27.102072381285154,0.8266628938057465,0.00024544622737700315,0.08847490639866876,0.3975846982851863,3861,3368,493,6.831643002028398,0.0
866,41.04574848660576,0.19925120624565903,10.519166592525211,0.0510639154976952,10.519166592525211,0.0510639154976952,8.908216390745224,21.618365503336605,19.427382983270434,0.09430768438480792,22.543927640960362,0.925562137623757,0.00024172424591897547,0.0898146642992495,0.08681123518636014,4035,3829,206,18.5873786407767,0.0
867,34.760826880787675,0.19311570489326485,9.366300099326503,0.052035000551813905,9.366300099326503,0.052035000551813905,6.035269393592813,19.359257387869405,15.401569492919316,0.08556427496066286,20.299624405532114,0.9403670176627088,0.0002422377685890543,0.08034001375141979,0.11743735130096411,4062,3882,180,21.566666666666666,0.0
868,31.66361750961289,0.3104276226432636,5.5009912759550526,0.05393128701916718,5.5009912759550526,0.05393128701916718,3.3401514290335967,22.82247480462422,8.841142704988648,0.08667786965675145,23.50889337147308,0.6864185668488574,0.00024118712819706865,0.0799482758641158,0.03933011498139649,2948,2846,102,27.901960784313726,0.0
869,95.0967044007987,0.1311678681390327,35.103627016192334,0.04841879588440322,35.103627016192334,0.04841879588440322,32.99638494161292,26.996692442995254,68.10001195780525,0.0939310509762831,27.799215929399594,0.8025234864043398,0.0002448957846824351,0.09282412202951601,0.18937679908697191,4002,3277,725,4.52,0.0
870,32.47403928167574,0.31528193477355093,5.729839160925154,0.05562950641674907,5.729839160925154,0.05562950641674907,2.6643371205414894,24.07986300020994,8.394176281466644,0.0814968571016179,25.02577311437483,0.9459101141648887,0.00024062836788727772,0.07231326376020306,0.2086362506659043,4034,3931,103,38.16504854368932,0.0
871,39.046664653154835,0.1982064195591616,9.858905740344822,0.05004520680378082,9.858905740344822,0.05004520680378082,8.259908955164462,20.927849957646657,18.118814695509286,0.09197367865740755,21.585950286375578,0.6581003287289207,0.00024123912343435508,0.08863306785167135,0.393179448436058,2925,2728,197,13.847715736040609,0.0
872,59.212656688837285,0.19671978966391124,14.943497225544164,0.04964617018453211,14.943497225544164,0.04964617018453211,19.504795500589267,24.7643639627033,34.44829272613343,0.11444615523632369,25.593747082309932,0.8293831196066321,0.00024465578749458173,0.11169072958979187,0.04657746961689213,3691,3390,301,11.262458471760798,0.0
873,48.71424851681252,0.2064163072746293,11.788270003184916,0.049950296623664896,11.788270003184916,0.049950296623664896,9.653602799208471,27.27237571441998,21.441872802393387,0.09085539323048046,27.977515883896757,0.7051401694767776,0.00024082656061365356,0.08786751115642272,0.020565219803245327,3164,2928,236,12.40677966101695,0.0
874,65.19049595490694,0.1516058045462952,20.49514130653391,0.04766311931752072,20.49514130653391,0.04766311931752072,20.45590003322431,24.239454615148418,40.95104133975822,0.09523497985990284,24.71794910456225,0.47849448941383343,0.00023960665468895014,0.09412220197754578,0.5116750564177153,2427,1997,430,4.644186046511628,0.0
875,33.553981085760654,0.22221179526993812,7.835350519350072,0.0518897385387422,7.835350519350072,0.0518897385387422,4.906147165575021,20.812483400836243,12.741497684925093,0.08438077937036485,21.588550028283976,0.776066627447733,0.0002458240821817336,0.0792412652813025,0.24170553213002677,3308,3157,151,20.90728476821192,0.0
876,40.94508483861674,0.35604421598797165,6.325722475491405,0.055006282395577435,6.325722475491405,0.055006282395577435,9.11068141533255,25.508680947792243,15.436403890823955,0.13422959905064308,26.40562617709395,0.8969452293017071,0.000244066729061689,0.12643007531758946,0.06888231839343462,3790,3675,115,31.956521739130434,0.0
877,51.98937316596124,0.19184270540945106,13.074205118003137,0.04824429932842486,13.074205118003137,0.04824429932842486,12.042310447738771,26.872857600220044,25.116515565741906,0.09268086924628009,27.221531432781603,0.34867383256155904,0.00024852019427053386,0.09139424993793224,0.6099709390013288,1674,1403,271,5.177121771217712,0.0
878,39.97973674159792,0.24678849840492542,8.317228032874649,0.051340913783176845,8.317228032874649,0.051340913783176845,7.7644730556170884,23.898035653107257,16.081701088491737,0.09926975980550455,24.666088680603536,0.7680530274962791,0.0002463287451880305,0.09452869173453322,0.03861368321582859,3280,3118,162,19.246913580246915,0.0
879,29.55470543207835,0.2291062436595221,6.953304965431199,0.053901588879311624,6.953304965431199,0.053901588879311624,1.6964899670459772,20.904910499601755,8.649794932477176,0.06705267389517192,21.832333757225513,0.927423257623758,0.00024176831533466057,0.05986334631668866,0.1545794697858014,3965,3836,129,29.73643410852713,0.0
880,37.28337490480081,0.39245657794527167,5.399704421752912,0.05683899391318855,5.399704421752912,0.05683899391318855,6.212415650193321,25.67125483285392,11.612120071946233,0.12223284286259192,26.584098133245107,0.912843300391188,0.00024277747350829468,0.11262396601637581,0.07324982577961237,3855,3760,95,39.578947368421055,0.0
881,129.15862270321122,0.11688563140562101,53.00756542696785,0.047970647445219776,53.00756542696785,0.047970647445219776,49.12928171836688,27.021775557878527,102.13684714533474,0.092431535878131,27.68862958933761,0.6668540314590814,0.00024056783241669603,0.09182804806685395,0.0737024228071732,3877,2772,1105,2.5085972850678733,0.0
882,46.27590569581122,0.25014003078816877,9.480252804369696,0.05124460975334971,9.480252804369696,0.05124460975334971,10.01047731340526,26.785175578036984,19.49073011777496,0.10535529793391869,27.65038297517154,0.8652073971345544,0.00024399531786084444,0.10067850119264692,0.002360466478194212,3731,3546,185,19.167567567567566,0.0
883,66.52271237006994,0.12410953800386183,25.508310416249646,0.04759013137360009,25.508310416249646,0.04759013137360009,19.127277504084503,21.887124449736916,44.635587920334146,0.08327535059763833,22.269958292628417,0.38283384289150035,0.00024762861765297565,0.08256110835343568,0.4082189579946771,2082,1546,536,2.8843283582089554,0.0
884,47.0890010045909,0.28538788487630845,8.415532504363497,0.05100322729917271,8.415532504363497,0.05100322729917271,12.048069825173087,26.625398675053333,20.463602329536585,0.12402183230022172,27.326378454787402,0.7009797797340696,0.00024113511514759875,0.11977346999880907,0.5786882648332039,3072,2907,165,17.618181818181817,0.0
885,39.8395001108924,0.2638377490787576,7.515821741817008,0.04977365391931793,7.515821741817008,0.04977365391931793,5.907315477418422,26.41636289165777,13.423137219235429,0.0888949484717578,26.86428305414387,0.4479201624860991,0.0002390182297151009,0.08592858977979162,0.2829990083737641,2025,1874,151,12.410596026490067,0.0
886,43.85459807318691,0.28663135995546996,7.660329795446759,0.05006751500291999,7.660329795446759,0.05006751500291999,8.582275362482847,27.6119929152581,16.242605157929606,0.10616081802568371,28.164575121754922,0.5525822064968224,0.000247461803178156,0.10254916961720252,0.042986578187537816,2386,2233,153,14.594771241830065,0.0
887,41.7078711622496,0.17450992118096068,12.057009098006393,0.05044773681174223,12.057009098006393,0.05044773681174223,8.195797064628664,21.455064999616184,20.252806162635057,0.08473977473905882,22.366526540007357,0.9114615403911728,0.00024338091866252945,0.0809261281265366,0.14572804376044246,3984,3745,239,15.669456066945607,0.0
888,29.90241526581798,1.993494351054532,1.5007291591860203,0.10004861061240136,1.5007291591860203,0.10004861061240136,0.9357603430837287,27.465925763548086,2.4364895022697493,0.16243263348464995,28.2941984831547,0.8282727196066162,0.0002447614419641301,0.1072144521775518,0.105995991296993,3399,3384,15,225.6,0.0
889,36.3749935552394,0.3368054958818463,5.893072651775515,0.054565487516439956,5.893072651775515,0.054565487516439956,4.086177348630713,26.39574355483373,9.979250000406228,0.09240046296672434,27.2452792449443,0.8495356901105708,0.00024397923323106572,0.08453439176199166,0.22142322973181194,3590,3482,108,32.24074074074074,0.0
890,39.58415665027022,0.4398239627807802,4.819141320203696,0.05354601466892995,4.819141320203696,0.05354601466892995,6.566754858311782,28.198260471755304,11.385896178515477,0.12650995753906086,28.856360800484225,0.6581003287289207,0.00024132758662593351,0.11919773166428879,0.25467688387669796,2817,2727,90,30.3,0.0
891,33.75015188892067,0.2700012151113654,6.218418484523213,0.049747347876185705,6.218418484523213,0.049747347876185705,4.425195664428372,23.106537739969497,10.643614148951585,0.08514891319161268,23.5087323237328,0.4021945837633041,0.00024331190790278528,0.08193135652150295,0.13804602841719316,1778,1653,125,13.224,0.0
892,110.03854722359327,0.1427218511330652,36.86580451393725,0.047815570056987354,36.86580451393725,0.047815570056987354,44.98821072579926,28.184531983858562,81.85401523973651,0.10616603792443127,28.89093207286922,0.706400089010657,0.00024092772476488983,0.10524982509821537,0.07195326172637806,3703,2932,771,3.802853437094682,0.0
893,40.86378711596643,0.23218060861344564,8.831337261733488,0.05017805262348573,8.831337261733488,0.05017805262348573,5.010054604274359,27.022395249959345,13.841391866007847,0.07864427196595368,27.602390109887523,0.5799948599281777,0.00024659645405109595,0.07534884662544834,0.46657322358348097,2528,2352,176,13.363636363636363,0.0
894,46.61709461898499,0.25898385899436105,8.953503199297108,0.04974168444053949,8.953503199297108,0.04974168444053949,9.49230508421823,28.171286335469517,18.44580828351534,0.10247671268619633,28.776994207388583,0.6057078719190656,0.00024228314876762624,0.09911166895331339,0.055541319716212456,2680,2500,180,13.88888888888889,0.0
895,41.15930041360147,0.3141931329282555,6.890992721985465,0.05260299787775164,6.890992721985465,0.05260299787775164,7.757154354442065,26.511153337175188,14.64814707642753,0.11181791661395062,27.34053645678182,0.8293831196066321,0.0002445115329028986,0.10548674776198208,0.12140858833978996,3523,3392,131,25.893129770992367,0.0
896,59.853615879759275,0.2365755568369932,12.029888112262404,0.04754896487060239,12.029888112262404,0.04754896487060239,19.74134755743205,28.082380210064684,31.771235669694455,0.12557800659958282,28.311740464137756,0.2293602540730717,0.0002525993987588895,0.12467144433051984,0.16502873116505157,1161,908,253,3.588932806324111,0.0
897,37.08869851087809,0.3466233505689541,5.580335409631648,0.052152667379735035,5.580335409631648,0.052152667379735035,3.8872942576510923,27.621068843596134,9.46762966728274,0.08848252025497888,28.211559513324715,0.590490669728581,0.00039131257105936445,0.0829639158649848,0.0676917200701439,1616,1509,107,14.102803738317757,0.0
898,47.30439721168136,0.24258665236759672,9.391678706370348,0.048162454904463324,9.391678706370348,0.048162454904463324,9.701966206087604,28.210752299223003,19.093644912457954,0.09791612775619464,28.556250471786967,0.3454981725639641,0.0002483811449057973,0.0961443422558687,0.21211286859059442,1586,1391,195,7.133333333333334,0.0
899,46.66720841325656,0.2550120678320031,9.185353652997426,0.050193189360641675,9.185353652997426,0.050193189360641675,10.282524493267914,27.19933026699195,19.467878146265342,0.10638184779379968,27.893659892087584,0.6943296250956337,0.0002413380692025143,0.10258769683698894,0.21380592267820475,3060,2877,183,15.721311475409836,0.0
900,39.13055351000435,0.4714524519277632,4.2875043072035846,0.05165667840004319,4.2875043072035846,0.05165667840004319,7.678895714878479,27.16415348792242,11.966400022082063,0.14417349424195255,27.59055794983533,0.4264044619129095,0.00023928420982767087,0.13903609108637371,0.75,1865,1782,83,21.46987951807229,0.0
901,38.48877912192464,0.25321565211792524,7.711536345107116,0.05073379174412576,7.711536345107116,0.05073379174412576,4.419563934545778,26.357678842272236,12.131100279652895,0.07980987026087431,26.948169512000817,0.590490669728581,0.0005982681557533748,0.07592506322318303,0.08747121005509939,1139,987,152,6.493421052631579,0.0
902,47.129886333784015,0.2202331137092711,10.814837852216721,0.05053662547764823,10.814837852216721,0.05053662547764823,9.371849572799192,26.94319890876784,20.18668742501591,0.09433031507016781,27.83249592436897,0.8892970156011302,0.00024505291143596863,0.09017472153932264,0.75,3843,3629,214,16.957943925233646,0.0
903,36.342822575956546,0.3244894872853263,5.621201878280452,0.05018930248464689,5.621201878280452,0.05018930248464689,4.683836201693936,26.037784495983345,10.305038079974388,0.09200926857119988,26.491260964027504,0.4534764680441583,0.00023804539004942694,0.08796037153508074,0.26840418604913907,2017,1905,112,17.008928571428573,0.0
904,55.20959405723954,0.2281388184183452,12.001471016002952,0.04959285543802873,12.001471016002952,0.04959285543802873,16.56658046256385,26.641542578672613,28.5680514785668,0.11804979949820991,27.361404122561595,0.7198615438889817,0.0002401940420049989,0.11507516501933036,0.08021679096270873,3239,2997,242,12.384297520661157,0.0
905,43.097891830058416,0.20720140302912698,10.298834793721825,0.049513628815970316,10.298834793721825,0.049513628815970316,6.922863339919104,25.876193696418227,17.221698133640928,0.08279662564250446,26.414687181668597,0.5384934852503704,0.00024861195071577583,0.08020771465572028,0.2086368007134638,2374,2166,208,10.413461538461538,0.0
906,52.55470831067501,0.2085504298042659,12.454416711417386,0.04942228853737058,12.454416711417386,0.04942228853737058,12.31375519000133,27.78653640925552,24.768171901418718,0.09828639643420126,28.56146404243887,0.7749276331833528,0.0005884036698430925,0.09521128677871483,0.28943098467337336,1569,1317,252,5.226190476190476,0.0
907,41.85079947313241,0.27000515789117685,7.470870760823027,0.048199166198858244,7.470870760823027,0.048199166198858244,8.619843921483266,25.760084790827335,16.09071468230629,0.1038110624664922,26.065129518986197,0.30504472815886174,0.0002587317456818166,0.10184303196223364,0.341298478564795,1334,1179,155,7.606451612903226,0.0
908,40.89696288223132,0.3298142167921881,6.436641071165732,0.051908395735207516,6.436641071165732,0.051908395735207516,7.761194436807642,26.699127374257415,14.197835507973373,0.11449867345139816,27.376859756665596,0.6777323824081805,0.00024016030560176487,0.10903308972230424,0.012571937075932738,2946,2822,124,22.758064516129032,0.0
909,38.5723664969172,0.2229616560515445,9.022056998371127,0.052150618487694374,9.022056998371127,0.052150618487694374,3.9192626245347526,25.631046874011673,12.94131962290588,0.07480531573934035,26.539436303355217,0.9083894293435435,0.00024301482860982973,0.06955450978937561,0.23310915264437426,3911,3738,173,21.606936416184972,0.0
910,47.66752360204285,0.22698820762877547,10.502906277418061,0.05001383941627648,10.502906277418061,0.05001383941627648,10.136716254127776,27.027901070496227,20.63962253154584,0.09828391681688495,27.80282870367958,0.7749276331833528,0.0004055089655590543,0.09459378523030128,0.17165577047418878,2121,1911,210,9.1,0.0
911,38.14308406712556,0.3076055166703674,6.6627922703115185,0.0537321957283187,6.6627922703115185,0.0537321957283187,6.279600272756369,25.20069152405904,12.942392543067887,0.10437413341183781,26.1362530829916,0.9355615589325623,0.00024168472201822845,0.09682928213011255,0.5862565026849893,3995,3871,124,31.217741935483872,0.0
912,36.62038268240343,0.48184714055793987,4.345342756185041,0.05717556258138212,4.345342756185041,0.05717556258138212,5.451918668974685,26.823121257243628,9.797261425159725,0.12891133454157533,27.65250437685026,0.8293831196066321,0.0002449448079169026,0.11799839875727856,0.08428606860772447,3462,3386,76,44.55263157894737,0.0
913,39.97575139260306,0.20820703850314093,9.636972733979258,0.050192566322808635,9.636972733979258,0.050192566322808635,4.478473930200607,25.860304728423756,14.115446664179865,0.0735179513759368,26.487915279455137,0.6276105510313812,0.00024222715207695145,0.07024914642264542,0.40093867252932114,2783,2591,192,13.494791666666666,0.0
914,70.57669090496034,0.161873144277432,20.906262717317745,0.04795014384705905,20.906262717317745,0.04795014384705905,22.986929800366397,26.683498387274483,43.89319251768414,0.10067245990294528,27.32281394928171,0.6393155620072264,0.00024225674952907403,0.09920613980660237,0.23352776763056227,3075,2639,436,6.052752293577981,0.0
915,33.074683330794244,0.35185833330632177,4.657531265348022,0.04954820495051088,4.657531265348022,0.04954820495051088,3.1082414931101425,25.308910572337112,7.765772758458165,0.08261460381338473,25.64389899382948,0.33498842149236907,0.00025493791589982425,0.07905089720175279,0.10859000188688128,1408,1314,94,13.97872340425532,0.0
916,48.62868878052069,0.258663238194259,9.295787871919094,0.049445680169782416,9.295787871919094,0.049445680169782416,12.01271296944742,27.320187939154295,21.308500841366516,0.11334308958173679,27.884087590362128,0.5638996512078336,0.0002448543861084818,0.11034362335190724,0.2530750801810484,2491,2303,188,12.25,0.0
917,60.92091936354586,0.14200680504323046,20.994195208990938,0.048937517969675846,20.994195208990938,0.048937517969675846,14.137329343498777,25.7893948110582,35.131524552489715,0.08189166562351916,26.63059316440686,0.8411983533486591,0.00024396703983429788,0.07993083030102331,0.24248298665077073,3877,3448,429,8.037296037296038,0.0
918,48.461915145116734,0.21255225940840672,11.213216114939398,0.049180772433944725,11.213216114939398,0.049180772433944725,10.485423655753038,26.763275374423444,21.698639770692438,0.0951694726784756,27.41379786141411,0.650522486990667,0.0002416502551971274,0.0923163038758887,0.2831181264728002,2920,2692,228,11.807017543859649,0.0
919,30.274957679230454,0.5311396084075518,3.4774266577639277,0.061007485223928556,3.4774266577639277,0.061007485223928556,1.3229864496207995,25.474544571846252,4.800413107384728,0.08421777381376715,26.346956314944407,0.8724117430981551,0.00024389481216051303,0.06891230463659731,0.3190717039161086,3634,3577,57,62.75438596491228,0.0
920,68.91254830553183,0.17490494493789804,18.904613398182466,0.04798125227965093,18.904613398182466,0.04798125227965093,23.237621463967656,26.770313443383287,42.14223486215012,0.10695998695977188,27.300435092127657,0.5301216487443696,0.0002865522425645241,0.10561450054163496,0.26910132993916136,2244,1850,394,4.695431472081219,0.0
921,39.995128388594196,0.27968621250765174,7.627352057096219,0.053338126273400135,7.627352057096219,0.053338126273400135,4.188425396354518,28.17935093514359,11.815777453450737,0.08262781435979537,29.106774192767347,0.927423257623758,0.00024195754177504773,0.0761423370337542,0.45556052021962046,3976,3833,143,26.804195804195803,0.0
922,43.12842559115194,0.24644814623515393,8.831048635613154,0.0504631350606466,8.831048635613154,0.0504631350606466,7.334955812637645,26.96242114290041,16.1660044482508,0.09237716827571885,27.69702122794493,0.7346000850445193,0.00023975198598058726,0.08817945350404005,0.24738214815272386,3239,3064,175,17.50857142857143,0.0
923,31.56525928359784,0.3995602440961752,4.068621800045945,0.051501541772733486,4.068621800045945,0.051501541772733486,2.3810911713215432,25.115546312231146,6.449712971367489,0.0816419363464239,25.550279750849768,0.4347334386186219,0.00024058297654599994,0.07613898142719078,0.58430372073488,1886,1807,79,22.873417721518987,0.0
924,370.95285474869337,0.11014039630305622,160.076952006682,0.047528786225261875,160.076952006682,0.047528786225261875,185.65269093799614,25.223211804016046,345.7296429446782,0.10265131916409685,25.753333452760415,0.5301216487443696,0.0018407001692512834,0.10249391962468318,0.2598552502600171,3656,288,3368,0.0855106888361045,0.0
925,263.15103886255446,0.10628071036452119,116.22488878695762,0.04694058513205074,116.22488878695762,0.04694058513205074,119.00329658474297,27.922853490853782,235.2281853717006,0.09500330588517794,27.967032671907162,0.044179181053380034,0.000631131157905429,0.09498546292029374,0.09237958276594327,2546,70,2476,0.02827140549273021,0.0
926,45.39264339290747,0.24145023081333764,8.979334997923742,0.04776242020172203,8.979334997923742,0.04776242020172203,9.468328062257939,26.944980332724725,18.447663060181682,0.09812586734139192,27.227475841175306,0.28249550845058025,0.0002637679817465735,0.09662323165814983,0.14532238979268186,1259,1071,188,5.696808510638298,0.0
927,53.291865556332965,0.1600356323013002,15.919008296946068,0.04780482972055876,15.919008296946068,0.04780482972055876,11.695622378915118,25.677234880472156,27.614630675861186,0.08292681884642998,26.00788152081634,0.33064664034418456,0.00025473547021894036,0.08193388599254242,0.21662158327293923,1631,1298,333,3.8978978978978978,0.0
928,41.41225057380717,0.2937039047787743,6.945269344698509,0.04925722939502489,6.945269344698509,0.04925722939502489,9.11674448734783,25.350236741760824,16.06201383204634,0.11391499171664071,25.779338911794923,0.4291021700340991,0.0002401243257045882,0.11087171391498048,0.32952790450119096,1928,1787,141,12.673758865248226,0.0
929,50.185531818772034,0.21175329881338412,11.657150218824588,0.049186287843141725,11.657150218824588,0.049186287843141725,9.299664845850089,29.228716754097604,20.95681506467468,0.08842538001972439,29.76098643099229,0.5322696768946855,0.0002501267278640439,0.08617951640413395,0.023614314241825696,2365,2128,237,8.978902953586498,0.0
930,43.76458690001519,0.2458684657304224,8.998437427350575,0.050553019254778515,8.998437427350575,0.050553019254778515,7.917481178288256,26.848668294375358,16.91591860563883,0.09503325059347657,27.614887081871643,0.7662187874962854,0.0002465311414080712,0.09072865066372779,0.08742853935530093,3286,3108,178,17.46067415730337,0.0
931,43.757594012315224,0.2054347136728414,10.479114275667675,0.04919771960407359,10.479114275667675,0.04919771960407359,8.055236036609358,25.22324370003909,18.534350312277034,0.08701572916561988,25.780850070697085,0.557606370657993,0.0002457498328153341,0.08439785888083633,0.3440670626789313,2482,2269,213,10.652582159624414,0.0
932,36.72458804203623,0.3948880434627552,4.851696313551731,0.05216877756507238,4.851696313551731,0.05216877756507238,6.361752900005428,25.511138828478607,11.213449213557158,0.12057472272642106,26.080391031936585,0.5692522034579781,0.0002455790351414919,0.11445373129139404,0.04828700918304207,2411,2318,93,24.9247311827957,0.0
933,45.86202826654261,0.2866376766658913,8.117010954408464,0.050731318465052896,8.117010954408464,0.050731318465052896,6.559849843613733,31.185167468520717,14.676860798022197,0.09173037998763874,31.817453022936036,0.6322855544153185,0.00024290647499628065,0.08777859527254109,0.03543692001417753,2763,2603,160,16.26875,0.0
934,56.733752009272166,0.18420049353659795,15.001738507253739,0.04870694320536928,15.001738507253739,0.04870694320536928,14.645888598778953,27.086124903238584,29.647627106032694,0.09625852956504122,27.782468360703604,0.6963434574650194,0.00024161813236121422,0.09399767418366417,0.19381053428065798,3190,2882,308,9.357142857142858,0.0
935,49.4585580794506,0.17919767420090796,13.845552463101182,0.050165045156163705,13.845552463101182,0.050165045156163705,9.42074674651164,26.19225886983736,23.26629920961282,0.08429818554207544,27.105102170228548,0.912843300391188,0.0002429713336149023,0.08099078227979004,0.75,4033,3757,276,13.61231884057971,0.0
936,39.74039674609307,0.2922087996036255,6.831733659018452,0.05023333572807685,6.831733659018452,0.05023333572807685,7.996728957393032,24.911934129681583,14.828462616411484,0.10903281335596679,25.462697456178404,0.5507633264968206,0.0002468683668744153,0.10498308301407842,0.1892094479601667,2367,2231,136,16.404411764705884,0.0
937,38.33694100318206,0.4732955679405193,4.080361230547213,0.050374830006755716,4.080361230547213,0.050374830006755716,4.184011805028149,30.07256796760663,8.264373035575362,0.10202929673549829,30.3868640177742,0.31429605016757023,0.00025656820421842466,0.09814909858528224,0.6118650730885804,1306,1225,81,15.123456790123457,0.0
938,48.125487031075835,0.1917350080919356,11.804195181617693,0.047028666062221884,11.804195181617693,0.047028666062221884,10.533583216984653,25.78770863247192,22.337778398602346,0.08899513306216074,25.96953691006189,0.18182827758997178,0.0002635192428840171,0.08827071761360138,0.4436852071829378,941,690,251,2.749003984063745,0.0
939,32.415849801028855,0.8103962450257214,2.3951449739751807,0.05987862434937952,2.3951449739751807,0.05987862434937952,2.927862357400329,27.092842469653334,5.32300733137551,0.13307518328438775,27.67283732958151,0.5799948599281777,0.0002472271355192573,0.1185753117861836,0.07425474300939072,2386,2346,40,58.65,0.0
940,69.76288399093929,0.1474902409956433,22.524231638592724,0.047619940039308084,22.524231638592724,0.047619940039308084,22.964608373604392,24.27404397874463,45.488840012197116,0.0961709091166958,24.710348743503772,0.4363047647591429,0.0002401237010231937,0.09524848889521251,0.4352995935812203,2290,1817,473,3.8414376321353068,0.0
941,42.52605684351272,0.3104091740402388,7.196511700990701,0.05252928248898322,7.196511700990701,0.05252928248898322,5.4415657796404275,29.887979362882277,12.638077480631129,0.09224874073453379,30.691967376688012,0.8039880138057356,0.00045193255413475864,0.08638021508631173,0.1643715787851363,1916,1779,137,12.985401459854014,0.0
942,45.10144812613433,0.20880300058395523,10.754853081425864,0.0497909864880827,10.754853081425864,0.0497909864880827,8.390731309667785,25.955863735038832,19.14558439109365,0.08863696477358171,26.71833574210305,0.7624720070642184,0.00024643568424829294,0.08510700177792259,0.4106045761705275,3310,3094,216,14.324074074074074,0.0
943,35.775472351159664,0.3975052483462185,4.733116961400159,0.05259018846000177,4.733116961400159,0.05259018846000177,4.6758938184052,26.366461571353426,9.40901077980536,0.10454456422005956,26.91904377785025,0.5525822064968224,0.00024701931448226305,0.09840476192566017,0.34315640211974596,2327,2237,90,24.855555555555554,0.0
944,43.69759666216538,0.23493331538798592,9.33200933141441,0.05017209317964737,9.33200933141441,0.05017209317964737,10.48853826234705,23.877049068403835,19.82054759376146,0.10656208383742721,24.575893005868863,0.6988439374650284,0.00024181451123357384,0.10280485836718557,0.10339268773870458,3076,2890,186,15.53763440860215,0.0
945,68.68106254457098,0.1604697723003995,21.0424207186848,0.04916453438945046,21.0424207186848,0.04916453438945046,18.63840598208293,29.000235843805115,39.680826700767724,0.0927122119176816,29.80422385761085,0.8039880138057356,0.0005066087043514402,0.09083373524990684,0.030589853048184068,2015,1587,428,3.707943925233645,0.0
946,33.93299979019969,0.5302031217218701,5.103629999992607,0.07974421874988448,5.103629999992607,0.07974421874988448,3.198495949723849,25.63087384048214,8.302125949716455,0.1297207179643196,26.225822008860064,0.5949481683779254,0.00024204563400241066,0.12042465283343162,0.75,2522,2436,86,28.325581395348838,1.0
947,71.58974915988898,0.1333142442456033,26.202548055480328,0.04879431667687212,26.202548055480328,0.04879431667687212,19.154783787047506,26.232417317358852,45.357331842527834,0.08446430510712818,27.02535231054219,0.7929349931833372,0.0002463296033499028,0.08298770363006852,0.03792588184722945,3756,3219,537,5.994413407821229,0.0
948,36.651939101565745,0.2797857946684408,6.212907265762969,0.04742677302109137,6.212907265762969,0.04742677302109137,7.431654564829273,23.00737727097345,13.644561830592242,0.10415696053887208,23.17459616635756,0.16721889538411006,0.00026970789578082267,0.10288048042143652,0.75,751,620,131,4.732824427480916,0.0
949,40.082083281593526,0.3181117720761391,6.259696646218533,0.0496801321128455,6.259696646218533,0.0496801321128455,5.058731936748927,28.763654698626425,11.31842858296746,0.08982879827751952,29.146488541517925,0.38283384289150035,0.00024714902704422233,0.08679043444504445,0.491779406136601,1675,1549,126,12.293650793650794,0.0
950,75.55562722825184,0.16178935166649216,22.016890373849602,0.04714537553286852,22.016890373849602,0.04714537553286852,26.271003497976494,27.26773335642352,48.2878938718261,0.10340020101033426,27.54522154523309,0.2774881888095706,0.00026377204259464884,0.10280600788654978,0.32203497759161337,1519,1052,467,2.252676659528908,0.0
951,35.01996451623833,0.25749973908998774,6.927917227723075,0.050940567850904964,6.927917227723075,0.050940567850904964,3.286396576843913,24.805650711671063,10.214313804566988,0.07510524856299255,25.402212960049013,0.5965622483779498,0.00024419248807939,0.07071876144256851,0.75,2579,2443,136,17.96323529411765,0.0
952,30.97276220488814,0.3871595275611018,4.573133493056577,0.05716416866320721,4.573133493056577,0.05716416866320721,5.074650191582862,21.324978520248095,9.647783684639439,0.12059729605799299,22.22421741144879,0.8992388912006959,0.0002429718700893531,0.10935680991799188,0.75,3781,3701,80,46.2625,0.0
953,41.84956159628487,0.26826642048900556,8.204832979618686,0.052595083202683884,8.204832979618686,0.052595083202683884,6.257871955226392,27.38685666144002,14.462704934845078,0.09270964701823768,28.295246090783593,0.9083894293435719,0.00024294983400469962,0.08688663785577742,0.40816082677173426,3895,3739,156,23.96794871794872,0.0
954,42.56652974975097,0.23133983559647267,9.137579110345875,0.049660756034488454,9.137579110345875,0.049660756034488454,7.672932746085564,25.75601789331776,16.81051185643144,0.09136147748060565,26.383628444349114,0.6276105510313528,0.00024278938144346336,0.08795055057283617,0.11383789395313215,2769,2585,184,14.048913043478262,0.0
955,27.315330010876096,0.6662275612408803,2.1714088073097604,0.052961190422189275,2.1714088073097604,0.052961190422189275,1.4046820897943348,23.739239113771987,3.5760908971040952,0.08722172919766086,24.053535163939557,0.31429605016757023,0.00025511043033082,0.07955597187650094,0.39097512555215985,1273,1232,41,30.048780487804876,0.0
956,46.095640762929264,0.19783536808124147,11.352454219089191,0.04872297948106949,11.352454219089191,0.04872297948106949,13.064089695544965,21.679096848295586,24.416543914634154,0.10479203396838693,22.216590768848818,0.5374939205532314,0.0002494171325073,0.1024851931076414,0.0035041069711780892,2388,2155,233,9.24892703862661,0.0
957,35.45699436399522,0.3939666040443913,4.745585697626972,0.05272872997363302,4.745585697626972,0.05272872997363302,3.0225524889646067,27.68885617740378,7.768138186591579,0.08631264651768421,28.259039825186534,0.5701836477827555,0.000353931500796248,0.07997727265342987,0.19227622776043063,1701,1611,90,17.9,0.0
958,45.701182203171754,0.23316929695495792,9.760132615383618,0.049796594976447034,9.760132615383618,0.049796594976447034,9.038727470077333,26.902322117710014,18.79886008546095,0.09591255145643343,27.57292974463644,0.6706076269264258,0.00024053358211134355,0.09249108397211896,0.15164423792683124,2984,2788,196,14.224489795918368,0.0
959,37.413013513863916,0.21018546917901076,8.996380894364261,0.050541465698675625,8.996380894364261,0.050541465698675625,4.479223221758275,23.937409397740794,13.475604116122536,0.07570564110181201,24.608896256915443,0.6714868591746495,0.00023964556001950373,0.07193324301656445,0.2793176049209478,2980,2802,178,15.741573033707866,0.0
960,358.8460044234354,0.10831451989841091,157.0364298520577,0.04740006937882816,157.0364298520577,0.04740006937882816,180.49516717990264,21.314407391474674,337.53159703196036,0.10188095292241484,21.38408665114605,0.0696792596713749,0.00033661478102113476,0.10185992084886487,0.27894530676593376,3520,207,3313,0.062481134923030486,0.0
961,32.04091896690417,0.46436114444788656,3.7629573929245503,0.054535614390210874,3.7629573929245503,0.054535614390210874,1.5186168712045856,26.759344702774882,5.281574264129135,0.07654455455259616,27.329528350557638,0.5701836477827555,0.000768441573831207,0.06828102342531209,0.21960432501518312,811,742,69,10.753623188405797,0.0
962,45.84844333054269,0.2375567011945217,9.509483649604839,0.049271936008315226,9.509483649604839,0.049271936008315226,9.417268725356791,26.921690955580573,18.92675237496163,0.09806607448166647,27.47685025001391,0.5551592944333379,0.00024761788333333535,0.09518960145351701,0.4320797174966913,2435,2242,193,11.61658031088083,0.0
963,31.516254524230533,0.27645837301956605,6.047058479402442,0.05304437262633721,6.047058479402442,0.05304437262633721,1.5674184368820079,23.9017776079462,7.61447691628445,0.06679365716038992,24.634972838565886,0.7331952306196854,0.00024007702377854792,0.06036212004968988,0.7045718629294697,3168,3054,114,26.789473684210527,0.0
964,32.40460112218335,0.2656114846080603,6.43334591829682,0.05273234359259688,6.43334591829682,0.05273234359259688,5.136131641628992,20.835123562257593,11.569477559925812,0.09483178327808042,21.62423441403257,0.7891108517749785,0.0002462892795802055,0.0883636615422195,0.02866930716152183,3326,3204,122,26.262295081967213,0.0
965,47.73666451511312,0.2005742206517358,12.022374885462476,0.050514180191018804,12.022374885462476,0.050514180191018804,9.005539329934038,26.708750299718105,21.027914215396514,0.08835258073696015,27.584724860792136,0.875974561074031,0.00024393610723309135,0.08467201535428985,0.06658515815652777,3829,3591,238,15.088235294117647,0.0
966,70.06516400248432,0.17385896774810006,19.31882033992515,0.04793751945390856,19.31882033992515,0.04793751945390856,23.19159161181358,27.554752050744355,42.51041195173873,0.10548489318049313,28.113932433057073,0.5591803823127179,0.0002457935746429529,0.10409734880751179,0.0063357724981472074,2678,2275,403,5.645161290322581,0.0
967,46.19231798434208,0.15928385511842097,14.572247371158253,0.05024912886606294,14.572247371158253,0.05024912886606294,6.831502580743518,24.7885680324394,21.403749951901773,0.07380603431690266,25.692727408021028,0.904159375581628,0.00024305359558645913,0.07068824336662433,0.5390479169291211,4010,3720,290,12.827586206896552,0.0
968,39.543268882217376,0.2973178111444916,8.862161397596353,0.06663279246313047,8.862161397596353,0.06663279246313047,9.874887986806527,20.806219497814993,18.73704938440288,0.14088007055942015,21.49700129426634,0.690781796451347,0.00023902484306274983,0.13568622246579726,0.20604606863378194,3023,2861,162,17.660493827160494,1.0
969,39.56156106137993,0.29089383133367597,7.001230877433413,0.051479638804657446,7.001230877433413,0.051479638804657446,5.549983240972665,27.010346942974394,12.551214118406078,0.09228833910592704,27.65298925310495,0.6426423101305545,0.00024250653212473756,0.08756302800202195,0.6170298137088537,2786,2650,136,19.485294117647058,0.0
970,51.22317963149413,0.2256527737070226,11.29878303413994,0.04977437459973542,11.29878303413994,0.04977437459973542,12.353234715565577,27.571161881787646,23.652017749705514,0.10419391079165424,28.333633888851864,0.7624720070642184,0.00024683457658278355,0.10083500327155184,0.06255392947340965,3316,3089,227,13.607929515418503,0.0
971,41.00361569254113,0.18470097158802312,11.082227032721226,0.04991994158883435,11.082227032721226,0.04991994158883435,4.416701823035737,25.50468683678406,15.498928855756963,0.06981499484575208,26.16794589808444,0.6632590613003799,0.0002408348080248293,0.06682734141647158,0.016325914421031484,2976,2754,222,12.405405405405405,0.0
972,33.79876362182998,0.31295151501694424,5.830471269972434,0.05398584509233735,5.830471269972434,0.05398584509233735,5.041896761852058,22.92639559000608,10.872368031824493,0.10067007436874531,23.74986890878975,0.8234733187836696,0.0002456662645536007,0.09304532141703914,0.43411243859802084,3460,3352,108,31.037037037037038,0.0
973,34.683398201931595,0.49547711717045134,4.138385182765571,0.059119788325222446,4.138385182765571,0.059119788325222446,2.1710449839806074,28.37396803518567,6.3094301667461785,0.09013471666780255,29.256041538854163,0.8820735036684937,0.000244477135163108,0.07753366661539189,0.6002911585117943,3678,3608,70,51.542857142857144,0.0
974,39.68669893882867,0.3253008109740055,6.416656544191817,0.052595545444195216,6.416656544191817,0.052595545444195216,5.752307924404022,27.517734470232313,12.168964468595838,0.09974561039832655,28.29505677768003,0.7773223074477187,0.00024575476049564296,0.09337411607498884,0.08995216742209777,3285,3163,122,25.92622950819672,0.0
975,47.54961925646657,0.21227508596636863,11.489042199949047,0.05129036696405825,11.489042199949047,0.05129036696405825,7.342459309157221,28.718117747358946,18.831501509106268,0.08406920316565299,29.617483291327318,0.8993655439683721,0.000244193739877375,0.08005417841580023,0.13118713135727944,3907,3683,224,16.441964285714285,0.0
976,45.29601369125487,0.22095616434758472,10.308045119634908,0.05028314692504833,10.308045119634908,0.05028314692504833,11.911492333965555,23.076476237655697,22.219537453600463,0.10838798757853885,23.85158234808756,0.7751061104318637,0.00024645663288771504,0.10460698216179175,0.0376409088903813,3350,3145,205,15.341463414634147,0.0
977,69.97575381738739,0.16387764360043885,20.909061481199117,0.04896735709882697,20.909061481199117,0.04896735709882697,20.285575957219123,28.78111637897007,41.19463743841824,0.09647456074571016,29.402978493061596,0.6218621140915275,0.0002420638824801586,0.09501820919045852,0.7309065500605811,2996,2569,427,6.016393442622951,0.0
978,47.38801503551579,0.2455337566607036,9.750148108354827,0.050518902115828115,9.750148108354827,0.050518902115828115,10.054892341215293,27.582974585945436,19.80504044957012,0.1026167898941457,28.37707181912876,0.7940972331833223,0.00024569840135622596,0.0985022964579639,0.09073239599783278,3425,3232,193,16.746113989637305,0.0
979,34.97058020588733,0.3973929568850833,4.557125265472579,0.05178551438037022,4.557125265472579,0.05178551438037022,1.8248775422493395,28.588577398164404,6.382002807721919,0.07252275917865816,29.023133705584,0.43455630741959794,0.00024008635769038562,0.06758461932162874,0.16962603821411903,1898,1810,88,20.568181818181817,0.0
980,45.16623514221499,0.22583117571107494,9.991001636844961,0.049955008184224804,9.991001636844961,0.049955008184224804,12.014266330697524,23.160967174673715,22.005267967542487,0.11002633983771243,23.851128171125083,0.6901609964513682,0.0002418223533466602,0.10657553485544952,0.025561342807776555,3054,2854,200,14.27,0.0
981,40.27247108631272,0.2739623883422634,7.428672747060796,0.05053518875551562,7.428672747060796,0.05053518875551562,3.8512372589099186,28.992561080343222,11.279910005970715,0.07673408167327017,29.550167451001215,0.557606370657993,0.0002454253391980603,0.07294084105654085,0.5456662157546646,2419,2272,147,15.45578231292517,0.0
982,175.8701246557568,0.1190725285414738,69.8495959079233,0.047291534128587207,69.8495959079233,0.047291534128587207,78.42075896379089,27.599769784042678,148.27035487171418,0.10038615766534474,27.659589905009113,0.0598201209664353,0.00040972685593448834,0.1003456565678725,0.03644843830952027,1623,146,1477,0.0988490182802979,0.0
983,44.099319484783166,0.22049659742391584,9.757541857545421,0.048787709287727105,9.757541857545421,0.048787709287727105,6.0306444236509265,28.311133203585598,15.788186281196348,0.07894093140598174,28.6307854110143,0.31965220742870315,0.00024992353981915806,0.07734267036884432,0.1511210140215553,1479,1279,200,6.395,0.0
984,41.5552795375381,0.22462313263534106,9.209246601778625,0.04977971136096554,9.209246601778625,0.04977971136096554,9.411561923235013,22.934471012525506,18.620808525013636,0.10065301905412777,23.54872286033887,0.6142518478133638,0.00024183143614699363,0.0973327387956715,0.27753427537092534,2725,2540,185,13.72972972972973,0.0
985,48.20445697189123,0.2523793558737761,9.721315631746629,0.050896940480348846,9.721315631746629,0.050896940480348846,8.601190369183314,29.881950970962322,18.32250600092994,0.09592935079020912,30.601812514851275,0.7198615438889533,0.00024011392391225928,0.09216044218345527,0.3398061406769557,3189,2998,191,15.696335078534032,0.0
986,38.54266885561543,0.30111460043449556,6.7159986104554585,0.05246873914418327,6.7159986104554585,0.05246873914418327,5.199524496240315,26.627145748919702,11.915523106695773,0.09309002427106072,27.4117738453931,0.7846280964733978,0.0002457338228854988,0.08696011726736197,0.7295728636390493,3321,3193,128,24.9453125,0.0
987,38.4510384056386,0.32311796979528234,7.920981960019186,0.0665628736136066,7.920981960019186,0.0665628736136066,3.3819899918300393,27.14806645378826,11.302971951849226,0.09498295757856492,27.67310194922817,0.5250354954399086,0.00024672720650371644,0.09057089459168428,0.13580567753911055,2247,2100,147,14.285714285714286,1.0
988,337.1906881935482,0.10835176355833812,147.6584624578374,0.047448092049433614,147.6584624578374,0.047448092049433614,167.5276472899606,22.00457844575081,315.186109747798,0.10128088359505077,22.110798874938638,0.10622042918782881,0.0003133345993741263,0.10124675106639126,0.33895973273294544,3451,339,3112,0.1089331619537275,0.0
989,42.40269109898199,0.2965223153774964,6.953885459021576,0.04862856964350752,6.953885459021576,0.04862856964350752,6.093294948627772,29.355510691333706,13.047180407649348,0.09123902382971572,29.62722564667584,0.27171495534213363,0.0002617677797130382,0.08933891924689616,0.04196354960646431,1181,1038,143,7.258741258741258,0.0
990,42.751412690728216,0.29082593667162054,7.354919827375012,0.050033468213435454,7.354919827375012,0.050033468213435454,7.752903331921004,27.643589531432326,15.107823159296016,0.10277430720609534,28.182083016682725,0.5384934852503989,0.0002487267830255884,0.09911108621799654,0.1339865155580071,2312,2165,147,14.727891156462585,0.0
991,46.33524361320946,0.28602002230376206,10.039483458978504,0.06197212011715126,10.039483458978504,0.06197212011715126,6.595215120117359,29.70054503411245,16.63469857909586,0.10268332456232013,30.148465196598522,0.4479201624860707,0.0002351286942184098,0.09991838528772182,0.026068508387368183,2067,1873,194,9.654639175257731,1.0
992,32.03004812240215,0.47103011944709045,3.886194242202177,0.057149915326502605,3.886194242202177,0.057149915326502605,4.824887558437467,23.31896632176256,8.711081800639644,0.1281041441270536,24.056259526807082,0.7372932050445229,0.0002400042985170973,0.1172615969940451,0.16801626352810217,3140,3072,68,45.1764705882353,0.0
993,43.195647895831,0.3428226023478651,6.60171959508142,0.05239459996096365,6.60171959508142,0.05239459996096365,6.242196932725847,30.351731368024872,12.843916527807266,0.10193584545878782,31.074532007024942,0.7228006390000701,0.00023973487197348926,0.09619933245084174,0.13111110403198722,3141,3015,126,23.928571428571427,0.0
994,49.3906153029686,0.2641209374490299,9.472280910152906,0.050653908610443346,9.472280910152906,0.050653908610443346,11.46589615476222,28.452438238052622,20.938177064915124,0.11196886130970654,29.243210529827564,0.7907722917749425,0.00024619311699095346,0.10774013247669002,0.75,3399,3212,187,17.176470588235293,0.0
995,39.81057079813692,0.39810570798136924,5.503975608067084,0.05503975608067084,5.503975608067084,0.05503975608067084,2.3481039447853504,31.95849124528425,7.852079552852435,0.07852079552852435,32.76291720663855,0.8044259613542977,0.00024406127468273595,0.07047653591498375,0.008315857843683716,3396,3296,100,32.96,0.0
996,34.75477479262858,0.4187322264172118,4.713443712520435,0.05678847846410163,4.713443712520435,0.05678847846410163,5.39076007509351,24.65057100501528,10.104203787613946,0.12173739503149332,25.53986802061641,0.8892970156011302,0.000244850499890179,0.11102297315677315,0.11571925448697584,3715,3632,83,43.75903614457831,0.0
997,41.2073545196333,0.33231737515833304,6.175985135500035,0.04980633173790351,6.175985135500035,0.04980633173790351,4.977342000037822,30.0540273840966,11.153327135537857,0.0899461865769182,30.44717969368648,0.3931523095898797,0.0002467999432453733,0.086775603435055,0.14646951059768298,1717,1593,124,12.846774193548388,0.0
998,46.05066905691061,0.2990303185513676,8.006731895270615,0.05199176555370529,8.006731895270615,0.05199176555370529,9.125454414978662,28.918482746661283,17.132186310249278,0.11124796305356674,29.776252727029572,0.857769980368289,0.000243892516453878,0.10567802811611061,0.75,3671,3517,154,22.837662337662337,0.0
999,46.86441141444905,0.298499435760822,8.371072494406413,0.053318933085391165,8.371072494406413,0.053318933085391165,5.109831068399217,33.383507851642406,13.48090356280563,0.08586562778857089,34.310931109266136,0.9274232576237296,0.00024170530560952035,0.07995847328141985,0.4835327869538446,3994,3837,157,24.43949044585987,0.0
1000,36.22978847581254,0.32936171341647763,5.398094471165782,0.04907358610150711,5.398094471165782,0.04907358610150711,6.6979892037996365,24.133704800847738,12.096083674965419,0.10996439704514017,24.443859243523207,0.31015444267546854,0.00025590300550781234,0.10714481120263031,0.02616092221714439,1322,1212,110,11.018181818181818,0.0
1001,55.92043959883213,0.19759872649764004,14.334816299124311,0.050653061127647746,14.334816299124311,0.050653061127647746,11.981016893902392,29.604606405806322,26.315833193026705,0.09298880986935232,30.503845297007018,0.8992388912006959,0.0002428406403458536,0.08981128728560112,0.28933613708832695,3986,3703,283,13.084805653710248,0.0
1002,40.61478975972918,0.35627008561165946,5.809857476311103,0.05096366207290441,5.809857476311103,0.05096366207290441,6.024280557083671,28.780651726335094,11.834138033394773,0.10380822836311204,29.303261646219454,0.5226099198843599,0.0002506522397526906,0.09922393082026074,0.19657115443516204,2199,2085,114,18.289473684210527,0.0
1003,46.94813161694836,0.32378021804791973,7.695889256062915,0.053075098317675276,7.695889256062915,0.053075098317675276,5.15741525271369,34.094827108170904,12.853304508776606,0.08864347937087315,34.918945546954575,0.8241184387836711,0.0002453463646274698,0.08295990393099162,0.75,3504,3359,145,23.16551724137931,0.0
1004,41.795905296990014,0.24159482830630066,8.97181501813576,0.05186020241696972,8.97181501813576,0.05186020241696972,9.115369058136878,23.70872122071873,18.08718407627264,0.10455019697267422,24.62813393536524,0.9194127146465121,0.00024220566771509803,0.09923567261054782,0.11105428085215863,3969,3796,173,21.942196531791907,0.0
1005,46.98594574754699,0.24095356793613842,9.706000863256833,0.04977436340131709,9.706000863256833,0.04977436340131709,7.960657478890198,29.319287405401468,17.66665834214703,0.09059824790844631,29.800960318934386,0.4816729135329183,0.0002379806885044063,0.08812813040314157,0.12693245631822947,2219,2024,195,10.37948717948718,0.0
1006,47.8611456768584,0.2883201546798699,8.211646556782906,0.0494677503420657,8.211646556782906,0.0494677503420657,10.451265737512358,29.198233382562677,18.662912294295264,0.1124271824957546,29.709852380633976,0.5116189980712988,0.0002478774215461719,0.10934514033870135,0.05262117905732566,2230,2064,166,12.433734939759036,0.0
1007,51.65788550510473,0.29688439945462486,8.85940034818726,0.05091609395509919,8.85940034818726,0.05091609395509919,6.71347952325209,36.08500563366414,15.57287987143935,0.08949930960597327,36.68156788204209,0.5965622483779498,0.00024409257298606783,0.08607079093714162,0.03257265357379424,2618,2444,174,14.045977011494253,0.0
1008,51.307410094772536,0.16877437531175177,14.973687766779026,0.04925555186440469,14.973687766779026,0.04925555186440469,11.777226173792315,24.556496154204012,26.75091394057134,0.08799642743608993,25.327296783414567,0.7708006292105551,0.00024657729661246164,0.08546089905051964,0.47102328178311836,3430,3126,304,10.282894736842104,0.0
1009,40.979794763118974,0.3252364663739601,6.279635339388983,0.049838375709436375,6.279635339388983,0.049838375709436375,5.0454708697097885,29.65468855402119,11.325106209098772,0.08988179531030771,30.01748456037646,0.36279600635526776,0.00024832033289203816,0.0870024619265279,0.15161275724031498,1587,1461,126,11.595238095238095,0.0
1010,36.11630901977455,0.5311221914672728,4.030149693811462,0.05926690726193327,4.030149693811462,0.05926690726193327,2.973867477621866,29.11229184834204,7.004017171433328,0.10300025252107836,30.004789646773617,0.8924977984315774,0.00024438603461981854,0.08987528489707251,0.271746586694519,3720,3652,68,53.705882352941174,0.0
1011,54.42145926972481,0.26038975727141056,10.854030386928121,0.05193315974606757,10.854030386928121,0.05193315974606757,7.988810326608359,35.5786185561868,18.842840713536482,0.09015713260065303,36.49803127083331,0.9194127146465121,0.00024195071438066107,0.08575802870283013,0.25659928065152826,4009,3800,209,18.181818181818183,0.0
1012,35.166145127011106,0.390734945855679,4.833395658768059,0.05370439620853399,4.833395658768059,0.05370439620853399,5.818627813825856,24.514121654417835,10.652023472593914,0.1183558163621546,25.20054022126672,0.6864185668488858,0.0002416116039594811,0.11072894339715983,0.22729524126748402,2931,2841,90,31.566666666666666,0.0
1013,42.69132298487966,0.5544327660373982,4.509539920848181,0.058565453517508845,4.509539920848181,0.058565453517508845,5.6426666085394,32.53911645549198,10.15220652938758,0.13184683804399455,33.39723075586028,0.8581143003682996,0.00024454668007076077,0.12070249648077122,0.005397206357457662,3586,3509,77,45.57142857142857,0.0
1014,40.04585807211262,0.42153534812750126,5.0188902213661954,0.052830423382802055,5.0188902213661954,0.052830423382802055,5.191318929298518,29.835648921447756,10.210209150664713,0.10747588579647067,30.467934475863075,0.6322855544153185,0.00024253377614703436,0.10082024838157419,0.38637480347753694,2702,2607,95,27.442105263157895,0.0
1015,47.07392672548187,0.34111541105421644,7.090998973099908,0.05138405052970948,7.090998973099908,0.05138405052970948,3.8855542054355965,36.09737354694542,10.976553178535504,0.07954024042417032,36.65497991760341,0.557606370657993,0.0002458581881208082,0.07549961454984389,0.06978595587054315,2406,2268,138,16.434782608695652,0.0
1016,381.7421638904751,0.10985386011236695,164.85304049973197,0.047439723884814954,164.85304049973197,0.047439723884814954,192.1837880900286,24.705335300718616,357.0368285897606,0.10274441110496708,24.811555729906445,0.10622042918782881,0.0003114968597883543,0.1027138440749838,0.033646954842566856,3816,341,3475,0.0981294964028777,0.0
1017,55.8369150837091,0.2365970978123267,12.004459679710468,0.050866354575044355,12.004459679710468,0.050866354575044355,11.13289224929781,32.699563154700144,23.13735192900828,0.0980396268178317,33.43153342531983,0.7319702706196836,0.00024038432532666126,0.09493805787453082,0.2078598869694872,3281,3045,236,12.902542372881356,0.0
1018,43.83103809101962,0.4174384580097107,5.29579906728058,0.05043618159314838,5.29579906728058,0.05043618159314838,7.595637435547246,30.939601588190925,12.891436502827826,0.12277558574121739,31.393078056235055,0.4534764680441299,0.00023792049739985828,0.1184567622360435,0.017769337274785357,2011,1906,105,18.152380952380952,0.0
1019,50.94971888414307,0.3069260173743558,8.767862533743463,0.052818448998454594,8.767862533743463,0.052818448998454594,5.043372033365131,37.13848431703326,13.811234567108594,0.08320020823559393,38.02791617908076,0.8894318620475019,0.00024401422827091958,0.07784218497025484,0.3622099184522938,3811,3645,166,21.957831325301203,0.0
1020,59.87980750456964,0.15593699870981678,18.735856376774585,0.04879129264785048,18.735856376774585,0.04879129264785048,16.88549692688622,24.258454200909938,35.621353303660804,0.09276394089495,24.98537703462918,0.726922833719243,0.0002399877298511862,0.09087091268213661,0.0580326316015487,3413,3029,384,7.888020833333333,0.0
1021,45.76207267180419,0.349328799021406,7.106919027637607,0.05425129028730998,7.106919027637607,0.05425129028730998,5.580334984991282,33.07481865917552,12.68725401262889,0.09684926727197625,33.93485186066309,0.8600332014875676,0.0002441195576178165,0.0902841283293214,0.06082105235816471,3654,3523,131,26.893129770992367,0.0
1022,47.82671623563408,0.30270073566857014,7.784321752951868,0.0492678591958979,7.784321752951868,0.0492678591958979,9.404568241156426,30.637826241524238,17.188889994108294,0.10879044300068541,31.118050323192904,0.48022408166866626,0.00023867996106792557,0.10575105007874162,0.5094701744415318,2170,2012,158,12.734177215189874,0.0
1023,53.34565279647663,0.3083563745461077,8.713595095560471,0.05036760170844203,8.713595095560471,0.05036760170844203,6.755531087737779,37.876526613177276,15.46912618329825,0.08941691435432515,38.39120277306162,0.5146761598843455,0.0003173095930236408,0.08644190764979773,0.09958248852953488,1795,1622,173,9.375722543352602,0.0
1024,60.505419054978034,0.1524065971158137,19.043320937269574,0.047968062814281044,19.043320937269574,0.047968062814281044,17.186506204916157,24.275591912793033,36.22982714218573,0.09125901043371719,24.691252839340876,0.4156609265478437,0.00024250929203491463,0.09021200558095002,0.039911406506917046,2111,1714,397,4.317380352644836,0.0
1025,51.65465377463531,0.27475879667359204,9.759870775550436,0.05191420625292785,9.759870775550436,0.05191420625292785,8.616930888238699,33.27785211084594,18.376801663789134,0.09774894502015496,34.06136852731933,0.7835164164733897,0.0002456164314963604,0.09358130450699988,0.5769773998426331,3378,3190,188,16.96808510638298,0.0
1026,54.26905041717478,0.24445518205934585,10.868519274921832,0.048957294031179426,10.868519274921832,0.048957294031179426,12.811436439041984,30.58909470321001,23.679955713963814,0.10666646718001718,31.14504823764335,0.5559535344333426,0.0002468710188425145,0.1041621719798713,0.0007098948179873332,2474,2252,222,10.144144144144144,0.0
1027,392.595090732937,0.11509677242243829,163.1710718929868,0.04783672585546373,163.1710718929868,0.04783672585546373,192.65378901895656,36.77022982099592,355.82486091194335,0.10431687508412293,37.28490598088027,0.5146761598843455,0.0011188612171398815,0.10416598790737518,0.48869809101381634,3871,460,3411,0.1348578129580768,0.0
1028,39.3236081511663,0.2259977479952086,8.790900044569002,0.050522414049247136,8.790900044569002,0.050522414049247136,6.80765386697675,23.725054239621954,15.598553911545752,0.08964686156060776,24.419383864717588,0.6943296250956337,0.00024117041510789638,0.0856564614163719,0.03907223533011006,3053,2879,174,16.54597701149425,0.0
1029,47.57967284903057,0.337444488290997,7.61384352048521,0.053998890216207164,7.61384352048521,0.053998890216207164,5.9466662204961835,34.0191631080493,13.560509740981393,0.09617382795022265,34.89086573114744,0.8717026230981446,0.0002440376884373305,0.08999153984314276,0.034813255764134965,3713,3572,141,25.333333333333332,0.0
1030,47.3186476807559,0.29948511190351834,7.7059492577565125,0.048771830745294384,7.7059492577565125,0.048771830745294384,9.102372446312017,30.510325976685778,16.80832170406853,0.1063817829371426,30.914746645825772,0.40442066913999497,0.00024392078958986429,0.10382215844892487,0.07213867884951242,1816,1658,158,10.49367088607595,0.0
1031,61.84559288012383,0.22489306501863213,13.604138014028127,0.0494695927782841,13.604138014028127,0.0494695927782841,10.534113965788663,37.70734090030618,24.13825197981679,0.08777546174478833,38.28600392023435,0.5786630199281717,0.00024718625370703616,0.08567123258141629,0.04794063198133358,2616,2341,275,8.512727272727274,0.0
1032,228.4739358175266,0.11166859033114693,96.74153686971715,0.04728325360201229,96.74153686971715,0.04728325360201229,107.73838895549181,23.994009992317643,204.47992582520897,0.09994131272004349,24.185597696021233,0.1915877037035898,0.0002544325414390303,0.0998476725911561,0.27048130580496377,2799,753,2046,0.3680351906158358,0.0
1033,45.450555178973076,0.3607186918966117,6.9617652781942985,0.055252105382494435,6.9617652781942985,0.055252105382494435,3.8989282265724796,34.58986167420662,10.860693504766779,0.08619598019656174,35.52999573186932,0.9401340576627035,0.0002426152406871493,0.07873459878653774,0.006529570476232038,4001,3875,126,30.753968253968253,0.0
1034,43.744065268829445,0.37071241753245293,5.8873773960614075,0.04989302878018142,5.8873773960614075,0.04989302878018142,7.22421602346617,30.632471849300885,13.111593419527576,0.11111519847057268,31.079979019221298,0.4475071699204136,0.0002394366880259035,0.10732276482718768,0.0037429620242335204,1987,1869,118,15.838983050847459,0.0
1035,42.40846291333341,0.7572939805952394,2.835441423686014,0.05063288256582168,2.835441423686014,0.05063288256582168,1.6734229095025057,37.89959858014461,4.508864333188519,0.08051543452122356,38.128958834217684,0.2293602540730717,0.0002517675675884431,0.07641971569849508,0.3901436808693859,967,911,56,16.267857142857142,0.0
1036,55.76409519297928,0.15887206607686405,17.028577123799582,0.04851446474016975,17.028577123799582,0.04851446474016975,14.321831882985578,24.413686186195406,31.35040900678516,0.0893174045777355,24.982938389653356,0.5692522034579497,0.000246109902057047,0.08769560342827899,0.06792974288413234,2664,2313,351,6.589743589743589,0.0
1037,54.48351711111718,0.3113343834920982,8.766591269211673,0.05009480725263813,8.766591269211673,0.05009480725263813,8.905066852297011,36.811858989607856,17.671658121508685,0.1009809035514782,37.236202774060416,0.42434378445256016,0.0002393365958559279,0.09855608192603865,0.09780604651317049,1948,1773,175,10.131428571428572,0.0
1038,67.36326413818665,0.20168641957540914,16.496346122350506,0.04939025785134882,16.496346122350506,0.04939025785134882,19.230213484470823,31.636704531364614,35.726559606821326,0.10696574732581235,32.52564058696572,0.888936055601107,0.00024535911001962655,0.10430426212940398,0.04786465363690695,3957,3623,334,10.847305389221557,0.0
1039,52.17861994274247,0.45372712993689107,6.322158622285496,0.05497529236769996,6.322158622285496,0.05497529236769996,5.964741246239498,39.89172007421669,12.286899868524994,0.10684260755239125,40.76342269731484,0.8717026230981446,0.00024410602719074337,0.09926258474284899,0.01345544256233211,3686,3571,115,31.05217391304348,0.0
1040,42.27323835173968,0.2072217566261749,10.324269409882774,0.050609163773935165,10.324269409882774,0.050609163773935165,5.885313659071585,26.063655282786897,16.20958306895436,0.07945874053409,26.852766134561875,0.7891108517749785,0.00024613563686056724,0.07559055008420491,0.3384258720577975,3410,3206,204,15.715686274509803,0.0
1041,69.47951234769371,0.1973849782604935,17.427157449102197,0.049508970025858516,17.427157449102197,0.049508970025858516,15.305218866252744,36.74713603233883,32.73237631535494,0.09298970544134927,37.46380623691661,0.7166702045777811,0.00024001011539778334,0.09095371054198041,0.18668210235702531,3338,2986,352,8.482954545454545,0.0
1042,43.97404967702826,0.37908663514679536,5.665105436784747,0.04883711583435126,5.665105436784747,0.04883711583435126,6.664143086426407,31.644801153815393,12.329248523211152,0.10628662520009614,31.959631963982957,0.31483081016756387,0.0002553372345235717,0.10357256649176987,0.34227601617317305,1349,1233,116,10.629310344827585,0.0
1043,69.65887665255696,0.2149965328782622,16.279634681753453,0.05024578605479461,16.279634681753453,0.05024578605479461,13.17080074706655,40.208441223737054,29.450435428820004,0.09089640564450618,41.010161510141415,0.8017202864043611,0.0002455498580105241,0.08842196031609735,0.1616832761315834,3589,3265,324,10.07716049382716,0.0
1044,50.98646701162579,0.18144650182073235,14.008853728997021,0.04985357198931324,14.008853728997021,0.04985357198931324,10.681160794780112,26.296452487849933,24.690014523777133,0.08786482036931365,27.12472520745655,0.8282727196066162,0.00024505110047533024,0.08491723061981936,0.3762886634307847,3661,3380,281,12.02846975088968,0.0
1045,47.34164538135431,0.37572734429646276,6.30231500872509,0.05001837308511976,6.30231500872509,0.05001837308511976,4.635767065106506,36.40356330752266,10.938082073831596,0.08681017518913965,36.71785935769023,0.31429605016757023,0.0002559414089312461,0.08431576209257208,0.17999497365840966,1354,1228,126,9.746031746031745,0.0
1046,51.07421534799653,0.2716713582340241,9.17573373777456,0.04880709434986468,9.17573373777456,0.04880709434986468,10.313212317022646,31.585269293198223,19.488946054797207,0.10366460667445324,32.02779871038848,0.44252941719025785,0.0002402439832737556,0.10131072679578748,0.028867867659215563,2030,1842,188,9.797872340425531,0.0
1047,66.04670512820749,0.24552678486322488,13.700754995222615,0.0509321747034298,13.700754995222615,0.0509321747034298,10.60906316805017,41.73688696493505,24.309818163272787,0.09037107123893229,42.60929870803321,0.8724117430981551,0.00024382664703693544,0.08712790490771109,0.17521354573111125,3847,3578,269,13.301115241635689,0.0
1048,48.274771437441785,0.18931282916643838,12.622606230698226,0.049500416590973435,12.622606230698226,0.049500416590973435,8.838285058359645,26.813880148385607,21.46089128905787,0.08416035799630538,27.484487775312033,0.6706076269264258,0.00024070625517818588,0.08153052416521471,0.7270019846411628,3041,2786,255,10.925490196078432,0.0
1049,58.486768943726844,0.2658489497442129,11.151914667446999,0.05069052121566817,11.151914667446999,0.05069052121566817,11.174817145701127,36.16003713057822,22.326731813148125,0.10148514460521875,36.83277390975289,0.6727367791746701,0.00023889800396827775,0.09842725015442708,0.01108334976538572,3036,2816,220,12.8,0.0
1050,44.77368001685937,0.37003041336247416,6.061644506618243,0.05009623559188631,6.061644506618243,0.05009623559188631,7.467612662951467,31.24442284728815,13.52925716956971,0.11181204272371661,31.720940736701948,0.4765178894137989,0.0002399385143070488,0.10787387834840848,0.3822261343436537,2107,1986,121,16.41322314049587,0.0
1051,54.14207752380395,0.429699027966698,6.395735767590393,0.05075980767928884,6.395735767590393,0.05075980767928884,5.512550477301261,42.23379127891258,11.908286244891654,0.0945102082927909,42.71228576832641,0.47849448941383343,0.00023972669810312297,0.09071263297998046,0.5043156525962331,2122,1996,126,15.841269841269842,0.0
1052,39.99649500204424,0.2325377616397921,8.862836814199806,0.05152812101278957,8.862836814199806,0.05152812101278957,4.448706474333903,26.684951713512135,13.31154328853371,0.07739269353798668,27.51161460731788,0.8266628938057465,0.0002458842634758318,0.07258651392282768,0.18424927966589166,3534,3362,172,19.546511627906977,0.0
1053,67.47903295569046,0.213541243530666,17.178056177985937,0.0543609372721074,17.178056177985937,0.0543609372721074,14.692135868226217,35.608840909478374,31.870192046212154,0.10085503812092454,36.033184693930934,0.42434378445256016,0.00023600877889463857,0.09951217804354279,0.15314193366873496,2114,1769,345,5.127536231884058,1.0
1054,46.92170986565196,0.2861079869856827,8.338911877351554,0.05084702364238753,8.338911877351554,0.05084702364238753,8.174210034957014,30.408587953342533,16.51312191230857,0.10068976775797908,31.135510787061776,0.726922833719243,0.00023975027497336512,0.09625731145481821,0.75,3196,3032,164,18.48780487804878,0.0
1055,51.72449385165993,0.4618258379612494,5.94791799910983,0.053106410706337766,5.94791799910983,0.053106410706337766,4.023272026652876,41.7533038258976,9.971190025762706,0.0890284823728813,42.44964728336265,0.6963434574650478,0.00024111615563194176,0.08281113007408283,0.015688470636746388,3000,2888,112,25.785714285714285,0.0
1056,44.36945522335736,0.18410562333343305,11.663882967166078,0.04839785463554389,11.663882967166078,0.04839785463554389,6.228724290266541,26.476847965926254,17.89260725743262,0.07424318364079925,26.845702638586317,0.36885467266006344,0.0002468906778179809,0.0727126663268508,0.16299262951469018,1735,1494,241,6.199170124481328,0.0
1057,51.82596895850742,0.37829174422268186,7.425076023409821,0.05419763520737096,7.425076023409821,0.05419763520737096,6.254600848960763,38.14629208613616,13.679676872370585,0.099851656002705,39.06023842495159,0.9139463388154354,0.00024300620548137075,0.09318051484347317,0.12838117178756647,3898,3761,137,27.452554744525546,0.0
1058,53.089206338935526,0.2765062830152892,9.704338014696077,0.0505434271598754,9.704338014696077,0.0505434271598754,11.868994921692092,31.51587340254747,21.57333293638817,0.11236110904368839,32.27834540961169,0.7624720070642184,0.00024651535954226266,0.10838990067356165,0.28966820957538175,3285,3093,192,16.109375,0.0
1059,53.672179238219826,0.4128629172170756,7.034267896689649,0.054109753051458834,7.034267896689649,0.054109753051458834,3.8809629009036257,42.75694844062673,10.915230797593274,0.08396331382764056,43.69219255955932,0.9352441189325873,0.00024247967822986448,0.07676912829738854,0.16846796431320854,3987,3857,130,29.66923076923077,0.0
1060,44.105946117553685,0.19011183671359347,11.664195872298912,0.050276706346116,11.664195872298912,0.050276706346116,6.31315777815729,26.128592467098883,17.9773536504562,0.0774885933209319,26.92152746028222,0.7929349931833372,0.0002460238886699774,0.07407077007444597,0.6011567500967203,3455,3223,232,13.892241379310345,0.0
1061,54.194488084029786,0.3955802049929181,6.901163001227119,0.0503734525637016,6.901163001227119,0.0503734525637016,8.350601083260244,38.942723999541556,15.251764084487363,0.11132674514224353,39.34392784679187,0.401203847250315,0.0002444874145340128,0.10839824990684609,0.019082803136882376,1778,1641,137,11.978102189781023,0.0
1062,70.17685356217896,0.18467593042678673,18.414867323738587,0.048460177167733126,18.414867323738587,0.048460177167733126,20.293408644588567,31.468577593851762,38.70827596832716,0.10186388412717673,32.081228801665134,0.6126512078133715,0.00024215462759421795,0.10025164410661534,0.021060298213114947,2910,2530,380,6.657894736842105,0.0
1063,53.76305237299931,0.40729585131060086,6.355759350473589,0.04814969204904234,6.355759350473589,0.04814969204904234,4.590713429646939,42.81657959287895,10.946472780120528,0.08292782409182219,42.97853168723378,0.16195209435483093,0.00027922774888763957,0.08170091428610249,0.23431311523364684,712,580,132,4.393939393939394,0.0
1064,42.89034024166813,0.1872940621906905,11.408083967771526,0.04981696055795427,11.408083967771526,0.04981696055795427,4.758056914675024,26.72419935922295,16.16614088244655,0.07059450167007227,27.40193174163113,0.6777323824081805,0.00024033063205963846,0.06763497161588208,0.016984669332714475,3049,2820,229,12.314410480349345,0.0
1065,69.72869559146227,0.21927262764610778,15.796864343862547,0.04967567403730361,15.796864343862547,0.04967567403730361,14.652467423683902,39.279363823915844,30.449331767546447,0.09575261562121525,39.98576391292653,0.7064000890106854,0.00024100992460275857,0.09353123169350862,0.08040142318168364,3249,2931,318,9.216981132075471,0.0
1066,39.085017429380116,0.5583573918482874,3.7475381228207025,0.053536258897438606,3.7475381228207025,0.053536258897438606,3.233333161442715,32.10414614511586,6.980871284263418,0.09972673263233454,32.64263963036626,0.5384934852503989,0.00024884172146506415,0.09203396855734078,0.25065062770602253,2234,2164,70,30.914285714285715,0.0
1067,48.747303745542524,0.6865817428949651,3.6958215813377997,0.05205382508926478,3.6958215813377997,0.05205382508926478,2.5248719661151426,42.52661019809034,6.220693547452942,0.087615402076802,42.927814045340654,0.401203847250315,0.00024404126961697994,0.08196464366481508,0.19871549528471633,1715,1644,71,23.154929577464788,0.0
1068,47.117471714057274,0.23210577199042992,10.443852818433577,0.05144755082972205,10.443852818433577,0.05144755082972205,7.264626063341211,29.40899283228282,17.708478881774788,0.08723388611711719,30.33540657475328,0.9264137424704586,0.00024264372511012536,0.08267027162218717,0.09832933917437003,4021,3818,203,18.807881773399014,0.0
1069,57.0068406703499,0.3048494153494647,9.682465450310866,0.051777890108614257,9.682465450310866,0.051777890108614257,8.300078705677777,39.02429651436074,17.98254415598864,0.09616333773255958,39.86241228327185,0.8381157689111092,0.0002444911811292617,0.09168143522501632,0.75,3615,3428,187,18.331550802139038,0.0
1070,47.065960667647175,0.3291325920814488,7.588237882130849,0.0530646005743416,7.588237882130849,0.0530646005743416,7.884943946350006,31.592778839166385,15.473181828480854,0.10820406873063534,32.536957113331255,0.9441782741648694,0.00024061627781979343,0.10160142345675469,0.18905201178841935,4067,3924,143,27.44055944055944,0.0
1071,74.33846374140887,0.217363929068447,17.02303497622282,0.049774956070826964,17.02303497622282,0.049774956070826964,15.00797958308732,42.30744918210053,32.03101455931014,0.09365793730792438,43.03588433581979,0.7284351537192606,0.00024016984956124648,0.09152800995786282,0.1511538064474962,3375,3033,342,8.868421052631579,0.0
1072,37.67387808838231,0.28540816733622965,6.321145052231283,0.04788746251690366,6.321145052231283,0.04788746251690366,2.3400199254161294,29.01271311073606,8.661164977647413,0.06561488619429859,29.178937187715462,0.1662240769794039,0.00027294593921084383,0.06435561288383976,0.23248764578130476,741,609,132,4.613636363636363,0.0
1073,54.79631986226684,0.35814588145272447,7.479063537810996,0.0488827682209869,7.479063537810996,0.0488827682209869,8.053649533117948,39.263606791337565,15.532713070928944,0.10152100046358786,39.510035963897394,0.24642917255982866,0.0002471706846136697,0.09991035227692449,0.02611202791706546,1150,997,153,6.516339869281046,0.0
1074,40.87188763187953,0.5108985953984941,4.564422827374383,0.05705528534217978,4.564422827374383,0.05705528534217978,3.832207827671027,32.47525697683392,8.39663065504541,0.10495788318806762,33.352625457908005,0.877368481074086,0.00024391673090744676,0.09399077717464407,0.30248046501822046,3677,3597,80,44.9625,0.0
1075,54.22066136569305,0.33677429419685123,8.522521735456786,0.052934917611532836,8.522521735456786,0.052934917611532836,3.4683098423779484,42.229829787858705,11.990831577834735,0.07447721476915985,43.11876584345981,0.888936055601107,0.00024549463010248746,0.06895587280890209,0.4789784337199876,3782,3621,161,22.490683229813666,0.0
1076,63.475649072873296,0.18669308550845087,16.611779853501755,0.04885817603971104,16.611779853501755,0.04885817603971104,17.773826199989628,29.090043019382676,34.38560605349139,0.10113413545144526,29.71765357041403,0.6276105510313528,0.00024250794089310384,0.09928822206605667,0.26311115067716173,2928,2588,340,7.6117647058823525,0.0
1077,50.627956532359974,0.5503038753517389,5.066085485250435,0.05506614657880907,5.066085485250435,0.05506614657880907,5.845638949605188,39.71623209750385,10.911724434855623,0.11860570037886546,40.43024920067728,0.7140171031734326,0.00024105911653390702,0.11084464490959449,0.3662940599841136,3054,2962,92,32.19565217391305,0.0
1078,36.59951819733186,0.8511515859844618,2.5937441697843395,0.06031963185544976,2.5937441697843395,0.06031963185544976,1.4306492529254342,32.57512477462143,4.024393422709774,0.09359054471418078,33.214440336628684,0.6393155620072548,0.00024234858302018758,0.07872274094658552,0.31899247157156196,2681,2638,43,61.348837209302324,0.0
1079,59.214155606701354,0.2874473573140842,10.616383217105266,0.051535840859734304,10.616383217105266,0.051535840859734304,6.345683375199258,42.252089014397484,16.962066592304524,0.0823401290888569,43.048978029295085,0.7968890148976016,0.0002462574211673676,0.0784717358126518,0.06052523637202967,3442,3236,206,15.70873786407767,0.0
1080,54.77542078299564,0.2766435393080588,10.194151552772187,0.05148561390288983,10.194151552772187,0.05148561390288983,12.046302965906477,32.53496626431644,22.240454518678664,0.11232552787211447,33.423902319917545,0.888936055601107,0.00024529140607094566,0.10783595183372774,0.1501670311360499,3822,3624,198,18.303030303030305,0.0
1081,48.11902390845995,0.6591647110747938,4.320351428309198,0.0591828962782082,4.320351428309198,0.0591828962782082,3.8668954271389566,39.93177705301167,8.187246855448155,0.11215406651298843,40.80418879610983,0.8724117430981551,0.00024341845510551203,0.100203220717125,0.06485256961434516,3657,3584,73,49.0958904109589,0.0
1082,62.906901149945156,0.21842674010397622,14.154938486431435,0.04914909196677582,14.154938486431435,0.04914909196677582,15.870121988595315,32.88184067491818,30.02506047502675,0.10425368220495398,33.52553460364709,0.6436939287289078,0.00036615126776388387,0.10201863384131274,0.10347449834995359,2046,1758,288,6.104166666666667,0.0
1083,72.57437470289779,0.2097525280430572,16.589338971981206,0.047946066393009266,16.589338971981206,0.047946066393009266,13.40560654169343,42.57942918922504,29.994945513674637,0.08669059397015791,42.69004093112221,0.11061174189717349,0.00028805141119055594,0.0863709068548427,0.1510547409696983,730,384,346,1.1098265895953756,0.0
1084,59.76077245149196,0.24292996931500796,12.388171556525394,0.050358420961485344,12.388171556525394,0.050358420961485344,14.30833608666478,33.06426480830163,26.696507643190174,0.10852238879345599,33.8877381270853,0.8234733187836696,0.00024588632988464305,0.10517493627807585,0.13445914353900434,3595,3349,246,13.613821138211382,0.0
1085,63.29003221556667,0.29853788780927676,10.61906122225039,0.05008991142570939,10.61906122225039,0.05008991142570939,10.695674220549506,41.97529677276714,21.314735442799897,0.10054120491886744,42.597158886858665,0.6218621140915275,0.0002416875686325408,0.09760789305994341,0.02497879745226328,2785,2573,212,12.13679245283019,0.0
1086,50.19087710511718,0.27130203840603884,9.282392420027547,0.050175094162311064,9.282392420027547,0.050175094162311064,8.476251139787792,32.432233545302495,17.75864355981534,0.09599266789089372,33.0759274740314,0.6436939287289078,0.0006629185671770421,0.09251324124911231,0.1391144476547197,1156,971,185,5.248648648648649,0.0
1087,54.863244972208804,0.4812565348439369,6.248417591119876,0.054810680623858556,6.248417591119876,0.054810680623858556,3.3413132585450285,45.273514122543816,9.589730849664903,0.08412044604969213,46.06644911572715,0.7929349931833372,0.00024640615077170205,0.07716487593404957,0.27348669457200003,3332,3218,114,28.228070175438596,0.0
1088,50.150912340530624,0.35070568070301134,7.483461428803336,0.05233189810351983,7.483461428803336,0.05233189810351983,7.361800416404719,35.3056504953214,14.845261845208055,0.10381301989655983,36.071869282817715,0.7662187874963138,0.00024629340645976013,0.09845484655743293,0.11722147291101237,3254,3111,143,21.755244755244757,0.0
1089,60.19980135000611,0.3151822060209744,9.56895968742972,0.05009926537921319,9.56895968742972,0.05009926537921319,8.412782162848089,42.21805949972884,17.981741850277807,0.09414524528941261,42.798682507511614,0.5806230077827763,0.0002456104093835771,0.0911053342538979,0.04140709404885001,2555,2364,191,12.37696335078534,0.0
1090,54.68251942753744,0.27341259713768723,9.486309389830467,0.04743154694915233,9.486309389830467,0.04743154694915233,12.122462672409256,33.0737473652988,21.608772062239723,0.10804386031119861,33.2025242807664,0.12877691546759706,0.0002585881836698736,0.10739997573385524,0.6409388837245729,698,498,200,2.49,0.0
1091,66.09641741013871,0.342468483990356,10.134095712760736,0.05250826794176547,10.134095712760736,0.05250826794176547,8.808552906148691,47.15376879123045,18.942648618909427,0.09814843843994522,48.02547141432859,0.8717026230981446,0.0002440376884373305,0.09363184453787628,0.017373242379676412,3765,3572,193,18.507772020725387,0.0
1092,42.54337853770954,0.6647402896517116,3.552594552958631,0.05550928988997861,3.552594552958631,0.05550928988997861,4.064242525551947,34.92654145919772,7.616837078510578,0.11901307935172778,35.48572184151044,0.5591803823127179,0.0002453621686321711,0.11027588587811099,0.44560860346689424,2343,2279,64,35.609375,0.0
1093,54.458651178965454,0.38082972852423397,7.160584376599169,0.050074016619574606,7.160584376599169,0.050074016619574606,5.627771663533224,41.670295138833865,12.788356040132392,0.08942906321770903,42.11971470313313,0.4494195642992622,0.00023804002346359228,0.08628626906176452,0.02446663910660618,2031,1888,143,13.202797202797203,0.0
1094,61.62014791096698,0.22992592504092155,13.242187441325488,0.04941114716912495,13.242187441325488,0.04941114716912495,15.083166664398789,33.29479380524333,28.325354105724276,0.10569161979747864,33.95297221397226,0.6581784087289293,0.00024082634787008024,0.10323573021266685,0.025387621474692423,3001,2733,268,10.197761194029852,0.0
1095,62.133069786606825,0.36548864580356955,9.080478178185883,0.05341457751874049,9.080478178185883,0.05341457751874049,5.7634129702736345,47.2891786381482,14.843891148459518,0.08731700675564422,48.18535010744989,0.8961714693016916,0.0002441218930268841,0.08204540987739373,0.33561339049390426,3841,3671,170,21.594117647058823,0.0
1096,52.82645786299537,0.38004645944600984,7.393981560418684,0.05319411194545816,7.393981560418684,0.05319411194545816,9.416546842072023,36.01592946050408,16.810528402490707,0.12093905325532883,36.89329794157817,0.877368481074086,0.00024398456092160345,0.11462704979436834,0.41752171564564833,3735,3596,139,25.8705035971223,0.0
1097,65.01926416687729,0.2697894778708601,12.230337675186966,0.05074828910865961,12.230337675186966,0.05074828910865961,11.6035785055264,41.1853479861648,23.833916180713366,0.09889591776229613,42.00946642494847,0.8241184387836711,0.00024541942786887166,0.0954763391781279,0.20319151386826206,3599,3358,241,13.933609958506224,0.0
1098,43.527250917449294,0.4581815886047294,5.36052255921677,0.05642655325491337,5.36052255921677,0.05642655325491337,5.158806828904403,33.00792152932917,10.519329388121173,0.11072978303285445,33.94348308826176,0.9355615589325907,0.00024162230344333438,0.1008817666230267,0.22075333122251095,3967,3872,95,40.757894736842104,0.0
1099,63.051476273169214,0.4925896583841345,6.837110278140324,0.05341492404797128,6.837110278140324,0.05341492404797128,6.739847118033822,49.474518876995774,13.576957396174146,0.10606997965761052,50.18275064600641,0.7082317690106379,0.00024114122199885525,0.1005369189622094,0.2061481384617423,3065,2937,128,22.9453125,0.0
1100,44.72347201451987,0.6211593335349982,3.908397461655991,0.054283298078555434,3.908397461655991,0.054283298078555434,4.605060415991318,36.21001413687128,8.513457877647308,0.11824247052287928,36.74668885742449,0.5366747205532079,0.00025019800491991043,0.1107886549596581,0.0999873300494869,2217,2145,72,29.791666666666668,0.0
1101,66.79939191079234,0.27265057922772384,12.260288659153884,0.05004199452715871,12.260288659153884,0.05004199452715871,11.700952233550083,42.838151018088695,23.96124089270397,0.09780098323552641,43.515883400496875,0.6777323824081805,0.00024033063205963846,0.09503472861345087,0.03259303575100603,3065,2820,245,11.510204081632653,0.0
1102,50.345680548584994,0.31270609036388197,8.3612957552308,0.051933514007644725,8.3612957552308,0.051933514007644725,8.20637530501358,33.77800948834175,16.56767106024438,0.10290478919406447,34.6046909421475,0.8266814538057474,0.00024537888210321977,0.09777012177911487,0.10908345022903632,3530,3369,161,20.925465838509318,0.0
1103,73.25875446254736,0.3375979468320155,11.153487506048915,0.051398559935709284,11.153487506048915,0.051398559935709284,11.56158860192619,50.543678354573785,22.715076107975104,0.10467777008283458,51.40888575170834,0.8652073971345544,0.0002439265286536663,0.1006906392204563,0.27366043543537444,3764,3547,217,16.34562211981567,0.0
1104,60.77007361272712,0.2950003573433355,10.248800976130157,0.04975146104917552,10.248800976130157,0.04975146104917552,14.255999649467071,36.26527298712932,24.504800625597227,0.11895534284270498,36.8458959949121,0.5806230077827763,0.00024519552693529404,0.1161367845525001,0.3468580022504284,2574,2368,206,11.495145631067961,0.0
1105,52.91258672313194,0.4484117518909486,6.119566426983651,0.05186073243206484,6.119566426983651,0.05186073243206484,4.418320981623026,42.374699314525685,10.537887408606677,0.08930413058141251,42.98153806644473,0.6068387519190424,0.0002422509987700768,0.08416142929395941,0.5064129244180435,2623,2505,118,21.228813559322035,0.0
1106,46.970217187760966,0.3505240088638878,6.874059834059773,0.051298953985520694,6.874059834059773,0.051298953985520694,6.1371760742129595,33.95898127948897,13.011235908272733,0.09709877543487114,34.56582003140801,0.6068387519190424,0.0002421543303747176,0.09257012803248475,0.31919025183992744,2640,2506,134,18.70149253731343,0.0
1107,59.554225968898265,0.5896458016722601,5.659576744577629,0.056035413312649794,5.659576744577629,0.056035413312649794,4.164821328890014,49.72982789543113,9.824398073467643,0.09727126805413508,50.56794366434224,0.8381157689111092,0.0002444911811292617,0.0889730921243171,0.75,3529,3428,101,33.94059405940594,0.0
1108,44.109773931986865,0.4847227904613941,4.852501511821429,0.053324192437598124,4.852501511821429,0.053324192437598124,4.216308722970666,35.04096369719372,9.068810234792096,0.09965725532738567,35.63260879890498,0.5916451017112649,0.000244481446988126,0.09315566080309762,0.22932912146040962,2511,2420,91,26.593406593406595,0.0
1109,366.56351532806195,0.10253524904281454,167.85017641712952,0.046951098298497765,167.85017641712952,0.046951098298497765,157.13864989827704,41.574689012667875,324.9888263154065,0.09090596540291092,41.68099018052237,0.10630116785449673,0.00032018424052559255,0.09087623081050059,0.10832968047651548,3907,332,3575,0.09286713286713287,0.0
1110,46.62484030423133,0.4317114842984382,5.9771668441588455,0.05534413744591524,5.9771668441588455,0.05534413744591524,5.879346897688549,34.7683265623844,11.856513741847394,0.10978253464673512,35.70388812131699,0.9355615589325907,0.00024187217138898416,0.10111992761957717,0.21563922480009978,3976,3868,108,35.81481481481482,0.0
1111,63.75427039571582,0.4793554165091415,6.761305988894655,0.05083688713454628,6.761305988894655,0.05083688713454628,7.038117569108806,49.95484683771315,13.799423558003461,0.10375506434589069,50.39343601159209,0.43858917387893825,0.00023992843210007562,0.10045740138438898,0.05979879989206438,1961,1828,133,13.74436090225564,0.0
1112,46.0133585944028,0.4467316368388622,5.664283478399495,0.05499304347960675,5.664283478399495,0.05499304347960675,4.939199012075505,35.4098761039275,10.603482490475,0.10294643194635923,36.25654768394281,0.8466715800153111,0.00024456140381724756,0.09472631951902903,0.26731408280886626,3565,3462,103,33.61165048543689,0.0
1113,55.96745233517282,0.3253921647393769,8.613960274269907,0.05008116438529016,8.613960274269907,0.05008116438529016,6.138344051588774,41.21514800931419,14.752304325858681,0.0857692111968528,41.742816768754096,0.527668759439905,0.00025007998077720614,0.0827013695722019,0.06347959039248963,2282,2110,172,12.267441860465116,0.0
1114,54.33592788207187,0.3035526697322451,8.633545679791462,0.0482320987697847,8.633545679791462,0.0482320987697847,10.088008010848,35.61437419143226,18.72155369063946,0.10458968542256682,35.84851721610676,0.23414302467449488,0.0002509571539919559,0.10328162383220735,0.028633499791112627,1112,933,179,5.212290502793296,0.0
1115,80.30927789235136,0.2685929026500046,15.019115248879976,0.050231154678528345,15.019115248879976,0.050231154678528345,14.994770681349394,50.29539196212278,30.01388593022937,0.10038088939876044,51.11951040090645,0.8241184387836711,0.0002454925346391633,0.09762464043961509,0.4666855552515585,3656,3357,299,11.22742474916388,0.0
1116,73.90518630833009,0.21055608634851877,17.114958599823844,0.04876056581146394,17.114958599823844,0.04876056581146394,20.54070075510333,36.24952695340329,37.655659354927174,0.1072810807832683,36.88078658781859,0.6312596344153008,0.0002433537526658831,0.10548262028635753,0.11454289643779703,2945,2594,351,7.39031339031339,0.0
1117,48.184180602544586,0.49674412992314004,5.104284772195121,0.052621492496856916,5.104284772195121,0.052621492496856916,2.3064491431997567,40.77344668714983,7.410733915394878,0.07639931871541111,41.352109707078,0.5786630199281717,0.00024718625370703616,0.07043372057182047,0.3595081301237997,2438,2341,97,24.1340206185567,0.0
1118,62.11171277064233,0.23889120296400895,12.927829586109212,0.04972242148503543,12.927829586109212,0.04972242148503543,14.489490228296063,34.694392956237834,27.417319814405275,0.10545123005540491,35.42636322685752,0.7319702706196836,0.00024054231699628117,0.10263595978378773,0.21338767805576708,3303,3043,260,11.703846153846154,0.0
1119,60.4798701829759,0.5815372132978452,5.78904750785278,0.05566391834473827,5.78904750785278,0.05566391834473827,4.189873515272609,50.5009491598513,9.97892102312539,0.09595116368389797,51.36615655698586,0.8652073971345544,0.00024399531786084444,0.08763186178836581,0.4115531872938618,3650,3546,104,34.09615384615385,0.0
1120,50.42244653063648,0.3680470549681495,6.955519706948104,0.050770216839037256,6.955519706948104,0.050770216839037256,7.798950439076975,35.66797638461179,14.75447014602508,0.1076968623797451,36.21333268700505,0.5453563023932588,0.0002476640791976652,0.10371615944256517,0.46633292606674104,2339,2202,137,16.072992700729927,0.0
1121,61.69372077425044,0.27058649462390544,11.428480110755896,0.050124912766473226,11.428480110755896,0.050124912766473226,9.94634121199556,40.31889945149959,21.374821322751455,0.09374921632785725,40.97103025849026,0.6521308069906695,0.0002416194171880954,0.09088899349017622,0.75,2927,2699,228,11.837719298245615,0.0
1122,56.785889532522674,0.2523817312556563,11.222393843351727,0.04987730597045212,11.222393843351727,0.04987730597045212,11.8147289944244,33.74876669474685,23.037122837776124,0.10238721261233832,34.41562072620593,0.6668540314590814,0.00024074152760255647,0.09942341691696331,0.4265241821784116,2995,2770,225,12.311111111111112,0.0
1123,64.03292709358448,0.44467310481655886,7.426606880665915,0.0515736588935133,7.426606880665915,0.0515736588935133,6.438674034403903,50.16764617851595,13.865280915069818,0.09628667302131817,50.81402138013658,0.6463752016206286,0.0002425422895386974,0.09179795634338817,0.23770325732039055,2809,2665,144,18.506944444444443,0.0
1124,103.43072349220756,0.14775817641743938,33.63719694992866,0.04805313849989808,33.63719694992866,0.04805313849989808,34.96614952620047,34.82737701607908,68.60334647612913,0.09800478068018448,35.52021160117471,0.6928345850956248,0.000241827080312609,0.0970150169871898,0.2572942934272078,3565,2865,700,4.0928571428571425,0.0
1125,55.18410056004063,0.303209343736487,9.439784203938062,0.05186694617548386,9.439784203938062,0.05186694617548386,5.514272949095016,40.23004340700834,14.954057153033078,0.08216514919248945,41.071906080356996,0.8418626733486576,0.00024359452353838474,0.07753953010815186,0.006651154136363857,3638,3456,182,18.98901098901099,0.0
1126,40.92264222856505,0.4758446770763378,4.7965586077163715,0.055773937299027576,4.7965586077163715,0.055773937299027576,2.7795363367521304,33.346547284096744,7.576094944468502,0.08809412726126165,34.13565813587172,0.7891108517749785,0.0002459821857153923,0.07891841968248059,0.6615658260823238,3294,3208,86,37.30232558139535,0.0
1127,59.37604374973836,0.8731771139667406,3.726209614668692,0.05479720021571605,3.726209614668692,0.05479720021571605,4.124848707770411,51.52498542729978,7.851058322439103,0.11545674003586916,52.10255325109932,0.5775678237995407,0.00042973796413656304,0.1069630955682211,0.4421975094467143,1412,1344,68,19.764705882352942,0.0
1128,57.09081726055439,0.2606886632902027,10.957951253607506,0.050036307094098204,10.957951253607506,0.050036307094098204,11.086958884353578,35.04590712259443,22.044910137961082,0.10066169012767617,35.76257732717221,0.7166702045777811,0.0002399297638358825,0.09738922344010127,0.07780514391498627,3206,2987,219,13.639269406392694,0.0
1129,91.8587057418776,0.17563806069192658,25.474815603054832,0.04870901644943563,25.474815603054832,0.04870901644943563,23.855257135255442,42.52863300356745,49.33007273831028,0.09432136278835618,43.30469963101518,0.776066627447733,0.000245746240483766,0.09283748778367575,0.04973961808190097,3681,3158,523,6.038240917782026,0.0
1130,43.52314585511601,0.44869222531047437,4.8905664701925105,0.050418211032912476,4.8905664701925105,0.050418211032912476,5.369915875843333,33.26266350908054,10.260482346035843,0.10577816851583344,33.630310394799324,0.36764688571878423,0.0002477404890288303,0.10198799443625453,0.3032523553475812,1581,1484,97,15.29896907216495,0.0
1131,69.01387933841312,0.4035899376515387,8.596370451247703,0.050271172229518726,8.596370451247703,0.050271172229518726,9.415718901578714,51.001789985587436,18.012089352826415,0.10533385586448196,51.57935780938698,0.5775678237995407,0.0005448753054712648,0.10195626625161487,0.09239832436787765,1231,1060,171,6.1988304093567255,0.0
1132,45.17222911463705,0.5646528639329631,4.493343347391356,0.05616679184239195,4.493343347391356,0.05616679184239195,4.706690341729484,35.9721954255171,9.20003368912084,0.1150004211140105,36.75571184199049,0.7835164164733897,0.0002457705195964208,0.10520646590808198,0.1038124519241137,3268,3188,80,39.85,0.0
1133,333.0817143179005,0.10487459518825583,148.958335238644,0.046901239054988664,148.958335238644,0.046901239054988664,141.31967370638154,42.80370537288536,290.27800894502553,0.09139735798017176,42.84009440829806,0.03638903541269656,0.0008086452313932569,0.09138590047531563,0.001531126490249335,3221,45,3176,0.014168765743073047,0.0
1134,49.163713698570064,0.3277580913238004,7.767461863022835,0.0517830790868189,7.767461863022835,0.0517830790868189,7.437735422663025,33.958516412883625,15.205197285685859,0.1013679819045724,34.69048668350331,0.7319702706196836,0.00024014772658126102,0.09648818010044503,0.5097913205614191,3198,3048,150,20.32,0.0
1135,62.89483693472113,0.6353013831790013,5.418741674766919,0.054734764391585033,5.418741674766919,0.054734764391585033,5.962089255747117,51.51400600420817,11.380830930514035,0.11495788818701046,52.32696929788085,0.8129632936726807,0.000541614452813245,0.10674613774586138,0.20886271709656512,1600,1501,99,15.16161616161616,0.0
1136,47.99290403405837,0.6759563948458925,4.20971088785615,0.05929170264586126,4.20971088785615,0.05929170264586126,5.910173492503077,37.8730196536996,10.119884380359228,0.14253358282196096,38.7844811940908,0.9114615403912012,0.00024305641077098698,0.12969609633757137,0.12803342973717236,3821,3750,71,52.816901408450704,0.0
1137,52.566859462131845,0.5475714527305401,5.4519793870948945,0.05679145194890515,5.4519793870948945,0.05679145194890515,3.8025783950338905,43.312301680003145,9.254557782128785,0.09640164356384151,44.21154057120384,0.8992388912006959,0.00024316898085470414,0.08703457178050004,0.03825127485788471,3794,3698,96,38.520833333333336,0.0
1138,73.02831142270526,0.1803168183276673,19.91847972106123,0.04918143141002773,19.91847972106123,0.04918143141002773,18.574644075581716,34.535187626063305,38.49312379664295,0.09504475011516778,35.39814478319789,0.8629571571345878,0.00024356679569138801,0.09291399170248732,0.2507155600338251,3948,3543,405,8.748148148148148,0.0
1139,66.46775418056279,0.47476967271830567,7.361889662514734,0.05258492616081953,7.361889662514734,0.05258492616081953,8.016642992981929,51.08922152506699,15.378532655496663,0.10984666182497617,51.90218481873967,0.8129632936726807,0.0004251900071509836,0.10403978115587945,0.007784214512298604,2052,1912,140,13.657142857142857,0.0
1140,57.65225524931725,0.3257189562108319,8.927851282954073,0.05043983775680267,8.927851282954073,0.05043983775680267,10.579389100849994,38.145014865513815,19.507240383804067,0.11021039764861054,38.803115194242764,0.6581003287289491,0.00024177087756390488,0.10649231669533608,0.34271527917297817,2899,2722,177,15.378531073446327,0.0
1141,78.10374297593779,0.21223843199983095,17.98887742462653,0.048882819088659046,17.98887742462653,0.048882819088659046,16.233192703924715,43.8816728473866,34.222070128551245,0.09299475578410664,44.47148451118619,0.589811663799594,0.0002451420049042369,0.09139200669769457,0.0605602123640665,2774,2406,368,6.538043478260869,0.0
1142,65.89938027057741,0.23790389989378127,13.806034284158986,0.049841279004184065,13.806034284158986,0.049841279004184065,15.407205879878347,36.6861401065413,29.213240164037334,0.10546296088100121,37.50310212982038,0.8169620232790749,0.00024518668165638503,0.10251363949731782,0.13610960332079003,3609,3332,277,12.028880866425993,0.0
1143,64.5331790542761,0.5246599923111879,6.616687429104017,0.05379420674068307,6.616687429104017,0.05379420674068307,6.564317362101008,51.352174263072015,13.181004791205025,0.10716264057890264,52.22387688617016,0.8717026230981446,0.00024390112565700746,0.10007562738297515,0.10421847860004618,3697,3574,123,29.056910569105693,0.0
1144,61.70825398549232,0.3180837834303728,9.64146922900703,0.04969829499488159,9.64146922900703,0.04969829499488159,13.49059689270132,38.5761878637843,23.13206612170835,0.11923745423561004,39.14402054724229,0.5678326834579934,0.0002461346698994336,0.11631048164046406,0.11552993423021007,2501,2307,194,11.891752577319588,0.0
1145,58.911867823678165,0.46024896737248566,6.912492236553586,0.05400384559807489,6.912492236553586,0.05400384559807489,6.73354330021931,45.265832286905436,13.646035536772896,0.10660965263103825,46.11237266692075,0.8465403800153126,0.00024395976369317367,0.09999605591216731,0.3196704667359427,3598,3470,128,27.109375,0.0
1146,63.87828454676145,0.2495245490107869,12.669215614174885,0.04948912349287064,12.669215614174885,0.04948912349287064,13.954367387038303,37.254701545549665,26.623583001213188,0.10399837109848901,37.932433927957845,0.6777323824081805,0.00024041588591989374,0.10135097897970158,0.3749616622187659,3075,2819,256,11.01171875,0.0
1147,144.94082912330595,0.1505096875631422,46.40388344622723,0.04818679485589536,46.40388344622723,0.04818679485589536,47.145065925863946,51.39187975121445,93.54894937209119,0.09714324960757133,51.856182301016986,0.4643025498025395,0.00024044668555284283,0.09666110781130734,0.20959732297029632,2894,1931,963,2.005192107995846,0.0
1148,70.15989303775132,0.23622859608670477,14.507687695923378,0.048847433319607336,14.507687695923378,0.048847433319607336,17.34101729471223,38.311188047116445,31.84870499063561,0.10723469693816703,38.88985106704462,0.5786630199281717,0.0002476093367257902,0.10528633660170605,0.022196065991067826,2634,2337,297,7.8686868686868685,0.0
1149,66.73685749695352,0.3089669328562663,11.141351343526201,0.051580330294102784,11.141351343526201,0.051580330294102784,9.628011272463823,45.967494880963784,20.769362615990026,0.09615445655550937,46.88513583440903,0.9176409534452432,0.0002419939223220578,0.09190611880807635,0.01351080125198223,4008,3792,216,17.555555555555557,0.0
1150,45.18563747274089,0.6644946687167779,3.954704456649829,0.058157418480144545,3.954704456649829,0.058157418480144545,3.3531313132016862,37.8778017028888,7.307835769851515,0.1074681730860517,38.6624297993622,0.7846280964733978,0.0002452729279379174,0.09592952460851019,0.04281866885503405,3267,3199,68,47.044117647058826,0.0
1151,82.41284229567054,0.2512586655355809,16.405431531715024,0.050016559547911656,16.405431531715024,0.050016559547911656,13.768284153747516,52.23912661020847,30.17371568546254,0.09199303562641019,53.05608863348755,0.8169620232790749,0.0002453339409246471,0.08950229775055792,0.2404777881371274,3658,3330,328,10.152439024390244,0.0
1152,52.902162489814486,0.3526810832654299,7.38067713698287,0.049204514246552464,7.38067713698287,0.049204514246552464,7.208632024658414,38.31285332817379,14.589309161641284,0.09726206107760856,38.69160619888925,0.37875287071545927,0.00024530626341674825,0.0947370419395016,0.28019048062668617,1694,1544,150,10.293333333333333,0.0
1153,73.04439426569866,0.2646536024119516,13.816147917754861,0.05005850694838718,13.816147917754861,0.05005850694838718,12.217307287127653,47.01093906081684,26.033455204882515,0.09432411306116853,47.795567157290236,0.7846280964733978,0.0002451962801479368,0.09148125763916094,0.07939887734306694,3476,3200,276,11.594202898550725,0.0
1154,59.02840198770275,0.28243254539570695,10.717041632547119,0.05127771116051253,10.717041632547119,0.05127771116051253,10.333337199132188,37.97802315602411,21.050378831679307,0.10071951594104932,38.904436898494566,0.9264137424704586,0.00024264372511012536,0.0962869143024315,0.2711320044306831,4027,3818,209,18.267942583732058,0.0
1155,69.60600267659754,0.4094470745682208,8.730384106448795,0.051355200626169384,8.730384106448795,0.051355200626169384,8.195301236088312,52.6803173340607,16.925685342537108,0.09956285495610064,53.38854910307134,0.7082317690106379,0.00024073139667254856,0.0953967857266247,0.1662185170824273,3112,2942,170,17.305882352941175,0.0
1156,56.2255149955829,0.3288041812607187,8.381486958496236,0.04901454361693705,8.381486958496236,0.04901454361693705,9.577068395562549,38.26695964152475,17.958555354058785,0.10502079154420342,38.66344448735708,0.3964848458323331,0.00024626387939896466,0.10270216671477085,0.14586887684168914,1781,1610,171,9.415204678362572,0.0
1157,59.406800222347215,0.42738705195933246,7.236994916446912,0.052064711629114475,7.236994916446912,0.052064711629114475,4.9891790630918535,47.18062624280856,12.226173979538766,0.08795808618373213,47.8445835441089,0.6639573013003428,0.0002401292228934332,0.08318141495135478,0.07976458121248697,2904,2765,139,19.892086330935253,0.0
1158,41.96470271339683,0.9537432434862917,2.6006491831018557,0.0591056632523149,2.6006491831018557,0.0591056632523149,1.2030348641121122,38.16101866618271,3.803684047213968,0.08644736470940836,38.73027086964066,0.5692522034579497,0.00024536732907670244,0.07350981463082204,0.35156625717525003,2364,2320,44,52.72727272727273,0.0
1159,67.5029338933931,0.4272337588189437,7.891656631385485,0.04994719386952838,7.891656631385485,0.04994719386952838,6.830135968365539,52.78114129364218,14.721792599751023,0.09317590253006977,53.23182774254951,0.45068644890733367,0.00023795483046849719,0.09032345665090882,0.030208094199736024,2052,1894,158,11.987341772151899,0.0
1160,50.13224135344859,0.42484950299532703,6.34910570571185,0.05380598055688008,6.34910570571185,0.05380598055688008,5.11021015571572,38.67292549202159,11.45931586142757,0.09711284628328448,39.5194658720369,0.8465403800153126,0.00024403008936734293,0.08993877526620075,0.14049185231925776,3587,3469,118,29.39830508474576,0.0
1161,60.84771179969857,0.4474096455860189,7.0117521840476424,0.05155700135329149,7.0117521840476424,0.05155700135329149,5.138061565477869,48.69789805017257,12.149813749525512,0.08933686580533465,49.31523433528287,0.6173362851102979,0.00024124122122325047,0.08479762841482137,0.08325581233356161,2695,2559,136,18.816176470588236,0.0
1162,51.5744168980184,0.44460704222429653,6.210391800946341,0.053537860352985696,6.210391800946341,0.053537860352985696,5.568340845327725,39.79568425174443,11.778732646274065,0.10154079867477642,40.59272942664205,0.7970451748976188,0.0002457740286455809,0.09466971958083058,0.2836787456876664,3359,3243,116,27.95689655172414,0.0
1163,63.89639622976807,0.5916332984237784,5.824763165699959,0.053932992274999626,5.824763165699959,0.053932992274999626,4.528398186744084,53.54323487732421,10.353161352444044,0.09586260511522263,54.30570688438843,0.7624720070642184,0.00024651535954226266,0.08880267912388559,0.16669095238745513,3201,3093,108,28.63888888888889,0.0
1164,117.81561868552075,0.1395919652672047,40.21002456137744,0.047642209195944835,40.21002456137744,0.047642209195944835,38.89475649814818,38.710837625993804,79.10478105952562,0.09372604390939054,39.07969229865387,0.36885467266006344,0.0002467255335518819,0.09328901230671431,0.27500273563441624,2339,1495,844,1.7713270142180095,0.0
1165,67.43535262598306,0.3388711187235329,10.065431037390526,0.050580055464274,10.065431037390526,0.050580055464274,8.791679952752247,48.57824163584047,18.857110990142772,0.09475935170926016,49.28390723484057,0.7056655990000991,0.0004927832395252088,0.09121329342282657,0.01162026573285857,1631,1432,199,7.1959798994974875,0.0
1166,54.251931407596715,0.35692060136576786,7.504010635487764,0.04936849102294581,7.504010635487764,0.04936849102294581,6.734245869518304,40.01367490259122,14.238256505006067,0.0936727401645136,40.41966459180571,0.4059896892144934,0.0006274956556638229,0.09100175536704606,0.1257405702961023,799,647,152,4.256578947368421,0.0
1167,74.19875952798702,0.3240120503405547,11.04475439911888,0.04823036855510428,11.04475439911888,0.04823036855510428,9.299822054747608,53.85418307412044,20.344576453866487,0.08884094521339078,54.048246845122435,0.1940637710019928,0.00025367813202874874,0.08799350516534754,0.2286511366612558,994,765,229,3.3406113537117905,0.0
1168,51.93674319358678,0.39646368850066244,7.00126690824621,0.053444785559131375,7.00126690824621,0.053444785559131375,5.611992053765448,39.32348423157566,12.613258962011658,0.0962844195573409,40.22272312277636,0.8992388912006959,0.00024323475553170027,0.08942000054053756,0.0019291959590646002,3828,3697,131,28.221374045801525,0.0
1169,54.487007525004856,0.9729822772322295,3.3104478928034937,0.05911514094291953,3.3104478928034937,0.05911514094291953,3.044315064889929,48.132244567311375,6.354762957693422,0.11347790995881112,48.837910166311474,0.7056655990000991,0.0004463413023403536,0.1008767385480961,0.08967616561267278,1637,1581,56,28.232142857142858,0.0
1170,308.3187781550125,0.12048408681321318,122.78092219213022,0.04798003993440024,122.78092219213022,0.04798003993440024,145.9037589469574,39.63409701592661,268.6846811390876,0.10499596761980759,40.04008670514111,0.4059896892144934,0.00038300914076839,0.10483731592413889,0.05932138843161283,3619,1060,2559,0.41422430636967567,0.0
1171,87.96155302736531,0.2520388338892989,17.396919105677217,0.04984790574692612,17.396919105677217,0.04984790574692612,16.14383948126283,54.42079444042474,33.54075858694004,0.09610532546401158,55.20051616519248,0.7797217247677395,0.0002459689983494446,0.09387116579419148,0.036903176292753415,3519,3170,349,9.083094555873926,0.0
1172,65.20950817106535,0.2937365232930872,10.973354764163293,0.04942952596469952,10.973354764163293,0.04942952596469952,13.331063762061547,40.9050896448407,24.30441852622484,0.10947936273074252,41.47947729467427,0.574387649833568,0.00024683611939560295,0.10689203097473461,0.07376715616948104,2549,2327,222,10.481981981981981,0.0
1173,63.94405575605555,0.369618819399165,8.911405345679874,0.0515110135588432,8.911405345679874,0.0515110135588432,6.464151723039322,48.56849868733627,15.375557068719196,0.08887605242034217,49.34360479776814,0.7751061104318637,0.0002460654318831313,0.08439567027911798,0.0994197580813534,3323,3150,173,18.208092485549134,0.0
1174,62.71426335623005,0.2850648334374093,10.952197206311746,0.0497827145741443,10.952197206311746,0.0497827145741443,11.505660426610518,40.25640572330934,22.457857632922263,0.10208117105873755,40.91083622647051,0.6544305031611657,0.00024175489588517388,0.09910648695345246,0.001939984288242158,2927,2707,220,12.304545454545455,0.0
1175,65.96506041966126,0.5786408808742215,6.3002957919381215,0.05526575256086071,6.3002957919381215,0.05526575256086071,4.179932126716153,55.48483250100645,10.480227918654275,0.09193182384784453,56.39877883982189,0.9139463388154354,0.00024294161053041877,0.08391475070034535,0.3436054039114538,3876,3762,114,33.0,0.0
1176,55.3139792149683,0.40973317937013554,6.934515090795024,0.051366778450333515,6.934515090795024,0.051366778450333515,7.204848701959861,41.17461542221349,14.139363792754885,0.10473602809448063,41.81593357234402,0.6413181501305303,0.0002421896337350945,0.09998552327869835,0.048303607893899425,2783,2648,135,19.614814814814814,0.0
1177,61.76917821183309,0.3766413305599579,8.48599207557564,0.05174385411936366,8.48599207557564,0.05174385411936366,4.263361493557966,49.01982464269946,12.749353569133605,0.07773996078740003,49.794930753131325,0.7751061104318637,0.0002460654318831313,0.0730137040164742,0.11959261169846513,3314,3150,164,19.20731707317073,0.0
1178,63.98198135029162,0.26222123504217876,11.734215636600108,0.04809104769098405,11.734215636600108,0.04809104769098405,11.200615698451656,41.04715001524164,22.934831335051765,0.09399521038955641,41.3521947434005,0.30504472815886174,0.0002578569130675078,0.0927450270774226,0.3040714610585269,1427,1183,244,4.848360655737705,0.0
1179,69.07174082079894,0.5804347968134365,6.233396761459449,0.05238148539041554,6.233396761459449,0.05238148539041554,6.422085559812331,56.41625849952652,12.65548232127178,0.10634859093505697,57.01282074790447,0.5965622483779498,0.00024439256385823426,0.10133546279743248,0.17341800284299325,2560,2441,119,20.51260504201681,0.0
1180,54.2689259664715,0.4307057616386627,6.428869791120201,0.0510227761200016,6.428869791120201,0.0510227761200016,6.645668319647143,41.19438785570412,13.074538110767344,0.10376617548228051,41.75356823801684,0.5591803823127179,0.00024546987810040294,0.09932823594011635,0.4479711728968141,2404,2278,126,18.07936507936508,0.0
1181,65.7169607760519,0.3650942265336217,9.16874332899108,0.050937462938839335,9.16874332899108,0.050937462938839335,6.5244762473107585,50.02374119975025,15.69321957630184,0.08718455320167688,50.74073268432801,0.7169914845777612,0.00024060116932139638,0.08320126717624388,0.4102323855506711,3160,2980,180,16.555555555555557,0.0
1182,54.284663172925036,0.43083066010257964,6.501062985765321,0.05159573798226445,6.501062985765321,0.05159573798226445,6.964295178234863,40.81930500892622,13.465358164000184,0.1068679219365094,41.45658473093346,0.6372797220072357,0.00024258839817557507,0.10181014636501254,0.018701225897927998,2753,2627,126,20.849206349206348,0.0
1183,84.36209166526373,0.2830942673330998,15.080344616903437,0.050605183278199455,15.080344616903437,0.050605183278199455,12.929299519189613,56.35244752916998,28.00964413609305,0.09399209441641963,57.229816010244065,0.877368481074086,0.00024391673090744676,0.09104790488261634,0.4946988821017726,3895,3597,298,12.070469798657719,0.0
1184,59.28511374039931,0.3187371706473081,9.258565990731936,0.049777236509311484,9.258565990731936,0.049777236509311484,9.207417771178143,40.81912997848906,18.46598376191008,0.09927948259091442,41.37171218498588,0.5525822064968224,0.00024712978823650375,0.09630861051297543,0.01080576597740901,2422,2236,186,12.021505376344086,0.0
1185,77.37133871146477,0.23733539482044408,16.026814074056404,0.049162006362136204,16.026814074056404,0.049162006362136204,10.895650857349779,50.44887378005836,26.922464931406182,0.08258424825584719,51.13433874690725,0.6854649668488833,0.00024144591998903953,0.0804815949833053,0.004729846196767085,3165,2839,326,8.708588957055214,0.0
1186,46.63146029814499,0.6567811309597885,4.098394141490641,0.05772386114775551,4.098394141490641,0.05772386114775551,2.079024308047792,40.4540418486074,6.177418449538433,0.08700589365547089,41.27313443188649,0.8190925832790867,0.000245163898018284,0.07546937839800699,0.6350914190501271,3412,3341,71,47.056338028169016,0.0
1187,70.32925614011367,0.4395578508757104,8.172222690135929,0.05107639181334955,8.172222690135929,0.05107639181334955,5.551600253929621,56.60543319604773,13.72382294406555,0.08577389340040968,57.1860562038305,0.5806230077827763,0.0002458183775540967,0.0821449996017698,0.49532477796134344,2522,2362,160,14.7625,0.0
1188,51.2918613242299,0.4793631899460738,5.85757848485013,0.05474372415747785,5.85757848485013,0.05474372415747785,4.898915731969282,40.53536710741071,10.756494216819412,0.10052798333476086,41.41273558848479,0.877368481074086,0.00024412033418867168,0.09232827790415987,0.21436349197017535,3701,3594,107,33.58878504672897,0.0
1189,383.93939923018814,0.1041050431752137,173.34027753446335,0.047001159852077916,173.34027753446335,0.047001159852077916,161.0225395690407,49.57658212669946,334.3628171035041,0.09066236906277225,49.66822851929902,0.0916463925995572,0.0003075382301998564,0.09063751917323458,0.21297693122613737,3986,298,3688,0.08080260303687635,0.0
1190,49.65447624375429,0.5226786973026767,5.183355463576344,0.05456163645869836,5.183355463576344,0.05456163645869836,3.5381614081442194,40.93295937203493,8.721516871720564,0.0918054407549533,41.713196296802664,0.7802369247677348,0.0002455119335329562,0.08359242049422763,0.3090370320157376,3273,3178,95,33.45263157894737,0.0
1191,71.6133825522241,0.45039863240392514,8.139531242477341,0.051192020392939255,8.139531242477341,0.051192020392939255,6.449013797897976,57.02483751184849,14.588545040375317,0.09175185559984476,57.61095012677259,0.5861126149241045,0.00024616237502062346,0.0880656127386887,0.1351897818159955,2540,2381,159,14.974842767295597,0.0
1192,54.71156312343925,0.39360836779452696,7.136068921211365,0.05133862533245586,7.136068921211365,0.05133862533245586,6.8505532474207484,40.72494095480681,13.986622168632113,0.10062318106929578,41.36222067681405,0.6372797220072357,0.00024258839817557507,0.09603843486780721,0.030590888620110945,2766,2627,139,18.899280575539567,0.0
1193,61.380373618468866,0.4990274277924298,6.38429403639459,0.05190482956418366,6.38429403639459,0.05190482956418366,4.48418462364026,50.511894958434254,10.86847866003485,0.08836161512223455,51.13375707252578,0.6218621140915275,0.0002420638824801586,0.08330582557677305,0.0052692823335291905,2692,2569,123,20.88617886178862,0.0
1194,67.51396878016777,0.2700558751206711,12.66918366820198,0.050676734672807915,12.66918366820198,0.050676734672807915,11.996918303382984,42.84786680858332,24.666101971584965,0.09866440788633986,43.736802864184426,0.888936055601107,0.00024535911001962655,0.09510866366393339,0.09817480230310593,3873,3623,250,14.492,0.0
1195,84.73462567253745,0.3161739763900651,13.651340016835626,0.05093783588371502,13.651340016835626,0.05093783588371502,13.107027390395672,57.97625826530566,26.758367407231297,0.0998446545045944,58.848670008403815,0.8724117430981551,0.00024389481216051303,0.09658938680646878,0.4040176579796366,3845,3577,268,13.347014925373134,0.0
1196,53.96343572118292,0.6830814648251002,4.295148048915657,0.05436896264450198,4.295148048915657,0.05436896264450198,6.230475453329234,43.43781221893744,10.52562350224489,0.13323574053474546,44.05789001302895,0.6200777940915145,0.0002419343714754251,0.12538665453359452,0.24066565964005804,2642,2563,79,32.44303797468354,0.0
1197,73.06424515511958,0.28765450848472274,12.70382948587377,0.05001507671603846,12.70382948587377,0.05001507671603846,8.616297174091358,51.74411849515428,21.320126659965126,0.08393750653529577,52.510337282650596,0.7662187874963138,0.0002467693357476051,0.08092089713570466,0.44598638898753507,3359,3105,254,12.224409448818898,0.0
1198,59.132723156372776,0.30959540919566897,9.35733913337207,0.048991304363204556,9.35733913337207,0.048991304363204556,7.665219085117542,42.11016493788429,17.022558218489614,0.0891233414580608,42.52001626556324,0.4098513276789504,0.00024381399623970873,0.08697752298853159,0.6307136687212278,1872,1681,191,8.801047120418849,0.0
1199,78.09813957698168,0.35661250948393464,11.116874553335343,0.05076198426180522,11.116874553335343,0.05076198426180522,9.040731936151872,57.940533087494316,20.157606489487215,0.09204386524880007,58.6073871189534,0.6668540314590814,0.00024082846928822008,0.08899886967136202,0.02306442818837695,2988,2769,219,12.643835616438356,0.0
1200,45.97312199774683,1.4830039354111881,1.6347402116379453,0.052733555214127266,1.6347402116379453,0.052733555214127266,1.845508502089956,42.49287328401908,3.4802487137279012,0.11226608753960972,42.72819213302262,0.23531884900353361,0.0002500731657848391,0.10467515692658752,0.4652522431127295,972,941,31,30.35483870967742,0.0
1201,70.23970048340516,0.36583177335106853,9.721562924899382,0.05063314023385095,9.721562924899382,0.05063314023385095,7.9163183543573155,52.60181920414783,17.637881279256696,0.09186396499612863,53.30179802388187,0.6999788197340422,0.00024112256966381062,0.08821824197668378,0.06970254436328105,3095,2903,192,15.119791666666666,0.0
1202,52.105284130349105,0.5854526306780798,4.799963878039783,0.05393217840494138,4.799963878039783,0.05393217840494138,4.6764017699958345,42.62891848231442,9.476365648035618,0.10647601851725413,43.29639779377351,0.6674793114590898,0.00024010047174787404,0.09897625097275951,0.22221223659158795,2869,2780,89,31.235955056179776,0.0
1203,66.82821125746648,0.734375947884247,5.207130673336207,0.05722121619050777,5.207130673336207,0.05722121619050777,2.5117430456328407,59.109337538497414,7.718873718969047,0.08482278812053898,60.02381635731285,0.9144788188154394,0.00024237445502662056,0.07477357033135851,0.1855646841679004,3864,3773,91,41.46153846153846,0.0
1204,56.55541416463075,0.4833796082447072,6.390007724146868,0.05461545063373391,6.390007724146868,0.05461545063373391,7.158841449701185,43.006564990782636,13.548849173848053,0.115802129691009,43.921043809598075,0.9144788188154394,0.0002421818905761227,0.10798607141053566,0.1259487230374816,3893,3776,117,32.27350427350427,0.0
1205,228.3410565994892,0.12416588178330028,85.77556032367532,0.04664250153544063,85.77556032367532,0.04664250153544063,89.89028931479481,52.67520696101377,175.66584963847015,0.09552248484963032,52.7137635790931,0.0385566180793262,0.000771132361586524,0.09550151877128663,0.09286541907113133,1889,50,1839,0.027188689505165852,0.0
1206,62.53164708878211,0.2855326351085941,11.249091395935988,0.05136571413669401,11.249091395935988,0.05136571413669401,8.400638273294476,42.88191741955194,19.649729669230464,0.08972479301018477,43.81249398282648,0.930576563274542,0.00024214846819530105,0.08547558495870149,0.10369456573528169,4062,3843,219,17.54794520547945,0.0
1207,75.60061011563738,0.41768292881567615,9.50570013378765,0.05251768029716934,9.50570013378765,0.05251768029716934,6.3975080336526275,59.697401948196955,15.903208167440278,0.0878630285493938,60.57947545186545,0.8820735036684937,0.0002448843708130188,0.08298969427498305,0.10126703016447891,3783,3602,181,19.900552486187845,0.0
1208,60.606968227926814,0.40675817602635445,7.9090073943197545,0.053080586539058755,7.9090073943197545,0.053080586539058755,8.791369880916875,43.90659095269052,16.70037727523663,0.11208306896131966,44.83762063596504,0.9310296832745166,0.0002415749048454895,0.10583454759705889,0.04602058893647154,4003,3854,149,25.86577181208054,0.0
1209,72.85654348155435,0.3357444400071629,10.823429879388323,0.04987755704787246,10.823429879388323,0.04987755704787246,8.757546454218527,53.275567147947356,19.58097633360685,0.09023491397975507,53.91820945807791,0.6426423101305545,0.00024214103622100772,0.08727342867961495,0.1785841673926143,2871,2654,217,12.23041474654378,0.0
1210,63.239341148351684,0.2914255352458603,10.871184251477919,0.050097623278700085,10.871184251477919,0.050097623278700085,8.63102274626209,43.73713415061184,19.50220699774001,0.08987192164857148,44.37845230074237,0.6413181501305303,0.00024273964804334984,0.08691653846824571,0.030267099091759064,2859,2642,217,12.175115207373272,0.0
1211,429.6189974752997,0.12324124999291443,165.96976892164653,0.04761037547953142,165.96976892164653,0.04761037547953142,203.50293797237867,60.14629058127741,369.47270689402524,0.10598758086460851,60.3003738414522,0.15408326017478657,0.0002837629100824799,0.10594338027362235,0.17831301516719122,4029,543,3486,0.15576592082616178,0.0
1212,68.91716954721056,0.27132743916224633,12.851418741630894,0.05059613677807439,12.851418741630894,0.05059613677807439,11.782781746885746,44.28296905869411,24.63420048851664,0.0969850412933726,45.20238177334062,0.9194127146465121,0.00024214187902199422,0.09336530619633836,0.5909097074763281,4051,3797,254,14.948818897637794,0.0
1213,86.16930651882655,0.2595461039723691,15.971626605007852,0.048107309051228474,15.971626605007852,0.048107309051228474,16.67165424153734,53.526025672278934,32.643280846545196,0.09832313507995541,53.958616957210836,0.43259128493190246,0.00024113226584832913,0.09702014928197503,0.10745556190994421,2126,1794,332,5.403614457831325,0.0
1214,66.93242940394146,0.3113136251346114,10.745216480101869,0.04997775107024125,10.745216480101869,0.04997775107024125,11.369385103482728,44.817827820356854,22.114601583584594,0.10285861201667253,45.39790682813964,0.5800790077827855,0.00024579618973846843,0.10016057012000845,0.3249182785896778,2575,2360,215,10.976744186046512,0.0
1215,113.75138439042388,0.19312628928764666,28.93786421874731,0.04913049952249119,28.93786421874731,0.04913049952249119,25.19509974675367,59.61842042492236,54.13296396550098,0.09190656021307467,60.50650052373777,0.8880800988154078,0.0004826522276170695,0.09039878415396622,0.4272435796380023,2429,1840,589,3.1239388794567065,0.0
1216,79.1482885004391,0.20938700661491824,18.433905067589205,0.048766944623251866,18.433905067589205,0.048766944623251866,16.557212163275494,44.15717126957355,34.9911172308647,0.09256909320334578,44.79848941970408,0.6413181501305303,0.00024228112962996988,0.09087248434056881,0.42189987624846026,3025,2647,378,7.002645502645502,0.0
1217,86.07155025297692,0.2546495569614702,16.425140457873418,0.048595090112051535,16.425140457873418,0.048595090112051535,16.92923943443452,52.7171703606665,33.35437989230794,0.09868159731452053,53.32742935189259,0.6102589912260896,0.0002425512683728496,0.09687609734048618,0.06738486206819516,2854,2516,338,7.443786982248521,0.0
1218,68.94566326774958,0.28489943499070075,11.983845763452177,0.049520023815918086,11.983845763452177,0.049520023815918086,12.520025089722878,44.441792414574365,24.503870853175055,0.10125566468254155,44.980285899824764,0.5384934852503989,0.00024907191732210864,0.09903048499142486,0.03958609561061621,2404,2162,242,8.933884297520661,0.0
1219,71.84165339307543,0.4695532901508198,8.168685388632955,0.05339010057930036,8.168685388632955,0.05339010057930036,4.638353190084672,59.03461481435801,12.807038578717627,0.0837061345014224,59.922694913173416,0.8880800988154078,0.00046014512891990044,0.0779016894111243,0.054934776637082905,2083,1930,153,12.61437908496732,0.0
1220,55.51832315126819,0.5783158661590436,4.796158834533982,0.04995998785972897,4.796158834533982,0.04995998785972897,6.030591132364407,44.69157318436993,10.826749966898388,0.11277864548852488,45.00837508447688,0.3168019001069524,0.00025162978562903287,0.1094786256957428,0.2305765630183032,1355,1259,96,13.114583333333334,0.0
1221,71.14434647013047,0.34204012726024263,10.142479975921914,0.048761922961163044,10.142479975921914,0.048761922961163044,8.308943689670627,52.692922804537716,18.451423665592543,0.08870876762304107,53.075756647429216,0.38283384289150035,0.00024762861765297565,0.08686822030144835,0.35700345575554593,1754,1546,208,7.4326923076923075,0.0
1222,74.29695863901247,0.23966760851294347,15.43236650453263,0.04978182743397623,15.43236650453263,0.04978182743397623,14.745870141607213,44.118721992872395,30.178236646139844,0.09734915047141886,44.82695376188303,0.7082317690106379,0.00024097712453577334,0.09506453186170788,0.2664218360555992,3249,2939,310,9.480645161290322,0.0
1223,89.72012531317205,0.2735369674182075,16.15535564489727,0.04925413306371119,16.15535564489727,0.04925413306371119,14.497405409376654,59.06736425889818,30.652761054273924,0.09345353979961563,59.65487044187233,0.5875061829741526,0.0002462305880025786,0.09166236241249913,0.04874416262663317,2714,2386,328,7.274390243902439,0.0
1224,60.85361083777207,0.3399643063562685,9.190697979351398,0.05134468144889049,9.190697979351398,0.05134468144889049,7.320926349693593,44.341986508727814,16.51162432904499,0.09224371133544688,45.14641247008211,0.8044259613542977,0.00024458071187421636,0.08774971155134054,0.3705340687397438,3468,3289,179,18.374301675977655,0.0
1225,74.13886450299469,0.3209474653809294,11.558014637442826,0.050034695400185396,11.558014637442826,0.050034695400185396,10.172998289625127,52.407851575926315,21.73101292706795,0.0940736490349262,53.12771311981527,0.7198615438889533,0.00024043471739778,0.09095736529514903,0.1703624777951518,3225,2994,231,12.96103896103896,0.0
1226,61.35562546825486,0.3506035741043135,8.980304154879166,0.051316023742166664,8.980304154879166,0.051316023742166664,7.683958165163006,44.69136314821236,16.66426232004217,0.09522435611452669,45.41169253210131,0.7203293838889522,0.00023947120475031655,0.09110818820659168,0.3510594212500564,3183,3008,175,17.18857142857143,0.0
1227,81.83252182502753,0.43069748328961854,9.907471443667497,0.052144586545618404,9.907471443667497,0.052144586545618404,10.139485608402026,61.78556477295825,20.046957052069523,0.10551030027405012,62.68386023692665,0.8982954639683953,0.0002432427468097469,0.10078242941105725,0.3566511524924749,3883,3693,190,19.436842105263157,0.0
1228,116.2997127142969,0.15342970015078747,36.631761359067845,0.04832686195127684,36.631761359067845,0.04832686195127684,35.548574070991776,44.11937728423618,72.18033543005961,0.09522471692620002,44.916459033307206,0.797081749071026,0.00024533140937858604,0.09417315789048773,0.148962134308249,4007,3249,758,4.286279683377309,0.0
1229,325.4167931942344,0.10764697095409673,141.8409595773274,0.046920595295179425,141.8409595773274,0.046920595295179425,131.94955663439328,51.6262769825243,273.79051621172067,0.09056914198204455,51.81751940778588,0.19124242526157786,0.00025601395617346433,0.0905058795191692,0.6447634292401858,3770,747,3023,0.24710552431359575,0.0
1230,68.47556693224402,0.27172844020731757,12.490154786192003,0.049564106294412706,12.490154786192003,0.049564106294412706,11.9319067339473,44.05350541210424,24.4220615201393,0.09691294254023533,44.61087882276223,0.5573734106579877,0.00024673457753784315,0.0947011432915944,0.20781040395615946,2511,2259,252,8.964285714285714,0.0
1231,77.98142303110455,0.47841363822763533,8.317647975216678,0.0510285151853784,8.317647975216678,0.0510285151853784,8.233619679484832,61.43015537640298,16.551267654701512,0.10154151935399701,62.01538607132704,0.5852306949240642,0.0002467245762749006,0.09795114699250007,0.25216889301907486,2535,2372,163,14.552147239263803,0.0
1232,71.54997075671656,0.22932682934845053,15.354156426195647,0.04921203982755015,15.354156426195647,0.04921203982755015,12.533798038754412,43.662016291765894,27.88795446495006,0.0893844694389425,44.33262391869232,0.6706076269264258,0.0002404473384461907,0.08723508601930846,0.2448887026592388,3101,2789,312,8.939102564102564,0.0
1233,57.483287234382885,0.8211898176340412,3.888200563700849,0.055545722338583556,3.888200563700849,0.055545722338583556,2.04053673869322,51.55454993198896,5.928737302394069,0.08469624717705812,52.19586808211949,0.6413181501305303,0.0002423726946827401,0.07553455931804852,0.49922932473333503,2716,2646,70,37.8,0.0
1234,78.79538033692177,0.22385051232080047,17.3731361191517,0.04935550033849914,17.3731361191517,0.04935550033849914,16.789684116409944,44.632560101359616,34.16282023556164,0.09705346657830011,45.264845655774934,0.6322855544153185,0.00024281319293983046,0.0952572007987126,0.24668997239712098,2956,2604,352,7.3977272727272725,0.0
1235,66.02173389016298,1.6928649715426405,2.7163089067534596,0.06964894632701178,2.7163089067534596,0.06964894632701178,0.9785119634840385,62.32691301992514,3.694820870237498,0.09473899667275636,63.19639496404841,0.8694819441232653,0.00024375720328658965,0.0724445878490915,0.04091147972297904,3606,3567,39,91.46153846153847,0.0
1236,53.63693257952406,0.5645992903107796,5.040914301901826,0.053062255809492906,5.040914301901826,0.053062255809492906,4.020831989063481,44.57518628855979,9.061746290965306,0.0953868030627927,45.19607607817744,0.6208897896176495,0.0004351014643431321,0.08885112106680648,0.01768241394591996,1522,1427,95,15.021052631578947,0.0
1237,67.41376049266131,0.40610699091964647,8.625305692379737,0.05195967284566107,8.625305692379737,0.05195967284566107,5.915323217040907,52.873131583240365,14.540628909420644,0.08759415005675086,53.714329936589024,0.8411983533486591,0.00024425039295837954,0.08252669009682101,0.1459423150985799,3610,3444,166,20.746987951807228,0.0
1238,52.21854267401943,0.5933925303865845,4.905707627736486,0.05574667758791462,4.905707627736486,0.05574667758791462,1.826789639206595,45.48604540707612,6.732497266943081,0.07650565076071683,46.26115151750798,0.7751061104318637,0.00024614357269986143,0.06769762677853919,0.09017806901567837,3237,3149,88,35.78409090909091,0.0
1239,74.20255918766486,0.9763494629955902,4.089647770574413,0.05381115487597912,4.089647770574413,0.05381115487597912,5.643991016795724,64.46892040029422,9.733638787370136,0.1280741945706597,64.99395589573413,0.5250354954399086,0.0002498979035887237,0.12116583278856222,0.08028340289649805,2177,2101,76,27.644736842105264,0.0
1240,108.1947672068768,0.1579485652655136,32.99725087499174,0.04817116916057189,32.99725087499174,0.04817116916057189,30.953186695383806,44.244329636500254,63.95043757037555,0.09335830302244606,44.8652194261179,0.6208897896176495,0.0005244001601500418,0.09245189457045096,0.014452865048781405,1869,1184,685,1.7284671532846716,0.0
1241,59.275755286052345,1.41132750681077,4.363141751581623,0.10388432741861008,4.363141751581623,0.10388432741861008,1.5601803537981596,53.35243318067245,5.923322105379783,0.14103147869951865,53.949902976288456,0.5974697956160071,0.0002407211102401318,0.12680600737533068,0.1769824189556175,2524,2455,69,35.57971014492754,1.0
1242,62.05029069261076,0.36500170995653386,8.967896835044256,0.052752334323789736,8.967896835044256,0.052752334323789736,6.854265691356318,46.22812816620939,15.822162526400573,0.09307154427294455,47.14207450502482,0.9139463388154354,0.00024261915020319495,0.0876953893387408,0.09291373599683084,3937,3767,170,22.158823529411766,0.0
1243,76.92070586737174,0.725667036484639,5.4232217186038865,0.05116246904343289,5.4232217186038865,0.05116246904343289,6.938207978374351,64.55927617039339,12.361429696978238,0.11661726129224753,65.01275263843752,0.4534764680441299,0.00023792049739985828,0.11233918140503979,0.15033070533951332,2012,1906,106,17.9811320754717,0.0
1244,60.198998059474434,0.3168368318919707,9.126696527483935,0.048035244881494396,9.126696527483935,0.048035244881494396,6.641952068180103,44.43034946381107,15.768648595664038,0.0829928873456002,44.65167599486949,0.22132653105842337,0.00024980421112688866,0.0818280108663418,0.014643102014872511,1076,886,190,4.663157894736842,0.0
1245,79.25960446845107,0.33024835195187946,12.072429353211975,0.05030178897171656,12.072429353211975,0.05030178897171656,11.220395152310914,55.966779962925386,23.292824505522887,0.09705343543967869,56.83198736005994,0.8652073971345544,0.0002438577782228169,0.09344840461829639,0.4454967910251071,3788,3548,240,14.783333333333333,0.0
1246,76.42053127432445,0.2916814170775742,13.40093740742326,0.051148616058867405,13.40093740742326,0.051148616058867405,13.429602152647988,49.58999171425256,26.830539560071248,0.10240663954225668,50.50283501464372,0.9128433003911596,0.00024303602246835985,0.0989225048079417,0.019958661814371226,4018,3756,262,14.335877862595419,0.0
1247,91.47925630399322,0.34007158477320903,13.361679371812567,0.04967167052718426,13.361679371812567,0.04967167052718426,13.843942665688644,64.27363426649174,27.20562203750121,0.10113614140335023,64.95909923334062,0.6854649668488833,0.0002415309960707834,0.09858794450056729,0.499235142519467,3107,2838,269,10.550185873605948,0.0
1248,63.49962553813151,0.30094609259777966,10.572428075190242,0.05010629419521442,10.572428075190242,0.05010629419521442,8.02944364538314,44.897753817557884,18.60187172057338,0.08816052948139043,45.5592616712392,0.6615078536813144,0.00024054831042956887,0.08502542117010574,0.48326170938025825,2961,2750,211,13.033175355450236,0.0
1249,81.43457617656372,0.3393107340690155,11.789916489788675,0.04912465204078615,11.789916489788675,0.04912465204078615,13.19983796387288,56.44482172289935,24.989754453661554,0.10412397689025647,57.04571594270584,0.6008942198064915,0.00024357284953647812,0.10162025097440784,0.23863343325604092,2707,2467,240,10.279166666666667,0.0
1250,57.2651478085898,1.0225919251533893,3.156979765497284,0.05637463866959436,3.156979765497284,0.05637463866959436,4.282663256048977,49.82550478704286,7.439643021546261,0.1328507682418975,50.34919132026056,0.523686533217699,0.0002502085681881027,0.12349922300587934,0.17684591872921374,2149,2093,56,37.375,0.0
1251,213.33310738804136,0.15336671990513398,66.50477193303827,0.04781076343137187,66.50477193303827,0.04781076343137187,82.92328237817259,63.905053076829006,149.42805431121087,0.10742491323595318,63.93891505059088,0.03386197376187283,0.0010923217342539624,0.10740056961714628,0.15530509514610458,1422,31,1391,0.02228612508986341,0.0
1252,53.1806713934393,0.6997456762294645,4.1014916979752005,0.05396699602598948,4.1014916979752005,0.05396699602598948,3.775073309505217,45.304106385959756,7.876565007480417,0.10363901325632129,45.87854587579329,0.5744394898335372,0.0002462235275754553,0.0960805989163948,0.20203648286207,2409,2333,76,30.69736842105263,0.0
1253,79.42572251889698,0.3468372162397248,11.421035971355467,0.049873519525569725,11.421035971355467,0.049873519525569725,11.599927441579666,56.40475910595927,23.02096341293513,0.10052822451063376,57.15513393814189,0.7503748321826151,0.00024402433566914314,0.09725147851858117,0.39233540200922334,3304,3075,229,13.427947598253276,0.0
1254,76.62770188032363,0.28916113917103253,13.494917200923926,0.050924215852543114,13.494917200923926,0.050924215852543114,13.666522148220452,49.46626253117921,27.161439349144377,0.10249599754394105,50.36320776048092,0.8969452293017071,0.00024413315985348586,0.09911129856544419,0.5655450336916488,3939,3674,265,13.864150943396226,0.0
1255,86.6115010655775,0.37172318053895925,11.687414378650269,0.05016057673240459,11.687414378650269,0.05016057673240459,11.630611706054992,63.29347498087219,23.31802608470526,0.10007736517040884,64.01046646544995,0.7169914845777612,0.00024068193507142033,0.0970001484984015,0.14933823568759408,3212,2979,233,12.785407725321889,0.0
1256,64.9927630538021,0.2888567246835649,11.164135055004209,0.04961837802224093,11.164135055004209,0.04961837802224093,9.001677575516112,44.82695042328106,20.16581263052032,0.08962583391342364,45.413063038205166,0.5861126149241045,0.0002465766154497705,0.08702088895820856,0.414940705409208,2602,2377,225,10.564444444444444,0.0
1257,71.42175868687951,0.7142175868687951,5.418812572630278,0.054188125726302785,5.418812572630278,0.054188125726302785,6.653394684639295,59.34955142960865,12.072207257269573,0.12072207257269574,60.149177818679675,0.7996263890710225,0.00024520895095707525,0.11272580868199839,0.2637714559786559,3361,3261,100,32.61,0.0
1258,64.67065398892072,0.5132591586422279,6.862185742488179,0.05446179160704904,6.862185742488179,0.05446179160704904,7.169473931340235,50.638994315092305,14.031659673828415,0.11136237836371758,51.51069693819045,0.8717026230981446,0.00024417440422917216,0.10444410357722436,0.09697756116787559,3696,3570,126,28.333333333333332,0.0
1259,101.39010813953297,0.2503459460235382,20.08587790129515,0.04959476025011148,20.08587790129515,0.04959476025011148,17.656394836927234,63.64783540131026,37.74227273822238,0.09319079688449972,64.49450698132557,0.8466715800153111,0.00024456140381724756,0.0911002497733516,0.16138897080179504,3867,3462,405,8.548148148148147,0.0
1260,56.50428003513565,0.3870156166790113,7.382851287234116,0.050567474570096686,7.382851287234116,0.050567474570096686,4.27138681623677,44.850041931664975,11.654238103470886,0.07982354865391018,45.39854722516935,0.5485052935043768,0.000247968035038145,0.07606666308196094,0.04088311859186433,2358,2212,146,15.150684931506849,0.0
1261,73.36334497792268,0.5916398788542152,6.457978182045264,0.05208046921004245,6.457978182045264,0.05208046921004245,6.7906272471267926,60.11473954874873,13.248605429172056,0.10684359217074238,60.8375401877488,0.7228006390000701,0.0002401331026578306,0.10101455475946677,0.015967672740089256,3134,3010,124,24.274193548387096,0.0
1262,79.4261743645257,0.2877759940743685,13.801321206427337,0.050004786979809195,13.801321206427337,0.050004786979809195,14.167580429970485,51.45727272812883,27.968901636397824,0.10133660013187618,52.17394293270661,0.7166702045777811,0.00023968903163136491,0.0987399689558663,0.027314769984627674,3266,2990,276,10.833333333333334,0.0
1263,82.76558677599348,0.4288372371813134,9.954513377175086,0.0515777895190419,9.954513377175086,0.0515777895190419,8.689854376983078,64.12121902183515,18.644367754158164,0.09660294173138945,64.9936307649333,0.8724117430981551,0.00024348639215689507,0.09208267363243618,0.5734728332589611,3776,3583,193,18.564766839378237,0.0
1264,56.37394701185548,0.3809050473774019,7.474386904179735,0.05050261421743064,7.474386904179735,0.05050261421743064,4.130113262983514,44.76944684469248,11.604500167163248,0.0784087849132652,45.31514106708573,0.5456942223932515,0.00024804282836056885,0.07472166178898476,0.10518445201694249,2348,2200,148,14.864864864864865,0.0
1265,78.85504226365026,0.5257002817576684,7.559267211279604,0.050395114741864026,7.559267211279604,0.050395114741864026,11.243441224412834,60.05233382795535,18.802708435692438,0.12535138957128292,60.672411622046866,0.6200777940915145,0.0002419343714754251,0.1212175376106893,0.3132168490084837,2713,2563,150,17.086666666666666,0.0
1266,58.153859984165365,1.0202431576169362,3.2037289428060554,0.056205770926422025,3.2037289428060554,0.056205770926422025,3.7515036266657944,51.19862741469359,6.95523256947185,0.12202162402582192,51.73802841994399,0.5394010052503972,0.0002478864913834546,0.11255844849511189,0.17557170578538717,2233,2176,57,38.175438596491226,0.0
1267,89.14471502977938,0.3338753371901849,12.904441732896592,0.04833124244530559,12.904441732896592,0.04833124244530559,11.887969880343746,64.35230341653914,24.79241161324034,0.09285547420689266,64.66245785921461,0.31015444267546854,0.0002565380005587002,0.0916938470807669,0.047354341583343285,1476,1209,267,4.52808988764045,0.0
1268,61.294980970160225,0.3295429084417216,9.629481479034947,0.05177140580126315,9.629481479034947,0.05177140580126315,5.83086433179767,45.83463515932647,15.460345810832617,0.0831201387679173,46.71788114299494,0.8832459836684734,0.000244395678934276,0.07837150444712518,0.07116955500043787,3800,3614,186,19.43010752688172,0.0
1269,321.0578825763998,0.11225800090083908,134.30990480894758,0.0469615051779537,134.30990480894758,0.0469615051779537,126.5136175989544,60.234360168509,260.823522407902,0.09119703580695873,60.59136372891908,0.3570035604100781,0.0003275262022110808,0.09107220938723101,0.14395585116869825,3950,1090,2860,0.3811188811188811,0.0
1270,59.066031700101576,0.8091237219191997,3.7717203501213326,0.05166740205645661,3.7717203501213326,0.05166740205645661,3.9634593060936254,51.33085204388652,7.735179656214958,0.10596136515362957,51.674849898892035,0.3439978550055116,0.00024873308387961794,0.1012490657699937,0.14469662830498464,1456,1383,73,18.945205479452056,0.0
1271,74.5527870619718,0.8283643006885756,5.027344750233961,0.055859386113710684,5.027344750233961,0.055859386113710684,4.222350082377375,65.30309222936108,9.249694832611336,0.10277438702901484,66.12975512316683,0.8266628938057465,0.0002458842634758318,0.09358924376449965,0.18492767490056394,3452,3362,90,37.355555555555554,0.0
1272,66.19396886600794,0.28905663260265474,11.416363428268125,0.04985311540728439,11.416363428268125,0.04985311540728439,7.964322260155086,46.81328317758346,19.380685688423213,0.08463181523328914,47.460898721390606,0.6476155438071487,0.0002410180661731108,0.08180379975815427,0.043215472608324035,2916,2687,229,11.733624454148472,0.0
1273,225.37207702667712,0.13072626277649485,80.66621707290145,0.046790149114211976,80.66621707290145,0.046790149114211976,84.96098273432813,59.74487721944348,165.62719980722957,0.09607146160512156,60.10188077985356,0.3570035604100781,0.000980779012115599,0.09586438297379557,0.11664317325164575,2088,364,1724,0.2111368909512761,0.0
1274,67.28287934954443,0.3981235464470085,8.97071437879114,0.053081150170361774,8.97071437879114,0.053081150170361774,6.733801476891017,51.57836349386196,15.704515855682157,0.09292612932356306,52.49230983267739,0.9139463388154354,0.00024261915020319495,0.08751816282169844,0.08313275586880309,3936,3767,169,22.28994082840237,0.0
1275,93.22741098531435,0.33059365597629203,14.251310752290395,0.05053656295138438,14.251310752290395,0.05053656295138438,12.983646982406697,65.99245325061781,27.23495773469709,0.09657786430743649,66.89074871458621,0.8982954639683953,0.00024304530951525848,0.09339241939974519,0.13138728672447542,3978,3696,282,13.106382978723405,0.0
1276,51.808822461000375,0.7097098967260326,3.955685181492404,0.05418746823962198,3.955685181492404,0.05418746823962198,0.8266628938057465,47.02647438570233,4.782348075298151,0.06551161746983768,47.59037403691019,0.563899651207862,0.00024538714151778156,0.05778696471356416,0.10326111984335284,2371,2298,73,31.47945205479452,0.0
1277,71.78562683424235,0.6188416106400203,6.215212665652186,0.05357941953148436,6.215212665652186,0.05357941953148436,5.590618661874544,59.979795506713515,11.805831327526729,0.10177440799592008,60.837909807081815,0.8581143003682996,0.00024447700865193724,0.09437687092379772,0.22775482656038548,3626,3510,116,30.25862068965517,0.0
1278,74.27949529209218,0.305676935358404,12.322802366236072,0.050711120848708116,12.322802366236072,0.050711120848708116,10.031537454552222,51.925155471304834,22.354339820788294,0.0919931679867831,52.72958143265913,0.8044259613542977,0.00024450637123230934,0.08868277308408662,0.3892433073294228,3533,3290,243,13.539094650205762,0.0
1279,72.43964353798003,1.1875351399668859,3.318231590087437,0.054397239181761266,3.318231590087437,0.054397239181761266,2.832137739172026,66.28927420872134,6.150369329259464,0.10082572670917153,66.78119108795829,0.49191687923695326,0.0002404285822272499,0.0927615155741269,0.2605381575784804,2107,2046,61,33.540983606557376,0.0
1280,58.58050201407741,0.5424120556859019,5.901520627744906,0.05464370951615654,5.901520627744906,0.05464370951615654,3.253285237726516,49.42569614860446,9.154805865471422,0.08476672097658725,50.252359042410205,0.8266628938057465,0.0002455191249794317,0.07711243492284449,0.017046117693382712,3475,3367,108,31.175925925925927,0.0
1281,206.9132291463352,0.13541441698058587,71.38471648221741,0.04671774638888574,71.38471648221741,0.04671774638888574,75.38224908210634,60.14626358200769,146.76696556432375,0.09605167903424329,60.45875508373081,0.312491501723116,0.0002567719816952473,0.095847168889139,0.024818642472837382,2745,1217,1528,0.7964659685863874,0.0
1282,75.70149580510764,0.31941559411437825,11.554562009379035,0.04875342619991154,11.554562009379035,0.04875342619991154,11.235162629200659,52.91177116652875,22.789724638579692,0.09615917569020967,53.242417806872936,0.33064664034418456,0.0002537579741705177,0.09476404218664432,0.28359562937407645,1540,1303,237,5.4978902953586495,0.0
1283,80.73557759954747,0.5208746941906288,7.9822744685225135,0.05149854495820976,7.9822744685225135,0.05149854495820976,6.286311807213281,66.46699132381173,14.268586275735794,0.0920553953273277,67.17018566770071,0.7031943438889812,0.0004386739512719783,0.08751865762481782,0.08357010096796103,1758,1603,155,10.341935483870968,0.0
1284,60.776178554923604,0.5107241895371731,6.39373487524562,0.05372886449786236,6.39373487524562,0.05372886449786236,4.181785465774965,50.200658213901704,10.575520341020585,0.08886991883210575,51.00492673525599,0.8042685213542882,0.00024475609292583326,0.0821113598291396,0.3215974651221245,3405,3286,119,27.613445378151262,0.0
1285,79.0187699532209,0.4341690656770379,8.715526540734526,0.04788750846557432,8.715526540734526,0.04788750846557432,10.753383820189526,59.54985959229356,19.468910360924053,0.10697203495013216,59.84999508612623,0.3001354938326699,0.00025896073669773073,0.10532293883019049,0.2671886884016317,1341,1159,182,6.368131868131868,0.0
1286,58.66436172997777,0.902528641999658,3.7753927571361117,0.05808296549440172,3.7753927571361117,0.05808296549440172,2.057459101463337,52.83150987137827,5.832851858599449,0.08973618243999153,53.5303538088433,0.6988439374650284,0.00024131351431803467,0.0789847372482226,0.5920282182581786,2961,2896,65,44.55384615384615,0.0
1287,77.41609795171803,0.560986217041435,7.186733817305362,0.05207778128482147,7.186733817305362,0.05207778128482147,5.459630353407533,64.76973378100496,12.646364170712896,0.09164032007762968,65.47292812489394,0.7031943438889812,0.0005012076577968505,0.08654470889002963,0.5164431710248323,1541,1403,138,10.166666666666666,0.0
1288,66.55551923621567,0.4185881712969539,7.858623509954198,0.04942530509405156,7.858623509954198,0.04942530509405156,7.558289198738976,51.138606527521745,15.416912708693173,0.09696171514901367,51.54302719666174,0.40442066913999497,0.00024406799585998488,0.09441818892801215,0.1013770407814718,1816,1657,159,10.421383647798741,0.0
1289,64.70159688873838,0.8863232450512106,4.129669505287857,0.05657081514092954,4.129669505287857,0.05657081514092954,2.1502918741236954,58.42163550932548,6.279961379411552,0.08602686821111716,59.19674161975735,0.7751061104318637,0.0002463000033148598,0.0754089762874114,0.2185111467362617,3220,3147,73,43.10958904109589,0.0
1290,77.48645962266716,0.3215205793471666,12.07232813543951,0.05009264786489424,12.07232813543951,0.05009264786489424,12.378907426037756,53.03522406119072,24.45123556147727,0.10145740896878534,53.694866954872055,0.6596428936813368,0.000240394640554423,0.09872030152612075,0.03812129455678814,2985,2744,241,11.385892116182573,0.0
1291,132.87657581802353,0.20569129383594972,31.47232773215225,0.04871877357918305,31.47232773215225,0.04871877357918305,35.27384004022133,66.13040804564952,66.74616777237358,0.10332224113370524,66.68299025214634,0.5525822064968224,0.0002466884850432243,0.10246685072117212,0.10762681065261859,2886,2240,646,3.4674922600619196,0.0
1292,66.47510165350076,0.423408290786629,8.024567124324314,0.051111892511619836,8.024567124324314,0.051111892511619836,7.83458054887916,50.615953980296524,15.859147673203474,0.10101367944715588,51.27991128159687,0.6639573013003428,0.00024021610032573908,0.09678465205034326,0.75,2921,2764,157,17.605095541401273,0.0
1293,83.67531705257068,0.3575868250109858,11.145330924007565,0.04762961933336566,11.145330924007565,0.04762961933336566,13.776940347492655,58.75304578106636,24.92227127150022,0.10650543278418897,59.091114518553866,0.33806873748750377,0.00025229010260261473,0.10506069458981543,0.2997297016719358,1574,1340,234,5.726495726495727,0.0
1294,60.79155506263879,0.706878547239986,4.646718570970675,0.05403161129035669,4.646718570970675,0.05403161129035669,3.684288509612827,52.460547982055346,8.331007080583502,0.09687217535562212,53.01650151648869,0.5559535344333426,0.0002468710188425145,0.09040759937383842,0.12437782367300088,2338,2252,86,26.186046511627907,0.0
1295,85.73056595299283,0.36952830152152083,11.751641347413575,0.05065362649747231,11.751641347413575,0.05065362649747231,8.508848346938066,65.47007625864126,20.26048969435164,0.08732969695841225,66.23812928613756,0.7680530274963075,0.00024648685092949535,0.08401912356403134,0.2259925037405992,3348,3116,232,13.431034482758621,0.0
1296,78.26830412342798,0.2541178705306103,14.895461700903542,0.04836188863929722,14.895461700903542,0.04836188863929722,13.250433011670907,50.12240941085247,28.14589471257445,0.09138277504082613,50.50116228156793,0.37875287071545927,0.00024562442977656243,0.09015305792811705,0.6951640928583629,1850,1542,308,5.0064935064935066,0.0
1297,81.227084518769,0.3642470157792332,10.886679518938864,0.048819190667887286,10.886679518938864,0.048819190667887286,12.201849514657681,58.13855548516858,23.088529033596544,0.10353600463496208,58.728367148968175,0.589811663799594,0.0002455502347208968,0.10089110928161807,0.09261447616097485,2625,2402,223,10.771300448430493,0.0
1298,62.929638392503136,0.5520143718640625,6.272610841235267,0.05502290211609883,6.272610841235267,0.05502290211609883,4.009076083754394,52.647951467513394,10.28168692498966,0.09019023618411982,53.48981414086205,0.8418626733486576,0.0002439474567802543,0.08280547589158846,0.11817353377568907,3565,3451,114,30.271929824561404,0.0
1299,96.56147532455333,0.28568483823832347,16.902525292119908,0.050007471278461266,16.902525292119908,0.050007471278461266,13.629348514242452,66.02960151818968,30.53187380636236,0.09033098759278804,66.8379096794796,0.808308161289915,0.0002445713044750121,0.08793954332862051,0.3921483289785783,3643,3305,338,9.778106508875739,0.0
1300,69.44608787545195,0.323005059885823,10.711458674765119,0.049820738022163344,10.711458674765119,0.049820738022163344,9.25581208288628,49.47881711780002,19.9672707576514,0.09287102677977395,50.08068570752857,0.6018685897285536,0.00024220063972980025,0.09007163799034129,0.41940882485266684,2700,2485,215,11.55813953488372,0.0
1301,72.1283627129751,0.6617280982841752,5.79383910749456,0.053154487224720735,5.79383910749456,0.053154487224720735,7.699601819331804,58.63492178614683,13.493440926826363,0.12379303602592993,59.40572241535739,0.7708006292105551,0.0002469723259245611,0.11672147062034602,0.2772538535003264,3230,3121,109,28.63302752293578,0.0
1302,72.26922806749371,0.41062061401985067,9.052803945970508,0.051436386056650615,9.052803945970508,0.051436386056650615,9.370467951176181,53.845956170347904,18.42327189714669,0.10467768123378801,54.610039057412166,0.7640828870642622,0.0002462400538395947,0.10033630119364516,0.4414629566657595,3279,3103,176,17.630681818181817,0.0
1303,84.05594220351531,0.4447404349392345,9.87088001645426,0.05222687839393788,9.87088001645426,0.05222687839393788,7.731294626507918,66.45376756055288,17.602174642962176,0.09313319916911204,67.37369803519937,0.9199304746464918,0.00024164183731192326,0.08826584216040184,0.33559297973397406,3996,3807,189,20.142857142857142,0.0
1304,76.62301308001065,0.2669791396516051,13.923818451389186,0.04851504686895187,13.923818451389186,0.04851504686895187,12.248547136454476,50.45064749216658,26.172365587843665,0.09119291145590128,50.85066477765446,0.40001728548787696,0.00024495853367291915,0.08979912300472541,0.28912479746219333,1920,1633,287,5.689895470383275,0.0
1305,69.34552932599178,0.7377183970850189,4.777433427481677,0.05082375986682635,4.777433427481677,0.05082375986682635,6.415398750125462,58.15269714838297,11.192832177607139,0.11907268274050148,58.60430799200901,0.4516108436260424,0.00023756488354868092,0.11426831206364643,0.18684453311249172,1995,1901,94,20.22340425531915,0.0
1306,76.8010282513439,0.3072041130053756,12.381976493011239,0.049527905972044955,12.381976493011239,0.049527905972044955,10.588123145396253,53.830928612937726,22.97009963840749,0.09188039855362996,54.400180816395675,0.5692522034579497,0.00024600354514172414,0.08960338973979287,0.2596321208432073,2564,2314,250,9.256,0.0
1307,87.42260169295378,0.3752042991113896,11.967505058698737,0.05136268265535939,11.967505058698737,0.05136268265535939,8.385670076048086,67.0694265582066,20.353175134746824,0.08735268298174602,67.95855506025413,0.8891285020475266,0.0002444675562407277,0.08353668082703712,0.13765438374502992,3870,3637,233,15.609442060085836,0.0
1308,66.3500659535888,0.417296012286722,7.984602747383557,0.05021762734203495,7.984602747383557,0.05021762734203495,7.497301208868919,50.86816199733698,15.481903956252475,0.09737046513366336,51.40756300258738,0.5394010052503972,0.0002480004621840907,0.09397800598114098,0.11228689761685473,2334,2175,159,13.679245283018869,0.0
1309,76.92286716828778,0.47483251338449245,8.01927263832208,0.04950168295260544,8.01927263832208,0.04950168295260544,9.617796109808808,59.28579842015404,17.637068748130886,0.10887079474154868,59.843171830812025,0.5573734106579877,0.0002465163249261334,0.1054302181325664,0.11258855498329012,2423,2261,162,13.95679012345679,0.0
1310,61.34069552648708,0.7302463753153224,4.157121343743444,0.04948953980646958,4.157121343743444,0.04948953980646958,3.1956161096414917,53.98795807310205,7.352737453384936,0.08753258873077305,54.19088359569281,0.20292552259076047,0.0002598278138165947,0.08511680869993181,0.049692906948450855,865,781,84,9.297619047619047,0.0
1311,81.7985960134423,0.524349974445143,7.738247509100044,0.04960415069935926,7.738247509100044,0.04960415069935926,5.534538002598879,68.52581050174331,13.272785511698924,0.08508195840832644,68.88275370809856,0.356943206355254,0.00039881922497793745,0.08279386093169067,0.06026090816015994,1051,895,156,5.737179487179487,0.0
1312,58.39320118307086,0.7785760157742782,4.264935098853145,0.05686580131804193,4.264935098853145,0.05686580131804193,3.3515079608718565,50.77675812334587,7.616443059725001,0.10155257412966669,51.56027453981926,0.7835164164733897,0.0002457705195964208,0.09110568857668795,0.7375380881495062,3263,3188,75,42.50666666666667,0.0
1313,72.68762702934487,0.6159968392317362,6.291160123628524,0.053314916301936646,6.291160123628524,0.053314916301936646,7.287947704562498,59.10851920115181,13.579107828191022,0.11507718498466968,59.968552402639375,0.8600332014875676,0.00024425822251847984,0.1077887680229279,0.16651480897354531,3639,3521,118,29.838983050847457,0.0
1314,83.68518947870001,0.25989189279099384,16.105069972563182,0.050015745256407396,16.105069972563182,0.050015745256407396,14.033510387150955,53.54660911898685,30.138580359714137,0.09359807565128614,54.38847179233551,0.8418626733486576,0.00024359452353838474,0.09098359529926864,0.06422131553625832,3778,3456,322,10.732919254658386,0.0
1315,74.16601985544054,1.0445918289498668,3.6582295417029047,0.05152435974229443,3.6582295417029047,0.05152435974229443,2.9872530008401554,67.52053731289726,6.645482542543061,0.09359834566962057,67.87748051925252,0.356943206355254,0.0006273167071269842,0.0885709765660285,0.03699897618673731,640,569,71,8.014084507042254,0.0
1316,59.03873635896588,0.7667368358307257,3.985348746915812,0.051757775933971586,3.985348746915812,0.051757775933971586,3.780924402104006,51.27246320994607,7.766273149019818,0.10086069024701062,51.68231453762502,0.4098513276789504,0.00024294684509718458,0.09553794573169948,0.020076229176652305,1764,1687,77,21.90909090909091,0.0
1317,71.03812104971098,0.845691917258464,4.483864883854382,0.05337934385540931,4.483864883854382,0.05337934385540931,5.775392153870769,60.7788640119843,10.25925703772515,0.12213401235387085,61.41405108160194,0.6351870696176434,0.00024216052978179314,0.11457226152510762,0.4651622826126527,2707,2623,84,31.226190476190474,0.0
1318,68.11482803631412,0.44812386865996134,7.603203732776224,0.05002107718931727,7.603203732776224,0.05002107718931727,6.672047207884759,53.83957709565419,14.275250940660984,0.09391612460961174,54.30387964545673,0.4643025498025395,0.00023982569721205552,0.0908615025714302,0.02665720870527366,2088,1936,152,12.736842105263158,0.0
1319,73.66453274296754,0.9324624397843992,4.165380524128093,0.05272633574845687,4.165380524128093,0.05272633574845687,2.5019390081731103,66.99721321066608,6.667319532301203,0.0843964497759646,67.48252720333312,0.4853139926670451,0.00023824938275259947,0.07825323467891668,0.3683715880918612,2116,2037,79,25.78481012658228,0.0
1320,81.50026124969054,0.2383048574552355,17.040300732205136,0.04982544073744192,17.040300732205136,0.04982544073744192,13.24125708162262,51.218703435861755,30.281557813827757,0.0885425667070987,52.086547619985026,0.8678441841232711,0.0002439134862628643,0.08600501061317402,0.450634072734033,3900,3558,342,10.403508771929825,0.0
1321,82.71159950635973,0.42416204875056274,9.908979037312664,0.050815277114423914,9.908979037312664,0.050815277114423914,12.492735394915485,60.30988507412894,22.401714432228147,0.11488058683193922,61.23076982963522,0.9208847555062789,0.0004781333102317128,0.11015810090627955,0.5378572205132741,2121,1926,195,9.876923076923077,0.0
1322,83.93090299779175,0.3019097230136394,14.045826747784323,0.0505245566467062,14.045826747784323,0.0505245566467062,14.54996148890649,55.33511476110232,28.595788236690815,0.10286254761399574,56.22802023953392,0.8929054784316008,0.0002436969100522928,0.09965065740380515,0.009619595200490494,3942,3664,278,13.179856115107913,0.0
1323,75.53803180320699,0.8122369011097526,5.029275313418814,0.05407822917654639,5.029275313418814,0.05407822917654639,3.508269946036137,67.00048654375229,8.537545259454951,0.09180156192962313,67.67985732616046,0.6793707824081707,0.00024006034714069637,0.08449649975318851,0.10265623879979557,2923,2830,93,30.43010752688172,0.0
1324,60.886262014255976,0.563761685317185,5.758462487529922,0.053319097106758535,5.758462487529922,0.053319097106758535,3.913704250300043,51.21409527642675,9.672166737829965,0.08955709942435153,51.9339568203157,0.7198615438889533,0.00024011392391225928,0.08289171475870626,0.3634373943303899,3106,2998,108,27.75925925925926,0.0
1325,72.0744831190932,0.6552225738099382,5.963169199552151,0.05421062908683774,5.963169199552151,0.05421062908683774,6.312259221149816,59.7990546983894,12.275428420701967,0.11159480382456334,60.71993945389568,0.9208847555062789,0.0004527457008388785,0.10322312422906842,0.03511714740886873,2144,2034,110,18.490909090909092,0.0
1326,75.2816593222376,0.35678511527126827,10.217277605225734,0.048423116612444236,10.217277605225734,0.048423116612444236,9.455762061944938,55.60861965506854,19.67303966717067,0.09323715482071408,55.88236442412716,0.27374476905862366,0.0003850137398855466,0.09193978624696891,0.11818980392632739,922,711,211,3.3696682464454977,0.0
1327,113.56806664872948,0.2575239606547154,21.997660361923277,0.049881316013431466,21.997660361923277,0.049881316013431466,22.84531119934593,68.72509508745986,44.84297156126921,0.10168474276931794,69.55177654126561,0.8266814538057474,0.0002450152500906187,0.09981018164957794,0.044258056128512635,3815,3374,441,7.650793650793651,0.0
1328,65.61414746697648,0.5249131797358119,6.570422117218669,0.05256337693774935,6.570422117218669,0.05256337693774935,6.105930743616909,52.93779460614138,12.676352860835578,0.10141082288668463,53.65242994931481,0.7146353431734269,0.00024037515747508473,0.09569374014129335,0.44497510171009935,3098,2973,125,23.784,0.0
1329,74.41480798384555,0.5905937141575044,6.654052588359333,0.05280994117745502,6.654052588359333,0.05280994117745502,7.8324450455239685,59.92831034996027,14.486497633883301,0.11497220344351826,60.79615453408354,0.8678441841232711,0.00024398205907317152,0.10808455118858735,0.3686151252180139,3683,3557,126,28.23015873015873,0.0
1330,61.244853158128535,0.7655606644766066,3.972497788535568,0.049656222356694604,3.972497788535568,0.049656222356694604,2.935511691525278,54.33684367806893,6.908009480060846,0.08635011850076058,54.610588447127554,0.27374476905862366,0.0008270234714762044,0.08292830888751226,0.41392769394298057,411,331,80,4.1375,0.0
1331,98.45802317696666,0.322813190744153,14.976816144329838,0.04910431522731094,14.976816144329838,0.04910431522731094,15.108597761992996,68.37260927064273,30.085413906322835,0.09864070133220601,68.76760182279543,0.3949925521527007,0.0002461012785998135,0.09734564378416799,0.04524236754201638,1910,1605,305,5.262295081967213,0.0
1332,67.16799849629984,0.4938823418845577,7.020547446992703,0.05162167240435811,7.020547446992703,0.05162167240435811,6.761133877325335,53.38631717198217,13.781681324318038,0.10133589209057381,54.025632733989426,0.6393155620072548,0.00024253245903158377,0.09663504236992955,0.14391811705797863,2772,2636,136,19.38235294117647,0.0
1333,84.92824592670036,0.3660700255461222,11.58835449746416,0.04994980386838,11.58835449746416,0.04994980386838,13.095199911581688,60.24469151765203,24.683554409045847,0.10639463107347348,61.10764867478662,0.8629571571345878,0.00024370436518909568,0.1026749881548006,0.13227226893616262,3773,3541,232,15.262931034482758,0.0
1334,140.5236671012999,0.16950985175066333,40.73915557150284,0.04914252783052213,40.73915557150284,0.04914252783052213,45.30711901507959,54.47739251471472,86.04627458658243,0.10379526488128157,55.20019315371479,0.7228006390000701,0.00023973487197348926,0.10292337026246696,0.2820331303040007,3844,3015,829,3.6369119420989144,0.0
1335,83.36618154519704,0.4903893032070414,8.723510753661717,0.05131476913918657,8.723510753661717,0.05131476913918657,5.565160402070376,69.07751038946458,14.288671155732093,0.08405100679842407,69.67840460927107,0.6008942198064915,0.00024317855920942593,0.08051633491721158,0.06779809493497169,2641,2471,170,14.535294117647059,0.0
1336,63.089660705642984,0.6308966070564298,5.516913239643133,0.05516913239643133,5.516913239643133,0.05516913239643133,4.0349362309872845,53.53781123501312,9.551849470630417,0.09551849470630418,54.37707900392422,0.8392677689110997,0.00024425720864700224,0.08712581701718762,0.14683611008683783,3536,3436,100,34.36,0.0
1337,78.21953569136309,0.4574241853296087,8.724379337631628,0.051019762208372094,8.724379337631628,0.051019762208372094,8.548986877348625,60.94616947638053,17.273366214980253,0.1010138375145044,61.79570516649113,0.8495356901105993,0.00024369928000877775,0.09604579254311088,0.08384298693744086,3657,3486,171,20.385964912280702,0.0
1338,63.84684916979103,0.8185493483306542,4.217009355588421,0.054064222507543856,4.217009355588421,0.054064222507543856,4.181629141587962,55.44821067261569,8.398638497176382,0.10767485252790233,56.04917785242219,0.6009671798065028,0.0002425210572261916,0.09997014509447229,0.3451143752899384,2556,2478,78,31.76923076923077,0.0
1339,100.82293740406323,0.31311471243497896,16.321216313376063,0.05068700718439771,16.321216313376063,0.05068700718439771,15.122505683665281,69.37921540702081,31.443721997041344,0.09765131054981784,70.24079868850833,0.8615832814875262,0.00024366043028493386,0.09497558607315183,0.14897243494459644,3858,3536,322,10.98136645962733,0.0
1340,70.87153392486073,0.3730080732887407,9.914923741762328,0.05218380916717015,9.914923741762328,0.05218380916717015,6.5071106035741195,54.449499579523774,16.42203434533645,0.08643175971229711,55.3897482309643,0.9402486514405268,0.00024127499395445903,0.08148308259945487,0.19089839288346866,4087,3897,190,20.510526315789473,0.0
1341,74.84766265807474,0.5463333040735382,7.158105353104395,0.05224894418324376,7.158105353104395,0.05224894418324376,6.4386154763321315,61.25094182863677,13.596720829436528,0.09924613744114254,62.112525110124295,0.8615832814875262,0.00024414374652522705,0.09295720837920032,0.09257320354589638,3666,3529,137,25.759124087591243,0.0
1342,76.78894784286496,0.3267614801824041,11.27667312441737,0.04798584308262711,11.27667312441737,0.04798584308262711,10.308919528921251,55.20335518952726,21.585592653338622,0.09185358575888776,55.36057422384425,0.15721903431699502,0.0002758228672227983,0.09118456859157746,0.41337863152097043,805,570,235,2.425531914893617,0.0
1343,103.78672669735062,0.29823772039468566,17.55685246295383,0.050450725468258135,17.55685246295383,0.050450725468258135,16.22778171403212,70.00209252036399,33.784634176985946,0.09708228211777571,70.82621095914766,0.8241184387836711,0.00024571211651272247,0.09471412568449125,0.15825566154501303,3702,3354,348,9.637931034482758,0.0
1344,88.82316858598688,0.2509129056101324,17.55554169674755,0.04959192569702698,17.55554169674755,0.04959192569702698,16.899117454588406,54.36850943464964,34.45465915133596,0.09732954562524282,55.14874635941737,0.7802369247677348,0.0002450492854170021,0.09512548651573306,0.45062431749300913,3538,3184,354,8.994350282485875,0.0
1345,352.1130433129432,0.10847598376862083,152.56036045590972,0.046999494903237744,152.56036045590972,0.046999494903237744,138.5305109107544,61.022171946298386,291.09087136666415,0.08967679339700066,61.097071579696035,0.07489963339764927,0.0003044700544619889,0.08965371895663807,0.11465356702882445,3492,246,3246,0.07578558225508318,0.0
1346,90.70543204385893,0.24715376578708156,18.31092707908266,0.04989353427542959,18.31092707908266,0.04989353427542959,18.16555800659836,54.2289469581786,36.47648508568102,0.09939096753591559,55.12831250214697,0.8993655439683721,0.0002439949929377027,0.0969403802226484,0.7349806071978833,4053,3686,367,10.043596730245232,0.0
1347,88.04902127884986,0.45386093442706116,10.149889960415555,0.05231902041451317,10.149889960415555,0.05231902041451317,7.682492816913509,70.21663850151981,17.832382777329066,0.09191949885221168,71.07822178300734,0.8615832814875262,0.00024400546063084853,0.08747834791671406,0.75,3725,3531,194,18.201030927835053,0.0
1348,61.65416174553786,1.1209847590097792,3.3607822608364293,0.06110513201520781,3.3607822608364293,0.06110513201520781,2.7675974113863617,55.525782073314815,6.128379672222791,0.11142508494950529,56.32830555971913,0.8025234864043114,0.0002450453393600951,0.09683374883306793,0.15482551501332864,3330,3275,55,59.54545454545455,0.0
1349,107.57490521926269,0.2168848895549651,23.802363066222306,0.047988635214157874,23.802363066222306,0.047988635214157874,24.306069939889653,59.466472213149984,48.10843300611196,0.09699280848006443,60.224164805332634,0.7576925921826501,0.00024568501692044426,0.09546520244743963,0.08274195985865163,3580,3084,496,6.217741935483871,0.0
1350,79.66182074626744,0.3418962263788302,11.60102771264824,0.04978981850921991,11.60102771264824,0.04978981850921991,13.104382934857426,54.95641009876266,24.705410647505666,0.10603180535410157,55.511569393196,0.5551592944333379,0.00024695698150949195,0.10364914743807485,0.12026510641459254,2481,2248,233,9.648068669527897,0.0
1351,81.99673963162064,0.7387093660506364,6.243492461809092,0.05624767983611795,6.243492461809092,0.05624767983611795,3.576114060220391,72.17713310959039,9.819606522029483,0.08846492362188724,73.12781802509664,0.9506849155062582,0.00024037545271966075,0.07990019465336935,0.18740810797106633,4066,3955,111,35.630630630630634,0.0
1352,76.67854586340906,0.33194175698445477,11.765975008586834,0.05093495674712915,11.765975008586834,0.05093495674712915,9.156510175175526,55.756060679644975,20.92248518376236,0.0905735289340362,56.57515326292406,0.8190925832790867,0.00024545777143514735,0.08702767359517313,0.75,3568,3337,231,14.445887445887445,0.0
1353,65.59945451160746,0.898622664542568,3.9049308027841767,0.053492202777865434,3.9049308027841767,0.053492202777865434,2.347183684832828,59.347340023989204,6.252114487617005,0.08564540393995898,59.92733488391741,0.5799948599282061,0.00024733256286917104,0.07770026887246646,0.42441874586256745,2418,2345,73,32.12328767123287,0.0
1354,81.25688570166926,0.3371655008368019,12.20819218925316,0.050656399125531784,12.20819218925316,0.050656399125531784,14.181485016480735,54.867208495935984,26.389677205733896,0.10950073529350164,55.63526152343229,0.7680530274963075,0.0002465659799346092,0.10631379327069282,0.403938484337516,3356,3115,241,12.925311203319502,0.0
1355,93.11201312062542,0.4251690096832211,11.199714911210615,0.05114025073612153,11.199714911210615,0.05114025073612153,10.301501855910885,71.61079635350262,21.501216767121498,0.09817907199598858,72.31902812251326,0.7082317690106379,0.00024114122199885525,0.0949451369776811,0.037240613089011276,3156,2937,219,13.41095890410959,0.0
1356,78.38514447936575,0.3186387986966087,12.357119631449319,0.05023219362377772,12.357119631449319,0.05023219362377772,10.153314201020237,55.8747106468943,22.510433832469555,0.09150582858727462,56.567545231989925,0.6928345850956248,0.00024132169456482925,0.08868942783486107,0.07192158864489784,3117,2871,246,11.670731707317072,0.0
1357,70.33912782154755,0.8474593713439463,4.671096893548928,0.05627827582589069,4.671096893548928,0.05627827582589069,4.704613444182883,60.963417483815306,9.37571033773181,0.1129603655148411,61.84078596488939,0.877368481074086,0.0002437811839605685,0.10238966092359227,0.25623293074511366,3682,3599,83,43.36144578313253,0.0
1358,93.48508022261245,0.24218932700158666,19.146300943617977,0.049601815916108745,19.146300943617977,0.049601815916108745,19.587013372628178,54.75176590636573,38.73331431624615,0.10034537387628537,55.51798469386205,0.7662187874963138,0.0002467693357476051,0.09836035111075235,0.518100484587535,3491,3105,386,8.044041450777202,0.0
1359,108.870253666341,0.30157965004526593,17.66100268647202,0.04892244511488094,17.66100268647202,0.04892244511488094,19.938640235393052,71.27061074447533,37.59964292186507,0.10415413551763177,71.570746238308,0.3001354938326699,0.0002596327801320674,0.10332273525770913,0.20216237406037862,1517,1156,361,3.2022160664819945,0.0
1360,78.76079874606165,0.3323240453420323,11.82995795943739,0.04991543442800587,11.82995795943739,0.04991543442800587,10.560790705771637,56.370050080850774,22.390748665209028,0.09447573276459506,56.962461262562044,0.5924111817112703,0.00024409195785384024,0.0919761075253148,0.027060535820510268,2664,2427,237,10.240506329113924,0.0
1361,75.92791988005769,0.5236408267590186,7.262205331423214,0.05008417469947044,7.262205331423214,0.05008417469947044,7.854099138008394,60.81161541062477,15.116304469431608,0.10425037565125246,61.39199875233601,0.5803833417112401,0.00036319358054520657,0.10024773191532192,0.4675258548437,1743,1598,145,11.020689655172413,0.0
1362,64.30638613222698,0.6304547660022253,5.193405892551835,0.05091574404462584,5.193405892551835,0.05091574404462584,4.0097558890955725,55.10322435057992,9.203161781647408,0.09022707629066086,55.48197722129538,0.37875287071545927,0.00024578382265766336,0.08651381285227054,0.4762310027842318,1643,1541,102,15.107843137254902,0.0
1363,82.75591455832875,0.5707304452298535,7.447383049261719,0.05136126240870151,7.447383049261719,0.05136126240870151,4.354032176146859,70.95449933291877,11.801415225408578,0.08138907052005916,71.48963602166316,0.5351366887443874,0.00024994707554618745,0.07769847266665927,0.08389021793084339,2286,2141,145,14.76551724137931,0.0
1364,66.59916364946287,0.4757083117818776,7.291497786484907,0.052082127046320766,7.291497786484907,0.052082127046320766,3.401466057925859,55.9061998050509,10.692963844410766,0.07637831317436261,56.56945886635128,0.6632590613003799,0.0002409222888849909,0.07164074845079703,0.36004705355162514,2893,2753,140,19.664285714285715,0.0
1365,75.72701807777491,0.5116690410660467,7.401464352708879,0.050009894275059995,7.401464352708879,0.050009894275059995,8.51374203168973,59.811811693375034,15.915206384398608,0.10753517827296358,60.392195035086274,0.5803833417112401,0.0007026432708368524,0.10361366920735568,0.07963544298303304,974,826,148,5.581081081081081,0.0
1366,73.47301610613397,0.39501621562437617,9.494952782352733,0.051048133238455556,9.494952782352733,0.051048133238455556,9.60893552836444,54.369127795416944,19.103888310717174,0.10270907693933964,55.02598837857812,0.6568605831611762,0.00024211595398495253,0.09917756842771962,0.5892767114129356,2899,2713,186,14.586021505376344,0.0
1367,83.40888189871146,0.7943703037972519,5.516982846853017,0.05254269377955254,5.516982846853017,0.05254269377955254,5.213122710106234,72.67877634175113,10.73010555695925,0.10219148149485001,73.20246287496883,0.523686533217699,0.0002502085681881027,0.09720399070231073,0.03985113898806958,2198,2093,105,19.933333333333334,0.0
1368,66.95521132172189,0.4996657561322529,6.980208604514822,0.052091108988916585,6.980208604514822,0.052091108988916585,3.642618166608713,56.33238455059717,10.622826771123535,0.07927482665017563,56.96364418501247,0.6312596344153008,0.00024297907406285634,0.07456393385604045,0.14382884105441462,2732,2598,134,19.388059701492537,0.0
1369,83.79030840340073,0.37240137068178103,11.347158271948661,0.05043181454199405,11.347158271948661,0.05043181454199405,12.268243191931333,60.174906939520724,23.615401463879994,0.10495733983946665,61.064338801568226,0.8894318620475019,0.00024421522845895167,0.10100430934147779,0.7316134214435124,3867,3642,225,16.186666666666667,0.0
1370,70.79162504101987,0.4139861113509934,8.747705125570464,0.05115617032497347,8.747705125570464,0.05115617032497347,7.52239309523128,54.521526820218185,16.270098220801742,0.09514677322106282,55.1416046143097,0.6200777940915145,0.00024184001329622252,0.09152058729070275,0.06276940201564685,2735,2564,171,14.994152046783626,0.0
1371,83.92008883525074,0.932445431502786,4.979207694933371,0.05532452994370412,4.979207694933371,0.05532452994370412,5.625787916512365,73.31509322380413,10.604995611445737,0.1178332845716193,74.02149331281481,0.7064000890106854,0.00024109218054972197,0.10998439469373252,0.14997249950585,3020,2930,90,32.55555555555556,0.0
1372,63.59223314635864,0.594319935947277,5.873962900750313,0.054896849539722556,5.873962900750313,0.054896849539722556,1.1909997594807464,56.52727048612667,7.06496266023106,0.06602768841337439,57.340258362660165,0.8129878765334979,0.000244728439654876,0.05842967087568665,0.10753619460513164,3429,3322,107,31.046728971962615,0.0
1373,89.26944665640087,0.305717283069866,14.37969606396864,0.04924553446564602,14.37969606396864,0.04924553446564602,13.688311754642484,61.201438837790135,28.06800781861112,0.09612331444729837,62.005707359144424,0.8042685213542882,0.000244979750640965,0.09336897019608373,0.006758073270589193,3575,3283,292,11.243150684931507,0.0
1374,74.20440683032132,0.4099690985100625,9.444488638921747,0.052179495242661585,9.444488638921747,0.052179495242661585,9.659524593592607,55.10039359780728,19.104013232514355,0.10554703443378097,55.946933977822596,0.8465403800153126,0.00024381923387537807,0.10087001575966145,0.013681871691744618,3653,3472,181,19.18232044198895,0.0
1375,86.49208051813537,0.8736573789710643,5.507750131811774,0.05563383971527044,5.507750131811774,0.05563383971527044,6.544491062653606,74.43983932366916,12.05224119446538,0.12173981004510484,75.24236281007347,0.8025234864043114,0.00024512018521817693,0.11363351220264539,0.17429237214804516,3373,3274,99,33.07070707070707,0.0
1376,69.06460959371071,0.683808015779314,5.488642252532002,0.054342992599326755,5.488642252532002,0.054342992599326755,3.7385875889955287,59.8373797521823,9.227229841527532,0.09135871130225279,60.549885022249214,0.712505270066913,0.00024079258873501623,0.08430420367783663,0.06722426319004171,3060,2959,101,29.297029702970296,0.0
1377,70.38546558311617,0.8583593363794655,4.4635440718086095,0.0544334642903489,4.4635440718086095,0.0544334642903489,4.503635595335197,61.41828591597147,8.967179667143807,0.10935584959931471,62.1126155410671,0.6943296250956337,0.00024125421302836471,0.1008884151469399,0.75,2960,2878,82,35.09756097560975,0.0
1378,65.59499906603162,1.171339269036279,7.115645672132383,0.12706510128807827,7.115645672132383,0.12706510128807827,3.2146637619060243,55.26468963199352,10.330309434038409,0.18446981132211443,56.20505664965623,0.9403670176627088,0.00023891438456877763,0.16767754314956054,0.1174659791186059,3992,3881,111,34.96396396396396,1.0
1379,91.63761023403254,0.6319835188553968,7.486559527508779,0.05163144501730192,7.486559527508779,0.05163144501730192,9.27413528289145,74.87691542363189,16.760694810400228,0.11559099869241536,75.41108059237627,0.53416516874438,0.0002504290523883638,0.1119071009769398,0.007148110303205613,2278,2133,145,14.710344827586207,0.0
1380,71.8047316900338,0.6468894746849893,5.718114171306339,0.05151454208384089,5.718114171306339,0.05151454208384089,6.2623966875790416,59.82422083114744,11.980510858885381,0.10793253026022866,60.302715320561276,0.47849448941383343,0.00023924724470691673,0.1036217690943471,0.6677822081352929,2111,2000,111,18.01801801801802,0.0
1381,67.81249529158555,0.9972425778174345,3.401221369986296,0.05001796132332788,3.401221369986296,0.05001796132332788,3.5014966213284993,60.90977730027004,6.902717991314795,0.1015105586958058,61.20072684420978,0.29094954393974604,0.00026522292063787243,0.09723188893199657,0.4568616170018345,1165,1097,68,16.13235294117647,0.0
1382,69.99460749297776,0.7691715109118435,4.901713802341948,0.05386498683892251,4.901713802341948,0.05386498683892251,5.6585704268140375,59.43432326382174,10.560284229155986,0.11604707944127457,60.031793059437746,0.5974697956160071,0.00024356697742193524,0.10948147729164855,0.2624274500548154,2544,2453,91,26.956043956043956,0.0
1383,91.08087023653405,0.6369291624932452,7.73683314452597,0.05410372828339839,7.73683314452597,0.05410372828339839,9.332704841238638,74.01133225076893,17.069537985764608,0.11936739850185041,74.8791764348922,0.8678441841232711,0.00024405067045086366,0.11329855805343952,0.391810979862214,3699,3556,143,24.867132867132867,0.0
1384,75.24021989900496,0.6322707554538232,6.372245084740295,0.05354827802302769,6.372245084740295,0.05354827802302769,8.228203492875025,60.63977132138899,14.600448577615321,0.12269284519004471,61.405990108885305,0.7662187874963138,0.00024645184544751166,0.11625403184974496,0.03700890019325698,3228,3109,119,26.126050420168067,0.0
1385,77.61635414834825,0.45125787295551306,8.886996704122158,0.05166858548908231,8.886996704122158,0.05166858548908231,8.02601931671586,60.70333812751011,16.91301602083802,0.09833148849324429,61.59263514311124,0.8892970156011302,0.00024498540374686783,0.09316115700719194,0.08452618116086796,3802,3630,172,21.1046511627907,0.0
1386,74.76415712962427,0.6922607141631877,5.647836659557848,0.05229478388479489,5.647836659557848,0.05229478388479489,8.783028975794764,60.333291494271975,14.430865635352612,0.1336191262532649,60.89719114547984,0.563899651207862,0.00024485438610849416,0.12839783318652248,0.44263884310174717,2411,2303,108,21.324074074074073,0.0
1387,99.34317959567517,0.44951664975418626,11.557898429748239,0.052298182940037276,11.557898429748239,0.052298182940037276,13.287693952885263,74.49758721304204,24.8455923826335,0.112423494944043,75.41699992768855,0.9194127146465121,0.00024226949002543137,0.10826325641622904,0.2977411025361789,4016,3795,221,17.171945701357465,0.0
1388,92.691308940878,0.318526834848378,14.601562932297119,0.050177192207206595,14.601562932297119,0.050177192207206595,17.209788969764304,60.879957038815064,31.811351902061425,0.1093173604881836,61.75236878191322,0.8724117430981551,0.00024382664703693544,0.10631938198956971,0.03735500687076865,3869,3578,291,12.29553264604811,0.0
1389,72.70786959075173,0.6267919792306184,5.933146593050525,0.05114781545733211,5.933146593050525,0.05114781545733211,5.197820090508003,61.576902907192846,11.130966683558528,0.09595660934102179,62.13285644162619,0.5559535344333426,0.00024654258733185924,0.09116390645797878,0.3056497799328213,2371,2255,116,19.439655172413794,0.0
1390,75.96488045577803,0.5504701482302756,6.7838860925847815,0.049158594873802766,6.7838860925847815,0.049158594873802766,9.073373470443187,60.10762089275022,15.857259563027968,0.11490767799295629,60.38510908155979,0.2774881888095706,0.00026452639543333707,0.1128968940160742,0.14882436338984917,1187,1049,138,7.601449275362318,0.0
1391,85.59583777918971,1.126261023410391,4.4618544938275075,0.058708611760888256,4.4618544938275075,0.058708611760888256,4.913112793131916,76.22087049223023,9.374967286959423,0.1233548327231503,77.05514226590293,0.8342717736726968,0.00024429627340342514,0.11237757254324708,0.001316258576423479,3491,3415,76,44.93421052631579,0.0
1392,79.4994955852178,0.5162304908131026,7.893229765142459,0.051254738734691295,7.893229765142459,0.051254738734691295,9.99409447893197,61.61217134114355,17.887324244074428,0.11615145613035342,62.2597868849507,0.6476155438071487,0.00024137739239923545,0.11194616039134482,0.020635102469896083,2837,2683,154,17.42207792207792,0.0
1393,73.9097155488966,0.5774196527257547,6.635141967522137,0.051837046621266696,6.635141967522137,0.051837046621266696,5.3399983990850615,61.93457518228905,11.9751403666072,0.09355578411411875,62.62740976738468,0.6928345850956248,0.00024165838336087365,0.0881430139180619,0.07390300066288091,2995,2867,128,22.3984375,0.0
1394,64.0892014966841,2.067393596667229,1.814357212411971,0.05852765201328938,1.814357212411971,0.05852765201328938,1.715340135480517,60.559504148791575,3.529697347892488,0.11386120477072541,60.94957170120688,0.390067552415303,0.0002486090200225003,0.10127838049926514,0.45039654734313217,1600,1569,31,50.61290322580645,0.0
1395,105.63952296328057,0.4438635418625234,11.9893289787097,0.05037533184331807,11.9893289787097,0.05037533184331807,17.144078441277543,76.50611554329379,29.133407419987243,0.12240927487389598,77.05462083679816,0.5485052935043768,0.0002475204393070293,0.12010463078353951,0.19896349701770077,2454,2216,238,9.3109243697479,0.0
1396,123.67097791112565,0.21620800334112875,27.02326137176529,0.0472434639366526,27.02326137176529,0.0472434639366526,35.435978667765255,61.21173787159415,62.45924003953054,0.10919447559358486,61.32781491640594,0.11607704481178871,0.00028660998718960177,0.10899154369706242,0.3247859683328329,977,405,572,0.708041958041958,0.0
1397,67.0738067240058,1.812805587135292,2.39879536800578,0.06483230724339946,2.39879536800578,0.06483230724339946,1.9101916381844148,62.76481971781544,4.308987006190195,0.11645910827541069,63.4818112023932,0.7169914845777612,0.00024068193507142033,0.09708096004358385,0.18757307820914093,3016,2979,37,80.51351351351352,0.0
1398,74.86997026093468,0.5895273248892494,6.557961257330669,0.05163749021520212,6.557961257330669,0.05163749021520212,8.103226910245098,60.208782093359105,14.661188167575768,0.11544242651634462,60.78886110114189,0.5800790077827855,0.00024642268809803975,0.11087487527395896,0.029467064288098754,2481,2354,127,18.53543307086614,0.0
1399,93.21946996214069,0.695667686284632,7.374878452656433,0.05503640636310771,7.374878452656433,0.05503640636310771,9.272622599142949,76.57196891034158,16.64750105179938,0.12423508247611478,77.50753046927417,0.9355615589325907,0.00024174717285079864,0.11725327979751135,0.08495501088333413,4004,3870,134,28.880597014925375,0.0
1400,80.21185734534026,0.5648722348263399,7.538158433735569,0.0530856227727857,7.538158433735569,0.0530856227727857,10.172752378964503,62.500946532640114,17.71091081270007,0.12472472403309909,63.3587165130084,0.857769980368289,0.000243892516453878,0.11868409036853422,0.08958021535318039,3659,3517,142,24.767605633802816,0.0
1401,71.46155265853037,0.7522268700897933,5.05440150057151,0.05320422632180537,5.05440150057151,0.05320422632180537,3.1415740192139765,63.26557713874524,8.195975519785486,0.08627342652405776,63.911997140365884,0.6464200016206405,0.00024274126985378915,0.07946900545436296,0.012231773123346557,2758,2663,95,28.03157894736842,0.0
1402,70.64144549527248,1.0388447866951835,3.7009917430959534,0.054426349163175784,3.7009917430959534,0.054426349163175784,6.095143353457502,60.84531039871956,9.796135096553455,0.14406081024343315,61.36792031860392,0.5226099198843599,0.00025077251433990396,0.13637537024512583,0.1361066085092375,2152,2084,68,30.647058823529413,0.0
1403,120.61031580606283,0.3132735475482151,18.6420077397081,0.04842079932391714,18.6420077397081,0.04842079932391714,25.093543560617206,76.87476450573803,43.735551300325305,0.11359883454629949,77.05826824222225,0.18350373648422647,0.00026102949713261234,0.11312220146452097,0.3948473665503798,1088,703,385,1.825974025974026,0.0
1404,107.74083193502213,0.2700271477068224,19.41026281525494,0.04864727522620285,19.41026281525494,0.04864727522620285,25.430675343957034,62.89989377580895,44.84093815921197,0.11238330365717286,63.569916442735405,0.6700226669264566,0.00023929380961659164,0.11070404885284893,0.1527138049207224,3199,2800,399,7.017543859649122,0.0
1405,99.87697965021255,0.2677667014751007,18.057846775394324,0.04841245784288022,18.057846775394324,0.04841245784288022,18.201470038682487,63.6176628361365,36.25931681407681,0.09720996464899949,64.32885226620346,0.7111894300669519,0.00024099946799964483,0.09530329057375092,0.0293745521062192,3324,2951,373,7.911528150134048,0.0
1406,80.99879868527466,0.41968289474235576,9.777122552249157,0.05065866607382983,9.777122552249157,0.05065866607382983,10.214640058455132,61.007036074569896,19.99176261070429,0.10358426223162844,61.61968728238327,0.6126512078133715,0.00024158170655101397,0.10040990364192434,0.5888564371977623,2729,2536,193,13.139896373056995,0.0
1407,104.66730070155438,0.43793849665922335,12.369250898052762,0.05175418785796135,12.369250898052762,0.05175418785796135,15.757443397904751,76.5406064055976,28.126694295957513,0.11768491337220717,77.4300382676451,0.8894318620475019,0.00024381355867530207,0.11396344114606394,0.22704284754183846,3887,3648,239,15.263598326359833,0.0
1408,72.03902266570589,1.3098004121037434,3.202968903991189,0.058235798254385254,3.202968903991189,0.058235798254385254,5.35690832266522,63.479145439049375,8.559877226656408,0.15563413139375287,64.12178774917993,0.6426423101305545,0.00024195870110337142,0.14394972575501738,0.004142977733749831,2711,2656,55,48.29090909090909,0.0
1409,111.17244533798686,0.23257833752716917,22.744720196822453,0.047583096646072076,22.744720196822453,0.047583096646072076,24.4874875379665,63.940237603198966,47.23220773478896,0.09881215007278024,64.49281980969579,0.5525822064968224,0.00024735103245157673,0.09765612035207337,0.1810953474358712,2712,2234,478,4.673640167364017,0.0
1410,89.55082643751444,0.3484467954767099,12.895964290550406,0.050178849379573565,12.895964290550406,0.050178849379573565,15.132547027892599,61.52231511907041,28.028511318443005,0.10906035532468096,62.16495742920097,0.6426423101305545,0.00024232364635390442,0.10655980158876839,0.06924756995283587,2909,2652,257,10.319066147859923,0.0
1411,100.0454498149968,0.5156981949226639,10.166684274603547,0.05240558904434818,10.166684274603547,0.05240558904434818,11.733056470944007,78.14570906944988,21.899740745547554,0.11288526157498739,78.97750383994793,0.8317947704980497,0.00024500582341621495,0.10859765966520037,0.038747669870531354,3589,3395,194,17.5,0.0
1412,83.50923674817966,0.4588419601548333,9.406595824526859,0.05168459244245527,9.406595824526859,0.05168459244245527,10.362724531946071,63.73991639170566,19.76932035647293,0.10862263932127984,64.56659784551141,0.8266814538057474,0.00024523329985338103,0.10408043353114423,0.14019613339587522,3553,3371,182,18.521978021978022,0.0
1413,81.00292968004192,0.4475299982322758,8.818319704056972,0.04871999836495564,8.818319704056972,0.04871999836495564,7.5279130000358805,64.65669697594996,16.346232704092852,0.09031067792316493,65.0665483036289,0.4098513276789504,0.00024337964826540997,0.08804630594703321,0.23850436919286722,1865,1684,181,9.303867403314918,0.0
1414,77.23821776505724,0.536376512257342,7.413646913731726,0.05148365912313699,7.413646913731726,0.05148365912313699,8.145856479812323,61.67871437151325,15.559503393544048,0.10805210689961145,62.281382321241836,0.6026679497285841,0.00024213256316937888,0.10386691280427367,0.06879488522844213,2633,2489,144,17.28472222222222,0.0
1415,95.73593851244874,0.6059236614711946,8.4984011590713,0.0537873491080462,8.4984011590713,0.0537873491080462,8.698106375582654,78.53943097779558,17.196507534653954,0.10883865528261996,79.4285594798431,0.8891285020475266,0.00024460206383700866,0.10321125970003568,0.13470666959199207,3793,3635,158,23.00632911392405,0.0
1416,68.745302076825,1.8579811372114865,2.5753769023115187,0.06960478114355456,2.5753769023115187,0.06960478114355456,1.9389477962587875,64.23097737825452,4.514324698570306,0.1220087756370353,65.09393453538911,0.8629571571345878,0.00024391101106121756,0.09868560922799699,0.27293744869035663,3575,3538,37,95.62162162162163,0.0
1417,70.76173994676793,1.1232022213772688,3.575772347489845,0.056758291229997544,3.575772347489845,0.056758291229997544,2.525394558631092,64.66057304064748,6.1011669061209375,0.09684391914477679,65.32021593432881,0.6596428936813368,0.00024056998310770852,0.08637339702284313,0.022375606994387454,2805,2742,63,43.523809523809526,0.0
1418,83.92261732906849,0.3977375228865805,10.657761577345264,0.05051071837604391,10.657761577345264,0.05051071837604391,11.923434317948306,61.341421433773974,22.58119589529357,0.10701988575968516,61.96977030390451,0.6283488701305373,0.00037246524607619283,0.10404192902921315,0.75,1898,1687,211,7.995260663507109,0.0
1419,100.51085872790208,0.5743477641594404,9.035360654986746,0.05163063231420998,9.035360654986746,0.05163063231420998,11.941355172738895,79.53414290017702,20.97671582772564,0.11986694758700367,80.16932996979466,0.6351870696176434,0.00024206824299452873,0.11623730718918523,0.017519612336059254,2799,2624,175,14.994285714285715,0.0
1420,77.50028729421979,0.6919668508412481,6.041340680764616,0.053940541792541215,6.041340680764616,0.053940541792541215,6.766419110199138,64.69252750325626,12.807759790963754,0.11435499813360495,65.48662473643958,0.7940972331833223,0.0002459266748787,0.10726484426589471,0.18666834430598556,3341,3229,112,28.830357142857142,0.0
1421,72.46705854223461,0.9173045385092988,4.4719226886219765,0.05660661631167059,4.4719226886219765,0.05660661631167059,3.1492062941503036,64.84592955946277,7.62112898277228,0.09646998712369975,65.65423772075269,0.808308161289915,0.00024427566071015864,0.08623823824660659,0.17697775622360723,3388,3309,79,41.88607594936709,0.0
1422,84.31110860474843,0.36657003741194966,11.570579813971712,0.05030686875639875,11.570579813971712,0.05030686875639875,12.530273069867349,60.21025572090832,24.10085288383906,0.10478631688625678,60.83860459103886,0.6283488701305373,0.000657956932073861,0.10205436527699811,0.75,1185,955,230,4.1521739130434785,0.0
1423,123.17665834631975,0.33290988742248584,18.584663551702448,0.05022882041000662,18.584663551702448,0.05022882041000662,25.25144855226563,79.3405462423517,43.83611210396808,0.11847597865937318,80.18174459570037,0.8411983533486591,0.0002444633401187617,0.11620246959626862,0.20194427137573712,3811,3441,370,9.3,0.0
1424,77.3117371957942,0.6664804930671914,5.641191374574831,0.04863096012564509,5.641191374574831,0.04863096012564509,7.43660321799382,64.23394260322573,13.077794592568651,0.1127396085566263,64.43973305650508,0.20579045327934864,0.0002582063403755943,0.11096555292490619,0.12376010561450812,913,797,116,6.870689655172414,0.0
1425,82.35317243282378,0.5115103877815141,8.28570828814626,0.05146402663444882,8.28570828814626,0.05146402663444882,7.671255163259332,66.39620898141902,15.956963451405592,0.09911157423233287,67.2312218750917,0.8350128936726833,0.00024422722833363067,0.0939251587436775,0.15878329234237754,3580,3419,161,21.236024844720497,0.0
1426,80.06587123542346,0.4084993430378748,10.147678655270354,0.05177387069015487,10.147678655270354,0.05177387069015487,9.769127284192848,60.149065295959474,19.916805939463202,0.10161635683399593,60.98718106487058,0.8381157689111092,0.0002442062263727008,0.09734025597220855,0.2524243502609238,3628,3432,196,17.510204081632654,0.0
1427,85.34679196834003,1.8965953770742228,3.031199499832154,0.06735998888515897,3.031199499832154,0.06735998888515897,2.737286318778331,79.57830614972988,5.768485818610484,0.12818857374689965,80.47660161369828,0.8982954639683953,0.00024304530951525848,0.10822645232537222,0.75,3741,3696,45,82.13333333333334,0.0
1428,71.90673116020747,1.0127708614113728,3.9014366996082477,0.0549498126705387,3.9014366996082477,0.0549498126705387,4.420586383675868,63.58470807692413,8.322023083284115,0.11721159272231148,64.18217787254014,0.5974697956160071,0.00024346772437490102,0.10879652517841315,0.07314024242441519,2525,2454,71,34.563380281690144,0.0
1429,79.46962595536746,0.5369569321308613,7.726214665904179,0.052204153148001205,7.726214665904179,0.052204153148001205,5.3566510604300674,66.38676022903394,13.082865726334246,0.08839774139415031,67.26883373270243,0.8820735036684937,0.000244952375359204,0.08243778528827722,0.004093895515211443,3749,3601,148,24.33108108108108,0.0
1430,74.31939219263052,0.47640636020917,8.32372606627318,0.053357218373546025,8.32372606627318,0.053357218373546025,5.753829703146948,60.24183642320975,14.077555769420128,0.09024074211166748,61.167398560833476,0.9255621376237286,0.00024166113253883253,0.08430765148587846,0.3884062311484513,3986,3830,156,24.55128205128205,0.0
1431,103.58316883596791,0.5754620490887106,9.528543551386827,0.05293635306326015,9.528543551386827,0.05293635306326015,13.6625620334205,80.39206325116135,23.191105584807325,0.1288394754711518,81.3184769936318,0.9264137424704586,0.00024270729433336616,0.12369273245742281,0.10570463791123075,3997,3817,180,21.205555555555556,0.0
1432,87.38046169811815,0.39360568332485657,10.767265793658634,0.04850119726873259,10.767265793658634,0.04850119726873259,13.259294234376,63.35390167008228,24.026560028034634,0.10822774787402989,63.69549198426239,0.34159031418010954,0.0002498831852085659,0.10668905276511606,0.3300714378829639,1589,1367,222,6.157657657657658,0.0
1433,81.71621826962831,0.507554150743033,8.00153712966883,0.049698988383036206,8.00153712966883,0.049698988383036206,7.469823476217982,66.24485766374238,15.471360605886812,0.0960954074899802,66.80001695817572,0.5551592944333379,0.00024695698150949195,0.0926472131146124,0.24738810568408098,2409,2248,161,13.962732919254659,0.0
1434,68.74542524176297,0.6874542524176297,5.300814487281205,0.053008144872812045,5.300814487281205,0.053008144872812045,3.2820851211810123,60.16252563330039,8.582899608462217,0.08582899608462218,60.754170735011655,0.5916451017112649,0.0002443804633255948,0.07991254506751318,0.36905627056898993,2521,2421,100,24.21,0.0
1435,97.9939620885088,0.6758204281966124,7.027714986965245,0.04846699991010514,7.027714986965245,0.04846699991010514,10.630740233242364,80.33550686830193,17.658455220207607,0.12178244979453522,80.44019213101359,0.10468526271165501,0.0003191623863160214,0.12106048246548418,0.3321828262790518,473,328,145,2.2620689655172415,0.0
1436,75.60855000654863,0.7000791667273021,5.852725002821908,0.05419189817427693,5.852725002821908,0.05419189817427693,6.352080855471343,63.403744148255214,12.204805858293252,0.11300746165086345,64.19682194478872,0.7930777965335096,0.00039183685599481703,0.10566414871999909,0.10106094170180313,2132,2024,108,18.74074074074074,0.0
1437,72.54420424218307,0.9803270843538253,3.894437726054228,0.05262753683857065,3.894437726054228,0.05262753683857065,1.7696387378552458,66.88012777827385,5.664076463909474,0.07654157383661452,67.38637347971019,0.5062457014363417,0.000246949122651874,0.06970041570909302,0.011337141494607295,2124,2050,74,27.7027027027027,0.0
1438,86.48344874779593,0.3144852681738034,13.729869964179521,0.049926799869743715,13.729869964179521,0.049926799869743715,12.49936847383242,60.25421030978197,26.22923843801194,0.09537904886549796,60.813390692094686,0.5591803823127179,0.00024546987810040294,0.09334566565709544,0.19742208929676508,2553,2278,275,8.283636363636363,0.0
1439,100.51078913804429,0.7078224587186217,7.606473041616728,0.053566711560681185,7.606473041616728,0.053566711560681185,12.086821478203547,80.81749461822454,19.693294519820274,0.13868517267479066,81.6512701887226,0.8337755704980623,0.00024486800895684647,0.1328135137276175,0.41984289438050837,3547,3405,142,23.97887323943662,0.0
1440,77.60149124022354,0.5426677709106541,7.519221234964209,0.05258196667807139,7.519221234964209,0.05258196667807139,7.355247964993339,62.72702204026501,14.874469199957549,0.10401726713257027,63.52009983679852,0.7930777965335096,0.0006091227315925573,0.0984712685554197,0.04811998281832075,1445,1302,143,9.104895104895105,0.0
1441,415.490438278592,0.10965701722844867,179.41330493213198,0.0473510965774959,179.41330493213198,0.0473510965774959,169.73370433455312,66.34342901194793,349.14700926668513,0.09214753477611115,66.71414391288738,0.37071490093944703,0.01765309052092605,0.09204969500282519,0.37755950126665994,3810,21,3789,0.0055423594615993665,0.0
1442,76.96263182419307,0.4137775904526509,9.536337008027427,0.051270629075416276,9.536337008027427,0.051270629075416276,7.61462248255981,59.811672333604804,17.150959490587237,0.0922094596268131,60.50600195870044,0.6943296250956337,0.00024117041510789638,0.08847650465318618,0.1561959800243926,3065,2879,186,15.478494623655914,0.0
1443,90.42557812857495,1.0894647967298188,4.828056874737667,0.0581693599365984,4.828056874737667,0.0581693599365984,4.825306667601808,80.77221458623569,9.653363542339475,0.11630558484746356,81.64462632933385,0.8724117430981551,0.00024375852000507267,0.10579459999085673,0.2971801383775414,3662,3579,83,43.12048192771084,0.0
1444,83.06632381947799,0.4153316190973899,10.322437731946742,0.05161218865973371,10.322437731946742,0.05161218865973371,10.070478024251258,62.6734080632786,20.392915756198,0.10196457878099001,63.60865218221119,0.9352441189325873,0.00024204040345046255,0.097288358186334,0.24973869832689388,4064,3864,200,19.32,0.0
1445,93.58948668417065,0.3140586801482237,14.174567870887024,0.04756566399626518,14.174567870887024,0.04756566399626518,14.19176586163411,65.22315295164935,28.366333732521134,0.09518903937087629,65.5938678525888,0.37071490093944703,0.0002496396639322876,0.0939450296361807,0.41716124356975115,1783,1485,298,4.983221476510067,0.0
1446,86.14104898826366,0.33131172687793714,13.403706512932807,0.05155271735743387,13.403706512932807,0.05155271735743387,11.8380828107978,60.89925966453046,25.241789323730607,0.09708380509127157,61.816900617975705,0.9176409534452432,0.00024244146722463494,0.09355441680879983,0.016294824806607267,4045,3785,260,14.557692307692308,0.0
1447,92.63725154839591,0.8822595385561515,5.92145065845056,0.05639476817571962,5.92145065845056,0.05639476817571962,5.885205901897848,80.83059498804761,11.806656560348408,0.11244434819379436,81.74670506149289,0.9161100734452816,0.00024248546147307614,0.10371949035145733,0.37423989681417424,3883,3778,105,35.98095238095238,0.0
1448,75.65373940815215,0.5562774956481775,7.162650763229034,0.05266654972962525,7.162650763229034,0.05266654972962525,5.655920958996489,62.83516768592551,12.818571722225524,0.09425420383989357,63.599250572989774,0.7640828870642622,0.00024655788546765477,0.0886359473173704,0.15297456667559572,3235,3099,136,22.78676470588235,0.0
1449,74.7908508478929,0.6392380414349821,6.0786009738945985,0.05195385447773161,6.0786009738945985,0.05195385447773161,3.238112596772055,65.47413727722687,9.316713570666654,0.0796300305185184,66.16055584407576,0.6864185668488858,0.0002416116039594811,0.07376320516083025,0.08683769844617473,2958,2841,117,24.28205128205128,0.0
1450,78.54382408819544,0.422278624130083,9.44205426951999,0.0507637326318279,9.44205426951999,0.0507637326318279,7.435966417309658,61.665803401364315,16.878020686829647,0.0907420467033852,62.23363608482231,0.5678326834579934,0.00024581501448397986,0.08768918281383402,0.011198686483908205,2496,2310,186,12.419354838709678,0.0
1451,101.65334112143631,0.6014990598901557,8.497272219581676,0.05027971727563122,8.497272219581676,0.05027971727563122,11.715995057705754,81.4400738441492,20.21326727728743,0.1196051318182688,81.89076029305653,0.45068644890733367,0.00023858467385247945,0.11693834809692179,0.05562026573801404,2058,1889,169,11.177514792899409,0.0
1452,78.73533540317453,0.5284250698199633,7.817931225156481,0.05246933708158712,7.817931225156481,0.05246933708158712,6.86666716804325,64.05073700997337,14.684598393199732,0.09855435163221296,64.86222216650691,0.8114851565335357,0.00024464430404990523,0.0931081425279706,0.010702331032405255,3466,3317,149,22.261744966442954,0.0
1453,76.8148533357516,0.6797774631482442,5.919031190065119,0.05238080699172672,5.919031190065119,0.05238080699172672,4.747248777640891,66.14857336804624,10.66627996770601,0.09439185812129212,66.86107863811316,0.712505270066913,0.0002407112398874706,0.08808650174901271,0.677153764965226,3073,2960,113,26.194690265486727,0.0
1454,81.47197113210592,0.4427824518049235,9.364267039946405,0.050892755651882636,9.364267039946405,0.050892755651882636,9.184052553252855,62.92365153890506,18.54831959319926,0.10080608474564814,63.466753015774486,0.543101476869424,0.0002494724285114488,0.09785444628440997,0.18109940166374372,2361,2177,184,11.831521739130435,0.0
1455,111.2019931467525,0.4103394581060978,13.817414571125186,0.05098676963514829,13.817414571125186,0.05098676963514829,16.776472324632607,80.60810625099441,30.59388689575779,0.11289257157106196,81.471063408129,0.8629571571345878,0.00024377320823010953,0.1097082278177989,0.75,3811,3540,271,13.062730627306273,0.0
1456,75.16026374734719,0.6160677356339933,6.504788789942682,0.05331794090116953,6.504788789942682,0.05331794090116953,4.744581681883631,63.910893275519356,11.249370471826314,0.09220795468710094,64.68599938595122,0.7751061104318637,0.0002459092989948806,0.0858546259130817,0.1957847656134959,3274,3152,122,25.83606557377049,0.0
1457,96.15660961449174,0.3587933194570587,13.099704442555941,0.04887949418864157,13.099704442555941,0.04887949418864157,15.260855214009723,67.79604995792624,28.360559656565663,0.10582298379315545,68.49489389539127,0.6988439374650284,0.00024148028246891097,0.10321535716082265,0.07302755395664917,3162,2894,268,10.798507462686567,0.0
1458,83.96808205214529,0.4328251652172438,9.974071811967367,0.05141274129880086,9.974071811967367,0.05141274129880086,10.791206553520112,63.202803686655784,20.76527836548748,0.1070375173478736,63.8350892410711,0.6322855544153185,0.00024281319293983046,0.1037783134591453,0.3498863613748995,2798,2604,194,13.422680412371134,0.0
1459,126.35799596332294,0.3207055735109719,19.705081251716198,0.050012896577959896,19.705081251716198,0.050012896577959896,24.06653055540812,82.58638415619833,43.771611807124316,0.11109546143940181,83.4201597266964,0.8337755704980623,0.00024486800895684647,0.10897927978839222,0.053021055050237464,3799,3405,394,8.642131979695431,0.0
1460,83.25222711170102,0.5107498595809878,8.504053524168738,0.05217210751023765,8.504053524168738,0.05217210751023765,9.992198214656923,64.75597537287308,18.496251738825663,0.1134739370480102,65.6277644421748,0.8717890693017125,0.00043480751586120325,0.10812553784985414,0.110392598466035,2168,2005,163,12.300613496932515,0.0
1461,92.98644418866269,0.3906993453305155,11.826375748767783,0.04969065440658732,11.826375748767783,0.04969065440658732,13.418705631175328,67.74136280871915,25.24508137994311,0.10607177050396265,68.55435068525264,0.8129878765334979,0.0002442872225160751,0.10265585505634472,0.379490093066579,3566,3328,238,13.983193277310924,0.0
1462,95.63929748510805,0.2933720781751781,16.80844369268843,0.05155964322910562,16.80844369268843,0.05155964322910562,15.320177548517677,63.510676243899695,32.128621241206105,0.09855405288713528,64.37070944538726,0.8600332014875676,0.00024405028419056967,0.09591591423227235,0.5021028040155784,3850,3524,326,10.809815950920246,0.0
1463,91.92214677245164,1.4590816948008196,3.48028563938222,0.05524262919654317,3.48028563938222,0.05524262919654317,5.338413749776521,83.10344738329286,8.818699389158741,0.1399793553834721,83.62605730317722,0.5226099198843599,0.00025053208048147644,0.1316839598297527,0.10083859171567155,2149,2086,63,33.111111111111114,0.0
1464,76.45569883987417,0.5836312888540013,7.019097973566083,0.05358090056157316,7.019097973566083,0.05358090056157316,5.696289877723473,63.74031098858296,12.715387851289556,0.09706402939915691,64.61210005788467,0.8717890693017125,0.0005223421625534527,0.09040915100755342,0.03323289549229003,1800,1669,131,12.740458015267176,0.0
1465,78.65364347007397,0.9040648674721147,4.474078337835792,0.051426187791216,4.474078337835792,0.051426187791216,5.068417518310582,69.11114761392815,9.542495856146374,0.10968386041547556,69.57922890424152,0.4680812903133642,0.00024065876108656257,0.10430361569922363,0.11472405610027181,2032,1945,87,22.35632183908046,0.0
1466,83.39929092965082,0.44126608957487207,9.50112242028536,0.05027048899621884,9.50112242028536,0.05027048899621884,10.32690904415415,63.57125946520915,19.828031464439512,0.10491021938856884,63.95904018956094,0.387780724351785,0.00024810027149826296,0.10285846952428508,0.5506544368698769,1752,1563,189,8.26984126984127,0.0
1467,99.42531411769437,0.7204732907079302,7.367614764742945,0.05338851278799236,7.367614764742945,0.05338851278799236,9.230059837956219,82.82763951499516,16.597674602699165,0.12027300436738525,83.67431109501047,0.8466715800153111,0.00024449078256289663,0.11413770306292684,0.33996930229056943,3601,3463,138,25.094202898550726,0.0
1468,81.65729486150076,0.46929479805460206,8.425129462158674,0.04842028426527974,8.425129462158674,0.04842028426527974,10.188000248159824,63.044165151179755,18.613129710318496,0.10697200982941664,63.32488100709065,0.2807158559108984,0.00026507635119065007,0.10535870031270175,0.562587111444202,1233,1059,174,6.086206896551724,0.0
1469,87.32421993102923,0.47458815179907193,9.053169932818875,0.04920201050445041,9.053169932818875,0.04920201050445041,10.26723469801317,68.00381530019644,19.320404630832044,0.10500219908060894,68.54950952258969,0.5456942223932515,0.00024860784619282526,0.1020364696110845,0.1222027534404333,2379,2195,184,11.929347826086957,0.0
1470,91.7036383908632,0.32176715224864283,14.800953243062116,0.05193316927390216,14.800953243062116,0.05193316927390216,12.79735066027473,64.10533448752432,27.59830390333685,0.09683615404679596,64.92880780630799,0.8234733187836696,0.00024618036435984143,0.0939467739808955,0.75,3630,3345,285,11.736842105263158,0.0
1471,97.67503093139601,0.7235187476399705,6.769341360901978,0.05014326934001465,6.769341360901978,0.05014326934001465,8.837563920239347,82.06812565025467,15.606905281141326,0.11560670578623204,82.46062156797154,0.39249591771687165,0.00024763149382767927,0.112699328617959,0.1713955798711595,1720,1585,135,11.74074074074074,0.0
1472,75.00951767001192,0.6579782251755432,5.723573934727565,0.05020678890111899,5.723573934727565,0.05020678890111899,6.177231392593683,63.10871234268956,11.900805327321248,0.10439302918702849,63.49877989510486,0.390067552415303,0.0002476619380414622,0.10097138399041278,0.17205154808965517,1689,1575,114,13.81578947368421,0.0
1473,87.76536342316314,0.48758535235090633,9.090621225809933,0.05050345125449963,9.090621225809933,0.05050345125449963,10.796306154364174,67.8784360429882,19.886927380174107,0.11048292988985615,68.65278823342004,0.7743521904318413,0.00024637358906517384,0.10618097327635054,0.6452788481637981,3323,3143,180,17.461111111111112,0.0
1474,81.05022604272693,0.5476366624508576,7.994783478459012,0.05401880728688522,7.994783478459012,0.05401880728688522,8.674052605763848,64.38138995850204,16.66883608422286,0.11262727083934365,65.21077307810867,0.8293831196066321,0.0002445115329028986,0.10702333084201528,0.18311541836578726,3540,3392,148,22.91891891891892,0.0
1475,106.57672865564638,0.5148634234572289,10.777289691012074,0.05206420140585543,10.777289691012074,0.05206420140585543,14.17043671023805,81.62900225439569,24.947726401250122,0.12052041739734358,82.53565634997733,0.9066540955816436,0.00024326645977505864,0.1161404459211065,0.4037987222695847,3934,3727,207,18.004830917874397,0.0
1476,96.0824758770712,0.3079566534521513,15.48153776251641,0.04962031334139875,15.48153776251641,0.04962031334139875,18.094524141990973,62.50641397256322,33.576061904507384,0.10761558302726726,63.382388533637254,0.875974561074031,0.0002440040560094794,0.104807972254596,0.3246453548851491,3902,3590,312,11.506410256410257,0.0
1477,83.07114033661685,0.5976341031411284,7.07563755986957,0.05090386733719115,7.07563755986957,0.05090386733719115,8.274828036539702,67.72067474020696,15.350465596409272,0.11043500429071419,68.37885314893589,0.6581784087289293,0.0002406502408515281,0.10569990782504289,0.020553997692559278,2874,2735,139,19.676258992805757,0.0
1478,75.61505095130588,0.7413240289343713,5.510432056521713,0.054023843691389344,5.510432056521713,0.054023843691389344,5.633291705093029,64.47132718968999,11.143723761614742,0.109252193741321,65.08154330091611,0.6102161112261228,0.00024176549573142744,0.10326968284695848,0.23061071614233697,2626,2524,102,24.745098039215687,0.0
1479,99.12551855768277,0.7288641070417851,6.840343067271613,0.050296640200526564,6.840343067271613,0.050296640200526564,9.748439498104403,82.53673599230694,16.588782565376015,0.1219763423924707,82.9489465379745,0.41221054566756266,0.00024333562318037938,0.11894538249785486,0.43197271746242905,1830,1694,136,12.455882352941176,0.0
1480,76.03600360479635,0.6082880288383707,6.4812098730557155,0.05184967898444572,6.4812098730557155,0.05184967898444572,6.864510414553763,62.690283317185106,13.345720287609478,0.10676576230087582,63.337898860992254,0.6476155438071487,0.00024110779739655572,0.10158483795043276,0.1971252588690504,2811,2686,125,21.488,0.0
1481,90.03475672299288,0.42469224869336264,10.580745735533457,0.04990917799779932,10.580745735533457,0.04990917799779932,11.660370536319931,67.79364045113903,22.241116271853386,0.10491092581062918,68.582751302914,0.7891108517749785,0.00024613563686056724,0.10118870481169281,0.0968613954180455,3418,3206,212,15.122641509433961,0.0
1482,70.52897197574248,1.2160167582024566,3.5758597684350604,0.0616527546281907,3.5758597684350604,0.0616527546281907,2.378177081484239,64.57493512582289,5.9540368499193,0.10265580775722931,65.40159801962864,0.8266628938057465,0.0002458842634758318,0.08840299924334212,0.02086412877173416,3420,3362,58,57.96551724137931,0.0
1483,100.93306677807652,0.6511810759875905,7.9339454422128135,0.05118674478846977,7.9339454422128135,0.05118674478846977,10.63540480974882,82.36371652611501,18.569350251961634,0.11980225969007506,82.95536162782628,0.5916451017112649,0.00024427956305171964,0.11598519451774351,0.2703792288006639,2577,2422,155,15.625806451612902,0.0
1484,74.7596048298891,0.6922185632397139,5.441326083368129,0.050382648920075275,5.441326083368129,0.050382648920075275,5.698474655823304,63.61980409069628,11.139800739191433,0.10314630314066141,64.03546501724412,0.4156609265478437,0.00024166332938828122,0.09929759085782387,0.0914995159723162,1828,1720,108,15.925925925925926,0.0
1485,74.65276329002614,1.204076827258486,3.2935888627607257,0.05312240101226977,3.2935888627607257,0.05312240101226977,3.2042038962039783,68.15497053106134,6.497792758964704,0.10480310901555974,68.60166079034684,0.44669025928550354,0.0002402852389916641,0.0975984274141823,0.23071659335545291,1921,1859,62,29.983870967741936,0.0
1486,94.51281071734809,0.3150427023911603,15.376530438688606,0.05125510146229535,15.376530438688606,0.05125510146229535,14.129808171726552,65.00647210693006,29.506338610415156,0.09835446203471719,65.62268455204037,0.6162124451103068,0.0002417467419028273,0.09630042055102574,0.1388320301693966,2849,2549,300,8.496666666666666,0.0
1487,388.39613353398016,0.1359454440090935,135.50784670924665,0.04743011785412903,135.50784670924665,0.04743011785412903,170.6865794830896,82.20170734164833,306.1944261923362,0.10717340783770955,82.26720690642918,0.0654995647808505,0.0003447345514781606,0.10715048184373503,0.29260614668078233,3047,190,2857,0.06650332516625831,0.0
1488,80.58005621525695,0.5444598392922767,7.446491141317623,0.05031412933322719,7.446491141317623,0.05031412933322719,8.440021745032823,64.69354332890612,15.886512886350445,0.10734130328615166,65.28104951188027,0.5875061829741526,0.00024592138257603706,0.10337166691470727,0.10829143194212065,2537,2389,148,16.14189189189189,0.0
1489,72.2868116572534,1.4457362331450678,3.2314435796374084,0.06462887159274816,3.2314435796374084,0.06462887159274816,0.9114615403912012,68.1439065372249,4.14290512002861,0.0828581024005722,69.08683658252977,0.9429300453048768,0.00024115857936186108,0.06399950149447249,0.010819575853474817,3960,3910,50,78.2,0.0
1490,90.13637960649947,0.35072521247665167,13.340176789361609,0.05190730268234089,13.340176789361609,0.05190730268234089,11.903231805363703,64.89297101177232,25.24340859472531,0.09822337974601288,65.59294983150636,0.6999788197340422,0.0002412888037690597,0.09549972675094597,0.5101267078484284,3158,2901,257,11.287937743190662,0.0
1491,97.04871452186734,0.7465285732451333,6.807155235819338,0.05236273258322568,6.807155235819338,0.05236273258322568,8.428035770311908,81.81352351573616,15.235191006131245,0.11719377697024035,82.47678257703654,0.6632590613003799,0.00024057274620978598,0.11209178419100611,0.10868202213396216,2887,2757,130,21.20769230769231,0.0
1492,85.56867642301808,0.45758650493592556,9.279536903333758,0.04962319199643721,9.279536903333758,0.04962319199643721,12.05615357751634,64.232985942168,21.335690480850097,0.11409460150187217,64.8190985570921,0.5861126149241045,0.0002458526069312519,0.11096030944345439,0.75,2571,2384,187,12.748663101604278,0.0
1493,75.94110863257987,0.7993800908692618,5.285858086008714,0.05564061143167068,5.285858086008714,0.05564061143167068,2.9246259754168022,67.73062457115401,8.210484061425516,0.08642614801500544,68.64208611154521,0.9114615403912012,0.0002433159477819544,0.07683181601089113,0.08024262891711942,3841,3746,95,39.43157894736842,0.0
1494,100.56780319907318,0.28733658056878053,17.812443116171803,0.050892694617633724,17.812443116171803,0.050892694617633724,18.370988128158615,64.38437195474,36.18343124433042,0.10338123212665834,64.99121070665905,0.6068387519190424,0.00024157593627350412,0.10164740712118324,0.75,2862,2512,350,7.177142857142857,0.0
1495,120.14315827971313,0.3413157905673669,17.6946386658525,0.05026885984617188,17.6946386658525,0.05026885984617188,22.19705524196047,80.2514643718996,39.89169390781297,0.11332867587446867,81.08958014081071,0.8381157689111092,0.00024434862067379277,0.11094766516733644,0.7386685940100506,3782,3430,352,9.744318181818182,0.0
1496,86.70215855387835,0.40705238757689366,10.006771930480529,0.04698014990835929,10.006771930480529,0.04698014990835929,13.464700800520575,63.23068582287749,23.471472731001104,0.11019470765728218,63.319825197805926,0.08913937492843615,0.00031722197483429235,0.10977621293930714,0.019501511287444373,494,281,213,1.3192488262910798,0.0
1497,75.52170616709873,1.5104341233419745,2.630760738027827,0.052615214760556535,2.630760738027827,0.052615214760556535,3.8150465841516166,69.07589884491892,6.445807322179443,0.12891614644358887,69.4354769566142,0.35957811169527076,0.00025022833103359134,0.12172458420969065,0.2536913481374654,1487,1437,50,28.74,0.0
1498,79.09036247893891,0.5380296767274756,7.661904127865339,0.05212179678819958,7.661904127865339,0.05212179678819958,6.162323969755107,65.26613438131562,13.824228097620445,0.09404236801102343,65.72128144603647,0.45514706472084754,0.00023717929375760685,0.09094612947552683,0.1128685434736667,2066,1919,147,13.054421768707483,0.0
1499,87.48087170664854,1.5082908914939404,3.332522743399456,0.05745728867930097,3.332522743399456,0.05745728867930097,3.7538179912722285,80.39453097197702,7.086340734671685,0.12217828852882216,81.01639308606855,0.6218621140915275,0.00024149985013263202,0.11145652794103442,0.40373321496343806,2633,2575,58,44.39655172413793,0.0
1500,78.35206331372456,0.5441115507897538,7.355705326354476,0.051081286988572755,7.355705326354476,0.051081286988572755,7.931555164537201,63.0648028228328,15.287260490891677,0.10616153118674776,63.75122138968169,0.6864185668488858,0.00024101775521379417,0.10139473558363103,0.28439853168401896,2992,2848,144,19.77777777777778,0.0
1501,85.6625564786442,0.4839692456420577,8.793345941899512,0.04967992057570345,8.793345941899512,0.04967992057570345,8.984733870251262,67.88447666649307,17.77807981215077,0.10044112888220774,68.53071301030019,0.6462363438071179,0.00024176443838650128,0.09679007609233907,0.75,2850,2673,177,15.101694915254237,0.0
1502,95.67548949687227,0.3287817508483583,15.260859805472922,0.05244281720093787,15.260859805472922,0.05244281720093787,15.829230356805908,64.58539933459036,31.09009016227883,0.10683879780851832,65.50150940803564,0.9161100734452816,0.00024248546147307614,0.10369065322624271,0.03851501592231443,4069,3778,291,12.982817869415808,0.0
1503,96.99411945573257,0.6298319445177439,8.26683318475908,0.05368073496596805,8.26683318475908,0.05368073496596805,8.35420750630152,80.37307876467145,16.6210406910606,0.10792883565623766,81.30365532794599,0.930576563274542,0.00024227455435421556,0.10188613069991288,0.23385112498914395,3995,3841,154,24.941558441558442,0.0
1504,258.9483201249432,0.13914471796074326,88.59738269192933,0.04760740606766756,88.59738269192933,0.04760740606766756,108.00210945528585,62.34882797773662,196.5994921472152,0.10564185499581687,62.381778235584136,0.03295025784751715,0.001938250461618656,0.10562414932260027,0.38002727103361167,1878,17,1861,0.009134873723804407,0.0
1505,89.99546932982861,0.3912846492601244,10.946017182478025,0.04759137905425228,10.946017182478025,0.04759137905425228,11.179987267430818,67.86946487991946,22.12600444990884,0.09620001934742975,68.21346273492497,0.3439978550055116,0.00024945457215773143,0.09470437649958102,0.008854718435657105,1609,1379,230,5.995652173913044,0.0
1506,89.66232896520523,0.3615416490532469,13.169980204111763,0.05310475888754743,13.169980204111763,0.05310475888754743,11.387540412456588,65.10480834863432,24.55752061656835,0.09902226055067884,66.02473882328081,0.9199304746464918,0.00024170532702219962,0.09531286347550169,0.01740005765037722,4054,3806,248,15.346774193548388,0.0
1507,90.55679775512334,0.8878117426972877,5.582582180570762,0.05473119784873296,5.582582180570762,0.05473119784873296,4.453692818290676,80.52052275626204,10.036274998861439,0.0983948529300141,81.2913233854726,0.7708006292105551,0.0002464984423442773,0.09083798401618379,0.3768505245643041,3229,3127,102,30.65686274509804,0.0
1508,72.39047485334089,0.7167373747855533,5.276913941442453,0.05224667268754904,5.276913941442453,0.05224667268754904,5.248944115761049,61.86461679613711,10.525858057203502,0.10421641640795547,62.492227347168466,0.6276105510313528,0.00024250794089310384,0.09800245055616262,0.11405613879668408,2689,2588,101,25.623762376237625,0.0
1509,87.12765766224703,0.4922466534590228,8.741898446470321,0.04938925675971933,8.741898446470321,0.04938925675971933,9.685800207852196,68.69995900792367,18.42769865432252,0.10411129183233062,69.29490717630159,0.5949481683779254,0.0002445327449148892,0.10075000274545445,0.12066257627526511,2610,2433,177,13.745762711864407,0.0
1510,76.20246467908191,0.6569177989576027,6.287480100587347,0.054202414660235745,6.287480100587347,0.054202414660235745,3.7338722399520634,66.18111233854006,10.02135234053941,0.08639096845292595,66.77352352025133,0.5924111817112703,0.00024419257284058953,0.0812839755071602,0.20939567577062235,2542,2426,116,20.913793103448278,0.0
1511,122.5476473486122,0.3303171087563671,18.366358782827735,0.04950501019630117,18.366358782827735,0.04950501019630117,23.566356975142185,80.61493159064173,41.932715757969916,0.11302618802687309,81.20341121361588,0.5884796229741482,0.0002455067263137873,0.11143998958220033,0.23227740398829155,2768,2397,371,6.460916442048518,0.0
1512,91.91875642092646,0.3442650053218219,12.948306712923763,0.048495530760014095,12.948306712923763,0.048495530760014095,16.900630543576312,62.069819164426576,29.848937256500076,0.11179377249625497,62.546337053840375,0.4765178894137989,0.00023933595651119986,0.11000906129994786,0.28412687456483354,2258,1991,267,7.456928838951311,0.0
1513,88.6825071026019,0.4124767772214042,10.331727131078257,0.04805454479571282,10.331727131078257,0.04805454479571282,10.524791601678828,67.82598836984465,20.856518732757085,0.09700706387328877,68.25509053987878,0.42910217003412754,0.0002401243257046041,0.09501123982661919,0.7431188521331933,2002,1787,215,8.311627906976744,0.0
1514,76.98198147803072,0.6309998481805796,6.971026264134077,0.0571395595420826,6.971026264134077,0.0571395595420826,3.726117369750682,66.2848378441443,10.69714363388476,0.08768150519577672,67.23552275965056,0.9506849155062582,0.00024025395893511705,0.07988900588836192,0.11630910400953098,4079,3957,122,32.4344262295082,0.0
1515,104.2054613068072,0.43418942211169664,12.114842648511285,0.050478511035463684,12.114842648511285,0.050478511035463684,11.71861043513968,80.37200822315538,23.833453083650966,0.09930605451521236,81.00928794516261,0.6372797220072357,0.0002427732274313279,0.09665072234018576,0.3600129056177934,2865,2625,240,10.9375,0.0
1516,72.07624385596642,0.758697303747015,4.8062162624583795,0.05059175013114084,4.8062162624583795,0.05059175013114084,5.506539051420077,61.76348854208754,10.312755313878457,0.10855531909345743,62.198221980706194,0.4347334386186503,0.00024044991074040394,0.10397917763431822,0.21328308265856322,1903,1808,95,19.03157894736842,0.0
1517,85.24189618715582,0.47888705723121244,8.739913418351101,0.04910063718174776,8.739913418351101,0.04910063718174776,8.70593471132122,67.79604805748289,17.44584812967232,0.0980103827509681,68.34681138397974,0.550763326496849,0.00024686836687442805,0.09491620675941616,0.18846851396716602,2409,2231,178,12.53370786516854,0.0
1518,77.94181262903999,0.5860286663837593,7.275193288510657,0.05470070141737336,7.275193288510657,0.05470070141737336,3.630741092092137,67.03587824843646,10.905934380602794,0.08199950662107364,67.73222170590151,0.6963434574650478,0.00024145057471048814,0.07676384152735698,0.1268885975027274,3017,2884,133,21.68421052631579,0.0
1519,96.01828993944923,0.6809807797124059,7.55088777002195,0.053552395532070564,7.55088777002195,0.053552395532070564,7.822158118119148,80.64524405130732,15.373045888141098,0.10902869424213545,81.47192550511306,0.8266814538057474,0.00024537888210321977,0.10316570520805794,0.2621419683544559,3510,3369,141,23.893617021276597,0.0
1520,74.75451172855435,0.5537371239152173,6.971183285559743,0.05163839470784995,6.971183285559743,0.05163839470784995,6.234396644759386,61.54893179823529,13.205579930319129,0.0978191105949565,62.26592328281305,0.7169914845777612,0.0002408436293509443,0.09250806256104667,0.07179110264655719,3112,2977,135,22.05185185185185,0.0
1521,76.05244488085492,1.014032598411399,3.8955067783364443,0.051940090377819256,3.8955067783364443,0.051940090377819256,3.6568267695051873,68.50011133301251,7.552333547841632,0.10069778063788842,68.96659363696921,0.46648230395669543,0.00024057880554754794,0.09447801658514285,0.030104047130180334,2014,1939,75,25.85333333333333,0.0
1522,84.21653496222478,0.4409242668179308,10.23558350216652,0.05358944241972,10.23558350216652,0.05358944241972,6.896195808291509,67.08475565176536,17.13177931045803,0.08969517963590591,67.86827206823875,0.7835164164733897,0.0002460020145913311,0.08559299944495305,0.3326438351858201,3376,3185,191,16.67539267015707,0.0
1523,127.39302994169816,0.3099587103204335,20.102734481560645,0.04891176272885802,20.102734481560645,0.04891176272885802,25.47741090806153,81.81288455207493,45.580145389622174,0.11090059705504178,82.21730522121493,0.40442066913999497,0.00024348023428055084,0.1099166051593266,0.17280923169249718,2072,1661,411,4.041362530413625,0.0
1524,74.88134892162645,0.6292550329548442,6.41663813243689,0.05392132884400748,6.41663813243689,0.05392132884400748,5.928846401936653,62.535864387253355,12.345484534373544,0.10374356751574407,63.43797687845404,0.9021124912006826,0.0002431570057144697,0.0961627902787598,0.12234243901156105,3829,3710,119,31.176470588235293,0.0
1525,88.779763700981,0.4227607795284809,10.454515620708065,0.049783407717657456,10.454515620708065,0.049783407717657456,10.192647302178216,68.13260077809463,20.64716292288628,0.09831982344231563,68.91611719456802,0.7835164164733897,0.0002457705195964208,0.09458879288768084,0.20619735298470232,3398,3188,210,15.18095238095238,0.0
1526,79.81046020789495,0.6284288205346059,7.0838297687776235,0.05577818715572932,7.0838297687776235,0.05577818715572932,4.345899951493948,68.38073048762345,11.42972972027157,0.08999787181316198,69.17781223669448,0.797081749071026,0.00024502974149124684,0.08372163756850763,0.0758772234769367,3380,3253,127,25.614173228346456,0.0
1527,86.25875373876153,1.6913481125247358,2.962241288920074,0.058083162527844595,2.962241288920074,0.058083162527844595,1.4167523425807644,81.87976010726078,4.378993631500839,0.08586262022550664,82.45983911504356,0.5800790077827855,0.00024642268809803975,0.07448852203368554,0.07537418802348839,2405,2354,51,46.15686274509804,0.0
1528,75.8285516525886,0.6266822450627157,6.167020229551271,0.05096710933513447,6.167020229551271,0.05096710933513447,6.728774233186982,62.932757189850804,12.895794462738253,0.10657681374163847,63.491138993308766,0.5583818034579622,0.0005194249334492671,0.10196208809322177,0.147770924118106,1196,1075,121,8.884297520661157,0.0
1529,73.17057656479034,1.6629676491997805,2.6984423107612945,0.06132823433548396,2.6984423107612945,0.06132823433548396,1.4440604350316448,69.02807381899709,4.142502745792939,0.09414778967711225,69.73452309799717,0.7064492790000827,0.0003885859620462501,0.0780921242452993,0.75,1862,1818,44,41.31818181818182,0.0
1530,88.75255124197469,0.4287562861931144,10.720424487073926,0.05178949027571945,10.720424487073926,0.05178949027571945,9.911529601321433,68.12059715357799,20.63195408839536,0.09967127578934958,68.62684285501433,0.5062457014363417,0.0002468287183989965,0.097225644381451,0.08406997097489466,2258,2051,207,9.908212560386474,0.0
1531,109.77525507758537,0.4462408742991275,12.642791220521778,0.05139346024602349,12.642791220521778,0.05139346024602349,14.661155661634268,82.47130819542895,27.303946882156048,0.11099165399250426,83.29958091503556,0.8282727196066162,0.00024519618697649976,0.10762469171768214,0.6206640246704183,3624,3378,246,13.731707317073171,0.0
1532,72.61135196941456,0.6259599307708151,5.931789339408496,0.05113611499490083,5.931789339408496,0.05113611499490083,5.370464598478691,61.30909803152781,11.302253937887187,0.09743322360247575,61.86747983498577,0.5583818034579622,0.00044885997062537155,0.09261958736576538,0.16892516267768087,1360,1244,116,10.724137931034482,0.0
1533,141.52285534315172,0.1771249753981874,37.83557885583957,0.047353665651864295,37.83557885583957,0.047353665651864295,35.565570562154505,68.12170592515798,73.40114941799408,0.09186626960950448,68.82815520415807,0.7064492790000827,0.0005921620108969679,0.09098210280224488,0.032708735516109755,1992,1193,799,1.493116395494368,0.0
1534,85.86506148831467,0.6046835316078497,7.933662512209948,0.05587086276204189,7.933662512209948,0.05587086276204189,7.625875260876512,70.3055237152281,15.559537773086461,0.10957420966962296,71.24845376053298,0.9429300453048768,0.00024134375359735776,0.10293385723789918,0.47903542294830004,4049,3907,142,27.514084507042252,0.0
1535,96.44476629298765,0.8314203990774798,6.14521010290746,0.05297594916299535,6.14521010290746,0.05297594916299535,7.831034068149052,82.46852212193062,13.97624417105651,0.12048486354359061,83.05700174490477,0.5884796229741482,0.00024591710111748777,0.11541176334554211,0.15038947196285335,2509,2393,116,20.629310344827587,0.0
1536,80.3292482864266,0.438957640909435,9.287012886633802,0.05074870429854537,9.287012886633802,0.05074870429854537,9.945118461622826,61.0971169381711,19.23213134825663,0.10509361392489962,61.84749177035371,0.7503748321826151,0.00024394500396053808,0.1009932050058628,0.5723654720065383,3259,3076,183,16.808743169398905,0.0
1537,93.02034328667668,0.366221823963294,12.001280534693977,0.04724913596336212,12.001280534693977,0.04724913596336212,13.539944797890598,67.47911795409249,25.541225332584574,0.10055600524639596,67.78267931902866,0.30356136493617214,0.0002592325917473716,0.09936088176239377,0.14724688314788636,1425,1171,254,4.610236220472441,0.0
1538,84.87353151666463,0.7316683751436606,6.28072398000972,0.054144172241463104,6.28072398000972,0.054144172241463104,7.024908081070009,71.56789945558438,13.305632061079729,0.11470372466448042,72.16886663539088,0.6009671798065028,0.00024232547572842857,0.10952297311442882,0.02297146617110002,2596,2480,116,21.379310344827587,0.0
1539,98.86502182275399,0.6461766132206143,8.150933997542557,0.05327407841531083,8.150933997542557,0.05327407841531083,7.67768908529689,83.03639873991392,15.828623082839448,0.103455052829016,83.84938661644742,0.8129878765334979,0.0002444341180196927,0.09814140657716712,0.2863703672246629,3479,3326,153,21.73856209150327,0.0
1540,72.2350375160728,0.6336406799655508,5.850139671634593,0.05131701466346134,5.850139671634593,0.05131701466346134,5.414499749796505,60.97039809464235,11.264639421431099,0.09881262650378157,61.53429774585021,0.563899651207862,0.00024485438610849416,0.09386613833528581,0.4669246329295902,2417,2303,114,20.20175438596491,0.0
1541,87.16309404709398,0.42937484752263044,9.902396330214168,0.04878027748873975,9.902396330214168,0.04878027748873975,10.211135694637903,67.04956202224213,20.11353202485207,0.09908143854606931,67.60943808455482,0.5598760623126964,0.00024545202205729784,0.09632342838689238,0.09626411174690475,2484,2281,203,11.236453201970443,0.0
1542,98.52010067992381,0.4582330264182503,10.95033399243263,0.05093178601131456,10.95033399243263,0.05093178601131456,15.109649506929202,72.46011718055956,26.059983499361834,0.12120922557842714,72.90680743984507,0.44669025928550354,0.00024015605337930298,0.11913159646548255,0.10670741387917815,2075,1860,215,8.651162790697674,0.0
1543,111.22905386980352,0.4615313438581059,12.467238826871105,0.05173128143929919,12.467238826871105,0.05173128143929919,15.118784678631698,83.64303036429993,27.5860235055028,0.11446482782366307,84.53552816273151,0.8924977984315774,0.0002441186538379588,0.11076151745673034,0.016785898733701288,3897,3656,241,15.1701244813278,0.0
1544,75.82032680085206,0.5054688453390137,7.355806359923639,0.04903870906615759,7.355806359923639,0.04903870906615759,7.345295198445569,61.11922524248354,14.701101558369208,0.09800734372246139,61.488639878171455,0.3694146356879173,0.00024611234889268307,0.09554457948453736,0.19531507900688894,1651,1501,150,10.006666666666666,0.0
1545,81.42888472429098,0.6168854903355377,6.636003938590171,0.05027275711053159,6.636003938590171,0.05027275711053159,6.5735198407201665,68.2193609449817,13.209523779310338,0.10007214984326014,68.79998395276448,0.5806230077827763,0.00024529911608904786,0.0956734906933826,0.5548637483341281,2499,2367,132,17.931818181818183,0.0
1546,89.67738955431321,0.7535915088597749,6.443284870023125,0.05414525100859769,6.443284870023125,0.05414525100859769,10.823116667289412,72.4109880169994,17.266401537312536,0.14509581123792048,73.07494531829974,0.6639573013003428,0.00024030304064435136,0.13951633811776024,0.47656045019749627,2882,2763,119,23.218487394957982,0.0
1547,91.46450647422267,1.2034803483450351,4.222105086099904,0.05555401429078821,4.222105086099904,0.05555401429078821,4.244645549207803,82.99775583891426,8.466750635307708,0.11140461362246984,83.58386845383836,0.5861126149241045,0.00024636932111143527,0.10369260553137251,0.3110330462787374,2455,2379,76,31.30263157894737,0.0
1548,79.13532304401525,0.4231835456899211,9.20414764879807,0.04922004090266348,9.20414764879807,0.04922004090266348,10.39387133737921,59.53730405783904,19.59801898617728,0.10480224056779294,60.013821947252836,0.4765178894137989,0.00023921580793865408,0.10225401656022683,0.655437589283963,2179,1992,187,10.6524064171123,0.0
1549,94.91529936293261,0.32729413573425037,14.070409616185842,0.048518653848916696,14.070409616185842,0.048518653848916696,13.372772815489839,67.47211693125905,27.44318243167568,0.09463166355750234,68.19491757025912,0.7228006390000701,0.0002401331026578306,0.09213924756094308,0.2538206858402532,3300,3010,290,10.379310344827585,0.0
1550,79.58159708504695,1.3720965014663267,3.4557939138871863,0.05958265368771011,3.4557939138871863,0.05958265368771011,4.665750756870523,71.46005241428799,8.121544670757709,0.14002663225444326,72.10766795809513,0.6476155438071487,0.0002410180661731108,0.12886084701641062,0.39460158260880007,2745,2687,58,46.327586206896555,0.0
1551,94.72759624256742,0.8690605159868571,6.058076390575828,0.05557868248234705,6.058076390575828,0.05557868248234705,5.360962903030099,83.30855694896076,11.419039293605927,0.10476182838170575,84.14667271787187,0.8381157689111092,0.00024427740277210993,0.09707269288711513,0.17770345271958377,3540,3431,109,31.477064220183486,0.0
1552,80.2430024382316,0.4953271755446395,8.226455313429868,0.05078058835450536,8.226455313429868,0.05078058835450536,10.770778543354993,61.24576858144741,18.99723385678486,0.1172668756591658,61.892004925254525,0.6462363438071179,0.00024131304847166464,0.11327776242578441,0.03234570392152136,2840,2678,162,16.530864197530864,0.0
1553,80.29656841204701,0.642372547296376,6.570528568146842,0.052564228545174736,6.570528568146842,0.052564228545174736,5.915812972015772,67.81022687188528,12.486341540162613,0.0998907323213009,68.64449864555797,0.8342717736726968,0.0002445110708302159,0.09321655813191228,0.05609244169534122,3537,3412,125,27.296,0.0
1554,85.49984711688967,0.7990639917466325,5.731960256474755,0.053569722023128555,5.731960256474755,0.053569722023128555,7.913862843625054,71.85402401678869,13.64582310009981,0.1275310570102786,72.39151793734192,0.5374939205532314,0.0002490703987735085,0.12250774934156777,0.03737944475403765,2265,2158,107,20.16822429906542,0.0
1555,101.04632791788458,0.6315395494867786,8.454347981730331,0.05283967488581457,8.454347981730331,0.05283967488581457,8.123833801273577,84.46814613488073,16.578181783003906,0.10361363614377442,85.26503514977833,0.7968890148976016,0.00024602933463958057,0.09863307980066409,0.39060645202835076,3399,3239,160,20.24375,0.0
1556,81.31656794172915,0.48985884302246474,8.299092015373315,0.04999453021309226,8.299092015373315,0.04999453021309226,10.959358053537585,62.05811787281874,19.2584500689109,0.11601475945127049,62.5807277927031,0.5226099198843599,0.0002511340316599519,0.11286650692184365,0.006658906624579686,2247,2081,166,12.536144578313253,0.0
1557,94.8666515810113,0.31941633528960034,14.38972999009675,0.04845026932692509,14.38972999009675,0.04845026932692509,12.376990131672699,68.09993145924437,26.76672012176945,0.09012363677363451,68.81660166382215,0.7166702045777811,0.00023984946605682097,0.08771060578178162,0.20187109843044482,3285,2988,297,10.06060606060606,0.0
1558,102.77556657390949,0.3495767570541139,15.229951006614503,0.05180255444426701,15.229951006614503,0.05180255444426701,15.819096348520816,71.72651921877059,31.04904735513532,0.10560900460930381,72.56578698768169,0.8392677689110997,0.00024425720864700224,0.10275435233410815,0.11507716066881812,3730,3436,294,11.687074829931973,0.0
1559,108.81102699549541,0.5256571352439392,10.809508063293631,0.052219845716394354,10.809508063293631,0.052219845716394354,13.36969715833908,84.63182177386267,24.17920522163271,0.11680775469387783,85.52799324316436,0.8961714693016916,0.00024405541102987243,0.11247842392430459,0.40697905527480316,3879,3672,207,17.73913043478261,0.0
1560,73.26407753526149,0.7400411872248636,5.467084434602523,0.05522307509699518,5.467084434602523,0.05522307509699518,5.719138812232643,62.07785428842698,11.186223246835166,0.11299215400843601,62.93105826463278,0.8532039762058048,0.00024370293522016703,0.10437393202655264,0.20054356575894872,3600,3501,99,35.36363636363637,0.0
1561,91.34443642942063,0.33459500523597296,12.876795404956741,0.04716774873610528,12.876795404956741,0.04716774873610528,10.610293357892488,67.8573476665735,23.48708876284923,0.08603329217160889,68.16983916829662,0.312491501723116,0.000256140575182882,0.08488863465613189,0.23665421554608201,1493,1220,273,4.468864468864469,0.0
1562,104.16987657935493,0.31662576467889036,17.027912327848306,0.05175657242507084,17.027912327848306,0.05175657242507084,15.246034626690687,71.89592962481191,32.27394695453899,0.0980971032052857,72.80987596362735,0.9139463388154354,0.0002426835737693668,0.09531915080768263,0.022540123013413904,4095,3766,329,11.446808510638299,0.0
1563,113.66905740163588,0.4422920521464431,12.889790630390918,0.05015482735560668,12.889790630390918,0.05015482735560668,15.511401963088531,85.26786480815633,28.40119259347945,0.11051047701742976,85.86599636377235,0.5981315556160212,0.0002434397865755072,0.10818311687884642,0.09250906593854324,2714,2457,257,9.560311284046692,0.0
1564,87.48877894118317,0.422651105996054,10.326124482097661,0.04988465933380513,10.326124482097661,0.04988465933380513,14.391763798380339,62.77089066070562,24.717888280478,0.11941008831148793,63.36253576241688,0.5916451017112649,0.000244481446988126,0.11655189941432989,0.75,2627,2420,207,11.690821256038648,0.0
1565,98.94725443635201,0.2918798065969086,16.06155683355995,0.04737922369781696,16.06155683355995,0.04737922369781696,14.649928230224475,68.23576937256871,30.711485063784426,0.09059435122060303,68.68368953505478,0.4479201624860707,0.00023876341283905688,0.08927305280618651,0.317234218346357,2215,1876,339,5.533923303834809,0.0
1566,157.5405661450626,0.2140496822623133,36.01465196894288,0.048932951044759344,36.01465196894288,0.048932951044759344,48.18348321529106,73.34243096082804,84.19813518423393,0.11439964019597001,73.95508216864141,0.6126512078133715,0.00024196335221697134,0.11356723366361575,0.18647652122854197,3268,2532,736,3.4402173913043477,0.0
1567,111.42441057498178,0.4604314486569495,12.106548919751376,0.05002706165186519,12.106548919751376,0.05002706165186519,14.974727242535323,84.34313441269518,27.0812761622867,0.11190609984415992,84.87980913324839,0.5366747205532079,0.00025019800491991043,0.10968843570964211,0.36651254039475134,2387,2145,242,8.863636363636363,0.0
1568,69.93898515854812,1.0927966431023144,3.562699359689586,0.05566717749514978,3.562699359689586,0.05566717749514978,3.658519719045273,62.71776607981349,7.221219078734859,0.11283154810523217,63.314328328191436,0.5965622483779498,0.00024419248807939,0.1035102629743232,0.43338122463336504,2507,2443,64,38.171875,0.0
1569,81.10651996598017,0.6594026013494323,6.274717873365729,0.05101396645012788,6.274717873365729,0.05101396645012788,6.876897249256729,67.95490484335767,13.151615122622458,0.10692370018392242,68.58616447777297,0.6312596344153008,0.00024297907406285634,0.10179150803420489,0.01915296801172417,2721,2598,123,21.121951219512194,0.0
1570,83.11727422443636,1.1706658341469909,3.9492830075149903,0.055623704331197045,3.9492830075149903,0.055623704331197045,6.732740882138728,72.43525033478244,10.682023889653719,0.15045104069934814,72.97465134003284,0.5394010052503972,0.0002481145378336694,0.14285384344230312,0.75,2245,2174,71,30.619718309859156,0.0
1571,106.05404807362243,0.5276320799682708,10.197350476140409,0.050733086945972186,10.197350476140409,0.050733086945972186,12.436464787009413,83.42023281047261,22.63381526314982,0.11260604608532249,83.99889583040078,0.5786630199281717,0.00024697525391727346,0.10972712558816737,0.2570421301306851,2544,2343,201,11.656716417910447,0.0
1572,80.97538965063285,0.49678153159897454,8.358322594738793,0.05127805272845885,8.358322594738793,0.05127805272845885,10.29020698570838,62.326860070186,18.648529580447175,0.11440815693525874,63.04385155476376,0.7169914845777612,0.00024035919697544794,0.11000943617097599,0.149447657577241,3146,2983,163,18.300613496932517,0.0
1573,77.5959974031993,0.8254893340765883,5.236570203130185,0.05570819365032112,5.236570203130185,0.05570819365032112,4.292234369012249,68.06719283105656,9.528804572142434,0.10137026140577057,68.99822251433108,0.9310296832745166,0.0002415749048454895,0.09146569030710883,0.2849437342460419,3948,3854,94,41.0,0.0
1574,88.17015597969362,0.6483099704389237,6.919211095319581,0.05087655217146751,6.919211095319581,0.05087655217146751,9.073321947488068,72.17762293688435,15.99253304280765,0.11759215472652684,72.49395935682969,0.316336419945344,0.0002530691359562752,0.11526615163870535,0.10559488119451999,1386,1250,136,9.191176470588236,0.0
1575,113.84774233021227,0.4279990313165875,13.471930675340005,0.05064635592233085,13.471930675340005,0.05064635592233085,16.19396088641838,84.18185076845361,29.665891561758386,0.11152590812691122,84.93222560063623,0.7503748321826151,0.00024402433566914314,0.10870495011118812,0.5258519154407963,3341,3075,266,11.56015037593985,0.0
1576,76.6661859687751,0.6133294877502008,6.488436802848154,0.051907494422785236,6.488436802848154,0.051907494422785236,8.42911903665754,61.748630129269486,14.917555839505694,0.11934044671604555,62.389948279400016,0.6413181501305303,0.00024273964804334984,0.11420990151500064,0.37883089461291775,2767,2642,125,21.136,0.0
1577,339.78866941444727,0.1126993928406127,142.5209645342586,0.04727063500307085,142.5209645342586,0.04727063500307085,129.53502980535552,67.73267507486412,272.05599433961413,0.09023416064332143,67.82432146746368,0.0916463925995572,0.00030548797533185734,0.09020376382984531,0.2552697482187227,3315,300,3015,0.09950248756218906,0.0
1578,85.21970086716965,0.7042950484890054,6.7792324328337,0.05602671432093967,6.7792324328337,0.05602671432093967,7.0106143376665955,71.42985409666795,13.789846770500295,0.11396567578925863,72.3365081922496,0.9066540955816436,0.0002435278258344463,0.10647266673487647,0.05021196951378215,3844,3723,121,30.768595041322314,0.0
1579,92.79030490591691,0.8435482264174264,5.784178540870518,0.052583441280641074,5.784178540870518,0.052583441280641074,3.5082133767554637,83.4979129882908,9.29239191762598,0.0844762901602362,84.04232838516026,0.5444153968694536,0.00024904638466123223,0.07952705927960592,0.75,2296,2186,110,19.87272727272727,0.0
1580,85.39778029805001,0.37455166797390355,11.571685590764126,0.05075300697703564,11.571685590764126,0.05075300697703564,12.351038633467567,61.47505607381845,23.922724224231693,0.10492422905364777,62.27757956022276,0.8025234864043114,0.0002448210757792286,0.1014043892009967,0.1416807464203771,3506,3278,228,14.37719298245614,0.0
1581,77.82811018515872,0.8023516513933888,5.059506086251586,0.052159856559294705,5.059506086251586,0.052159856559294705,5.839552838000941,66.92905126090602,10.899058924252527,0.11236143220878894,67.54638754601632,0.6173362851102979,0.00024124122122325047,0.10599714060971548,0.603972803290219,2656,2559,97,26.38144329896907,0.0
1582,85.79497100514436,0.6549234427873616,6.9644167589488815,0.05316348670953345,6.9644167589488815,0.05316348670953345,7.565773632099933,71.26478061409415,14.530190391048816,0.110917483901136,71.86567483390064,0.6008942198064915,0.00024308018600586225,0.10633050512399786,0.014251831318290442,2603,2472,131,18.870229007633586,0.0
1583,96.89138285336395,0.7124366386276761,7.1575938172340905,0.052629366303191844,7.1575938172340905,0.052629366303191844,6.1962509246430955,83.53753811148687,13.353844741877186,0.09819003486674402,84.1971810051682,0.6596428936813368,0.00024056998310770852,0.09333971947202754,0.033143283158153736,2878,2742,136,20.16176470588235,0.0
1584,76.67028060848781,0.5476448614891987,6.921172455870511,0.049436946113360795,6.921172455870511,0.049436946113360795,8.0692260341267,61.67988211849104,14.990398489997212,0.10707427492855151,62.0487367911511,0.36885467266006344,0.00024705604330881677,0.10443959869526225,0.041518211298409824,1633,1493,140,10.664285714285715,0.0
1585,78.40082586520953,0.9800103233151191,4.554241378389904,0.0569280172298738,4.554241378389904,0.0569280172298738,5.5081466302582385,68.33843785656131,10.062388008648142,0.12577985010810178,69.23767674776201,0.8992388912006959,0.0002428406403458536,0.11453936396809397,0.04497823891802,3783,3703,80,46.2875,0.0
1586,87.76844904829869,0.6453562430021963,7.557644009047646,0.055570911831232694,7.557644009047646,0.055570911831232694,7.587253410979827,72.62355162827004,15.144897420027473,0.11135953985314317,73.5677299024349,0.9441782741648694,0.00024055497430952087,0.10441705254311608,0.09739575636456266,4061,3925,136,28.860294117647058,0.0
1587,114.07682773913314,0.50254109136182,11.75849147967821,0.05179952193690841,11.75849147967821,0.05179952193690841,15.824374139367535,86.49396212008662,27.582865619045744,0.12151042122927641,87.40790845890206,0.9139463388154354,0.00024261915020319495,0.11748422590410168,0.3088935031357778,3994,3767,227,16.594713656387665,0.0
1588,101.89709661631014,0.27028407590533193,18.449956139644158,0.048938875701973895,18.449956139644158,0.048938875701973895,21.626566410495343,61.820574066170536,40.0765225501395,0.1063037733425451,62.417136314548486,0.5965622483779498,0.00024429248500325545,0.10472138011077362,0.10617080556210112,2819,2442,377,6.477453580901857,0.0
1589,287.35336144246315,0.11484946500498128,118.23983297216066,0.04725812668751425,118.23983297216066,0.04725812668751425,100.21708748821857,68.8964409821034,218.45692046037922,0.08731291784987179,69.26529565476346,0.36885467266006344,0.00024705604330881677,0.08716549391994392,0.7071482420716393,3995,1493,2502,0.596722621902478,0.0
1590,103.13300261083805,0.3326871051962518,15.551060594056466,0.05016471159373054,15.551060594056466,0.05016471159373054,15.699697070994432,71.88224494578378,31.250757665050898,0.10080889569371257,72.28079096675896,0.398546020975175,0.0002442071206955729,0.09952326336799706,0.5632724058816052,1942,1632,310,5.264516129032258,0.0
1591,96.55331186188653,1.0848686726054666,4.916165689838712,0.05523781673976081,4.916165689838712,0.05523781673976081,6.073422239083698,85.56372393296402,10.98958792892241,0.12347851605530798,86.2430947153722,0.6793707824081707,0.00024014520410327704,0.11584513647768914,0.46759307242268733,2918,2829,89,31.786516853932586,0.0
1592,78.05247908967175,0.4847980067681475,8.088518758549723,0.050239246947513805,8.088518758549723,0.050239246947513805,9.356960106189376,60.60700022493313,17.4454788647391,0.10835701158223045,61.13926990182779,0.5322696768946571,0.00025047984795042685,0.10505098874437242,0.07212236923942328,2286,2125,161,13.198757763975156,0.0
1593,94.66869562364491,0.30538288910853195,15.218279773280814,0.0490912250750994,15.218279773280814,0.0490912250750994,11.12404042738683,68.32637542297789,26.342320200667643,0.0849752264537666,69.22574096694626,0.8993655439683721,0.0002439949929377027,0.08207404727967305,0.25200358809865975,3996,3686,310,11.890322580645162,0.0
1594,108.64029346358012,0.3242993834733735,17.015080837069007,0.05079128608080301,17.015080837069007,0.05079128608080301,20.092803391472785,71.53240923503478,37.10788422854179,0.11076980366728893,72.20389609420943,0.6714868591746495,0.00023938925460771816,0.10876536528170357,0.20009481467087653,3140,2805,335,8.373134328358208,0.0
1595,92.046698939603,1.438229670931297,3.62106430550024,0.05657912977344125,3.62106430550024,0.05657912977344125,2.7401921993816813,85.68544243472121,6.361256504881921,0.09939463288878002,86.27067312964527,0.5852306949240642,0.00024651672069252916,0.09025040328058953,0.03343150864202471,2438,2374,64,37.09375,0.0
1596,82.5079523437542,0.45837751302085666,9.38295830833607,0.05212754615742261,9.38295830833607,0.05212754615742261,10.490205520987729,62.634788514430284,19.8731638293238,0.11040646571846556,63.50720025752844,0.8724117430981551,0.00024382664703693544,0.10555973381236533,0.09017956467857857,3758,3578,180,19.877777777777776,0.0
1597,86.32271877630035,0.4567339617793669,9.245225782693012,0.04891653853276726,9.245225782693012,0.04891653853276726,8.04015735930011,69.03733563430916,17.285383141993123,0.09145705366133927,69.60658783776711,0.5692522034579497,0.00024536732907670244,0.08844513724091661,0.19061254097897518,2509,2320,189,12.275132275132275,0.0
1598,103.8728898652559,0.3287116767887845,16.03755633507772,0.05075176055404342,16.03755633507772,0.05075176055404342,15.925492049548495,71.90984148062626,31.963048384626216,0.10114888729312094,72.51250943035484,0.6026679497285841,0.00024184107131965652,0.09924171023702867,0.17457668944956595,2808,2492,316,7.886075949367089,0.0
1599,113.88666534980285,0.4866951510675336,11.834126687578927,0.050573190972559516,11.834126687578927,0.050573190972559516,15.610803275330568,86.44173538689262,27.444929962909494,0.11728602548251921,87.11175805381907,0.6700226669264566,0.00023929380961659164,0.11442268075206743,0.04617185884404762,3034,2800,234,11.965811965811966,0.0
1600,81.38645149158378,0.4546729133608033,9.257271073907079,0.05171659817825184,9.257271073907079,0.05171659817825184,9.696108287804407,62.43307212987219,18.953379361711484,0.10588480090341611,63.22716936305551,0.7940972331833223,0.00024600286034179747,0.10144850351133115,0.7101397628978248,3407,3228,179,18.033519553072626,0.0
1601,88.57386856079319,0.3834366604363341,11.46559440302747,0.04963460780531372,11.46559440302747,0.04963460780531372,7.968723089716661,69.13955106805008,19.434317492744132,0.08413124455733391,69.9860914480654,0.8465403800153126,0.00024417086242149196,0.0804665675875662,0.04186639390655955,3698,3467,231,15.008658008658008,0.0
1602,88.72048441666283,0.4769918517024883,9.639289022248148,0.05182413452821585,9.639289022248148,0.05182413452821585,7.635636416170598,71.44555897824245,17.274925438418748,0.09287594321730509,72.01339166170044,0.5678326834579934,0.000245708647104281,0.08982307932775478,0.2687724364639621,2497,2311,186,12.424731182795698,0.0
1603,100.8066986537113,0.988300967193248,5.552448520943612,0.05443576981317266,5.552448520943612,0.05443576981317266,7.99274268468514,87.26150744808263,13.545191205628752,0.1327959922120466,87.97269687814958,0.7111894300669519,0.00024099946799964483,0.12582354681923252,0.31880703012194544,3053,2951,102,28.931372549019606,0.0
1604,83.51205620270042,0.4395371379089496,9.624924361529764,0.05065749663963034,9.624924361529764,0.05065749663963034,10.860800368235857,63.02633147293437,20.48572472976562,0.10781960384087169,63.66361119494161,0.6372797220072357,0.00024212755395411692,0.10446550004083585,0.2323053103507391,2822,2632,190,13.852631578947369,0.0
1605,83.1189457868611,0.5162667440177708,7.934988760398989,0.04928564447452788,7.934988760398989,0.04928564447452788,5.876951885723713,69.30700514074067,13.811940646122702,0.08578845121815343,69.8595873472375,0.5525822064968224,0.0002469089394534506,0.08235626360014665,0.4621300852928698,2399,2238,161,13.900621118012422,0.0
1606,94.11296245456447,0.38889653906844823,12.70919570322232,0.05251733761662116,12.70919570322232,0.05251733761662116,9.49049054370272,71.91327620763622,22.19968624692504,0.0917342406897729,72.76571794384205,0.852441736205833,0.00024425264647731605,0.08821175417653893,0.2073093378346016,3732,3490,242,14.421487603305785,0.0
1607,113.32575068996942,0.5582549295072385,10.535774250866277,0.05190036576781417,10.535774250866277,0.05190036576781417,15.32925175686131,87.46072468224128,25.865026007727586,0.12741392122033293,88.35322248067285,0.8924977984315774,0.0002445199447757746,0.12301738034136242,0.4360800790681765,3853,3650,203,17.980295566502463,0.0
1608,83.60452188271051,0.42224506001368944,10.015806583861691,0.050584881736675205,10.015806583861691,0.050584881736675205,10.944226537105408,62.644488761742934,20.960033120967097,0.10585875313619746,63.28713107187349,0.6426423101305545,0.00024259807856948074,0.1026130849032173,0.007195948793253137,2847,2649,198,13.378787878787879,0.0
1609,75.7028058495647,0.9705487929431371,3.7365027318619157,0.04790388117771687,3.7365027318619157,0.04790388117771687,2.7689330409399986,69.19737007676349,6.505435772801914,0.08340302272822966,69.38662258896,0.18925251219650363,0.0002599622420281643,0.08097670846929106,0.011631904777971158,806,728,78,9.333333333333334,0.0
1610,99.86737444934619,0.3553999090724064,14.607802206658981,0.05198506123366185,14.607802206658981,0.05198506123366185,13.059127356952956,72.20044488573063,27.666929563611937,0.09845882406979337,73.07214750882878,0.8717026230981446,0.0002439693879367883,0.09535667950362067,0.2564243930964949,3854,3573,281,12.715302491103202,0.0
1611,256.99060053357425,0.16676872195559653,73.6475616172594,0.047792058155262426,73.6475616172594,0.047792058155262426,95.48002928786099,87.86300962845564,169.12759090512037,0.10975184354647656,88.32949193241234,0.46648230395669543,0.0002407029432181091,0.10944912952703563,0.2149606055494928,3479,1938,1541,1.2576249188838418,0.0
1612,72.25506597725843,0.7940117140358068,4.829678268855129,0.05307338756983658,4.829678268855129,0.05307338756983658,4.884537503572062,62.54085020483109,9.714215772427192,0.10674962387282629,63.11951322475926,0.5786630199281717,0.0002475034302515705,0.10039068958790293,0.2632639636184422,2429,2338,91,25.692307692307693,0.0
1613,100.30767652105061,0.27481555211246744,17.76939259150226,0.048683267373978795,17.76939259150226,0.048683267373978795,13.881460772548621,68.65682315699974,31.65085336405088,0.08671466675082433,69.46109167835402,0.8042685213542882,0.00024468163107827445,0.08451119134985366,0.36413521979085317,3652,3287,365,9.005479452054795,0.0
1614,96.3850864864367,0.3765042440876434,13.446074473206203,0.05252372841096173,13.446074473206203,0.05252372841096173,10.552375650810973,72.38663636241614,23.998450124017175,0.09374394579694209,73.29508915175973,0.9084527893435848,0.000243226985098684,0.09019530208858195,0.13471489195421782,3991,3735,256,14.58984375,0.0
1615,126.40756121630392,0.3728836614050263,16.726129569948515,0.04933961525058559,16.726129569948515,0.04933961525058559,22.32072395487944,87.36070769147608,39.04685352482795,0.1151824587753037,88.02396675277646,0.6632590613003799,0.00024039835494758243,0.11322594237028749,0.2547132306583535,3098,2759,339,8.138643067846608,0.0
1616,69.69894157921397,0.9293192210561863,3.913586674066638,0.05218115565422184,3.913586674066638,0.05218115565422184,3.4013353929170194,62.38401951223034,7.314922066983657,0.09753229422644875,62.80626884220675,0.4222493299764096,0.0002396420714962597,0.09190230316009623,0.17230774479219235,1837,1762,75,23.493333333333332,0.0
1617,84.21222586398818,0.4231770143919004,9.244434325776252,0.04645444384812187,9.244434325776252,0.04645444384812187,6.315089892746698,68.65270164546666,15.55952421852295,0.07818856391217563,68.76023160238901,0.1075299569223489,0.00029952634240208606,0.07764821236984507,0.246654165482596,558,359,199,1.8040201005025125,0.0
1618,111.11070754417915,0.32679619865935045,19.56448664443348,0.05754260777774553,19.56448664443348,0.05754260777774553,19.010313879074374,72.53590702066725,38.574800523507854,0.11345529565737604,73.12831820237852,0.5924111817112703,0.00024003694558803496,0.11171290982882537,0.08550699015933105,2808,2428,380,6.389473684210526,1.0
1619,101.51586574142004,0.845965547845167,6.309439483857272,0.052578662365477265,6.309439483857272,0.052578662365477265,8.004540819449517,87.20188543811281,14.313980303306788,0.11928316919422324,87.81613728592617,0.6142518478133638,0.00024183143614699363,0.11416440379578224,0.75,2660,2540,120,21.166666666666668,0.0
1620,71.41355503031019,0.751721631898002,5.045626234561188,0.05311185510064408,5.045626234561188,0.05311185510064408,4.808722528059036,61.55920626769006,9.854348762620223,0.10372998697494971,62.16010048749655,0.6008942198064915,0.00024337554467658627,0.09740478466119623,0.16490141887476284,2564,2469,95,25.989473684210527,0.0
1621,75.58603771511594,0.6246779976455863,6.136484513155205,0.050714748042605,6.136484513155205,0.050714748042605,2.0515483620058035,67.39800483995646,8.188032875161008,0.06766969318314883,68.00067278968504,0.6026679497285841,0.00024174406326858566,0.06268896632587516,0.40828944716037086,2614,2493,121,20.60330578512397,0.0
1622,83.19123382822477,0.8403154932143916,5.356174756017458,0.054102775313307656,5.356174756017458,0.054102775313307656,3.2545745715719363,74.58048450063467,8.610749327589394,0.0869772659352464,75.135643795068,0.5551592944333379,0.00024739719003268176,0.08136959629451274,0.28878839125246714,2343,2244,99,22.666666666666668,0.0
1623,108.20826647084874,0.6291178283188881,8.908314572448308,0.05179252658400179,8.908314572448308,0.05179252658400179,12.193884904442257,87.10606699395743,21.102199476890565,0.12268720626099165,87.83926222457711,0.7331952306196854,0.00023991990530748867,0.11842444329227692,0.08825393725209096,3228,3056,172,17.767441860465116,0.0
1624,80.93686380436543,0.44470804288112875,9.335313580292832,0.051292931759850724,9.335313580292832,0.051292931759850724,9.302717396502032,62.298832827570266,18.638030976794866,0.102406763608763,63.01002225763722,0.7111894300669519,0.00024099946799964483,0.09849912937762755,0.018943153784960032,3133,2951,182,16.214285714285715,0.0
1625,72.48285660505798,1.0067063417369164,3.8352123405520695,0.05326683806322319,3.8352123405520695,0.05326683806322319,0.686633929476784,67.96101033503004,4.5218462700288535,0.06280342041706741,68.52884301848803,0.5678326834579934,0.0002460280257616956,0.05491685536902698,0.015445722460754041,2380,2308,72,32.05555555555556,0.0
1626,105.12538337418033,0.39520820817361024,13.461494108735941,0.05060712070953361,13.461494108735941,0.05060712070953361,15.866544848818819,75.79734441662305,29.32803895755476,0.11025578555471714,76.35471782728104,0.5573734106579877,0.0002464073433501272,0.1081603967928545,0.1447785697109225,2528,2262,266,8.503759398496241,0.0
1627,110.60596713755598,0.5730879126298237,9.88693881081366,0.05122766223219513,9.88693881081366,0.05122766223219513,12.984252052249929,87.73477627449216,22.87119086306359,0.11850357960136575,88.47206947953669,0.7372932050445229,0.0002404739742480505,0.11468340755450411,0.16553382955635243,3259,3066,193,15.8860103626943,0.0
1628,85.63512174019525,0.41978000853036884,10.546449439621549,0.0516982815667723,10.546449439621549,0.0516982815667723,11.608341097398124,63.48033120317524,22.15479053701967,0.10860191439715525,64.3498131472985,0.8694819441232653,0.00024382555920450513,0.10433974800439579,0.05704625126685414,3770,3566,204,17.480392156862745,0.0
1629,84.51045024825538,0.40630024157815087,10.245981627076578,0.049259527053252775,10.245981627076578,0.049259527053252775,6.197480084280244,68.06698853689994,16.44346171135682,0.07905510438152318,68.75362246637673,0.686633929476784,0.0004354051550264959,0.07575397972057046,0.23327039233964797,1785,1577,208,7.581730769230769,0.0
1630,79.68569187105248,1.3506049469669912,3.245340811203213,0.05500577646107141,3.245340811203213,0.05500577646107141,0.6351870696176434,75.80516399023156,3.8805278808208565,0.06577165899696368,76.21344863261834,0.408284642386775,0.00024404342043441422,0.05885158031244315,0.09370336388661826,1732,1673,59,28.35593220338983,0.0
1631,102.38605479235815,0.7936903472275826,6.794278459749627,0.052668825269376954,6.794278459749627,0.052668825269376954,7.53231534331843,88.05946098928962,14.326593803068057,0.11105886669045005,88.7263150207487,0.6668540314590814,0.00024030775908435366,0.10588945559387172,0.316783965839079,2904,2775,129,21.511627906976745,0.0
1632,98.88269716257759,0.296945036524257,16.684088729332014,0.0501023685565526,16.684088729332014,0.0501023685565526,18.543026507196828,63.65558192604823,35.227115236528846,0.10578713284242897,64.46706708258176,0.8114851565335357,0.00024479190242338933,0.10335024048046794,0.33125255255561115,3648,3315,333,9.954954954954955,0.0
1633,80.23202538206482,0.44573347434480454,8.941741632854812,0.049676342404748955,8.941741632854812,0.049676342404748955,4.457955330083337,66.83232841912849,13.39969696293815,0.07444276090521194,67.51896234860527,0.686633929476784,0.0005105084977522558,0.07062812796366416,0.4929202354901463,1525,1345,180,7.472222222222222,0.0
1634,79.59277535873872,1.5017504784667683,3.18247084302136,0.060046619679648305,3.18247084302136,0.060046619679648305,0.8629571571345878,75.54734735858221,4.0454280001559475,0.07632883019162165,76.18253442819986,0.6351870696176434,0.00024206824299452873,0.06434416850073324,0.75,2677,2624,53,49.509433962264154,0.0
1635,97.06435791244957,1.0784928656938841,5.0338795225292845,0.05593199469476983,5.0338795225292845,0.05593199469476983,4.433046124397322,87.59743226552291,9.466925646926606,0.10518806274362896,88.37715399029065,0.7797217247677395,0.0002460466155783337,0.09652448802398794,0.03503577232191901,3259,3169,90,35.21111111111111,0.0
1636,94.44115167336872,0.33608950773440827,13.7863238850849,0.04906165083660107,13.7863238850849,0.04906165083660107,16.498781958278073,64.15604583000533,30.285105843362974,0.10777617737851593,64.5643304723921,0.408284642386775,0.0002437520253055373,0.10632320712091324,0.11572332116151074,1956,1675,281,5.960854092526691,0.0
1637,95.91052779562483,0.3330226659570307,14.218814374029828,0.04937088324315912,14.218814374029828,0.04937088324315912,12.151090164269021,69.54062325732525,26.369904538298847,0.09156216853575988,70.33770500639628,0.797081749071026,0.0002451050888902294,0.08879452357371026,0.20618509360406279,3540,3252,288,11.291666666666666,0.0
1638,90.21251438503987,0.704785268633124,7.123116751166886,0.055649349618491294,7.123116751166886,0.055649349618491294,5.747697493351609,77.34170014051938,12.870814244518495,0.10055323628530075,78.20465729765397,0.8629571571345878,0.00024356679569138801,0.09381138349520235,0.0960907895607761,3671,3543,128,27.6796875,0.0
1639,115.79538937502218,0.41062194813837655,13.91975808364771,0.049360844268254295,13.91975808364771,0.049360844268254295,14.073537702618637,87.80209358875618,27.993295786266348,0.09926700633427783,88.39057321173033,0.5884796229741482,0.0002456091915584926,0.09718019916060941,0.1570611972081224,2678,2396,282,8.49645390070922,0.0
1640,81.09337208338718,0.5919224239663298,7.2916595562925695,0.05322379238169759,7.2916595562925695,0.05322379238169759,9.06297807131682,64.73873445577732,16.35463762760939,0.11937691698984955,65.51897138054505,0.7802369247677348,0.00024535752351186627,0.11368175695505202,0.07781331728784835,3317,3180,137,23.21167883211679,0.0
1641,93.32165317369686,0.39046716809078186,12.045910672250027,0.050401299883891325,12.045910672250027,0.050401299883891325,9.445562415836264,71.83018008560924,21.49147308808629,0.08992248154011001,72.729226063233,0.8990459776237572,0.00046081290498398625,0.08616078288897012,0.07122777296694949,2190,1951,239,8.163179916317992,0.0
1642,96.14647516140502,0.6540576541592178,7.932913327005173,0.053965396782348116,7.932913327005173,0.053965396782348116,9.40537978168237,78.80818205271561,17.338293108687544,0.11794757216794248,79.59895434449055,0.7907722917749425,0.00024626978878073574,0.11256816882254742,0.025456041911922966,3358,3211,147,21.843537414965986,0.0
1643,111.88594885714076,0.4623386316410775,12.209547362398125,0.05045267505123192,12.209547362398125,0.05045267505123192,11.065904977582932,88.61049651716002,23.275452339981058,0.09617955512388866,89.39073344192775,0.7802369247677348,0.00024512627231157235,0.09295543560005376,0.08569723802133922,3425,3183,242,13.152892561983471,0.0
1644,76.00056071153205,0.7169864218069061,5.3041322655915275,0.05003898363765592,5.3041322655915275,0.05003898363765592,5.481026013605174,65.21540243233505,10.7851582791967,0.10174677621883679,65.49611828824595,0.2807158559108984,0.0002643275479386991,0.0990985134272273,0.12118789530978802,1168,1062,106,10.018867924528301,0.0
1645,86.4436644406515,0.49680266919914656,8.965847931509824,0.05152786167534382,8.965847931509824,0.05152786167534382,6.118850798781807,71.35896571035931,15.084698730291631,0.086693670863745,72.25801168798307,0.8990459776237572,0.0004772006250656885,0.08152673995786455,0.2388732000068785,2058,1884,174,10.827586206896552,0.0
1646,85.69881746300604,1.1739564036028225,4.21896397222568,0.05779402701679014,4.21896397222568,0.05779402701679014,2.049117455009025,79.43073603577005,6.268081427234705,0.08586412914020143,80.08891444449898,0.6581784087289293,0.00024117933628762525,0.07684798655489115,0.07134460875948889,2802,2729,73,37.38356164383562,0.0
1647,152.40495679970758,0.2605212936747138,28.52212387947847,0.048755767315347816,28.52212387947847,0.048755767315347816,35.3298646783137,88.55296824191868,63.85198855779217,0.10914869838938832,89.28140339563794,0.7284351537192606,0.00024001158277405622,0.10790351009242673,0.5011902222946105,3620,3035,585,5.188034188034188,0.0
1648,78.5249057444617,0.5994267614081046,7.174394704042997,0.05476637178658776,7.174394704042997,0.05476637178658776,6.519773984334677,64.83073705608359,13.694168688377673,0.10453563884257765,65.77806563035347,0.9473285742698749,0.00024056083653374173,0.09730412300845984,0.04349897649143486,4069,3938,131,30.061068702290076,0.0
1649,76.38889728005432,1.340156092632532,3.1371408330990995,0.0550375584754228,3.1371408330990995,0.0550375584754228,1.431562198523352,71.82019424843202,4.5687030316224515,0.08015268476530617,72.37535354286535,0.5551592944333379,0.00024739719003268176,0.07041304802085908,0.0991644345767213,2301,2244,57,39.36842105263158,0.0
1650,111.82106484066065,0.3923546134760023,14.127936295220568,0.04957170629901954,14.127936295220568,0.04957170629901954,18.46356989016175,79.22955865527575,32.591506185382315,0.11435616205397303,79.68024510418309,0.45068644890733367,0.00023833233680980098,0.11277480609290375,0.21550215586046306,2176,1891,285,6.635087719298245,0.0
1651,93.9318452751815,1.8063816399073365,2.772417958053829,0.05331572996257364,2.772417958053829,0.05331572996257364,1.9938586431052272,89.16556867402221,4.766276601159056,0.09165916540690493,89.50760445385316,0.342035779830951,0.00024947905166371333,0.08508155425631422,0.09375152761953132,1423,1371,52,26.365384615384617,0.0
1652,77.04586667831705,0.6699640580723222,6.238433069933109,0.05424724408637486,6.238433069933109,0.05424724408637486,5.365711225182736,65.44172238320073,11.604144295115844,0.10090560256622473,66.22144410796847,0.7797217247677395,0.0002460466155783337,0.09412541365520512,0.3600518501044121,3284,3169,115,27.556521739130435,0.0
1653,86.15957204963661,0.5285863315928626,8.239391893012021,0.050548416521546145,8.239391893012021,0.050548416521546145,5.693101207786981,72.22707894883638,13.932493100799002,0.0854754177963129,72.89455826029547,0.6674793114590898,0.00023992786177537377,0.08138045269534441,0.1724210668725732,2945,2782,163,17.067484662576685,0.0
1654,259.29874638286697,0.15592227683876547,78.73143385278038,0.047343014944546236,78.73143385278038,0.047343014944546236,100.4970012294699,80.07031130062052,179.2284350822503,0.10777416421061352,80.41119591760582,0.34088461698530637,0.0002532575163338086,0.10756918248061403,0.18075980178286954,3009,1346,1663,0.809380637402285,0.0
1655,100.66249230737446,1.0271682888507598,5.535452378589132,0.05648420794478706,5.535452378589132,0.05648420794478706,5.130290078677547,89.99674985010705,10.665742457266678,0.10883410670680284,90.88587835215458,0.8891285020475266,0.00024460206383700866,0.09976136688999884,0.17266741723079804,3733,3635,98,37.09183673469388,0.0
1656,82.46908871611686,0.557223572406195,7.736322323282318,0.052272448130285934,7.736322323282318,0.052272448130285934,8.504921784630938,66.22784460820293,16.241244107913253,0.10973813586427875,66.94451481278071,0.7166702045777811,0.00024001011539778334,0.10489576961713613,0.09223766799226496,3134,2986,148,20.175675675675677,0.0
1657,82.82641062966735,0.6420651986795919,6.736424660141527,0.0522203462026475,6.736424660141527,0.0522203462026475,3.1846535315552273,72.90533243796949,9.921078191696754,0.07690758288137019,73.66941532503375,0.7640828870642622,0.0002466374716153203,0.07098445972584183,0.005862272938713886,3227,3098,129,24.015503875968992,0.0
1658,119.26073714461575,0.40020381592152937,14.945913625207165,0.05015407256780928,14.945913625207165,0.05015407256780928,22.980418581578135,81.33440493782956,37.926332206785304,0.12726957116370907,82.11172724527728,0.7773223074477187,0.0002455218911711051,0.12466110704475995,0.7261659696678748,3464,3166,298,10.624161073825503,0.0
1659,112.35927545946987,0.5154095204562839,11.1648002629865,0.05121468010544266,11.1648002629865,0.05121468010544266,10.444404326652034,90.75007086983152,21.609204589638534,0.0991247916955896,91.63936788543265,0.8892970156011302,0.00024518803848942104,0.0950454475873267,0.1760239562175343,3845,3627,218,16.637614678899084,0.0
1660,86.21015594118694,0.5321614564270799,8.160207371333096,0.05037165044032775,8.160207371333096,0.05037165044032775,10.599523653638073,67.45042491621547,18.759731024971167,0.11580080879611832,67.95969014476645,0.5092652285509871,0.00043489771866010854,0.11265719627420052,0.75,1333,1171,162,7.228395061728395,0.0
1661,87.50686047537869,0.530344608941689,8.491476339821265,0.051463492968613724,8.491476339821265,0.051463492968613724,5.632494430755401,73.38288970480073,14.123970770576666,0.08559982285197978,74.1579958152326,0.7751061104318637,0.0002463000033148598,0.08090221006149147,0.060563888966555623,3312,3147,165,19.072727272727274,0.0
1662,94.97794658916433,1.0553105176573814,4.77203231133697,0.05302258123707744,4.77203231133697,0.05302258123707744,9.189586589603778,81.01632768822282,13.961618900940747,0.15512909889934165,81.49655176989148,0.48022408166866626,0.00023856139178771298,0.14979327576969834,0.10881171187037353,2103,2013,90,22.366666666666667,0.0
1663,106.26044376134769,0.6811566907778698,7.5518416516297995,0.04840924135660128,7.5518416516297995,0.04840924135660128,8.001575400927493,90.70702670879092,15.553417052557293,0.09970139136254676,90.92245983424749,0.21543312545657045,0.0002540484970006727,0.09832040978910382,0.012965575804798846,1004,848,156,5.435897435897436,0.0
1664,85.85706792112558,0.5299819007476887,8.160207371333096,0.05037165044032775,8.160207371333096,0.05037165044032775,10.599523653638073,67.0973368961541,18.759731024971167,0.11580080879611832,67.60660212470509,0.5092652285509871,0.0005602477761837042,0.11265719627420052,0.17074684341963575,1071,909,162,5.611111111111111,0.0
1665,106.23072071617759,0.2855664535381118,18.22362651565217,0.04898824332164562,18.22362651565217,0.04898824332164562,13.469119726593135,74.53797447393151,31.692746242245306,0.08519555441463791,75.36465592773726,0.8266814538057474,0.00024523329985338103,0.08297329244204389,0.5349879297937719,3743,3371,372,9.061827956989248,0.0
1666,91.5252915276123,1.4080814081171122,3.996325276793766,0.061481927335288705,3.996325276793766,0.061481927335288705,6.228090767597166,81.30087548322064,10.224416044390932,0.1572987083752451,82.22028819786715,0.9194127146465121,0.00024226949002543137,0.1431538973806946,0.2655170845462749,3860,3795,65,58.38461538461539,0.0
1667,107.50139390042062,0.625008104072213,8.735828539275467,0.05078970080974109,8.735828539275467,0.05078970080974109,7.869754817650687,90.89581054349492,16.605583356926154,0.09654408928445438,91.55024104665608,0.6544305031611657,0.0002415764131270453,0.09273926077770081,0.15899653910474854,2881,2709,172,15.75,0.0
1668,93.45678759941399,0.3910325840979665,12.312444453805691,0.05151650399081879,12.312444453805691,0.05151650399081879,14.452505888383257,66.69183725722479,26.764950342188946,0.11198723992547677,67.60468055761595,0.9128433003911596,0.00024310074577660708,0.10816781189036835,0.19234012993973693,3994,3755,239,15.711297071129707,0.0
1669,82.87518227499663,0.7466232637387084,6.089833540416372,0.05486336522897632,6.089833540416372,0.05486336522897632,2.414387456093948,74.37096127848633,8.50422099651032,0.07661460357216504,75.2838045788775,0.9128433003911596,0.00024297133361489474,0.06839079005512738,0.46961114096177425,3868,3757,111,33.846846846846844,0.0
1670,93.69470971135155,1.0647126103562676,4.634213716286645,0.05266151950325733,4.634213716286645,0.05266151950325733,7.802092584643901,81.25840341042033,12.436306300930546,0.1413216625105744,81.72648470073369,0.4680812903133642,0.00024065876108656257,0.13600255693883928,0.14093697744056044,2033,1945,88,22.102272727272727,0.0
1671,127.29544663178979,0.36790591512077975,17.236509437566113,0.049816501264641946,17.236509437566113,0.049816501264641946,19.65468913840857,90.40424805581733,36.891198575974684,0.10662196120223898,91.19335890759231,0.7891108517749785,0.0002459821857153923,0.10434129400057074,0.535235064553433,3554,3208,346,9.271676300578035,0.0
1672,76.8937847606075,0.8009769245896615,5.412910776227434,0.05638448725236911,5.412910776227434,0.05638448725236911,5.347013173625953,66.13386081075362,10.759923949853388,0.11208254114430612,67.02298931280114,0.8891285020475266,0.0002443331964956105,0.10282078591464956,0.3250365639065649,3735,3639,96,37.90625,0.0
1673,84.89109128388009,1.0745707757453176,4.3582673458092875,0.055167941086193516,4.3582673458092875,0.055167941086193516,3.8355982174454084,76.69722572062471,8.193865563254697,0.10371981725638857,77.36724838755117,0.6700226669264566,0.0002396361469694051,0.09523851767504957,0.36082918163697286,2875,2796,79,35.392405063291136,0.0
1674,102.5532219839991,0.5962396626976691,8.907528374927125,0.05178795566818096,8.907528374927125,0.05178795566818096,12.231796724153583,81.41389688491739,21.139325099080708,0.12290305290163202,82.18824907534923,0.7743521904318413,0.00024629522596432613,0.11840100528284803,0.11390187909069027,3316,3144,172,18.27906976744186,0.0
1675,128.57522771560417,0.3673577934731548,17.45877228465074,0.04988220652757354,17.45877228465074,0.04988220652757354,20.370491217945926,90.7459642130097,37.82926350259666,0.10808361000741903,91.56505679628879,0.8190925832790867,0.00024501722503113575,0.10574334548375824,0.12794886556633855,3693,3343,350,9.551428571428572,0.0
1676,109.6750220562052,0.27418755514051296,20.050536526776668,0.05012634131694167,20.050536526776668,0.05012634131694167,22.22994838106547,67.39453714836299,42.28048490784214,0.10570121226960534,68.12060562736309,0.7260684790001051,0.000240181435329178,0.10388604107210525,0.2111563176653135,3423,3023,400,7.5575,0.0
1677,88.9288022878464,0.9666174161722434,5.25747120500967,0.05714642614140946,5.25747120500967,0.05714642614140946,6.3408172975214825,77.33051378531422,11.598288502531153,0.1260683532883821,78.27798955958411,0.9474757742698898,0.00023986728462528856,0.11576970356806827,0.0541212242001734,4042,3950,92,42.93478260869565,0.0
1678,375.6865128231767,0.13200509937567698,134.05710761581398,0.04710369206458678,134.05710761581398,0.04710369206458678,160.03580642098245,81.59359878640674,294.0929140367964,0.10333552847392706,81.68138192885374,0.08778314244699459,0.0003135112230249807,0.10330468408092866,0.2014238815106637,3126,280,2846,0.09838369641602249,0.0
1679,477.23399124106237,0.1295775159492431,173.36463691464118,0.04707158211095335,173.36463691464118,0.04707158211095335,212.79009282908282,91.07926149733271,386.15472974372403,0.10484787666134239,91.13617505327085,0.05691355593813796,0.0004247280293890893,0.10483242361873242,0.01909387557992659,3817,134,3683,0.03638338311159381,0.0
1680,93.50038595354994,0.41371852191836256,11.469914706558882,0.050751834984773814,11.469914706558882,0.050751834984773814,13.880815615092615,68.14965563189827,25.350730321651497,0.11217137310465264,68.82114249107292,0.6714868591746495,0.00023947462880693633,0.10920019231184522,0.17542366617294647,3030,2804,226,12.4070796460177,0.0
1681,91.30689424261686,0.7939729934140597,6.174236316637016,0.053689011449017526,6.174236316637016,0.053689011449017526,6.950693078507811,78.18196484747125,13.124929395144827,0.11412982082734632,78.97885386236885,0.7968890148976016,0.000246485930992144,0.10720035113259141,0.36140932303970885,3348,3233,115,28.11304347826087,0.0
1682,92.54420262809458,1.186464136257623,4.257070027397941,0.05457782086407617,4.257070027397941,0.05457782086407617,7.1956635201643735,81.0914690805318,11.452733547562314,0.14682991727643993,81.68388026224306,0.5924111817112703,0.00024419257284058953,0.1392349021263015,0.08202904861497018,2504,2426,78,31.102564102564102,0.0
1683,110.04636137279357,0.5980780509390955,9.512065800239698,0.0516960097839114,9.512065800239698,0.0516960097839114,10.04649384939853,90.48780172315605,19.558559649638227,0.10629651983499036,91.36021346625421,0.8724117430981551,0.0002436904310330042,0.10155515166597479,0.75,3764,3580,184,19.456521739130434,0.0
1684,85.99391807987848,0.4999646399992935,9.127874755750618,0.05306903927761987,9.127874755750618,0.05306903927761987,9.139164886562412,67.72687843756512,18.26703964231303,0.10620371885065714,68.66712708900565,0.9402486514405268,0.00024096582558701354,0.10073715692367928,0.28517020253798364,4074,3902,172,22.686046511627907,0.0
1685,91.65096182004265,0.9074352655449768,5.518086829669223,0.05463452306603191,5.518086829669223,0.05463452306603191,7.033029579265417,79.09984541110725,12.55111640893464,0.12426847929638257,79.90694077239715,0.8070953612898961,0.0002444262148061466,0.11627743611530202,0.031620792373132645,3403,3302,101,32.693069306930695,0.0
1686,102.088751012702,0.5609272033664945,9.278414644240222,0.05098030024307814,9.278414644240222,0.05098030024307814,12.895214520614559,79.91512184784614,22.17362916485478,0.12183312727942187,80.58785862702081,0.6727367791746701,0.00023898287004428778,0.1181367713498967,0.75,2997,2815,182,15.467032967032967,0.0
1687,110.06713070445977,0.6253814244571578,9.08775967872979,0.051634998174601085,9.08775967872979,0.051634998174601085,10.33080185315788,90.64856917257305,19.41856153188767,0.11033273597663448,91.48216987294137,0.8336007003683221,0.0004072304349625413,0.10559636836090001,0.12517910391193254,2223,2047,176,11.630681818181818,0.0
1688,89.37747289773944,0.46794488428135833,9.484885610165971,0.049659086964219744,9.484885610165971,0.049659086964219744,12.143976599291477,67.74861068828193,21.62886220945745,0.11324011627988192,68.12295172266613,0.3743410343842015,0.0002454695307437387,0.11128021557630004,0.39606102512351526,1716,1525,191,7.984293193717278,0.0
1689,96.51522865236586,0.49494989052495314,9.770440331838161,0.05010482221455467,9.770440331838161,0.05010482221455467,8.212620300736148,78.53216801979056,17.983060632574308,0.09222082375679132,79.20365487896521,0.6714868591746495,0.0002395600639224579,0.08877730140205463,0.1035326235711409,2998,2803,195,14.374358974358975,0.0
1690,98.75226632372795,0.6133681138119749,8.53339679989166,0.053002464595600374,8.53339679989166,0.053002464595600374,10.33613732608842,79.88273219774703,18.86953412598008,0.11720207531664646,80.80829433537076,0.9255621376237286,0.00024191378401038386,0.11145324216370926,0.6990096513516164,3987,3826,161,23.763975155279503,0.0
1691,105.90445952314559,0.6537312316243555,8.416662551531344,0.05195470710821817,8.416662551531344,0.05195470710821817,8.389419830246538,89.09837714136842,16.806082381777884,0.10374124927023386,89.93197784173674,0.8336007003683221,0.0005717425928452141,0.09859556593462254,0.3515887311583583,1620,1458,162,9.0,0.0
1692,80.44426542768548,0.6648286398982272,6.6335395102231205,0.054822640580356366,6.6335395102231205,0.054822640580356366,6.561168786312692,67.24955713114974,13.194708296535811,0.10904717600442819,68.16719808459499,0.9176409534452432,0.00024218552479420512,0.10146336647182226,0.05549164903459314,3910,3789,121,31.31404958677686,0.0
1693,107.5520060922463,0.3469419551362784,15.071381329697264,0.04861735912805569,15.071381329697264,0.04861735912805569,13.321831067202368,79.15879369534599,28.39321239689963,0.09159100773193429,79.77144490315936,0.6126512078133715,0.00024225037873205674,0.08961471351318367,0.17789017655104544,2839,2529,310,8.158064516129032,0.0
1694,105.45041295999982,0.5169137890196069,10.223843667353814,0.050116880722322614,10.223843667353814,0.050116880722322614,14.888312873465054,80.33825641918031,25.112156540818866,0.1230988065726415,80.91264406901388,0.574387649833568,0.00024673009013469416,0.1202831808381664,0.17332574996009953,2532,2328,204,11.411764705882353,0.0
1695,101.78978139416739,0.7770212320165449,6.878468984954541,0.05250739683171405,6.878468984954541,0.05250739683171405,4.592656796496044,90.31865561271769,11.471125781450585,0.08756584565992813,91.08273849978195,0.7640828870642622,0.0002461607239253422,0.0817331518655377,0.011590408881033909,3235,3104,131,23.69465648854962,0.0
1696,78.89172647507519,0.7171975134097744,5.577866612177713,0.05070787829252466,5.577866612177713,0.05070787829252466,5.546313797846267,67.76754606505142,11.12418041002398,0.10112891281839982,68.16506476840755,0.39751870335612693,0.0002458371696698373,0.09751510642425129,0.03684568415138756,1727,1617,110,14.7,0.0
1697,100.90612098018806,0.4118617182864819,11.835750956287688,0.04830918757668444,11.835750956287688,0.04830918757668444,9.574349185677534,79.49602083822248,21.410100141965223,0.08738816384475602,79.93461001210142,0.43858917387893825,0.0002401912233729125,0.08559800395137407,0.10125656561103824,2071,1826,245,7.453061224489796,0.0
1698,103.10687954091588,0.5603634757658472,9.381485151418975,0.05098633234466834,9.381485151418975,0.05098633234466834,12.690641699100354,81.03475269039592,22.07212685051933,0.11995721114412679,81.7202176572448,0.6854649668488833,0.00024136090382002932,0.1162318580634298,0.1604919446021995,3024,2840,184,15.434782608695652,0.0
1699,114.3129065044979,0.5341724603013921,10.218896850264345,0.047751854440487594,10.218896850264345,0.047751854440487594,13.46252157126952,90.63148808296495,23.681418421533863,0.11066083374548534,90.75485777575409,0.12336969278914012,0.00027054757190600904,0.11008433985394306,0.15265622245237864,670,456,214,2.130841121495327,0.0
1700,78.63379666955035,0.6778775574961237,6.020364865184976,0.05189969711366359,6.020364865184976,0.05189969711366359,5.000957495453008,67.61247430891245,11.021322360637985,0.09501139966067228,68.15783061130571,0.5453563023932588,0.0002472150056179777,0.09031005222624687,0.23301645319116915,2322,2206,116,19.017241379310345,0.0
1701,97.38150981258468,0.45084032320641054,10.81372880257126,0.050063559271163245,10.81372880257126,0.050063559271163245,6.8369602575193085,79.73082075249442,17.65068906009057,0.08171615305597486,80.50592686292629,0.7751061104318637,0.0002463000033148598,0.07812769884101109,0.18116241969465818,3363,3147,216,14.569444444444445,0.0
1702,91.29522341153216,0.9221739738538602,5.196092919258521,0.05248578706321738,5.196092919258521,0.05248578706321738,4.804946557240783,81.29418393503232,10.001039476499304,0.10102060077272025,81.83859933190178,0.5444153968694536,0.0002487050693784621,0.09552145534980189,0.09936152944521837,2288,2189,99,22.11111111111111,0.0
1703,108.1051130201601,0.6673155124701241,8.262182552272929,0.051001126865882276,8.262182552272929,0.051001126865882276,9.65180371510229,90.1911267527862,17.91398626737522,0.11058016214429148,90.85508405408655,0.6639573013003428,0.00024030304064435136,0.10648166028440467,0.2373766562172932,2925,2763,162,17.055555555555557,0.0
1704,107.24506191432857,0.2890702477475164,18.735079983164177,0.05049886787914872,18.735079983164177,0.05049886787914872,19.823832686587252,68.686149244577,38.55891266975143,0.10393237916375048,69.46050143500884,0.7743521904318413,0.0002467661537386365,0.10184517649412328,0.04433411453101144,3509,3138,371,8.45822102425876,0.0
1705,101.45876033736329,0.39173266539522505,12.650882021158447,0.048845104328797094,12.650882021158447,0.048845104328797094,9.195052035138701,79.61282628106613,21.845934056297146,0.08434723573859902,80.22304239229226,0.6102161112261228,0.00024176549573142744,0.08199118897710822,0.75,2783,2524,259,9.745173745173744,0.0
1706,111.31385613195494,0.43824352807856276,12.461824168987425,0.04906229987790325,12.461824168987425,0.04906229987790325,18.38125820796563,80.47077375500248,30.843082376953056,0.12142945817698053,80.92425022304661,0.4534764680441299,0.00023717388496031897,0.11964411775160756,0.336114806150988,2166,1912,254,7.52755905511811,0.0
1707,108.90194575183642,0.6521074595918349,8.49786554131999,0.050885422403113716,8.49786554131999,0.050885422403113716,10.721544004545535,89.68253620597216,19.219409545865524,0.11508628470578158,90.34071461470108,0.6581784087289293,0.00024091449807061834,0.11114509662955292,0.08889543632750474,2899,2732,167,16.35928143712575,0.0
1708,91.45448714311726,0.433433588356006,10.977667183563993,0.05202685868987674,10.977667183563993,0.05202685868987674,11.724853337769332,68.75196662178377,22.702520521333327,0.10759488398736174,69.59863820179908,0.8466715800153111,0.00024470276879055234,0.1035822224707023,0.10250892891673402,3671,3460,211,16.398104265402843,0.0
1709,101.82136318531099,0.37993045964668276,12.884257088464128,0.048075586150985554,12.884257088464128,0.048075586150985554,9.586880362521185,79.35022573432582,22.471137450985314,0.083847527802184,79.77138528347683,0.42115954915101383,0.00024176782385247636,0.08227603694714236,0.44048617390456,2010,1742,268,6.5,0.0
1710,102.37900732019114,0.5445691878733571,9.331453050926074,0.04963538856875571,9.331453050926074,0.04963538856875571,12.755536477403325,80.29201779186133,22.086989528329397,0.11748398685281594,80.74143735616059,0.4494195642992622,0.00023854541629472517,0.11509345725548163,0.19000334475987302,2072,1884,188,10.02127659574468,0.0
1711,101.30443230623615,0.8236132707824078,6.618674413709679,0.05381036108707057,6.618674413709679,0.05381036108707057,4.638862737065949,90.04689515546096,11.25753715077563,0.09152469228272869,90.91637709958422,0.8694819441232653,0.00024403085717745307,0.08445573338741404,0.3083845688378233,3686,3563,123,28.96747967479675,0.0
1712,81.3903980463773,0.6309333181889714,6.686633000322142,0.0518343643435825,6.686633000322142,0.0518343643435825,6.03826415426073,68.66550089179458,12.724897154582873,0.09864261360141761,69.20399437704498,0.5384934852503989,0.00024849722438873966,0.09446824549870017,0.08909394886393329,2296,2167,129,16.7984496124031,0.0
1713,90.0421116007879,0.6125313714339313,7.3664265290658895,0.050111745095686326,7.3664265290658895,0.050111745095686326,3.8676061361459233,78.80807893557613,11.234032665211814,0.07642199091980825,79.35884226207298,0.550763326496849,0.00024675776276740545,0.07267530162391103,0.42286385386762504,2379,2232,147,15.183673469387756,0.0
1714,102.56902991027437,0.5455799463312466,9.460967861221667,0.0503242971341578,9.460967861221667,0.0503242971341578,13.112435016407687,79.99562703264485,22.573402877629356,0.1200712919022838,80.57429005257302,0.5786630199281717,0.00024729188885819306,0.1169932971154327,0.11485805000307892,2528,2340,188,12.446808510638299,0.0
1715,134.03414553207904,0.3367692098795956,19.801844298576366,0.04975337763461399,19.801844298576366,0.04975337763461399,23.755628000911543,90.47667323259435,43.55747229948791,0.10944088517459274,91.37361846189606,0.8969452293017071,0.00024400033441286916,0.10718725394518337,0.2800660464444036,4074,3676,398,9.236180904522612,0.0
1716,87.83569849470831,0.522831538658978,10.66023712942354,0.06345379243704488,10.66023712942354,0.06345379243704488,9.539254938554734,67.63620642672987,20.199492067978277,0.12023507183320403,68.23276867510782,0.5965622483779498,0.0002409379032221122,0.11668410606905054,0.75,2644,2446,198,12.353535353535353,1.0
1717,107.36520646190951,0.3148539778941628,16.56563064480646,0.04857956200823009,16.56563064480646,0.04857956200823009,12.804746218915795,77.99482959818573,29.370376863722257,0.08613013743027055,78.65169018134691,0.6568605831611762,0.00024184852104608846,0.08420386006030088,0.21908856743976912,3057,2716,341,7.964809384164223,0.0
1718,98.308099410858,0.5715587175049884,8.97742507060583,0.05219433180584785,8.97742507060583,0.05219433180584785,10.403874455464802,78.92679988478687,19.381299526070634,0.11268197398878275,79.78000386099268,0.8532039762058048,0.00024398169179462532,0.10772148575503097,0.3983355539019726,3669,3497,172,20.33139534883721,0.0
1719,120.81985257038832,0.5346011175680899,11.32742077521263,0.0501213308637727,11.32742077521263,0.0501213308637727,16.28097461680869,93.21145717836896,27.608395392021322,0.12216104155761646,93.73406709825332,0.5226099198843599,0.0002508929044091982,0.11984860828378319,0.3230409578908393,2309,2083,226,9.216814159292035,0.0
1720,94.42564044991116,0.4159719843608421,11.890454440865703,0.05238085656769032,11.890454440865703,0.05238085656769032,12.280131998735328,70.25505401030983,24.17058643960103,0.1064783543594759,71.1228981944331,0.8678441841232711,0.00024398205907317152,0.10265525222677556,0.29122300216545227,3784,3557,227,15.669603524229075,0.0
1721,132.60981566619608,0.20307781878437378,31.02407904118093,0.047510075101349046,31.02407904118093,0.047510075101349046,23.764991232494026,77.82074539252312,54.78907027367495,0.08390362982186057,78.23961921837252,0.4188738258494027,0.00024156506681049752,0.08326216913908661,0.006752156579693747,2387,1734,653,2.655436447166922,0.0
1722,84.78601901238159,1.2287828842374142,3.8332125955233045,0.0555538057322218,3.8332125955233045,0.0555538057322218,1.8599674175372911,79.09283899932075,5.693180013060596,0.08250985526174777,79.70305511054687,0.6102161112261228,0.0002414784769395025,0.07366614350485097,0.1608941940642694,2596,2527,69,36.6231884057971,0.0
1723,103.20941432421318,1.8430252557895213,3.4805852621717204,0.06215330825306643,3.4805852621717204,0.06215330825306643,6.777503595970302,92.95132546607152,10.258088858142022,0.18318015818110753,93.80943976643982,0.8581143003682996,0.00024482576330051345,0.1678566885316672,0.75,3561,3505,56,62.589285714285715,0.0
1724,82.64308508836683,0.7513007735306075,6.068529201705209,0.05516844728822917,6.068529201705209,0.05516844728822917,6.608911850201878,69.96564403645976,12.677441051907087,0.11524946410824624,70.7417106639075,0.776066627447733,0.0002459019732090409,0.1081943129496303,0.38185389687191673,3266,3156,110,28.69090909090909,0.0
1725,115.45389223440702,0.26849742380094654,20.80696329647318,0.048388286735984144,20.80696329647318,0.048388286735984144,16.809784846804916,77.83714409112861,37.6167481432781,0.08748080963553047,78.53812387086265,0.7009797797340411,0.00024113511514758896,0.08585062410126598,0.37420820387876574,3337,2907,430,6.76046511627907,0.0
1726,86.05341926151436,1.1628840440745185,4.3178988426929275,0.058349984360715236,4.3178988426929275,0.058349984360715236,2.7595239891041388,78.97599642971676,7.077422831797066,0.09564084907833874,79.82411387982734,0.8481174501105784,0.000244203124132041,0.08417980245523009,0.2154709948770801,3547,3473,74,46.932432432432435,0.0
1727,104.77447038837414,1.61191492905191,3.914994402973794,0.06023068312267375,3.914994402973794,0.06023068312267375,7.629833522053275,93.2296424633472,11.544827925027068,0.17761273730810873,94.07631404336252,0.8466715800153111,0.00024449078256289663,0.16458702069248654,0.31949465517755016,3528,3463,65,53.276923076923076,0.0
1728,79.88056071560669,1.0510600094158775,4.2542010939098,0.055976330183023684,4.2542010939098,0.055976330183023684,5.087416189509952,70.53894343218678,9.341617283419751,0.12291601688710199,71.15627971729708,0.6173362851102979,0.00024124122122325047,0.11479317103038959,0.21898117655155147,2635,2559,76,33.671052631578945,0.0
1729,138.2178741419524,0.1977365867552967,33.048828233367864,0.04728015484029737,33.048828233367864,0.04728015484029737,27.43160554194128,77.73744036664601,60.480433775309145,0.08652422571574984,78.0243515569465,0.2869111903004864,0.00026443427677464186,0.08611376621603133,0.04673667761045408,1784,1085,699,1.552217453505007,0.0
1730,89.8351073291567,0.8983510732915669,5.128903205260615,0.05128903205260615,5.128903205260615,0.05128903205260615,5.146223708767934,79.5599804151276,10.275126914028549,0.10275126914028548,79.98432419958016,0.42434378445256016,0.0002393365958559279,0.09850783129576542,0.24790531353033884,1873,1773,100,17.73,0.0
1731,107.10396486966118,0.9736724079060107,6.197291761449362,0.05633901601317602,6.197291761449362,0.05633901601317602,7.206428829884601,93.70024427832851,13.403720591333963,0.1218520053757633,94.64037833599122,0.9401340576627035,0.00024230259218110915,0.11330533212427243,0.24172225478844211,3990,3880,110,35.27272727272727,0.0
1732,83.22851662919174,0.660543782771363,6.562825685337182,0.05208591813759668,6.562825685337182,0.05208591813759668,6.359691887342194,70.3059990565119,12.922517572679375,0.10255966327523314,70.79791593574885,0.49191687923695326,0.0002404285822272499,0.09865556105907061,0.4599756824804331,2172,2046,126,16.238095238095237,0.0
1733,100.37969642560779,0.35595637030357374,14.03396608907471,0.04976583719530039,14.03396608907471,0.04976583719530039,8.846761676172662,77.49896866035874,22.88072776524737,0.08113733250087721,78.38840052240624,0.8894318620475019,0.00024421522845895167,0.07798331880567924,0.039976383407292815,3924,3642,282,12.914893617021276,0.0
1734,96.55787708908957,0.6437191805939305,7.669360712729013,0.05112907141819342,7.669360712729013,0.05112907141819342,9.789047511438469,79.09946886492196,17.45840822416748,0.11638938816111655,79.68697504789611,0.5875061829741526,0.00024592138257603706,0.11247268027462307,0.2854271035245688,2539,2389,150,15.926666666666666,0.0
1735,114.93213791275605,0.6246311843084568,9.387218238804618,0.05101749042828597,9.387218238804618,0.05101749042828597,11.697940408759337,93.8469792651938,21.085158647563954,0.11459325351936932,94.42136691502736,0.574387649833568,0.00024747421362928394,0.11147158150939503,0.00801990138512565,2505,2321,184,12.61413043478261,0.0
1736,95.04408279019594,0.3993448856730922,12.382617075892064,0.05202780283988262,12.382617075892064,0.05202780283988262,12.403095006358342,70.25837070794546,24.785712082250406,0.10414164740441346,71.05246794112878,0.7940972331833223,0.00024569840135622596,0.10080510440784522,0.7401162391975049,3470,3232,238,13.579831932773109,0.0
1737,88.93433712170167,1.1701886463381799,8.848099570519018,0.11642236276998708,8.848099570519018,0.11642236276998708,2.1570486218254246,77.92918892935694,11.005148192344443,0.14480458147821634,78.47488315175019,0.5456942223932515,0.0002382944202590618,0.13762439434146687,0.029104107846478655,2366,2198,168,13.083333333333334,1.0
1738,85.51851811607582,2.4433862318878807,2.518503562587397,0.0719572446453542,2.518503562587397,0.0719572446453542,1.6228838379244621,81.37713071556391,4.141387400511859,0.11832535430033883,82.27924320676459,0.9021124912006826,0.0002431570057144697,0.0925507116946067,0.004779743973926998,3745,3710,35,106.0,0.0
1739,106.95990521934903,0.8695927253605612,6.5561541963122165,0.053302066636684686,6.5561541963122165,0.053302066636684686,6.613414752335473,93.79033627070339,13.16956894864769,0.10706966624916821,94.46182312987804,0.6714868591746495,0.0002393039412596755,0.10161042349163402,0.09410736921029184,2929,2806,123,22.8130081300813,0.0
1740,92.56591992014,0.4450284611545193,10.969188176506941,0.05273648161782184,10.969188176506941,0.05273648161782184,9.496145505452887,72.10058623818048,20.465333681959827,0.09839102731711455,72.94244891152914,0.8418626733486576,0.0002439474567802543,0.09434361061832146,0.04105104545493532,3659,3451,208,16.591346153846153,0.0
1741,93.47462868325306,0.772517592423579,7.973323357025912,0.06589523435558604,7.973323357025912,0.06589523435558604,7.459559840588497,78.0417454856385,15.432883197614409,0.1275444892364827,78.41060015829856,0.36885467266006344,0.00024139703708119336,0.12449610351202062,0.2931995074725364,1649,1492,157,9.503184713375797,1.0
1742,90.53898117913803,1.3929074027559698,3.63836258015955,0.05597480892553154,3.63836258015955,0.05597480892553154,5.037672274989859,81.86294632398841,8.676034855149409,0.13347745930999091,82.46481491371696,0.6018685897285536,0.00024229814401310532,0.12421794254493954,0.13206815589524012,2549,2484,65,38.215384615384615,0.0
1743,108.09810580527477,0.7455041779674122,7.76578362837596,0.05355712847155834,7.76578362837596,0.05355712847155834,6.662353176649958,93.66996900025083,14.428136805025918,0.09950439175879944,94.4934423190345,0.8234733187836696,0.00024618036435984143,0.09382526542234669,0.37288294531867905,3490,3345,145,23.06896551724138,0.0
1744,85.54703793587481,0.6480836207263243,6.836911515597824,0.05179478420907442,6.836911515597824,0.05179478420907442,7.004147880460607,71.70597853981639,13.84105939605843,0.10485651057620023,72.15758938344243,0.4516108436260424,0.0002380658110838389,0.10143521630630593,0.6330654531922733,2029,1897,132,14.371212121212121,0.0
1745,87.98666152829435,1.157719230635452,3.942837881493415,0.05187944580912388,3.942837881493415,0.05187944580912388,1.9622828177263614,82.08154082907458,5.9051206992197764,0.07769895656868127,82.53222727798192,0.45068644890733367,0.00023845843857530881,0.07176887171463725,0.515533464694272,1966,1890,76,24.86842105263158,0.0
1746,103.23023890960985,0.6144657077952967,8.161105595567708,0.048578009497426834,8.161105595567708,0.048578009497426834,14.458597755786457,80.61053555825657,22.619703351354165,0.1346410913771081,80.85422849900476,0.2436929407481898,0.0002512298358228761,0.13319053815836362,0.3327974922551675,1138,970,168,5.773809523809524,0.0
1747,132.964304938969,0.3910714851146147,17.052927813404615,0.05015567003942534,17.052927813404615,0.05015567003942534,22.3391411291949,93.57223599637223,39.392068942599515,0.11585902630176328,94.47160154034066,0.8993655439684289,0.0002440612059615818,0.1132138335253775,0.016076313357189065,4025,3685,340,10.838235294117647,0.0
1748,82.41578398644702,0.8159978612519507,5.666527138915362,0.0561042290981719,5.666527138915362,0.0561042290981719,5.157684191479177,71.59157265605234,10.82421133039454,0.10717040921182713,72.38450764923567,0.7929349931833372,0.00024610024617732377,0.0993195676951619,0.03714892601584552,3323,3222,101,31.900990099009903,0.0
1749,101.79544808863989,0.6059252862419041,8.772215298283859,0.05221556725168964,8.772215298283859,0.05221556725168964,7.906887903096617,85.11634488725582,16.679103201380478,0.09928037619869332,86.0324549607011,0.9161100734452816,0.00024216496786816854,0.09382734004725467,0.058090762953781905,3951,3783,168,22.517857142857142,0.0
1750,99.31252697494608,0.6896703262149033,7.563957069736583,0.05252747965094849,7.563957069736583,0.05252747965094849,10.961690312774408,80.78687959243615,18.52564738251099,0.1286503290452152,81.56420189988387,0.7773223074477187,0.0002458324817987725,0.12325225746570981,0.09827899378433358,3306,3162,144,21.958333333333332,0.0
1751,424.6287979659439,0.1360989737070333,147.1054386207026,0.047149179045096995,147.1054386207026,0.047149179045096995,183.51662164110348,94.00673770413772,330.6220602618061,0.10596860905827118,94.22528086429696,0.2185431601592427,0.0002517778342848418,0.10589856317360478,0.27134515344897636,3988,868,3120,0.2782051282051282,0.0
1752,85.21638902899747,0.6984949920409629,6.748329325957589,0.055314174802931056,6.748329325957589,0.055314174802931056,6.064779703461795,72.40327999957759,12.813109029419383,0.10502548384769986,73.24254776848869,0.8392677689110997,0.00024404413169848785,0.09814623984023588,0.18636137727207824,3561,3439,122,28.188524590163933,0.0
1753,106.29587184024064,0.45817186138034754,11.752110464514782,0.05065564855394303,11.752110464514782,0.05065564855394303,8.790340226581066,85.75342114914389,20.542450691095848,0.08854504608230969,86.63078963021798,0.877368481074086,0.0002437811839605685,0.08476328538802871,0.09412926825825707,3831,3599,232,15.512931034482758,0.0
1754,96.79589448038826,0.9583751928751313,5.565120691267962,0.05510020486403923,5.565120691267962,0.05510020486403923,8.935934699970801,82.2948390891504,14.501055391238763,0.14357480585384913,83.11393167242949,0.8190925832790867,0.00024494395432987046,0.13546497829662146,0.04754279834156705,3445,3344,101,33.10891089108911,0.0
1755,113.68607557946768,0.6178591064101504,9.679220936831147,0.05260446161321276,9.679220936831147,0.05260446161321276,10.622734090947233,93.38412055169181,20.30195502777838,0.1103367121074912,94.25653229478996,0.8724117430981551,0.00024382664703693544,0.10559534393846587,0.607957595094831,3762,3578,184,19.445652173913043,0.0
1756,91.83343892868982,0.46853795371780516,10.002466601439918,0.05103299286448938,10.002466601439918,0.05103299286448938,9.442816085094535,72.38815624215545,19.445282686534455,0.0992106259517064,72.84163271019958,0.4534764680441299,0.000238045390049412,0.09689697050250122,0.10476186463858994,2101,1905,196,9.71938775510204,0.0
1757,102.05201385214258,0.5831543648693862,8.360082345267665,0.04777189911581523,8.360082345267665,0.04777189911581523,7.930754166922725,85.76117733994846,16.29083651219039,0.09309049435537364,85.92998160315545,0.1688042632069937,0.0002683692578807531,0.09212589856564071,0.1093500321945271,804,629,175,3.5942857142857143,0.0
1758,105.71187358504255,0.5505826749220967,9.435286887194044,0.049142119204135644,9.435286887194044,0.049142119204135644,14.16465427579368,82.11193242205837,23.599941162987726,0.1229163602238944,82.49476626494987,0.38283384289150035,0.00024683033068439737,0.12092243395881604,0.3695912111665507,1743,1551,192,8.078125,0.0
1759,110.33271663446402,0.6939164568205284,8.548134276153172,0.05376185079341618,8.548134276153172,0.05376185079341618,8.094593393973241,93.68998896433885,16.642727670126412,0.10467124320834222,94.62101864761343,0.9310296832745735,0.0002417003331450087,0.09881571060912324,0.3190682860503671,4011,3852,159,24.22641509433962,0.0
1760,81.48066456235375,0.8487569225245183,5.054414290606738,0.052650148860486856,5.054414290606738,0.052650148860486856,4.496219320345631,71.93003095140102,9.550633610952369,0.09948576678075384,72.35228028137743,0.4222493299764096,0.00023977815444429848,0.09508733626017,0.25772142464393255,1857,1761,96,18.34375,0.0
1761,93.32751502565759,0.982394895006922,5.374501382935053,0.0565736987677374,5.374501382935053,0.0565736987677374,3.0792855201903535,84.87372812253057,8.453786903125406,0.0889872305592148,85.82120389680045,0.9474757742698898,0.00024017129892772872,0.0790138013563909,0.29548215158939684,4040,3945,95,41.526315789473685,0.0
1762,97.24052619100343,0.8529870718509073,6.193022326885494,0.054324757253381525,6.193022326885494,0.054324757253381525,9.471070592975195,81.57643327114397,15.664092919860689,0.1374043238584271,82.40822804164202,0.8317947704980497,0.0002449336780029593,0.13010787850317024,0.23545122957892772,3510,3396,114,29.789473684210527,0.0
1763,115.4485588564703,0.5772427942823515,10.358786491793412,0.05179393245896706,10.358786491793412,0.05179393245896706,11.07057325142921,94.01919911324944,21.42935974322262,0.1071467987161131,94.81608812814704,0.7968890148976016,0.00024618134534989234,0.10316235364161627,0.05338005397976531,3437,3237,200,16.185,0.0
1764,95.52844972739223,0.3775828052466096,13.218595864278052,0.05224741448331246,13.218595864278052,0.05224741448331246,9.693455700840957,72.61639816227165,22.912051565119008,0.09056146863683402,73.52055753785328,0.904159375581628,0.00024351181674700458,0.08698771616418557,0.0707629141905386,3966,3713,253,14.67588932806324,0.0
1765,420.9146612211526,0.12133602226034955,164.66230398568473,0.047466792731532065,164.66230398568473,0.047466792731532065,170.99490790111128,85.25744933438273,335.657211886796,0.09675906943983742,85.31599863123199,0.058549296849264465,0.00042121796294434865,0.09674219157968307,0.20416036466849619,3608,139,3469,0.04006918420294033,0.0
1766,101.53168181413594,0.6153435261462784,8.574908266157507,0.0519691410070152,8.574908266157507,0.0519691410070152,10.84583396526574,82.11093958271562,19.420742231423247,0.1177014680692318,82.91265986911998,0.8017202864043611,0.0002452493993283454,0.11284255724252096,0.06368017511596236,3434,3269,165,19.812121212121212,0.0
1767,104.91960412971684,0.8133302645714484,7.077987726558855,0.05486812191130896,7.077987726558855,0.05486812191130896,4.0660886639017235,93.77552773925765,11.14407639046058,0.08638818907333783,94.67764023045834,0.9021124912006826,0.0002431570057144697,0.07939506898650006,0.75,3839,3710,129,28.75968992248062,0.0
1768,97.0505309838727,0.38359893669514905,13.173746267966163,0.052070143351644914,13.173746267966163,0.052070143351644914,11.21898263893462,72.65780207697043,24.392728906900782,0.0964139482486197,73.517835278458,0.8600332014875676,0.0002441195576178165,0.09301460753128343,0.08831824332958149,3776,3523,253,13.924901185770752,0.0
1769,106.88645305039358,0.5041813823131773,10.75565779895869,0.05073423490074854,10.75565779895869,0.05073423490074854,10.397053579540568,85.73374167189428,21.15271137849926,0.09977694046461914,86.54672954842778,0.8129878765334979,0.0002442872225160751,0.09594209199040475,0.08527216708216656,3540,3328,212,15.69811320754717,0.0
1770,117.23313151674245,0.4157203245274555,13.756446308775775,0.04878172449920488,13.756446308775775,0.04878172449920488,21.26119417705081,82.21549103092087,35.01764048582659,0.12417603009158365,82.67063809564172,0.45514706472084754,0.00023705576287544143,0.1225620334081586,0.05807060687243393,2202,1920,282,6.808510638297872,0.0
1771,113.3242999863196,0.6627152045983602,8.68468276566512,0.05078761851266152,8.68468276566512,0.05078761851266152,9.38978379518585,95.24983342547068,18.07446656085097,0.10569863485877759,95.76656279096471,0.5167293654940295,0.00024999001717176077,0.10267682570382976,0.3051850314858484,2238,2067,171,12.087719298245615,0.0
1772,105.74908230309842,0.3389393663560847,16.064403935645903,0.051488474152711225,16.064403935645903,0.051488474152711225,14.86080761549232,74.8238707519626,30.925211551138222,0.09911926779210968,75.69984531303663,0.875974561074031,0.00024407204265088634,0.0963116570194288,0.0953300192869051,3901,3589,312,11.503205128205128,0.0
1773,102.92460879249091,0.5360656707942235,9.694529874949692,0.05049234309869632,9.694529874949692,0.05049234309869632,6.731550544717322,86.49852837282322,16.426080419667016,0.08555250218576571,87.19136295791884,0.6928345850956248,0.00024140577877896334,0.08194398872172955,0.10723583467336084,3062,2870,192,14.947916666666666,0.0
1774,89.54447114027795,1.3168304579452639,3.9080679886878773,0.05747158806893937,3.9080679886878773,0.05747158806893937,4.104561175495064,81.53184197609534,8.012629164182941,0.11783278182621973,82.25791045509544,0.7260684790001051,0.00024065909148163908,0.1071553041938604,0.67839275861445,3085,3017,68,44.36764705882353,0.0
1775,108.42135729626034,1.2182174977107902,4.873541209937234,0.05475888999929476,4.873541209937234,0.05475888999929476,6.49078252059212,97.05703356573213,11.364323730529353,0.1276890306801051,97.70989399719122,0.6528604314590893,0.0003521361550480525,0.12035352021425981,0.3966811509316699,1943,1854,89,20.831460674157302,0.0
1776,109.09985575635665,0.2989037144009771,18.487746636545815,0.05065136064807073,18.487746636545815,0.05065136064807073,16.075881459789514,74.53622766002468,34.56362809633533,0.09469487149680912,75.33875114642899,0.8025234864043114,0.0002446717946354608,0.09249617701350042,0.07986458715413391,3645,3280,365,8.986301369863014,0.0
1777,98.35258294642165,0.6926238235663497,7.444552142371554,0.052426423537827845,7.444552142371554,0.052426423537827845,4.621861459276829,86.28616934477049,12.066413601648383,0.08497474367358017,87.0832145196681,0.7970451748976188,0.0002455468807447994,0.07936174948417989,0.032491327019442906,3388,3246,142,22.859154929577464,0.0
1778,95.0214327764977,0.9598124522878556,5.44368143088867,0.05498668112008758,5.44368143088867,0.05498668112008758,7.352465675079202,82.22528567053087,12.796147105967872,0.12925401117139265,83.02491205960189,0.7996263890710225,0.000245284168426694,0.12117697693834158,0.2822335303528689,3359,3260,99,32.92929292929293,0.0
1779,100.74920970008361,2.3430048767461304,2.670480442768716,0.06210419634345851,2.670480442768716,0.06210419634345851,1.5356708043984781,96.54305845291708,4.206151247167194,0.09781747086435334,97.19591888437617,0.6528604314590893,0.0007119524879597484,0.0826346701327312,0.11938566828860075,960,917,43,21.325581395348838,0.0
1780,97.66686519744383,0.4228002822400166,11.877163458573376,0.05141629202845617,11.877163458573376,0.05141629202845617,10.649494334486008,75.14020740438468,22.526657793059385,0.09751799910415318,75.78152555451521,0.6413181501305303,0.0002424643289718451,0.09474173005596802,0.75,2876,2645,231,11.45021645021645,0.0
1781,104.42543054191765,0.5584247622562442,9.353068813041588,0.05001641076492828,9.353068813041588,0.05001641076492828,8.758118741089788,86.31424298778677,18.111187554131376,0.09685127034294853,86.91080523616472,0.5965622483779498,0.00024399273962288334,0.0936610978917269,0.42645617557332116,2632,2445,187,13.074866310160427,0.0
1782,109.66893908663963,0.481004118801051,11.327017457429351,0.0496799011290761,11.327017457429351,0.0496799011290761,16.739294839552542,81.60262678966211,28.06631229698189,0.12309786095167496,82.19503797137338,0.5924111817112703,0.00024429327080877127,0.1204995662950274,0.75,2653,2425,228,10.635964912280702,0.0
1783,107.86442790930761,1.225732135333041,5.0365360317393595,0.05723336399703818,5.0365360317393595,0.05723336399703818,7.10203961356433,95.72585226400435,12.138575645303689,0.13793835960572373,96.5982640071025,0.8724117430981551,0.00024382664703693544,0.1280245897977853,0.4081968940528782,3666,3578,88,40.65909090909091,0.0
1784,90.52428273334141,0.4789644589065683,9.597161161770295,0.050778630485557114,9.597161161770295,0.050778630485557114,6.816031099250381,74.11109047231935,16.413192261020676,0.08684228709534748,74.52330101798691,0.41221054566756266,0.00024391156548376488,0.08466127891721957,0.08578201256966622,1879,1690,189,8.941798941798941,0.0
1785,278.2564696752933,0.12822878786879877,102.98285887216302,0.04745753865076637,102.98285887216302,0.04745753865076637,89.69157405340786,85.58203674974897,192.6744329255709,0.08879006125602346,85.70334308818536,0.12130633843639771,0.0002725985133402196,0.08873415971756127,0.08478957979320967,2615,445,2170,0.20506912442396313,0.0
1786,99.53400767188737,0.6339745711585183,8.21289624487411,0.05231144105015356,8.21289624487411,0.05231144105015356,9.970490979493377,81.3506204475238,18.183387224367486,0.11581775302144895,82.17728334132954,0.8266628938057465,0.00024573807782572726,0.11055238427106895,0.3130644006146781,3521,3364,157,21.426751592356688,0.0
1787,131.58170671447925,0.4633158687129551,14.029358534551237,0.04939914976954661,14.029358534551237,0.04939914976954661,20.43903064733547,97.11331753259213,34.46838918188671,0.1213675675418546,97.77657659389246,0.6632590613003231,0.00024031125409431996,0.11903214831192534,0.10630097850179254,3044,2760,284,9.71830985915493,0.0
1788,143.59856184187106,0.21305424605618853,32.8742433573258,0.04877484177644778,32.8742433573258,0.04877484177644778,35.675021013027276,75.04929747151817,68.54926437035309,0.10170514001536066,75.7421320566138,0.6928345850956248,0.00024140577877896334,0.10067719552708793,0.14601764486627644,3544,2870,674,4.258160237388724,0.0
1789,108.7789915175764,0.45136511003143737,11.871487854048508,0.049259285701446096,11.871487854048508,0.049259285701446096,10.430569777344658,86.4769338861862,22.30205763139317,0.09253965822154842,87.03288742061955,0.5559535344333426,0.00024709045974815225,0.09023279708280853,0.07407779087441213,2491,2250,241,9.336099585062241,0.0
1790,239.85177825664215,0.1588422372560544,71.0084139519017,0.04702543970324616,71.0084139519017,0.04702543970324616,87.1555167239382,81.68784758080938,158.1639306758399,0.10474432495088735,81.78097971280818,0.0931321319988001,0.0002994602315073958,0.10468264804227416,0.16303934627768513,1821,311,1510,0.20596026490066224,0.0
1791,110.36859257113679,1.24009654574311,4.731229660330683,0.05315988382394026,4.731229660330683,0.05315988382394026,8.252311010651852,97.38505190015474,12.983540670982535,0.14588247944924196,97.91921706889912,0.53416516874438,0.0002503117004425398,0.139880623620648,0.05643297680495607,2223,2134,89,23.97752808988764,0.0
1792,96.37713333398398,0.4633516025672307,10.713273559461978,0.05150612288202874,10.713273559461978,0.05150612288202874,9.916489362074287,75.74737041244828,20.629762921536265,0.09918155250738589,76.35762940367437,0.6102589912260896,0.0002424549031490225,0.09624761504956544,0.19336052201714438,2725,2517,208,12.100961538461538,0.0
1793,104.72081689111542,0.5058976661406542,10.595768821597796,0.05118728899322607,10.595768821597796,0.05118728899322607,8.039679302729496,86.08536876679136,18.63544812432729,0.09002631944119464,86.97466578239244,0.8892970156010733,0.00024498540374685217,0.08573019859286465,0.6758549860140306,3837,3630,207,17.536231884057973,0.0
1794,100.54383290071809,0.5745361880041033,9.170492257541776,0.05240281290023872,9.170492257541776,0.05240281290023872,10.247409927379408,81.12593071580068,19.417902184921182,0.11095944105669248,82.06149227473321,0.9355615589325339,0.00024174717285078395,0.10561337500562785,0.29782280634134395,4045,3870,175,22.114285714285714,0.0
1795,153.02544594053313,0.2982952162583492,24.990870978211415,0.048715148105675274,24.990870978211415,0.048715148105675274,31.126463387290414,96.90811157502765,56.11733436550183,0.10939051533236224,97.7347744688334,0.8266628938057465,0.00024544622737700315,0.10777908668947317,0.03691423097694724,3881,3368,513,6.565302144249513,0.0
1796,98.74565796697573,0.4238011071544023,12.043616543362873,0.05168934138782349,12.043616543362873,0.05168934138782349,10.608505265574195,76.0935361580407,22.652121808937068,0.09721940690530931,76.83082936308523,0.7372932050445229,0.00024008245035640603,0.09405505838579613,0.23906800591794308,3304,3071,233,13.180257510729614,0.0
1797,105.6343802426295,0.505427656663299,10.582220631111985,0.05063263459862194,10.582220631111985,0.05063263459862194,8.16642732471962,86.88573228680048,18.748647955831608,0.08970644954943353,87.6582231560111,0.7724908692106283,0.0002465658695214262,0.08601032098860478,0.22097433878388983,3342,3133,209,14.990430622009569,0.0
1798,108.33217914527683,0.48798278894268843,11.107265389127544,0.050032726978052,11.107265389127544,0.050032726978052,15.540135691449905,81.68477806470383,26.64740108057745,0.12003333820079932,82.34163864786495,0.6568605831611194,0.00024184852104606753,0.11707450674509852,0.06941908707375433,2938,2716,222,12.234234234234235,0.0
1799,116.38285546489107,0.7508571320315552,7.988516818416642,0.051538818183333175,7.988516818416642,0.051538818183333175,11.177807122495437,97.21653152398022,19.16632394091208,0.12365370284459407,97.92476329299092,0.7082317690106947,0.00024081325025865173,0.11908446562516224,0.27703990359123054,3096,2941,155,18.974193548387095,0.0
1800,97.20882182092743,0.5226280743060614,9.711179990468427,0.052210645110045306,9.711179990468427,0.052210645110045306,9.353992675903896,78.14364915455678,19.065172666372323,0.10250092831382969,78.85828449773021,0.7146353431734269,0.00024037515747508473,0.09865880281288826,0.18931024467451607,3159,2973,186,15.983870967741936,0.0
1801,90.66593660700227,1.8133187321400452,2.9241967461094958,0.058483934922189916,2.9241967461094958,0.058483934922189916,0.7319702706197404,87.00976959027088,3.656167016729236,0.07312334033458473,87.62598203538113,0.61621244511025,0.0002419365705183549,0.06079909143242276,0.25398949168652507,2597,2547,50,50.94,0.0
1802,105.19501974800022,0.5286181896884433,9.560429244288255,0.04804235801149877,9.560429244288255,0.04804235801149877,14.02677123483977,81.60781926887563,23.587200479128025,0.11852864562375892,81.8081257056902,0.2003064368145715,0.0002604765108121866,0.11752208061462321,0.01347973903705224,968,769,199,3.864321608040201,0.0
1803,141.29723398177396,0.3670058025500622,18.924307030827006,0.0491540442359143,18.924307030827006,0.0491540442359143,24.6539096105206,97.71901734042467,43.57821664134761,0.11319017309440937,98.52732550171459,0.808308161289915,0.00024427566071015864,0.11109067137677758,0.13331099785301603,3694,3309,385,8.594805194805195,0.0
1804,91.05073805833462,0.7651322525910472,6.1627788153567264,0.05178805727190527,6.1627788153567264,0.05178805727190527,6.746348573531634,78.14161066944541,12.909127388888361,0.10848006209149884,78.56801513135832,0.4264044619129095,0.00023928420982767087,0.10489683131912853,0.31589359970820396,1901,1782,119,14.974789915966387,0.0
1805,95.88260720905134,1.213703888722169,4.403924220999401,0.05574587621518229,4.403924220999401,0.05574587621518229,2.4578080093201606,89.02087497873458,6.861732230319562,0.08685737000404509,89.75284524935432,0.7319702706197404,0.0002402265410632558,0.07759192354046862,0.026491537192271153,3126,3047,79,38.56962025316456,0.0
1806,93.7670940173681,0.901606673243924,5.6801744491713855,0.054617062011263325,5.6801744491713855,0.054617062011263325,6.1284450365978955,81.95847453160218,11.808619485769281,0.11354441813239693,82.76290049295642,0.8044259613542408,0.00024420946003468147,0.10580955311934304,0.36825305413231035,3398,3294,104,31.673076923076923,0.0
1807,124.34243416513186,0.5551001525229101,11.321854968392113,0.050543995394607646,11.321854968392113,0.050543995394607646,14.532587704022376,98.48799149271758,25.85444267241449,0.11542161907327897,99.30095478639021,0.8129632936726239,0.0005155125514728116,0.11179231865509667,0.001298729162726886,1801,1577,224,7.040178571428571,0.0
1808,104.0171389058084,0.3970119805565206,13.504940041298534,0.05154557267671196,13.504940041298534,0.05154557267671196,12.393990656719211,78.11820820779337,25.898930698017743,0.09885088052678528,79.04225523026383,0.9240470224704609,0.00024240478029130663,0.09532398349444489,0.19982287070212124,4074,3812,262,14.549618320610687,0.0
1809,108.19672451564321,0.5032405791425265,10.425935317960226,0.04849272240911733,10.425935317960226,0.04849272240911733,8.825023202086982,88.94576599560145,19.250958520047206,0.08953934195370794,89.2838347330889,0.3380687374874469,0.0002517265357315316,0.08796692922118286,0.6616200836131156,1558,1343,215,6.246511627906977,0.0
1810,102.3545927912786,0.6129017532411892,8.673927710626733,0.05193968688998044,8.673927710626733,0.05193968688998044,11.484572724535383,82.19609235611972,20.158500435162118,0.12070958344408454,83.02547547572635,0.8293831196066321,0.0002445836389285261,0.11574321745839672,0.13060120598601088,3558,3391,167,20.305389221556887,0.0
1811,105.92520989940164,1.7953425406678243,3.5671635987174515,0.060460399978261886,3.5671635987174515,0.060460399978261886,5.545564457172077,96.81248184351278,9.112728055889528,0.15445301789643268,97.62544513718541,0.8129632936726239,0.0004425494249714882,0.14067397902061402,0.6834654889035505,1896,1837,59,31.135593220338983,0.0
1812,87.03288556533477,0.9065925579722371,5.025833847942748,0.052352435916070285,5.025833847942748,0.052352435916070285,4.8692625564673335,77.13778916092332,9.895096404410081,0.10307392087927168,77.55666298677278,0.41887382584945954,0.0002415650668105303,0.0987106518600207,0.5267537992268672,1830,1734,96,18.0625,0.0
1813,105.65041548140948,0.5619702951138802,9.508483285353101,0.050577038751878196,9.508483285353101,0.050577038751878196,7.232128914434952,88.90980328162561,16.740612199788053,0.08904580957334071,89.60058507807696,0.690781796451347,0.00024161657798228296,0.08537143831559851,0.16225794363111845,3047,2859,188,15.207446808510639,0.0
1814,145.33389151782814,0.24632862969123412,28.45151029506573,0.04822289880519615,28.45151029506573,0.04822289880519615,34.9530913742301,81.92928984853899,63.40460166929583,0.10746542655812852,82.54354169635229,0.614251847813307,0.00024183143614697126,0.10642432173131498,0.055615937691356976,3130,2540,590,4.305084745762712,0.0
1815,104.47728034565222,1.8013324197526244,3.2556382232179124,0.05613169350375711,3.2556382232179124,0.05613169350375711,4.994801130675228,96.22684099175962,8.25043935389314,0.14224895437746793,96.77760431825646,0.550763326496849,0.00024675776276740545,0.1327530349550992,0.75,2290,2232,58,38.48275862068966,0.0
1816,84.00692175464172,1.012131587405322,4.554155843503539,0.05486934751209083,4.554155843503539,0.05486934751209083,2.620057446038686,76.83270846509794,7.174213289542225,0.08643630469327981,77.41278747288067,0.5800790077827287,0.00024642268809801557,0.07944740098507298,0.09684529147602916,2437,2354,83,28.36144578313253,0.0
1817,132.0179993218439,0.28513606764977084,22.312898141860998,0.048192004626049674,22.312898141860998,0.048192004626049674,19.429764571380133,90.27533660860462,41.74266271324113,0.0901569389054884,90.89719872269615,0.6218621140915275,0.00024140610019081035,0.08881382418822406,0.25954250996915107,3039,2576,463,5.563714902807775,0.0
1818,95.07293466857033,0.6839779472559017,7.118430751905434,0.051211732028096646,7.118430751905434,0.051211732028096646,7.113670448126186,80.84083346854158,14.23210120003162,0.10238921726641453,81.43324465025279,0.5924111817112134,0.000243790609757701,0.0981272663188312,0.5963204263655371,2569,2430,139,17.48201438848921,0.0
1819,106.91818971542045,1.1137311428689631,5.192208503623598,0.05408550524607914,5.192208503623598,0.05408550524607914,5.545191775949434,96.18078943584817,10.73740027957303,0.11184791957888573,96.8948065390216,0.7140171031734326,0.00024073401995058414,0.10441024142082138,0.02342956004389407,3062,2966,96,30.895833333333332,0.0
1820,104.81765204072428,0.3436644329204075,14.909000998768882,0.048881970487766824,14.909000998768882,0.048881970487766824,13.588563319790296,76.3200877221667,28.497564318559178,0.0934346371100301,76.61191686621169,0.29182914404498206,0.00026079458806522077,0.0924778202443036,0.21340725433537955,1424,1119,305,3.6688524590163936,0.0
1821,108.75883998619526,0.5279555339135692,10.463733050967758,0.05079482063576581,10.463733050967758,0.05079482063576581,8.18737996219079,90.1077269730394,18.651113013158547,0.09053938355902207,90.91482233432924,0.8070953612898393,0.0002445743519060119,0.08662144491197092,0.19151135105443018,3506,3300,206,16.019417475728154,0.0
1822,88.14055175655096,1.241416221923253,3.854986075718779,0.05429557853125041,3.854986075718779,0.05429557853125041,2.891119001868333,81.39444667896623,6.746105077587112,0.09501556447305791,81.93754815583566,0.543101476869424,0.0002487867507418342,0.08736624789739868,0.3210406735652782,2254,2183,71,30.746478873239436,0.0
1823,100.81708211702187,2.520427052925547,2.1835512774470245,0.05458878193617561,2.1835512774470245,0.05458878193617561,2.964868710429073,95.6686621291459,5.148419987876098,0.12871049969690246,96.00099271317504,0.33233058402913684,0.00025426976589834496,0.12040223509617079,0.6898465836437708,1347,1307,40,32.675,0.0
1824,84.48149096323885,3.0171961058299592,5.11761037256262,0.18277179902009358,5.11761037256262,0.18277179902009358,3.598550705196203,75.76532988547962,8.716161077758823,0.31129146706281513,76.47047005495637,0.7051401694767492,0.00023734101968251402,0.2861078895815175,0.6111227944008419,2999,2921,78,37.44871794871795,1.0
1825,115.92106726005164,0.38511982478422474,14.984265571736657,0.049781613195138394,14.984265571736657,0.049781613195138394,11.645062640036599,89.29173904828173,26.629328211773256,0.08846952894276829,90.16122099240494,0.8694819441232085,0.0002438939534707457,0.08558088461012195,0.04811260286612651,3866,3565,301,11.843853820598007,0.0
1826,90.29958759795022,0.8439213794200955,5.681456184945709,0.053097721354632796,5.681456184945709,0.053097721354632796,4.2807923206794385,80.33733909232774,9.962248505625148,0.09310512622079577,81.00129639362808,0.6639573013003428,0.00024021610032573908,0.08689991779740318,0.5347872140631011,2871,2764,107,25.83177570093458,0.0
1827,102.55140304121818,1.7091900506869697,3.3472045996811794,0.05578674332801966,3.3472045996811794,0.05578674332801966,4.16106825037059,95.04313019116631,7.508272850051769,0.12513788083419616,95.60300625347901,0.5598760623126964,0.0002451296244801648,0.11580661312898617,0.04833208976339165,2344,2284,60,38.06666666666667,0.0
1828,104.5521133893406,0.40840669292711174,13.116313527342127,0.051235599716180184,13.116313527342127,0.051235599716180184,12.602450346802698,78.8333495151989,25.718763874144827,0.10046392138337823,79.74180230454243,0.9084527893435279,0.0002432269850986688,0.09691527767499286,0.6302935449455163,3991,3735,256,14.58984375,0.0
1829,102.26482020816849,0.6555437192831314,7.765746090153891,0.04978042365483263,7.765746090153891,0.04978042365483263,6.254226605955068,88.24484751206143,14.019972696108958,0.0898716198468523,88.69426707636063,0.4494195642992054,0.000238672099999578,0.08699072520389652,0.75,2039,1883,156,12.070512820512821,0.0
1830,97.54134582276487,0.6502756388184324,7.972429092559111,0.053149527283727405,7.972429092559111,0.053149527283727405,9.654695193442763,79.91422153676689,17.627124286001873,0.11751416190667915,80.84063527923735,0.9264137424704586,0.00024245321708203576,0.11133807029018347,0.12645727110384541,3971,3821,150,25.473333333333333,0.0
1831,104.84345517755742,1.1273489804038432,4.927064694493867,0.05297919026337492,4.927064694493867,0.05297919026337492,5.991124378513177,93.92526610455059,10.918189073007046,0.11739988250545211,94.51672829427912,0.5914621897285315,0.0007126050478657006,0.11104007401374513,0.17098933287905993,923,830,93,8.924731182795698,0.0
1832,100.14594076979904,0.44312363172477454,11.545956552752767,0.05108830333076445,11.545956552752767,0.05108830333076445,10.497863010732317,78.10212120631718,22.043819563485084,0.09753902461719063,78.86459321338145,0.7624720070642752,0.0002464356842483113,0.0941652546744141,0.6896073393252209,3320,3094,226,13.690265486725664,0.0
1833,109.17235702772552,0.41353165540805126,13.220221423772198,0.05007659630216742,13.220221423772198,0.05007659630216742,8.947883102475316,87.004252501481,22.168104526247514,0.0839700929024527,87.85092408149637,0.8466715800153679,0.0002444202020829584,0.08076300358420133,0.75,3728,3464,264,13.121212121212121,0.0
1834,90.60429382117132,0.774395673685225,6.07094333494927,0.05188840457221598,6.07094333494927,0.05188840457221598,5.954368576137654,78.5789819100873,12.025311911086924,0.10278044368450362,79.1650945250114,0.5861126149241045,0.00024595577630050544,0.09777093415521305,0.6510566969457727,2500,2383,117,20.367521367521366,0.0
1835,132.84309969941046,0.3441531080295608,18.729478760772555,0.0485219657014833,18.729478760772555,0.0485219657014833,22.802390129074524,91.31123080955933,41.531868889847075,0.10759551525867118,91.90269299928786,0.5914621897285315,0.0003550193215657452,0.10606322979306372,0.5233712587202604,2052,1666,386,4.316062176165803,0.0
1836,87.92031512540626,0.8453876454365987,5.912042755277128,0.05684656495458777,5.912042755277128,0.05684656495458777,4.9730618612925355,77.03521050884007,10.885104616569663,0.10466446746701599,77.94186460442171,0.9066540955816436,0.0002433970726393674,0.09594663962485146,0.0023275939582276806,3829,3725,104,35.81730769230769,0.0
1837,96.61263290585634,0.7264107737282431,6.67594733963257,0.050195092779192256,6.67594733963257,0.050195092779192256,3.19009118069539,86.74659438552987,9.86603852032796,0.07418074075434557,87.19410155545029,0.4475071699204136,0.00023956486612441841,0.07081602519102298,0.20981035691323768,2001,1868,133,14.045112781954888,0.0
1838,98.92244437630654,0.6106323726932503,8.326716072765501,0.05139948193065124,8.326716072765501,0.05139948193065124,10.155871933332492,80.43985637021058,18.48258800609799,0.11409004942035797,81.154491713384,0.7146353431734269,0.00024045603740694042,0.10967872014149715,0.02837636864990145,3134,2972,162,18.34567901234568,0.0
1839,105.02569169904473,0.8679809231326011,6.400626473644413,0.05289773945160672,6.400626473644413,0.05289773945160672,7.189348765300679,91.43571646009991,13.589975238945092,0.11231384494995944,92.19818846716419,0.7624720070642752,0.00024635606044079976,0.10601242340397142,0.75,3216,3095,121,25.578512396694215,0.0
1840,91.85972886194253,0.5705573221238667,8.223331149890557,0.05107659099310905,8.223331149890557,0.05107659099310905,6.571689105658038,77.06470860639814,14.795020255548595,0.09189453574874903,77.59887377514252,0.53416516874438,0.0002508995625854298,0.08857673966956525,0.08371496262617484,2290,2129,161,13.22360248447205,0.0
1841,129.4343631007044,0.2479585500013494,25.32285085402194,0.04851120853260908,25.32285085402194,0.04851120853260908,18.106705010652945,86.0048072360309,43.42955586467488,0.08319838288251893,86.85292468614142,0.8481174501105215,0.00024413282962306319,0.0815736368095076,0.75,3996,3474,522,6.655172413793103,0.0
1842,98.51460924932098,0.5899078398162934,8.506250535558562,0.05093563194945247,8.506250535558562,0.05093563194945247,10.111945372416812,79.89641334134694,18.618195907975377,0.11148620304176872,80.55459175007593,0.6581784087289861,0.0002405622838921733,0.10754501496553925,0.19593240439957071,2903,2736,167,16.38323353293413,0.0
1843,107.23888530023976,0.7715027719441709,6.748042164890433,0.04854706593446354,6.748042164890433,0.04854706593446354,8.92143129679755,91.5694118385527,15.669473461687982,0.11273002490423009,91.83135943810134,0.2619475995486482,0.0002540713865651292,0.11084550979955693,0.1702613855858317,1170,1031,139,7.41726618705036,0.0
1844,120.29821368929572,0.28372220209739557,20.376363652920393,0.04805746144556696,20.376363652920393,0.04805746144556696,23.2512150850157,76.67063495136074,43.62757873793609,0.10289523287249078,76.98014358019498,0.30950862883423724,0.00025749469952931553,0.10216525969127534,0.6974255891328767,1626,1202,424,2.8349056603773586,0.0
1845,101.43913951324896,0.637982009517289,8.332688944505586,0.052406848707582304,8.332688944505586,0.052406848707582304,5.289011726118019,87.81743884262607,13.621700670623605,0.08567107340014846,88.71667773382683,0.8992388912007527,0.00024310324174121458,0.08001548288944738,0.4760524958710448,3858,3699,159,23.264150943396228,0.0
1846,87.7869095516711,1.330104690176835,3.3802467952877815,0.05121586053466336,3.3802467952877815,0.05121586053466336,5.258767458007696,79.14789529837572,8.639014253295478,0.13089415535296178,79.46038680009883,0.312491501723116,0.00025572135983888383,0.12615943562988288,0.15778770747203907,1288,1222,66,18.515151515151516,0.0
1847,110.92151016247368,0.6094588470465587,9.299535776497018,0.05109635042031329,9.299535776497018,0.05109635042031329,10.938568455193263,90.68340593078295,20.23810423169028,0.11119837489939714,91.47251678255788,0.7891108517749217,0.00024605888736355526,0.10686260098854838,0.053549482699452255,3389,3207,182,17.62087912087912,0.0
1848,92.10590229511814,0.601999361406001,8.20709761286368,0.05364116086839007,8.20709761286368,0.05364116086839007,6.85990606539292,77.03889861686383,15.0670036782566,0.09847714822389936,77.98480873102875,0.9459101141649171,0.00024056717043868694,0.09229472917705485,0.029878033959107597,4085,3932,153,25.69934640522876,0.0
1849,92.23419483573758,2.712770436345223,2.153580003289022,0.06334058833203006,2.153580003289022,0.06334058833203006,0.8403802715707798,89.24023456087781,2.993960274859802,0.08805765514293536,89.84258912869115,0.602354567813336,0.0003229783205433437,0.07034134432489522,0.04433179115187613,1899,1865,34,54.85294117647059,0.0
1850,105.80813533519904,0.40852561905482254,13.09313847996785,0.05055265822381409,13.09313847996785,0.05055265822381409,13.157133646438751,79.55786320879656,26.2502721264066,0.10135240203245792,80.39713097770766,0.8392677689110997,0.00024432831700468697,0.09811198593626015,0.15354447960527295,3694,3435,259,13.262548262548263,0.0
1851,109.69842833906364,0.6377815601108351,8.573884649180874,0.049848166565005084,8.573884649180874,0.049848166565005084,9.718938319600056,91.40560537028216,18.292822968780932,0.10635362191151705,91.93977053902654,0.53416516874438,0.0002508995625854298,0.10324801046533197,0.0743539497019583,2301,2129,172,12.377906976744185,0.0
1852,266.1091121208765,0.1525855000693099,82.48861460842245,0.04729851755070095,82.48861460842245,0.04729851755070095,105.959428876787,77.66106863568041,188.44804348520944,0.10805507080573935,77.69745767109305,0.036389035412639714,0.000827023532105448,0.10803420553313271,0.0515098748892342,1788,44,1744,0.02522935779816514,0.0
1853,346.2572035415132,0.12720690798733034,130.09547496475585,0.04779407603407636,130.09547496475585,0.04779407603407636,127.53443967819362,88.62728889859471,257.6299146429495,0.09464728679020921,89.22964346640805,0.602354567813336,0.0008976968223745693,0.09442599561906875,0.3335373580866303,3393,671,2722,0.24650991917707568,0.0
1854,103.84882028834676,0.4309079680014388,11.635110930960082,0.04827846859319536,11.635110930960082,0.04827846859319536,12.28773415465912,79.92597520273142,23.9228450856192,0.09926491736771453,80.16966814347967,0.24369294074824666,0.0002512298358229347,0.09825374333969747,0.3910774977447318,1211,970,241,4.024896265560166,0.0
1855,114.28114083196112,0.5171092345337608,10.801460314115928,0.04887538603672366,10.801460314115928,0.04887538603672366,12.382957525874758,91.0967229919687,23.184417839990687,0.1049068680542565,91.54614255626791,0.4494195642992054,0.00023879891833113995,0.10287329536512767,0.20970584733726128,2103,1882,221,8.515837104072398,0.0
1856,104.60210277106188,0.3606969061071099,14.624203699305323,0.050428288618294216,14.624203699305323,0.050428288618294216,13.033239318532992,76.94465975322436,27.657443017838315,0.0953704931649597,77.83409161527192,0.8894318620475588,0.00024388041185839285,0.09230348674410332,0.35396452360868125,3937,3647,290,12.575862068965517,0.0
1857,98.16212046379292,0.884343427601738,5.962951058938231,0.05372027981025433,5.962951058938231,0.05372027981025433,3.3137273051930833,88.88544209966233,9.276678364131314,0.08357367895613796,89.67837709284572,0.792934993183394,0.0002464827457828393,0.07643012045898374,0.048242992054667866,3328,3217,111,28.98198198198198,0.0
1858,114.43904105984831,0.35320691685138367,16.100781527414675,0.04969377014634159,16.100781527414675,0.04969377014634159,18.128904135640823,80.20935539679755,34.2296856630555,0.10564717797239351,80.9296847806865,0.7203293838889522,0.0002400297847014169,0.10342393913321546,0.4847399720218277,3325,3001,324,9.262345679012345,0.0
1859,101.39620500410473,0.9134793243613039,5.936708066467203,0.05348385645465949,5.936708066467203,0.05348385645465949,5.226775439898802,90.23272149773908,11.163483506366005,0.10057192348077482,91.0052123669497,0.7724908692106283,0.00024648719502572695,0.09361254628067588,0.568360384976927,3245,3134,111,28.234234234234233,0.0
1860,85.4654301301407,1.1707593168512425,3.9407093474548174,0.05398231982814818,3.9407093474548174,0.05398231982814818,3.281913506394517,78.24280727629252,7.222622853849334,0.0989400390938265,78.7826845227894,0.5398772464968715,0.0004267804320133372,0.09154446037467545,0.43860121819551523,1338,1265,73,17.328767123287673,0.0
1861,249.81503456082794,0.13651094784744697,86.75130408602696,0.047405084200014734,86.75130408602696,0.047405084200014734,75.05810126562403,88.00562920919867,161.80940535165098,0.0884204400828694,88.05307448758606,0.04744527838738577,0.0005330930155886042,0.08839451370122507,0.18104630845277825,1919,89,1830,0.048633879781420766,0.0
1862,95.55276653611918,0.6245278858569882,7.527068452477994,0.0491965258331895,7.527068452477994,0.0491965258331895,8.306704269955958,79.7189938136869,15.833772722433952,0.10348871060414348,80.06058412786706,0.3415903141801664,0.00025006611579807205,0.10125609417158249,0.02268305537438664,1519,1366,153,8.928104575163399,0.0
1863,108.28741984449414,0.6602891453932569,8.158278040351776,0.04974559780702303,8.158278040351776,0.04974559780702303,9.106932384694346,91.02220941944722,17.26521042504612,0.10527567332345196,91.51412629868423,0.4919168792370101,0.00024066383524315563,0.10227618015737748,0.2766025433820687,2208,2044,164,12.463414634146341,0.0
1864,99.21046120686333,0.45930769077251543,10.721632778191886,0.0496371887879254,10.721632778191886,0.0496371887879254,10.777427743786916,77.71140068488353,21.4990605219788,0.09953268760175371,78.2512779313804,0.5398772464968715,0.0005594582865252554,0.09703325590501356,0.05107468419976158,1181,965,216,4.467592592592593,0.0
1865,113.10051208504723,0.43500196955787396,13.052964473497273,0.05020370951345105,13.052964473497273,0.05020370951345105,10.455198381912169,89.5923492296368,23.50816285540944,0.090416010982344,90.49446172083748,0.9021124912006826,0.0002431570057144697,0.08694634755465289,0.03788365656367887,3970,3710,260,14.26923076923077,0.0
1866,84.1184611593809,3.364738446375236,1.6904147459770817,0.06761658983908327,1.6904147459770817,0.06761658983908327,2.5499873990713695,79.87805901433228,4.240402145048451,0.16961608580193804,80.44195866554014,0.563899651207862,0.00024549397092201217,0.14706009975363032,0.09774328275995003,2322,2297,25,91.88,0.0
1867,97.58353728354547,2.2178076655351244,2.7100995366817986,0.0615931712882227,2.7100995366817986,0.0615931712882227,2.4005742324926587,92.47286351437077,5.110673769174458,0.11615167657214677,93.1656980994664,0.6928345850956248,0.00024132169456482925,0.10040543600179706,0.07127039206301333,2915,2871,44,65.25,0.0
1868,123.9731200871451,0.2869748150165396,20.70018353511975,0.0479170915164809,20.70018353511975,0.0479170915164809,25.063882336967595,78.20905421505603,45.76406587208734,0.10593533766686886,78.56491760140551,0.35586338634948333,0.0002502555459560361,0.10511157982810092,0.07554171036576918,1854,1422,432,3.2916666666666665,0.0
1869,98.8580342003068,0.9239068616851103,5.840493526255362,0.054584051647246376,5.840493526255362,0.054584051647246376,2.693656496520248,90.32388417753197,8.53415002277561,0.07975841142780943,91.19172836165518,0.8678441841232143,0.0002441880090386084,0.07164771811823947,0.06714026340227974,3661,3554,107,33.21495327102804,0.0
1870,98.16601272126553,0.5843215042932473,8.558211965093383,0.05094173788746061,8.558211965093383,0.05094173788746061,9.496662575367282,80.11113818080736,18.054874540460666,0.10746949131226587,80.75378049093791,0.6426423101305545,0.00024232364635390442,0.10364423946623583,0.350358752901343,2820,2652,168,15.785714285714286,0.0
1871,282.55354534162365,0.15381249065956648,87.20517713539002,0.047471517221224835,87.20517713539002,0.047471517221224835,103.3321178156474,92.01625039058723,190.5372949510374,0.10372198963039597,92.45612822922811,0.43987783864088215,0.00023906404273960985,0.10348253517277928,0.75,3677,1840,1837,1.0016330974414807,0.0
1872,95.23103801661017,0.529061322314501,9.306967464586162,0.05170537480325645,9.306967464586162,0.05170537480325645,8.472418871795071,77.45165168022805,17.779386336381233,0.0987743685354513,78.2834464507261,0.8317947704980497,0.00024500582341621495,0.09415328647713371,0.08986464641623115,3575,3395,180,18.86111111111111,0.0
1873,117.30688949571379,0.40450651550246136,14.152980562418232,0.048803381249718045,14.152980562418232,0.048803381249718045,10.984241261403895,92.16966767189115,25.137221823822127,0.08668007525455906,92.78391951970445,0.614251847813307,0.00024183143614697126,0.08456196543451495,0.32082844437462654,2830,2540,290,8.758620689655173,0.0
1874,94.77190544009187,0.6318127029339458,7.975634962772023,0.05317089975181349,7.975634962772023,0.05317089975181349,7.065767338840828,79.7305031384812,15.041402301612852,0.10027601534408567,80.64814409192644,0.9176409534452432,0.0002419939223220578,0.09415840898776953,0.0028754062560096827,3942,3792,150,25.28,0.0
1875,112.56380429446693,0.5309613410116365,10.72498492997226,0.05058955155647293,10.72498492997226,0.05058955155647293,10.061360081891166,91.77745928260111,20.786345011863425,0.09804879722577087,92.57434829749872,0.7968890148976016,0.0002464097139448366,0.09428988677815198,0.2651004495801317,3446,3234,212,15.254716981132075,0.0
1876,96.17846107698944,0.49322287731789455,9.719209497832226,0.04984209998888321,9.719209497832226,0.04984209998888321,9.059647938194985,77.39960364096095,18.77885743602721,0.09630183300526773,77.92972528970535,0.530121648744398,0.0002893677121967238,0.09358326044761071,0.29503850955438793,2027,1832,195,9.394871794871795,0.0
1877,104.3778174171577,0.7674839515967478,7.214193537857329,0.05304554071953919,7.214193537857329,0.05304554071953919,4.677974143778783,92.48564973552078,11.892167681636113,0.08744240942379496,93.36772323918927,0.8820735036684937,0.0002448843708130188,0.08095657483800313,0.01603447216382392,3738,3602,136,26.485294117647058,0.0
1878,107.55366731384953,0.38275326446209795,14.23381901791883,0.05065416020611683,14.23381901791883,0.05065416020611683,12.998553128176013,80.32129516775916,27.232372146094843,0.09691235639179659,81.19726972883319,0.875974561074031,0.00024414006718897186,0.0937950091993464,0.03145454623961541,3869,3588,281,12.768683274021353,0.0
1879,116.51440193401913,0.5320292325754298,11.082592651904843,0.05060544589910887,11.082592651904843,0.05060544589910887,12.208986239164915,93.22282304294686,23.291578891069758,0.10635424151173406,94.03978506622593,0.8169620232790749,0.0002453339409246471,0.1026238213141242,0.09161146751563365,3549,3330,219,15.205479452054794,0.0
1880,85.63506078801305,0.9308158781305766,4.828103094264344,0.05247938145939505,4.828103094264344,0.05247938145939505,3.676428115843919,77.13052957790518,8.504531210108263,0.09244055663161156,77.66065122664958,0.530121648744398,0.0017324236887071832,0.08667836479742905,0.12997357713669544,398,306,92,3.3260869565217392,0.0
1881,105.46497395886337,0.7223628353346806,7.381235069803267,0.050556404587693615,7.381235069803267,0.050556404587693615,4.81199638702401,93.27174250203444,12.193231456827277,0.08351528395087177,93.85173736196265,0.5799948599282061,0.00024712179800946146,0.07954271641712822,0.17455021786201996,2493,2347,146,16.075342465753426,0.0
1882,447.7340799807987,0.1224990642902322,172.24905333148743,0.04712696397578316,172.24905333148743,0.04712696397578316,195.24762290709714,80.2374037422378,367.49667623858454,0.10054628624858675,80.35113331665934,0.11372957442154075,0.0002946362031646133,0.10051517008594783,0.5637307240810401,4041,386,3655,0.10560875512995896,0.0
1883,113.83226520942156,0.5635260653931761,9.808602260131305,0.048557436931343095,9.808602260131305,0.048557436931343095,11.062514494418792,92.96114845486892,20.871116754550098,0.10332236017104009,93.30799381054402,0.3468453556751001,0.0002489916408292176,0.10160530395483933,0.30397511006748346,1595,1393,202,6.896039603960396,0.0
1884,89.15254123704545,0.6278347974439821,7.335831737330359,0.05166078688260816,7.335831737330359,0.05166078688260816,5.010655772513132,76.80605372720134,12.346487509843492,0.0869470951397429,77.4617346386604,0.6556809114590578,0.0003496964861114975,0.0823296239322891,0.09312050080836798,2017,1875,142,13.204225352112676,0.0
1885,106.5233975814034,0.7397458165375236,7.3312827351489185,0.05091168566075638,7.3312827351489185,0.05091168566075638,5.536888423680125,93.65522642257235,12.868171158829043,0.08936229971409057,94.2725627076826,0.6173362851102411,0.00024152436819649495,0.0850752421786167,0.031225255650326744,2700,2556,144,17.75,0.0
1886,101.4737038992925,0.4355094587952468,11.674589445167774,0.050105534099432504,11.674589445167774,0.050105534099432504,10.02397071583107,79.77514373829803,21.698560160998845,0.09312686764377187,80.38939558611133,0.614251847813307,0.00024183143614697126,0.0904905936188033,0.6196229746440736,2773,2540,233,10.901287553648068,0.0
1887,99.05312248659362,2.2011804997020805,2.874469689058537,0.06387710420130081,2.874469689058537,0.06387710420130081,2.954565245796175,93.22408755173882,5.829034934854712,0.12953410966343804,94.02097656663642,0.7968890148976016,0.00024633354401780574,0.11182546488793782,0.08740270278678963,3280,3235,45,71.88888888888889,0.0
1888,78.51889116385473,1.7845202537239713,2.689473258648875,0.06112439224201989,2.689473258648875,0.06112439224201989,0.0,75.8294179052067,2.689473258648875,0.06112439224201989,76.48509881666575,0.6556809114590578,0.0007261139661783586,0.046222553345204045,0.23838488891345833,947,903,44,20.522727272727273,0.0
1889,107.17439900281295,0.7442666597417565,7.55881839856091,0.05249179443445076,7.55881839856091,0.05249179443445076,5.2745352520427105,94.34104535220729,12.83335365060362,0.08912051146252514,95.18771693222266,0.8466715800153679,0.00024470276879056877,0.08324084771243258,0.06183620114745736,3604,3460,144,24.02777777777778,0.0
1890,113.92998262062372,0.3311918099436736,17.201777442557244,0.050005166984178034,17.201777442557244,0.050005166984178034,16.66868350509708,80.05952167297494,33.87046094765432,0.0984606422896928,80.96791110231845,0.9083894293435151,0.000242819949035957,0.09581997534391065,0.035843138078917036,4085,3741,344,10.875,0.0
1891,111.09811000805291,0.627672937898604,8.887797411217875,0.05021354469614619,8.887797411217875,0.05021354469614619,8.426579154893716,93.78373344193903,17.31437656611159,0.0978213365317039,94.38186499755511,0.598131555616078,0.0002431429087870236,0.09444206220620226,0.041568423242893004,2637,2460,177,13.898305084745763,0.0
1892,98.08620289526567,0.5108656400795087,9.948391511427642,0.05181453912201897,9.948391511427642,0.05181453912201897,9.82170755686775,78.31610382696812,19.770099068295394,0.10296926598070517,79.22455661631165,0.9084527893435279,0.00024342250518315323,0.09823774103621889,0.34431862778802724,3924,3732,192,19.4375,0.0
1893,103.9789056066142,1.039789056066142,5.177040403708161,0.05177040403708161,5.177040403708161,0.05177040403708161,3.6134128404556805,95.18845236244846,8.790453244163842,0.08790453244163843,95.7121388956661,0.5236865332176421,0.0002498504452374247,0.08266766710948105,0.23268550519594555,2196,2096,100,20.96,0.0
1894,89.80858918739352,0.8018624034588707,5.86161097480195,0.052335812275017414,5.86161097480195,0.052335812275017414,3.068307352791294,80.87867085980145,8.929918327593244,0.0797314136392254,81.48053944953006,0.6018685897286105,0.00024249338828711138,0.07435758694520953,0.1343974934879384,2594,2482,112,22.160714285714285,0.0
1895,140.45558966209137,0.31005648932029,21.56385092079729,0.0476023199134598,21.56385092079729,0.0476023199134598,25.420477382688773,93.4712613586031,46.984328303486066,0.10371816402535555,93.71769053116293,0.24642917255982866,0.0002466758484082369,0.1031741702669502,0.19920201248010017,1452,999,453,2.205298013245033,0.0
1896,89.78085000432998,0.8016147321815177,5.803737301414787,0.051819083048346315,5.803737301414787,0.051819083048346315,5.0567829935785085,78.92032970933462,10.860520294993297,0.09696893120529729,79.45259938622928,0.5322696768946571,0.00025047984795042685,0.09221652337589907,0.15911047586905624,2237,2125,112,18.973214285714285,0.0
1897,102.31392065673003,1.065770006840938,5.053467165552456,0.052640282974504744,5.053467165552456,0.052640282974504744,2.2338113189522346,95.02664217222355,7.28727848450469,0.0759091508802572,95.61713284195207,0.5904906697285242,0.0004697618693146572,0.06975820640393711,0.1927867416054596,1353,1257,96,13.09375,0.0
1898,101.73199999004538,0.4481585902645171,11.499028766622006,0.05065651439040531,11.499028766622006,0.05065651439040531,9.24435476858298,80.98861645484357,20.743383535204984,0.09138054420795147,81.69980588491052,0.7111894300669519,0.00024099946799964483,0.08824755112394213,0.2727313069974002,3178,2951,227,13.0,0.0
1899,105.92208215791771,0.8753891087431216,6.330744769233607,0.05232020470440997,6.330744769233607,0.05232020470440997,5.705958834357148,93.8853785543244,12.036703603590755,0.099476889285874,94.56311093673258,0.6777323824081805,0.0002400752328757281,0.09387579521640603,0.061606762175870244,2944,2823,121,23.330578512396695,0.0
1900,407.7217122399773,0.12997185598979194,148.0386824552253,0.04719116431470364,148.0386824552253,0.04719116431470364,180.82863229488134,78.85439748987648,328.86731475010663,0.10483497441826797,78.89078652528912,0.036389035412639714,0.0008462566375032492,0.1048233744707326,0.07107708557407477,3180,43,3137,0.013707363723302519,0.0
1901,122.5406191111826,0.34039060864217385,17.445661324595804,0.04846017034609946,17.445661324595804,0.04846017034609946,10.825089411798444,94.26986837479109,28.27075073639425,0.07852986315665068,94.86035904451961,0.5904906697285242,0.0004781300969461734,0.07688961129628606,0.3513586426851134,1595,1235,360,3.4305555555555554,0.0
1902,127.52111361958771,0.27248101200766606,22.66116657537529,0.04842129610122925,22.66116657537529,0.04842129610122925,23.970951604444508,80.8889954397697,46.6321181798198,0.09964127816200812,81.54342594293087,0.6544305031611657,0.0002415764131270453,0.0982429223860189,0.5161580527624778,3177,2709,468,5.788461538461538,0.0
1903,118.3847807658787,0.49533381073589416,11.688771746878107,0.048906994756812164,11.688771746878107,0.048906994756812164,12.85653922566405,93.83946979333251,24.545310972542158,0.10270004591021824,94.31120681379394,0.4717370204614326,0.00024006973051472397,0.10072625084554292,0.021354154997254682,2204,1965,239,8.221757322175732,0.0
1904,102.50977799273534,0.4271240749697306,12.218044760274703,0.05090851983447793,12.218044760274703,0.05090851983447793,12.10822743050926,78.18350580194891,24.32627219078396,0.10135946746159984,79.1109290595727,0.9274232576237864,0.00024170530560953517,0.09749520388817766,0.14798541109507823,4077,3837,240,15.9875,0.0
1905,96.84518822747538,2.201027005169895,2.301074271839491,0.05229714254180662,2.301074271839491,0.05229714254180662,0.39102035212954434,94.15309360350608,2.6920946239690355,0.06118396872656899,94.44000479380662,0.28691119030054324,0.0002654127569847764,0.05466325985610803,0.3041515047300436,1125,1081,44,24.568181818181817,0.0
1906,96.10358019813953,0.528041649440327,9.06498833474782,0.049807628212900114,9.06498833474782,0.049807628212900114,5.988987359771613,81.04960450362353,15.053975694519433,0.0827141521676892,81.48590926838267,0.4363047647591429,0.00023933338714160336,0.08031687324042228,0.020330368484962946,2005,1823,182,10.016483516483516,0.0
1907,114.53341358654609,0.5698179780425179,10.35237294870769,0.05150434302839647,10.35237294870769,0.05150434302839647,10.221084010073128,93.95995662776193,20.573456958780817,0.10235550725761601,94.88551876538565,0.9255621376237286,0.0002415350045990941,0.09775072050328575,0.20762502205491273,4033,3832,201,19.064676616915424,0.0
1908,87.69134111440695,0.819545244059878,5.6516975492211445,0.052819603263749015,5.6516975492211445,0.052819603263749015,3.4767582554318324,78.56288530975218,9.128455804652976,0.08531267107152314,79.17909775486243,0.61621244511025,0.0002418416189600667,0.07955367625742549,0.015936854550602675,2655,2548,107,23.813084112149532,0.0
1909,113.11438129669949,0.5027305835408866,10.884871226856095,0.04837720545269376,10.884871226856095,0.04837720545269376,6.866950507111824,95.36255956273061,17.75182173396792,0.07889698548430187,95.75357991486015,0.39102035212954434,0.0002473247009042026,0.07715911725261927,0.19832435041348617,1806,1581,225,7.026666666666666,0.0
1910,89.37077806208111,1.2767254008868731,3.894821291291404,0.055640304161305776,3.894821291291404,0.055640304161305776,2.1726565126664354,83.30330025812458,6.067477803957839,0.08667825434225485,83.91755210593789,0.614251847813307,0.00024173626438933767,0.07790322794490326,0.17604548812846588,2611,2541,70,36.3,0.0
1911,407.99364673612723,0.13474030605552417,142.3089280167548,0.04699766447052669,142.3089280167548,0.04699766447052669,171.40207486070165,94.28264385866925,313.71100287745645,0.10360336951038852,94.31761683579617,0.03497297712692671,0.0009452155980250462,0.10359181965004328,0.2125682136238538,3065,37,3028,0.012219286657859974,0.0
1912,92.72025814672202,0.6670522168828922,7.247506647527015,0.05214033559371953,7.247506647527015,0.05214033559371953,5.874545793038578,79.59820570615477,13.122052440565593,0.09440325496809779,80.30460579516546,0.7064000890106854,0.00024092772476489954,0.08932123993925582,0.0405863189036495,3071,2932,139,21.093525179856115,0.0
1913,117.75448628602544,0.4393824115150203,13.374463870249071,0.04990471593376519,13.374463870249071,0.04990471593376519,8.50566880694862,95.87435360882864,21.880132677197693,0.08164228610894661,96.71621628217736,0.8418626733487145,0.00024408891659864147,0.07850100747704508,0.0994180024868001,3717,3449,268,12.869402985074627,0.0
1914,98.13727906348373,0.6456399938387087,7.8855246880303085,0.05187845189493624,7.8855246880303085,0.05187845189493624,6.112884655426797,84.13886972002973,13.998409343457105,0.0920947983122178,84.79100052702046,0.6521308069907263,0.00024117263572142247,0.08780446405567943,0.18367024312073,2856,2704,152,17.789473684210527,0.0
1915,106.57290297398117,0.8261465346820246,6.6234573458747175,0.05134463058817611,6.6234573458747175,0.05134463058817611,5.468276874985008,94.48116875311939,12.091734220859726,0.09373437380511415,95.083037342848,0.6018685897286105,0.0002422981440131282,0.08906872582273775,0.030892442880201543,2613,2484,129,19.25581395348837,0.0
1916,83.59536609614662,1.6391248254146396,2.61403093564051,0.051255508541970786,2.61403093564051,0.051255508541970786,1.0481896301140523,79.93314553039096,3.6622205657545623,0.07180824638734436,80.16846437939449,0.23531884900353361,0.00024927844174103136,0.06719415130886523,0.05747957628676659,995,944,51,18.50980392156863,0.0
1917,113.06501849298758,0.6014096728350403,9.475011986932268,0.05039899993049079,9.475011986932268,0.05039899993049079,6.187045291663708,97.40296121439218,15.662057278595976,0.08330881531168072,98.11697831756561,0.7140171031734326,0.00024081521186287776,0.07951085199692536,0.21875581621247875,3153,2965,188,15.77127659574468,0.0
1918,106.84722018977743,0.5063849298093717,10.881804414515285,0.05157253277021462,10.881804414515285,0.05157253277021462,9.939817933326594,86.02559784193909,20.82162234784188,0.09868067463432172,86.90884382560762,0.8832459836685302,0.00024446332235497653,0.09449467471170528,0.02383649733559423,3824,3613,211,17.123222748815166,0.0
1919,101.17766752581866,2.4677479884346014,3.5255080085081967,0.085988000207517,3.5255080085081967,0.085988000207517,3.047723116812449,94.6044364004967,6.573231125320646,0.1603227103736743,94.88032023088869,0.27588383039199016,0.00025783535550653284,0.15359383646170677,0.1785290525164669,1111,1046,65,16.092307692307692,1.0
1920,99.49095084219675,0.540711689359765,9.547587326775014,0.05188906155855986,9.547587326775014,0.05188906155855986,9.040713057122275,80.90265045829813,18.58830038389729,0.1010233716516157,81.82206317294458,0.9194127146464552,0.0002419507143806461,0.09602656341984876,0.4134677547650085,3984,3800,184,20.652173913043477,0.0
1921,104.17789505299874,2.0835579010599745,3.0794251563932304,0.06158850312786461,3.0794251563932304,0.06158850312786461,2.7594624376905585,98.33900745891486,5.838887594083789,0.11677775188167577,99.12811831068979,0.7891108517749217,0.0002464431142332672,0.100995534846179,0.15102427503387617,3252,3202,50,64.04,0.0
1922,99.12282543936772,0.7342431514027238,7.0738114813535296,0.0523986035655817,7.0738114813535296,0.0523986035655817,5.774995782569704,86.27401817544683,12.848807263923234,0.09517635010313506,86.911297897454,0.6372797220071789,0.0002423116813715509,0.09045575956973119,0.1800000509302322,2765,2630,135,19.48148148148148,0.0
1923,117.78665482924788,0.566281994371384,10.436910952654692,0.05017745650314756,10.436910952654692,0.05017745650314756,11.576424341752727,95.77331953483753,22.01333529440742,0.10583334276157413,96.45878450168635,0.6854649668488264,0.0002413609038200093,0.10253783811327657,0.1525687241536957,3048,2840,208,13.653846153846153,0.0
1924,96.70699678252385,0.6490402468625761,7.11907371626666,0.047779018229977585,7.11907371626666,0.047779018229977585,8.264320597847586,81.32360246840773,15.383394314114247,0.10324425714170635,81.45237938387532,0.12877691546759706,0.00025806997087694805,0.10237998254126524,0.014867654419049359,648,499,149,3.348993288590604,0.0
1925,120.83859063734047,0.4239950548678613,13.84802923850603,0.048589576275459755,13.84802923850603,0.048589576275459755,8.174652177155394,98.81590922168374,22.022681415661424,0.07727256637074184,99.33959575490138,0.5236865332176421,0.00025008907985560753,0.07543506976294419,0.1551500341697647,2379,2094,285,7.347368421052631,0.0
1926,91.73445937529931,1.698786284727765,3.424505338581724,0.06341676552929118,3.424505338581724,0.06341676552929118,1.463147281083252,86.84680675563601,4.887652619664976,0.09051208554935142,87.72278131671004,0.875974561074031,0.0002442762300819942,0.07429033441831978,0.4111566496069372,3640,3586,54,66.4074074074074,0.0
1927,99.85418846870141,2.2189819659711425,2.4931690782296494,0.05540375729399221,2.4931690782296494,0.05540375729399221,1.5690879755425158,95.79193141492817,4.062257053772165,0.09027237897271478,96.20828782592048,0.41635641099230725,0.0002416462048707529,0.08102001428402067,0.32118735070542925,1768,1723,45,38.28888888888889,0.0
1928,101.84800805564646,0.5446417543082699,9.052365800344724,0.04840837326387553,9.052365800344724,0.04840837326387553,11.357353162785103,81.43828909251556,20.409718963129826,0.10914288215577447,81.73221479140761,0.29392569889205333,0.0002612672879040474,0.10757108697453928,0.12602404183917315,1312,1125,187,6.016042780748663,0.0
1929,308.3937526250473,0.13860393376406618,106.09279029916307,0.04768215294344408,106.09279029916307,0.04768215294344408,104.24355604927268,98.05740627664437,210.33634634843577,0.0945331893700835,98.08683721341816,0.029430936773792382,0.029430936773792382,0.09451996198275465,0.4238214361054702,2226,1,2225,0.00044943820224719103,0.0
1930,99.68158923000902,0.7494856333083385,6.859682164868959,0.05157655763059368,6.859682164868959,0.05157655763059368,6.264538885428351,86.55736817971393,13.12422105029731,0.0986783537616339,87.07997809959824,0.522609919884303,0.0002510134101269467,0.09474895586775028,0.3424128888601672,2215,2082,133,15.654135338345865,0.0
1931,117.86404594841451,0.5639428035809307,10.640569263780085,0.050911814659234854,10.640569263780085,0.050911814659234854,11.511586081951805,95.71189060267932,22.15215534573189,0.1059911739030234,96.54368537317737,0.8317947704980497,0.0002447174964689761,0.10201129461835955,0.2158719580074262,3608,3399,209,16.263157894736842,0.0
1932,95.96329130267054,0.6484006169099361,7.581229696901569,0.051224524979064656,7.581229696901569,0.051224524979064656,7.315964395794367,81.06609720997335,14.897194092695937,0.10065671684254011,81.72052771313452,0.6544305031611657,0.0002413981937149265,0.09623488911848666,0.011586860726993109,2859,2711,148,18.31756756756757,0.0
1933,112.67244104036877,0.6190793463756525,9.066258771470226,0.04981460863445179,9.066258771470226,0.04981460863445179,5.865104973630878,97.74107729526906,14.931363745101104,0.08204046013791816,98.32539570364702,0.5843184083779533,0.0005549082700645331,0.07882991943253709,0.10560025355471225,1235,1053,182,5.785714285714286,0.0
1934,114.77296771402575,0.5101020787290034,11.171839410826355,0.04965261960367269,11.171839410826355,0.04965261960367269,15.04544204916374,88.55568625403555,26.217281459990094,0.1165212509332893,89.18139280506693,0.6257065510313851,0.00024252191900441282,0.11374033292870586,0.016470832810568936,2805,2580,225,11.466666666666667,0.0
1935,104.82199367721648,1.06961218037976,5.30524953593145,0.05413519934623929,5.30524953593145,0.05413519934623929,3.479902951770214,96.0368411895139,8.785152487701664,0.0896444131398129,96.77413439455836,0.737293205044466,0.00024031721155295504,0.0821210130883482,0.75,3166,3068,98,31.306122448979593,0.0
1936,90.85840773566332,0.8185442138348047,5.725843502155859,0.05158417569509783,5.725843502155859,0.05158417569509783,4.96585011701427,80.16671411649185,10.69169361917013,0.09632156413666783,80.70520760174219,0.538493485250342,0.0002491871750348644,0.09147027147676695,0.6817425102773882,2272,2161,111,19.46846846846847,0.0
1937,102.95797352416145,1.225690161001922,4.448310946614689,0.052956082697793914,4.448310946614689,0.052956082697793914,2.2346777671344853,96.27498481041295,6.682988713749174,0.07955938944939493,96.8593032187909,0.5843184083779533,0.00042007074649745026,0.07260321792107793,0.0178791417681623,1475,1391,84,16.55952380952381,0.0
1938,112.3688234806803,0.5376498731133029,10.101987707993038,0.04833486941623463,10.101987707993038,0.04833486941623463,14.730611238996175,87.53622453369127,24.832598946989215,0.11881626290425462,87.85105534385883,0.31483081016756387,0.00025451156844588836,0.11730989539149031,0.6786764347284588,1446,1237,209,5.91866028708134,0.0
1939,124.15132494764941,0.49266398788749766,12.268395043762196,0.04868410731651665,12.268395043762196,0.04868410731651665,15.406890127770453,96.4760397761138,27.67528517153265,0.10982256020449464,96.91856919330405,0.44252941719025785,0.00023998341496217889,0.10806649108867207,0.008062333909094832,2096,1844,252,7.317460317460317,0.0
1940,98.51115299769276,0.6234883101119795,8.17359928297169,0.051731641031466394,8.17359928297169,0.051731641031466394,9.375318322598673,80.96223539212167,17.548917605570363,0.11106909876943268,81.75134624389659,0.7891108517749217,0.00024605888736355526,0.10607472628984918,0.13142853400518106,3365,3207,158,20.29746835443038,0.0
1941,119.52881199504253,0.4150305972050088,14.250260702419565,0.04948007188340127,14.250260702419565,0.04948007188340127,8.52978975459996,96.74876153802751,22.780050457019527,0.07909739742020669,97.52125240723814,0.7724908692106283,0.00024672336927838653,0.07641513745765414,0.3663041586440272,3419,3131,288,10.871527777777779,0.0
1942,107.09352378197656,0.6735441747294123,8.331465275856495,0.052399152678342734,8.331465275856495,0.052399152678342734,11.587592375981899,87.17446613013948,19.919057651838393,0.125277092149927,88.03742328727407,0.8629571571345878,0.00024384209017648707,0.11984968864592761,0.3629245092175779,3698,3539,159,22.257861635220127,0.0
1943,103.93425682716435,1.676358981083296,3.744404404558047,0.0603936194283556,3.744404404558047,0.0603936194283556,4.132081751770443,96.0577706708363,7.87648615632849,0.1270400992956208,96.93018241393446,0.8724117430981551,0.00024382664703693544,0.11296894214886914,0.75,3640,3578,62,57.70967741935484,0.0
1944,83.58744618130112,1.6389695329666887,3.069055479425025,0.06017755842009853,3.069055479425025,0.06017755842009853,0.41221054566756266,80.10618015620827,3.4812660250925878,0.06826011813907035,80.81132032568502,0.7051401694767492,0.00024115600871297852,0.05443384030619806,0.25953043761694516,2975,2924,51,57.333333333333336,0.0
1945,119.03729721062592,0.4133239486480067,14.334180853252224,0.04977146129601467,14.334180853252224,0.04977146129601467,8.365719031338244,96.33739732604005,22.69989988459047,0.07881909682149468,97.18693301615059,0.8495356901105424,0.00024355954418306836,0.07586932011970601,0.13633785069669102,3776,3488,288,12.11111111111111,0.0
1946,104.00674631021894,0.7273199042672653,7.434576003513514,0.051990041982611986,7.434576003513514,0.051990041982611986,10.04635466363311,86.52581564307349,17.480930667146623,0.12224427039962674,87.24861628207356,0.7228006390000701,0.0002399736517264509,0.11718972047654118,0.75,3155,3012,143,21.062937062937063,0.0
1947,127.64377266131879,0.44787288653094315,14.330018952933651,0.05028076825590755,14.330018952933651,0.05028076825590755,16.29285162608494,97.0209020823001,30.62287057901859,0.10744866869831084,97.9449491047705,0.924047022470404,0.00024259570030727332,0.1042063984440291,0.1205108012790106,4094,3809,285,13.364912280701754,0.0
1948,113.15936387495663,0.35252138278802686,15.502729788646826,0.04829510837584681,15.502729788646826,0.04829510837584681,18.361488463548426,79.29514562276199,33.86421825219525,0.10549600701618458,79.70735616842956,0.41221054566756266,0.00024304867079455344,0.10421186201410303,0.5093260509473225,2017,1696,321,5.283489096573208,0.0
1949,102.78254126383746,0.8784832586652774,6.047405697525769,0.05168722818398093,6.047405697525769,0.05168722818398093,1.1498462333108819,95.5852893330021,7.197251930836651,0.06151497376783462,96.19794054081541,0.6126512078133146,0.00024177237877399946,0.056278638658308115,0.5931642210171617,2651,2534,117,21.65811965811966,0.0
1950,100.78410001752945,0.8763834784132996,6.040542418870497,0.05252645581626519,6.040542418870497,0.05252645581626519,7.682668082048053,87.06088951661206,13.723210500918551,0.11933226522537871,87.72836882807121,0.6674793114591466,0.00024018686990253567,0.1135280972996369,0.11775925427258471,2894,2779,115,24.16521739130435,0.0
1951,108.37383429693642,1.0521731485139458,5.769450918821823,0.05601408659050314,5.769450918821823,0.05601408659050314,5.741053210745804,96.86333016736722,11.510504129567627,0.1117524672773556,97.81983822591934,0.9565080585521173,0.00024008736409440696,0.1024659812720105,0.28700081217476736,4087,3984,103,38.679611650485434,0.0
1952,92.62740390504996,1.0178835593961535,5.063406228007228,0.05564182668139811,5.063406228007228,0.05564182668139811,6.761674430944481,80.80232324609744,11.825080658951709,0.12994594130716164,81.64418591944616,0.8418626733487145,0.00024394745678027078,0.1206947031385033,0.271023944816136,3542,3451,91,37.92307692307692,0.0
1953,110.14052654536295,0.629374437402074,8.743140192586678,0.0499608011004953,8.743140192586678,0.0499608011004953,3.8811015820630246,97.51628477071722,12.624241774649702,0.07213852442656973,98.06523678422161,0.5489520135043904,0.0002470531113881145,0.06900165577795048,0.19375219497635499,2397,2222,175,12.697142857142858,0.0
1954,100.75326094853085,0.9595548661764843,5.662114473016094,0.053924899743010415,5.662114473016094,0.053924899743010415,7.75498747163158,87.33615900388452,13.417101944647673,0.1277819232823588,88.11051119431636,0.7743521904318413,0.00024629522596432613,0.12040714051632849,0.26499271833233706,3249,3144,105,29.942857142857143,0.0
1955,105.96357572091517,1.204131542283127,4.395401937302034,0.04994774928752311,4.395401937302034,0.04994774928752311,4.58494387718838,96.98322990642293,8.980345814490413,0.10204938425557288,97.26763661688221,0.28440671045927957,0.00026431850414431184,0.09881748981855636,0.10683946137157818,1164,1076,88,12.227272727272727,0.0
1956,93.37253877208269,0.880873007283799,5.282843489807677,0.0498381461302611,5.282843489807677,0.0498381461302611,7.0602415477561635,81.02945373451831,12.34308503756384,0.1164441984675834,81.3853171208678,0.35586338634948333,0.0002504316582332747,0.11308699670957448,0.04914781024757531,1527,1421,106,13.40566037735849,0.0
1957,115.39156631777962,0.5827856884736344,9.877986434702379,0.04988882037728474,9.877986434702379,0.04988882037728474,6.603221590214048,98.91035829286693,16.481208024916427,0.08323842436826479,99.51125251267342,0.6008942198064915,0.00024337554467658627,0.08020360507629393,0.19264666668806285,2667,2469,198,12.469696969696969,0.0
1958,96.8323680308385,1.0640919563828406,4.639677927009695,0.05098547172538126,4.639677927009695,0.05098547172538126,4.426781319950464,87.76590878387952,9.066459246960159,0.09963142029626548,88.1741934262663,0.408284642386775,0.00024389763583439365,0.09514477587441973,0.18814073247204988,1765,1674,91,18.395604395604394,0.0
1959,123.11937329115386,0.5108687688429621,12.12163478052956,0.050297239753234683,12.12163478052956,0.050297239753234683,13.538293364829087,97.45944514579429,25.65992814535865,0.10647273089360434,98.25907153486531,0.7996263890710225,0.0002449835750830338,0.10315477907173672,0.3253579519637242,3505,3264,241,13.54356846473029,0.0
1960,96.98677574035838,0.7237819085101371,6.766034605044885,0.050492795560036455,6.766034605044885,0.050492795560036455,9.509802995445966,80.71093813986698,16.275837600490853,0.12146147463052875,81.22914640841799,0.5182082685510068,0.0002498593387420476,0.11759424874582383,0.06297907890530041,2208,2074,134,15.477611940298507,0.0
1961,141.4444173013971,0.28807416965661325,24.167710921495782,0.04922140717208917,24.167710921495782,0.04922140717208917,16.554675577505463,100.72203080240769,40.722386499001246,0.08293765071079684,101.59800536348172,0.875974561074031,0.00024393610723309135,0.08115358846825943,0.0008698352093006179,4082,3591,491,7.313645621181263,0.0
1962,103.80024620857694,0.9522958367759352,5.4313159211995545,0.04982858643302344,5.4313159211995545,0.04982858643302344,9.724970418548992,88.64395986882914,15.156286339748547,0.1390484985298032,89.04044471466148,0.3964848458323331,0.0002459583410870553,0.13541102287995835,0.005749440042393417,1721,1612,109,14.788990825688073,0.0
1963,114.60012210337368,0.6862282760681059,8.283118682596644,0.049599513069440986,8.283118682596644,0.049599513069440986,8.168699648537768,98.1483037722362,16.45181833113441,0.09851388222236175,98.60178024028039,0.45347646804418673,0.0002376711048449616,0.09579845427001968,0.08858477165290424,2075,1908,167,11.425149700598803,0.0
1964,123.5033533167192,0.3250088245176821,18.459282753626855,0.04857705987796541,18.459282753626855,0.04857705987796541,23.721994336295097,81.32207622679812,42.18127708992195,0.1110033607629525,81.93233521802426,0.6102589912261465,0.0002422624022334841,0.1093974160491972,0.279831223666406,2899,2519,380,6.628947368421053,0.0
1965,111.39079827770138,0.7426053218513425,7.935487317153536,0.05290324878102357,7.935487317153536,0.05290324878102357,2.380991555837795,101.07431940471315,10.31647887299133,0.0687765258199422,101.9937321193596,0.9194127146464552,0.00024220566771508304,0.06264710772227848,0.1965598918353635,3946,3796,150,25.30666666666667,0.0
1966,111.64402165035835,0.5814792794289497,9.549207192806184,0.04973545412919888,9.549207192806184,0.04973545412919888,13.665034171236584,88.42978028631433,23.21424136404277,0.12090750710438943,89.09725959777347,0.6674793114591466,0.00023984164982362438,0.11743105235721292,0.18978628273487175,2975,2783,192,14.494791666666666,0.0
1967,149.89547345795734,0.2997909469159147,24.33012325615136,0.04866024651230272,24.33012325615136,0.04866024651230272,28.063158357758198,97.50219184404818,52.39328161390956,0.10478656322781911,98.21620894722162,0.7140171031734326,0.00024073401995058414,0.10335852902147144,0.4334109979955656,3466,2966,500,5.932,0.0
1968,94.22417208084181,0.8412872507218019,5.946405438496301,0.05309290570085983,5.946405438496301,0.05309290570085983,7.002790533011762,81.27497610933341,12.949195971508063,0.11561782117417914,82.0081713399531,0.7331952306196854,0.0002404707217512907,0.1090714351865064,0.07109257012467651,3161,3049,112,27.223214285714285,0.0
1969,115.5165752835535,0.7311175650857816,8.077463030636705,0.051123183738207,8.077463030636705,0.051123183738207,5.674760910530381,101.76435134239023,13.752223941167086,0.08703939203270308,102.44954503985525,0.6851936974650243,0.0003587401557408504,0.08270272306138127,0.10622305011435174,2068,1910,158,12.08860759493671,0.0
1970,304.4998696788338,0.14123370578795633,101.28955699572289,0.04698031400543733,101.28955699572289,0.04698031400543733,114.80439975414129,88.40591292898824,216.09395674986416,0.10022910795448245,88.53123241804866,0.12531948906041634,0.00026494606566684214,0.10017098203190407,0.08062005055063537,2629,473,2156,0.2193877551020408,0.0
1971,117.88391299401104,0.6139787135104742,9.907485775863243,0.05160148841595439,9.907485775863243,0.05160148841595439,10.616197374663557,97.36022984348159,20.5236831505268,0.10689418307566041,98.26816068241413,0.9079308389325433,0.0004905082868355178,0.10216537662290055,0.6927888819786858,2043,1851,192,9.640625,0.0
1972,99.7329045154724,0.6312209146548886,8.260778461338264,0.05228340798315357,8.260778461338264,0.05228340798315357,9.825788229710838,81.64633782442326,18.0865666910491,0.11447194108258923,82.51418200854647,0.8678441841232143,0.0002438449519874162,0.10897925637294892,0.3227678152848057,3717,3559,158,22.525316455696203,0.0
1973,110.55280747847024,0.7730965557934982,7.3663270789240896,0.05151277677569294,7.3663270789240896,0.05151277677569294,2.548239594578604,100.63824080497085,9.914566673502694,0.06933263408043842,101.32343450243587,0.6851936974650243,0.0006963350583994149,0.06454106976247811,0.02993378960525206,1127,984,143,6.881118881118881,0.0
1974,94.32560127697434,1.2576746836929913,4.153515100671183,0.05538020134228244,4.153515100671183,0.05538020134228244,3.1008413873413474,87.07124478896276,7.25435648801253,0.0967247531735004,87.77008872642784,0.6988439374650852,0.0002417308673348617,0.0874068340072866,0.41449714221715794,2966,2891,75,38.54666666666667,0.0
1975,110.43928523881874,0.6989828179672072,8.311459632523677,0.052604174889390364,8.311459632523677,0.052604174889390364,5.670649189642631,96.45717641664959,13.982108822166309,0.08849435963396397,97.36510725558213,0.9079308389325433,0.0004526075966762429,0.08274796191921904,0.13585467972478682,2164,2006,158,12.69620253164557,0.0
1976,89.00386201638543,1.3284158509908273,3.440465154483109,0.05135022618631506,3.440465154483109,0.05135022618631506,3.9926661357486637,81.57073072615373,7.433131290231772,0.11094225806316078,81.90879946364117,0.3380687374874469,0.0002519141113915402,0.10589645601110825,0.36316567084554663,1409,1342,67,20.029850746268657,0.0
1977,119.29001242511305,0.5472018918583167,11.116062908203324,0.050991114257813414,11.116062908203324,0.050991114257813414,6.279118628401193,101.89483088851256,17.395181536604518,0.07979441071836935,102.69445727758358,0.7996263890710225,0.0002453594320561591,0.07612639975930949,0.5380172995619432,3477,3259,218,14.94954128440367,0.0
1978,105.43097898072608,0.6548508011225223,7.728029566648021,0.04800018364377653,7.728029566648021,0.04800018364377653,10.500113463553703,87.2028359505232,18.228143030201725,0.11321827969069394,87.4997964299655,0.29696047944230486,0.0002577781939603341,0.1113738046631092,0.003942370913989635,1313,1152,161,7.15527950310559,0.0
1979,111.86183876067025,0.8047614299328795,7.336196407921601,0.052778391423896405,7.336196407921601,0.052778391423896405,6.656399418063984,97.86924293468257,13.992595825985585,0.10066615702147903,98.70351470835521,0.8342717736726399,0.0002445110708301993,0.0946642018152161,0.05769365532978554,3551,3412,139,24.546762589928058,0.0
1980,110.67855384997915,0.3816501856895833,14.229433561929566,0.04906701228251575,14.229433561929566,0.04906701228251575,15.071374802937385,81.37774548511311,29.300808364866953,0.10103727022367914,81.9834533570322,0.605707871919094,0.0002425742378530613,0.09894862238947223,0.026589340055693356,2787,2497,290,8.610344827586207,0.0
1981,125.1434934358428,0.5087133879505805,12.580636893369702,0.05114080037955163,12.580636893369702,0.05114080037955163,7.658951402291905,104.90390514018628,20.239588295661605,0.08227474916935612,105.80007660948803,0.8961714693017484,0.0002445215468763297,0.0786317757168893,0.008538225751919981,3911,3665,246,14.898373983739837,0.0
1982,123.67147614119261,0.40283868449899873,14.583446164970201,0.047503081970586974,14.583446164970201,0.047503081970586974,21.295206273860913,87.79282370235813,35.87865243883111,0.11686857471931958,88.18930854819047,0.3964848458323331,0.00024626387939896466,0.1155770931368148,0.22769206267787467,1917,1610,307,5.244299674267101,0.0
1983,115.49882159993376,0.71295568888848,8.137554156351985,0.05023181577995053,8.137554156351985,0.05023181577995053,9.224319230332867,98.13694821324702,17.361873386684852,0.1071720579424991,98.69455458390507,0.5576063706580499,0.0002461838281050993,0.10373004330881906,0.3037468666227028,2427,2265,162,13.981481481481481,0.0
1984,94.26695089430638,1.1222256058845996,4.549015437162746,0.05415494568050888,4.549015437162746,0.05415494568050888,6.642673995195878,83.0752614619476,11.191689432358624,0.13323439800426934,83.7228770057547,0.6476155438070919,0.00024101806617308965,0.12552468914942475,0.012475229533549737,2771,2687,84,31.988095238095237,0.0
1985,127.4380990300906,0.5469446310304318,11.936908499303835,0.05123136694980186,11.936908499303835,0.05123136694980186,8.466517456584825,107.03467307420749,20.403425955888657,0.0875683517420114,107.88711481041332,0.852441736205833,0.00024411275378173912,0.08390980351792822,0.337289221870094,3725,3492,233,14.987124463519313,0.0
1986,292.70155647536615,0.14292068187273738,96.412777972392,0.047076551744332035,96.412777972392,0.047076551744332035,109.27811820714874,87.01066029584126,205.69089617954074,0.10043500790016638,87.4071451416736,0.3964848458323331,0.3964848458323331,0.10024141178402957,0.12865208849052578,2049,1,2048,0.00048828125,0.0
1987,105.9202954980737,1.176892172200819,4.524790717976139,0.050275452421957106,4.524790717976139,0.050275452421957106,3.24612076850201,98.1493840115939,7.770911486478149,0.08634346096086833,98.4673989452304,0.3180149336365048,0.00025119663004463254,0.08280996169825888,0.06675403241700906,1356,1266,90,14.066666666666666,0.0
1988,94.87960538167812,1.1162306515491542,4.543552618438204,0.05345356021692004,4.543552618438204,0.05345356021692004,6.832740644347609,83.5033121188921,11.376293262785813,0.13383874426806838,84.09348239450816,0.5901702756160603,0.0003119293211501376,0.12689556455494072,0.061241615245876346,1977,1892,85,22.258823529411764,0.0
1989,124.51244339612242,0.6256906703322734,10.36352890483627,0.0520780346976697,10.36352890483627,0.0520780346976697,6.780536226086042,107.36837826520548,17.144065130922314,0.08615108105991112,108.25731432080659,0.888936055601107,0.0002455624462986483,0.0816840657051047,0.4982797120063083,3819,3620,199,18.190954773869347,0.0
1990,113.65007873191405,0.4898710290168709,11.019096657036817,0.04749610628033111,11.019096657036817,0.04749610628033111,15.864637192766054,86.76634488210857,26.883733849802873,0.11587816314570204,87.07762077214909,0.3112758900405197,0.001447794837397766,0.11453645672312483,0.014524899895832277,447,215,232,0.9267241379310345,0.0
1991,126.47721979253754,0.4902217821416184,13.054694179473723,0.05059958984292141,13.054694179473723,0.05059958984292141,14.149637194465186,99.27288841860104,27.204331373938906,0.10544314486022832,100.14459104169919,0.8717026230981446,0.0002440376884373305,0.10206445252262927,0.17524234808161054,3830,3572,258,13.844961240310077,0.0
1992,318.92151242181023,0.14457004189565287,104.62667981704924,0.04742823201135505,104.62667981704924,0.04742823201135505,131.56493080941948,82.72990179535657,236.19161062646873,0.10706781986693958,83.32007207097263,0.5901702756160603,0.0010335731621997552,0.10680029027689827,0.0853633635517781,2777,571,2206,0.25883952855847686,0.0
1993,119.73840503076394,0.8432282044419996,7.448563965061769,0.05245467581029415,7.448563965061769,0.05245467581029415,4.683156630131748,107.60668443557347,12.131720595193517,0.08543465207882758,108.2921494024223,0.6854649668488264,0.00024153099607076336,0.08060743400240596,0.4229146368846841,2980,2838,142,19.985915492957748,0.0
1994,377.1491860929885,0.12871985873480835,138.1010662162281,0.047133469698371365,138.1010662162281,0.047133469698371365,153.29403771348973,85.75408216329566,291.39510392971783,0.09945225390092759,86.06535805333618,0.3112758900405197,0.0003022096019810871,0.09934601639578577,0.3287423702948331,3960,1030,2930,0.3515358361774744,0.0
1995,112.21200814134005,1.0789616167436544,5.509136502258655,0.05297246636787168,5.509136502258655,0.05297246636787168,6.789366226637526,99.9135054124427,12.298502728896182,0.11825483393169406,100.56793591560387,0.6544305031611657,0.0002413981937149265,0.11196223293977098,0.09601289195188656,2815,2711,104,26.067307692307693,0.0
1996,99.5268026595133,0.5786442015087983,9.011467915906852,0.05239225532503984,9.011467915906852,0.05239225532503984,8.223667808581013,82.29166693502606,17.235135724487865,0.1002042774679527,83.22722849395865,0.9355615589325907,0.00024162230344333438,0.09476496607880608,0.22777460524366688,4044,3872,172,22.511627906976745,0.0
1997,117.57673180786941,0.8774382970736523,7.310284331236641,0.05455436068087045,7.310284331236641,0.05455436068087045,2.574106054842673,107.69234142179295,9.884390386079314,0.07376410735880085,108.6187551642634,0.9264137424704586,0.00024245321708203576,0.06685057196720898,0.27909115940474294,3955,3821,134,28.51492537313433,0.0
1998,94.99923339344446,1.938759865172336,2.861280794188281,0.05839348559567921,2.861280794188281,0.05839348559567921,5.7044809735840545,86.43347162567238,8.565761767772337,0.17481146464841504,87.06816525528995,0.6346936296175727,0.00024299143553505845,0.16185853343172452,0.09666026758662838,2661,2612,49,53.30612244897959,0.0
1999,107.10315585280068,1.3061360469853742,4.381833507015089,0.05343699398798889,4.381833507015089,0.05343699398798889,2.753119131547237,99.96820321423695,7.134952638562326,0.087011617543443,100.525809584895,0.5576063706580499,0.0002460751856390335,0.08021153985250831,0.08979968692210605,2348,2266,82,27.634146341463413,0.0
2000,105.26261078267152,0.5134761501593732,10.200741684627033,0.04975971553476601,10.200741684627033,0.04975971553476601,12.33884704226898,82.72302205577665,22.539588726896014,0.10994921330193178,83.28220243808931,0.5591803823126611,0.000245469878100378,0.10722150411991317,0.03865532426851814,2483,2278,205,11.112195121951219,0.0
2001,114.3910361669005,1.0999138092971203,5.568411002086599,0.05354241348160191,5.568411002086599,0.05354241348160191,0.6988439374650852,108.12378122735123,6.267254939551684,0.0602620667264585,108.74948777838262,0.6257065510313851,0.00024261595619673714,0.05424565758190279,0.2698586581349218,2683,2579,104,24.798076923076923,0.0
2002,102.90069674462177,0.8434483339723096,6.511556284389238,0.0533734121671249,6.511556284389238,0.0533734121671249,8.806925500366901,87.58221495986356,15.31848178475614,0.12556132610455853,88.48145385106432,0.8992388912007527,0.0002427750786179138,0.11819051552096273,0.06244977510021954,3826,3704,122,30.360655737704917,0.0
2003,109.65466489201202,1.1790824181936777,4.965650952282468,0.05339409626110181,4.965650952282468,0.05339409626110181,4.623515824427386,100.06549811530084,9.589166776709854,0.10310932017967585,100.69120466633223,0.6257065510313851,0.00024252191900441282,0.09638129274924512,0.08934771209050041,2673,2580,93,27.741935483870968,0.0
2004,89.57263922329884,1.5443558486775661,3.3361314019092076,0.0575195069294691,3.3361314019092076,0.0575195069294691,2.9677697162408094,83.26873810514877,6.3039011181500175,0.10868795031293134,83.92316860830994,0.6544305031611657,0.0002415764131270453,0.09740466577567068,0.01572367147230125,2767,2709,58,46.706896551724135,0.0
2005,125.94204772042997,0.9329040571883701,9.223389174694987,0.06832140129403694,9.223389174694987,0.06832140129403694,8.546426096295022,108.17223244944375,17.76981527099001,0.13162826126659266,108.87107638690884,0.6988439374650852,0.00023908448082965626,0.1264516395075639,0.7416417125413659,3058,2892,166,17.42168674698795,1.0
2006,121.44598257109664,0.403475025153145,14.470630927774415,0.04807518580655952,14.470630927774415,0.04807518580655952,19.777242073841762,87.19810956947703,34.24787300161618,0.11378030897546904,87.76029722068489,0.5621876512078643,0.00024560404159364976,0.11191257591498918,0.5294705330068723,2590,2289,301,7.604651162790698,0.0
2007,106.83729273388195,1.4838512879705827,3.877303461585816,0.05385143696646967,3.877303461585816,0.05385143696646967,3.2574579842674893,99.70253128802773,7.1347614458533055,0.0990939089701848,100.239206008581,0.5366747205532647,0.0002493841638258665,0.09164009340695776,0.6064076724745746,2224,2152,72,29.88888888888889,0.0
2008,96.46182620321002,0.6517690959676353,7.89073259848254,0.0533157608005577,7.89073259848254,0.0533157608005577,6.065878648942316,82.50521495578602,13.956611247424856,0.09430142734746524,83.44939322995089,0.9441782741648694,0.0002403712510603028,0.0879218444139131,0.24587028330051908,4076,3928,148,26.54054054054054,0.0
2009,121.89157746717444,1.1608721663540422,5.497719318343561,0.052359231603272015,5.497719318343561,0.052359231603272015,3.3915966368217596,113.00226151201218,8.889315955165321,0.08466015195395543,113.54667690888164,0.5444153968694536,0.0002485915054198418,0.07947524341231245,0.1393049199779739,2295,2190,105,20.857142857142858,0.0
2010,100.12983618893384,0.9102712380812167,5.769409451219282,0.0524491768292662,5.769409451219282,0.0524491768292662,7.5307207459856045,86.82970599172666,13.300130197204886,0.12091027452004442,87.54372309490009,0.7140171031734326,0.0002408964585605373,0.11441920994576135,0.17110672201454236,3074,2964,110,26.945454545454545,0.0
2011,133.88064918144357,0.48332364325430893,13.817058457577094,0.049881077464177234,13.817058457577094,0.049881077464177234,19.523628642715607,100.53996208115302,33.3406871002927,0.12036349133679675,101.25459742432645,0.7146353431734269,0.00024021356073056368,0.11778358035060334,0.75,3252,2975,277,10.740072202166065,0.0
2012,99.61989705220083,0.5791854479779118,8.943893378145383,0.05199938010549641,8.943893378145383,0.05199938010549641,8.997073763064236,81.67892991099268,17.94096714120962,0.10430794849540476,82.53896311248025,0.8600332014875676,0.0002441195576178165,0.09930775546349174,0.7100516769656906,3695,3523,172,20.482558139534884,0.0
2013,127.62533423149819,0.7463469838099309,8.865715962412946,0.051846292177853484,8.865715962412946,0.051846292177853484,6.017419871876086,112.74219839721354,14.883135834289032,0.08703588207186569,113.51655058764538,0.7743521904318413,0.0002467661537386365,0.08250750668919768,0.27818479479913094,3309,3138,171,18.350877192982455,0.0
2014,91.8825596709803,2.7024282256170675,2.3263647130399496,0.06842249155999852,2.3263647130399496,0.06842249155999852,4.089505305465309,85.46668965247454,6.415870018505259,0.1887020593678017,86.26373482737222,0.7970451748976757,0.0002456225500455087,0.1652595542237671,0.3852166444225986,3279,3245,34,95.44117647058823,0.0
2015,123.23269961265794,0.6734027301238139,9.507216606690799,0.05195200331525027,9.507216606690799,0.05195200331525027,12.865642268441547,100.85984073752934,22.372858875132344,0.1222560594269527,101.7065123175447,0.8466715800153679,0.0002444202020829584,0.11762943877111055,0.09595077957908416,3647,3464,183,18.92896174863388,0.0
2016,105.98125470522007,0.4434362121557325,11.839992921761839,0.04953971933791564,11.839992921761839,0.04953971933791564,11.413822195847274,82.72743958761214,23.253815117609115,0.09729629756321806,83.34930170170367,0.6218621140915275,0.00024149985013263202,0.09469436403144937,0.1346025824645949,2814,2575,239,10.774058577405858,0.0
2017,122.32895663369607,1.0637300576843136,5.819645790716928,0.050605615571451545,5.819645790716928,0.050605615571451545,3.648929984672918,112.86038085830899,9.468575775389846,0.0823354415251291,113.26866550069576,0.408284642386775,0.00024389763583439365,0.07878514028695918,0.04039972287012006,1789,1674,115,14.556521739130435,0.0
2018,104.41610072337829,0.6252461121160376,8.536528112488849,0.05111693480532245,8.536528112488849,0.05111693480532245,9.958456860733008,85.92111575015332,18.494984973221857,0.11074841301330454,86.76778733016869,0.8466715800153679,0.0002448442972861099,0.10567852331263236,0.11808566606697468,3625,3458,167,20.706586826347305,0.0
2019,344.08359138990716,0.15018925857263515,107.76213290867673,0.047037159715703505,107.76213290867673,0.047037159715703505,135.25906329193276,101.06239518930363,243.0211962006095,0.10607647149742885,101.09182612607742,0.029430936773792382,0.029430936773792382,0.10606362516972052,0.3510291568393882,2292,1,2291,0.00043649061545176777,0.0
2020,106.37490031224041,0.4359627061977066,11.996690556738027,0.0491667645767952,11.996690556738027,0.0491667645767952,11.698807523156233,82.6794022323474,23.69549807989426,0.09711269704874698,83.22109835884424,0.541696126496845,0.00046023460195144004,0.09489263095654167,0.16038492357978384,1421,1177,244,4.823770491803279,0.0
2021,131.50727312246062,0.5281416591263478,12.324268458924374,0.049495054051905116,12.324268458924374,0.049495054051905116,6.969607502263102,112.21339716127937,19.293875961187474,0.07748544562725894,112.76234917478376,0.5489520135043904,0.0002476102902590845,0.07528081906697531,0.47318395611102915,2466,2217,249,8.903614457831326,0.0
2022,113.81135997868313,0.45891677410759324,12.297802881297027,0.04958791484393962,12.297802881297027,0.04958791484393962,15.680540663597185,85.83301643378473,27.978343544894212,0.11281590139070247,86.68255212389528,0.8495356901105424,0.00024376920806615278,0.10939035425317682,0.08943188113937595,3733,3485,248,14.05241935483871,0.0
2023,119.02280241771837,0.734708656899496,8.605919260848857,0.05312295840030159,8.605919260848857,0.05312295840030159,10.02407812026729,100.39280503660586,18.629997381116148,0.1149999838340503,101.3367245219107,0.943919485304832,0.0002409187047740766,0.1091733203444918,0.307388300574587,4080,3918,162,24.185185185185187,0.0
2024,132.63118038199565,0.2717852057008108,23.56592725514912,0.04829083453924,23.56592725514912,0.04829083453924,27.665541024901586,81.3997121019517,51.231468280050706,0.10498251696731702,81.94140822844855,0.541696126496845,0.0005095918405426575,0.10387248392120306,0.4096859925707008,1551,1063,488,2.17827868852459,0.0
2025,123.28933595638449,1.0814854031261798,6.242704620559993,0.05476056684701749,6.242704620559993,0.05476056684701749,3.1843439298373823,113.8622874059891,9.427048550397377,0.0826934083368191,114.72525002159017,0.8629626156010772,0.0004443679791972591,0.07512356083152913,0.6155159088066284,2056,1942,114,17.035087719298247,0.0
2026,100.07902396282935,0.6334115440685402,8.08998138996519,0.051202413860539184,8.08998138996519,0.051202413860539184,6.799265457280512,85.18977711558051,14.889246847245703,0.09423573953952977,86.00821418892923,0.8184370733487185,0.0005359771272748648,0.089055758062659,0.20660448012472443,1685,1527,158,9.664556962025317,0.0
2027,120.32202748787023,0.6995466714411059,8.864791658162028,0.05153948638466296,8.864791658162028,0.05153948638466296,11.868335144827938,99.58890068488421,20.733126802989965,0.12054143490110444,100.31170132388428,0.7228006390000701,0.00023981441240878237,0.11633910560456949,0.75,3186,3014,172,17.523255813953487,0.0
2028,98.9835251350953,0.5468703046137863,9.434795446141985,0.05212594169139218,9.434795446141985,0.05212594169139218,8.48931703294511,81.05941265600927,17.924112479087093,0.09902824574081266,81.99497421494186,0.9355615589325907,0.0002416847220182358,0.09385939734891405,0.2037082570593043,4052,3871,181,21.386740331491712,0.0
2029,127.29852207605245,0.7401076864886771,8.979373358382107,0.052205659060361086,8.979373358382107,0.052205659060361086,5.653168418617838,112.66598029905629,14.632541776999945,0.08507291730813922,113.52894291465736,0.8629626156010772,0.0005121439855199271,0.08005569279880864,0.0359943697487779,1857,1685,172,9.796511627906977,0.0
2030,107.34445946803163,0.4901573491690942,10.917116849440372,0.04984984862758161,10.917116849440372,0.04984984862758161,12.296819415365462,84.13052320322191,23.213936264805834,0.10599970897171614,84.94896027657063,0.8184370733487185,0.0004249413672630937,0.10226255338566666,0.06955128555051715,2145,1926,219,8.794520547945206,0.0
2031,111.17292490114863,0.9752010956241108,6.194094087232151,0.05433415865993115,6.194094087232151,0.05433415865993115,4.939621182147334,100.03920963177262,11.133715269379486,0.09766416902964462,100.86859275137925,0.8293831196066321,0.00024501716975085144,0.09038887850674894,0.05683079754328446,3499,3385,114,29.69298245614035,0.0
2032,88.4173145938737,1.2280182582482457,4.143969609274139,0.05755513346214082,4.143969609274139,0.05755513346214082,2.326488723165994,81.94685626143485,6.470458332440133,0.08986747683944629,82.72709318620264,0.7802369247677916,0.0002455119335329741,0.07903085288432028,0.2601135718253431,3250,3178,72,44.138888888888886,0.0
2033,140.85326906619088,0.41065093022213084,16.94707518206228,0.04940838245499207,16.94707518206228,0.04940838245499207,11.260115810268758,112.64607807386443,28.20719099233104,0.08223670843245201,113.4431232487621,0.7970451748976757,0.0002456225500455087,0.07991296156684773,0.6384873594162741,3588,3245,343,9.46064139941691,0.0
2034,251.31229691136537,0.1509383164632825,78.32609767959435,0.04704270130906568,78.32609767959435,0.04704270130906568,89.08974595920961,83.89645327257415,167.41584363880395,0.10055005623952189,84.11380108220385,0.21734780962970035,0.0002551030629456577,0.10041951701451142,0.46954738530683926,2517,852,1665,0.5117117117117117,0.0
2035,108.39436847914703,1.0732115691004658,5.193538067233943,0.05142116898251429,5.193538067233943,0.05142116898251429,3.6298960381529923,99.57093437376375,8.823434105386935,0.08736073371670233,100.02254521738973,0.4516108436259856,0.00023781508353132468,0.0828893392253198,0.0242555100953723,2000,1899,101,18.801980198019802,0.0
2036,130.1953246871662,0.2906145640338531,21.957283982170438,0.04901179460305901,21.957283982170438,0.04901179460305901,25.829039181119015,82.409001523884,47.78632316328945,0.10666589991805682,83.22048668041754,0.8114851565335357,0.00024471808098116274,0.10485454912220682,0.32236879584030476,3764,3316,448,7.401785714285714,0.0
2037,132.10225617741486,0.6260770434948572,10.620497364657433,0.05033411073297362,10.620497364657433,0.05033411073297362,7.533953194033984,113.94780561872784,18.154450558691416,0.08604005004119154,114.61528493018699,0.6674793114591466,0.00024001413572784849,0.0828766409821226,0.052828949702529826,2992,2781,211,13.180094786729859,0.0
2038,97.1635837593966,0.6700936810992869,7.559055387759497,0.05213141646730688,7.559055387759497,0.05213141646730688,5.692485785603253,83.91204258603102,13.25154117336275,0.09138993912663965,84.80147444807858,0.8894318620475588,0.00024421522845896723,0.08525592628495188,0.07815138710606107,3787,3642,145,25.117241379310343,0.0
2039,111.13199765270548,0.8614883538969417,6.618818395280436,0.05130866973085609,6.618818395280436,0.05130866973085609,5.177149670105905,99.33602958732268,11.79596806538634,0.09144161290997163,99.8669562242174,0.5309266368947192,0.00025079198719637184,0.08732590254641918,0.27996300631326676,2246,2117,129,16.410852713178294,0.0
2040,109.42242672483388,0.46562734776525055,11.915003919909298,0.050702144340039564,11.915003919909298,0.050702144340039564,14.31326731328204,83.1941554916445,26.228271233191336,0.1116096648220908,84.08345250724557,0.8892970156010733,0.0002451204563398769,0.10782542220250348,0.2309056643355234,3863,3628,235,15.438297872340426,0.0
2041,137.45232356155356,0.46594007986967306,14.65970419645674,0.04969391253036183,14.65970419645674,0.04969391253036183,9.283470909045718,113.50914845605513,23.94317510550246,0.08116330544238122,114.28163932526576,0.7724908692106283,0.00024640857072109353,0.07854469232639931,0.5171164163770072,3430,3135,295,10.627118644067796,0.0
2042,103.11822255940461,0.5514343452374578,9.083303842024653,0.048573817337030235,9.083303842024653,0.048573817337030235,9.804317499929539,84.23060121744714,18.887621341954194,0.10100332268424703,84.69868250776057,0.46808129031342105,0.0002400416873402159,0.0985002141799147,0.052114014986614166,2137,1950,187,10.427807486631016,0.0
2043,107.69678353505947,1.087846298333934,5.24786504295057,0.053008737807581516,5.24786504295057,0.053008737807581516,3.3662787578271036,99.0826397342853,8.614143800777674,0.08701155354320883,99.67344467808482,0.590804943799526,0.0002445384701156978,0.08104382683812775,0.35855246539387053,2515,2416,99,24.404040404040405,0.0
2044,100.18337029426829,0.5596836329288731,9.013189105021944,0.050353011759899126,9.013189105021944,0.050353011759899126,8.005194148851388,83.16498704039662,17.01838325387333,0.09507476678141526,83.79069359142801,0.6257065510313851,0.0002424279546808931,0.09157919945720824,0.32211524169071026,2760,2581,179,14.418994413407821,0.0
2045,125.28288190131963,0.8761040692399974,7.690131906139795,0.05377714619678178,7.690131906139795,0.05377714619678178,2.9223009568246425,114.67044903835864,10.612432862964438,0.07421281722352753,115.61777761262857,0.9473285742699318,0.0002403777148616929,0.06758814187895842,0.2045928512326327,4084,3941,143,27.55944055944056,0.0
2046,99.32651087659502,0.6207906929787189,8.073853732029274,0.05046158582518297,8.073853732029274,0.05046158582518297,7.462748693314438,83.78990845124855,15.536602425343712,0.0971037651583982,84.49510919513756,0.7052007438890087,0.00034450451582267156,0.09269626050910915,0.16319053948052442,2207,2047,160,12.79375,0.0
2047,109.72900930140742,0.9541652982731079,6.283847423012183,0.05464215150445377,6.283847423012183,0.05464215150445377,4.502145153355286,98.94301672504326,10.78599257636747,0.09379123979449973,99.78968830505863,0.8466715800153679,0.00024491512294340986,0.08642887822911986,0.5090454252078871,3572,3457,115,30.06086956521739,0.0
2048,99.94365565803844,0.7687973512156803,7.008650901627574,0.05391269924328903,7.008650901627574,0.05391269924328903,7.6099678881909085,85.32503686822054,14.618618789818482,0.11245091376783448,86.2692151423854,0.9441782741648694,0.00024067761258344874,0.10518800396656179,0.1012279318699143,4053,3923,130,30.176923076923078,0.0
2049,125.45798713656586,1.2545798713656586,5.456528303186175,0.054565283031861755,5.456528303186175,0.054565283031861755,3.3693885832046817,116.63207025017721,8.825916886390857,0.08825916886390857,117.4155866666506,0.7835164164733897,0.00024569345138707735,0.08042400469915265,0.75,3289,3189,100,31.89,0.0
2050,389.095334160707,0.12588008222604563,146.16333488395708,0.04728674696989876,146.16333488395708,0.04728674696989876,160.5062273034166,82.4257719733555,306.6695621873737,0.09921370501047354,83.1309727172445,0.7052007438890087,0.000735350097903033,0.09898555853881026,0.003863120815253751,4050,959,3091,0.3102555807182142,0.0
2051,111.56757087768659,1.1743954829230168,5.219261548077261,0.05493959524291854,5.219261548077261,0.05493959524291854,5.97255688376913,100.37575244584201,11.191818431846391,0.11780861507206727,101.08976954901544,0.7140171031734326,0.0002408964585605373,0.11029264556495946,0.6917899243342731,3059,2964,95,31.2,0.0
2052,115.65296686137486,0.39204395546228765,14.682914680835005,0.04977259213842374,14.682914680835005,0.04977259213842374,16.896490083308436,84.07356209723588,31.57940476414344,0.10704882970896082,84.88654997376938,0.8129878765334979,0.00024436064819161345,0.10429293860205249,0.75,3622,3327,295,11.277966101694915,0.0
2053,428.3353335982227,0.13961386362393177,145.53063468655031,0.04743501782482083,145.53063468655031,0.04743501782482083,166.86596234999797,115.93873656168233,312.3965970365483,0.10182418417097402,116.1680968157554,0.2293602540730717,0.00025149150665906985,0.10174942528763602,0.031197059818737216,3980,912,3068,0.29726205997392435,0.0
2054,112.89740874764158,0.4032050312415771,13.884726926826797,0.049588310452952845,13.884726926826797,0.049588310452952845,16.627080543339844,82.38560127747297,30.51180747016664,0.10897074096488087,83.29954761628841,0.9139463388154354,0.00024300620548137075,0.1057066468976899,0.75,4041,3761,280,13.432142857142857,0.0
2055,115.13702442686292,1.1748675961924788,5.594021499926453,0.05708185204006584,5.594021499926453,0.05708185204006584,9.43616333501268,100.10683959192477,15.030184834939131,0.15336923300958297,101.05431536619471,0.9474757742699467,0.00024011043443232302,0.1437011128639613,0.16296334498377973,4044,3946,98,40.265306122448976,0.0
2056,92.53394510534912,1.0397072483747092,4.58109851233373,0.05147301699251382,4.58109851233373,0.05147301699251382,4.079920714424361,83.87292587859116,8.661019226758091,0.09731482277256281,84.3167258624481,0.443799983856934,0.00023937431707493742,0.0923283061000115,0.06946369037569866,1943,1854,89,20.831460674157302,0.0
2057,129.2901056711325,0.7931908323382362,8.16359230716712,0.05008338838752834,8.16359230716712,0.05008338838752834,6.030436383302344,115.09607698066469,14.194028690469464,0.08707993061637707,115.63121366940908,0.5351366887443874,0.00025018078015165375,0.08379688344615592,0.23183888927360385,2302,2139,163,13.122699386503067,0.0
2058,115.24562717887346,0.4072283645896589,13.598984385377543,0.04805294835822453,13.598984385377543,0.04805294835822453,17.84426303732789,83.80237975616791,31.443247422705433,0.11110688135231601,84.27889764558171,0.4765178894137989,0.0002399385143070488,0.10942307255580125,0.057200238249379254,2269,1986,283,7.017667844522968,0.0
2059,132.9199310173151,0.4490538210044429,14.889443708969468,0.05030217469246442,14.889443708969468,0.05030217469246442,16.94325600914533,101.08723129920202,31.832699718114796,0.10754290445309053,101.94534559957037,0.8581143003683565,0.00024433778484292607,0.10464386965454298,0.6166482225574441,3808,3512,296,11.864864864864865,0.0
2060,111.50306969622937,0.38582377057518813,14.478271616981349,0.050097825664295326,14.478271616981349,0.050097825664295326,13.577806707945456,83.44699137130698,28.056078324926805,0.09707985579559449,84.33948916973856,0.8924977984315774,0.0002445869549004049,0.09399162811934539,0.2007847636315887,3938,3649,289,12.626297577854672,0.0
2061,203.74216711846924,0.22169985540638654,44.21905547356056,0.04811649126611595,44.21905547356056,0.04811649126611595,44.00204783590482,115.52106380901336,88.22110330946538,0.09599684799724198,116.06642011140656,0.545356302393202,0.000247551657917931,0.0954034243820051,0.3734853522962567,3122,2203,919,2.397170837867247,0.0
2062,93.53604726194169,1.0392894140215743,4.671592598312443,0.051906584425693805,4.671592598312443,0.051906584425693805,5.523779171580827,83.34067549204701,10.19537176989327,0.11328190855436968,83.88918078555139,0.5485052935043768,0.000248192440499718,0.10718740529322557,0.11977592514466551,2300,2210,90,24.555555555555557,0.0
2063,111.73118746442196,1.8937489400749485,3.6972105261829227,0.06266458518954106,3.6972105261829227,0.06266458518954106,6.445343866509575,101.58863307172987,10.142554392692498,0.17190770157105928,102.50856354637642,0.9199304746465486,0.00024170532702221456,0.15631565962789054,0.1907047817574039,3865,3806,59,64.50847457627118,0.0
2064,104.205856944262,0.5920787326378523,8.792326021710169,0.04995639785062596,8.792326021710169,0.04995639785062596,11.25295863605902,84.16057228649333,20.045284657769187,0.11389366282823402,84.73495993632685,0.5743876498335112,0.0002473676355872141,0.11063009663599517,0.11128270673054885,2498,2322,176,13.193181818181818,0.0
2065,123.34653139437899,1.4177762229238964,4.432369842307224,0.05094677979663476,4.432369842307224,0.05094677979663476,3.345309261772968,115.56885229029956,7.7776791040801925,0.08939861039172635,115.94430711739597,0.3754548270964051,0.00024443673639088875,0.08508303766647149,0.07580440747437933,1623,1536,87,17.655172413793103,0.0
2066,111.6793458697083,0.46924094903238783,11.741792517012142,0.04933526267652161,11.741792517012142,0.04933526267652161,15.768688583469157,84.16886476922605,27.5104811004813,0.11559025672471135,84.89166540822612,0.7228006390000701,0.00023965538428384286,0.11255327924992513,0.1797786280770879,3254,3016,238,12.672268907563025,0.0
2067,117.79779620911961,1.0068187710181162,5.836291808491784,0.04988283597001525,5.836291808491784,0.04988283597001525,9.991735731388303,101.96976866923865,15.828027539880086,0.13528228666564177,102.26990416307137,0.30013549383272675,0.00026008275028832476,0.1327170260346003,0.171929134855759,1271,1154,117,9.863247863247864,0.0
2068,315.2488625787192,0.14588100998552483,102.0384854242988,0.04721817928010125,102.0384854242988,0.04721817928010125,128.92888321369946,84.28149394073313,230.96736863799828,0.10687985591762993,84.40487067352223,0.12337673278909733,0.0002747811420692591,0.10682276349153029,0.02595382518649103,2610,449,2161,0.2077741786210088,0.0
2069,135.1390581532434,0.6314909259497355,10.473215799927893,0.0489402607473266,10.473215799927893,0.0489402607473266,8.392742892100841,116.27309946121562,18.865958692028734,0.08815868547676979,116.72657592925981,0.45347646804418673,0.00023804539004944184,0.08603963656067104,0.75,2119,1905,214,8.901869158878505,0.0
2070,107.67971950719823,0.503176259379431,10.663625084492866,0.049830023759312454,10.663625084492866,0.049830023759312454,13.230791291136939,83.78530313156682,23.894416375629802,0.11165615128798972,84.55779400077745,0.7724908692106283,0.000246644594256267,0.10804638087112514,0.15847931661704706,3346,3132,214,14.63551401869159,0.0
2071,108.44069724002424,2.78053069846216,2.581436292126688,0.06619067415709456,2.581436292126688,0.06619067415709456,4.116792867530421,101.74246808036736,6.698229159657108,0.17174946563223356,102.50494008743163,0.7624720070642752,0.0002464356842483113,0.15219890134852823,0.4577256895840378,3133,3094,39,79.33333333333333,0.0
2072,104.07857081956968,0.5152404496018301,10.332760509636328,0.05115227975067489,10.332760509636328,0.05115227975067489,11.037222894653723,82.70858741528048,21.369983404290053,0.10579199705094086,83.59171871567162,0.8831313003911418,0.00044988858909380636,0.10142005992028742,0.6143145991256347,2165,1963,202,9.717821782178218,0.0
2073,132.44686280743554,0.7655888023551187,8.940843183937137,0.051681174473625066,8.940843183937137,0.051681174473625066,6.6573739918680985,116.84864563163103,15.598217175805235,0.090163105062458,117.71160278876562,0.8629571571345878,0.00024391101106121756,0.0851749134027163,0.11578875224120111,3711,3538,173,20.45086705202312,0.0
2074,355.73397760051614,0.1287491775608093,130.2858711231929,0.04715377166963188,130.2858711231929,0.04715377166963188,142.0720435596544,83.37606291769498,272.3579146828473,0.09857325902383182,83.61980728580284,0.24374436810785483,0.00024157023598399884,0.09848504173532874,0.13357908341731672,3772,1009,2763,0.3651827723488961,0.0
2075,128.00765757857528,0.49233714453298183,13.068485696825208,0.0502634065262508,13.068485696825208,0.0502634065262508,13.312425742436972,101.62674613931483,26.380911439262178,0.10146504399716222,102.39296492681115,0.7662187874963138,0.00024653114140808037,0.09851804866063127,0.20668377367508128,3368,3108,260,11.953846153846154,0.0
2076,91.09440675318359,0.9019248193384514,5.573560452942813,0.055183766860819924,5.573560452942813,0.055183766860819924,3.3308345328507585,82.19001176738999,8.904394985793571,0.08816232659201556,83.07314306778113,0.8831313003911418,0.0004955843436538394,0.07941845233071743,0.06252403855688726,1883,1782,101,17.643564356435643,0.0
2077,121.08889231368931,3.1048433926587005,2.1582810670505794,0.05534054018078409,2.1582810670505794,0.05534054018078409,1.6612287508753525,117.2693824957642,3.819509817925932,0.097936149177588,117.63702938148305,0.3676468857188411,0.00024740705633838567,0.08850930595400687,0.03943339735212703,1525,1486,39,38.1025641025641,0.0
2078,122.47688992284492,0.33101862141309435,18.181559460120422,0.049139349892217354,18.181559460120422,0.049139349892217354,19.54196385805983,84.75336660466286,37.723523318180256,0.1019554684275142,85.59456495801152,0.8411983533486591,0.0002444633401187617,0.0996819593644146,0.07553793369879713,3811,3441,370,9.3,0.0
2079,112.42591463902829,1.8737652439838048,3.590244872489286,0.059837414541488096,3.590244872489286,0.059837414541488096,6.581968153575417,102.25370161296314,10.172213026064703,0.16953688376774506,103.03721802943653,0.7835164164733897,0.00024569345138707735,0.15647827682652934,0.6824139205243114,3249,3189,60,53.15,0.0
2080,110.72036098844052,0.4834950261503953,11.474859204147192,0.050108555476625294,11.474859204147192,0.050108555476625294,14.84126791516519,84.40423386913261,26.316127119312384,0.1149175856738532,85.1124656381433,0.7082317690106947,0.0002407313966725679,0.11182487052531534,0.21636549867884014,3171,2942,229,12.847161572052402,0.0
2081,135.45304287599504,0.6806685571658042,9.967245921661933,0.05008666292292428,9.967245921661933,0.05008666292292428,8.490259870396699,116.99553708393728,18.457505792058633,0.0927512853872293,117.64769598523765,0.6521589013003677,0.0003322256247072683,0.08947410497868036,0.13514003359495064,2162,1963,199,9.864321608040202,0.0
2082,101.11758411605933,0.7222684579718524,7.145572097998134,0.05103980069998667,7.145572097998134,0.05103980069998667,8.801041846789303,85.1709701712715,15.946613944787437,0.11390438531991026,85.86529979636714,0.6943296250956337,0.00024158998785512654,0.10894488799780139,0.04133997860856198,3014,2874,140,20.52857142857143,0.0
2083,116.81418956197513,0.9270967425553581,6.5409621433804555,0.05191239796333695,6.5409621433804555,0.05191239796333695,7.536751769973762,102.73647564862074,14.077713913354216,0.11172788820122394,103.37116927823831,0.6346936296175727,0.00024299143553505845,0.1066906371725144,0.10006913027586961,2738,2612,126,20.73015873015873,0.0
2084,95.19969230127538,1.2205088756573765,4.515940407369345,0.057896671889350576,4.515940407369345,0.057896671889350576,5.920483240970839,84.76326865293584,10.436423648340185,0.13380030318384853,85.66156411690417,0.8982954639683385,0.0002430453095152431,0.12228369467142568,0.11944435162320133,3774,3696,78,47.38461538461539,0.0
2085,128.34157184995598,0.9233206607910502,7.12553573481147,0.05126284701303216,7.12553573481147,0.05126284701303216,4.929336435838195,116.28669967930688,12.054872170649665,0.08672569906942205,116.93885858060725,0.6521589013003677,0.0008151986266254596,0.08203390841258085,0.4479839441227682,939,800,139,5.755395683453237,0.0
2086,94.29679759483872,1.2742810485789016,4.182409543515502,0.05651904788534462,4.182409543515502,0.05651904788534462,5.089523461038198,85.02486459028421,9.271933004553699,0.12529639195342837,85.82175360518181,0.7968890148976016,0.00024610531652180404,0.11452762148185014,0.1729377800610905,3312,3238,74,43.75675675675676,0.0
2087,109.32983864259342,3.526768988470755,2.1877467395293793,0.07057247546868965,2.1877467395293793,0.07057247546868965,4.488862011798005,102.65322989126577,6.676608751327384,0.21537447584927047,103.41731277832997,0.7640828870642054,0.0002463988671603371,0.19072664078269172,0.26576879425027755,3132,3101,31,100.03225806451613,0.0
2088,105.17015096526325,0.510534713423608,10.23416492614821,0.04968041226285539,10.23416492614821,0.04968041226285539,9.841431778448282,85.09455426067098,20.075596704596492,0.09745435293493443,85.64350627417537,0.5489520135043904,0.0002476102902590845,0.09478953733537807,0.28867395343553426,2423,2217,206,10.762135922330097,0.0
2089,139.11725655113207,0.5587038415708115,12.601522636115563,0.05060852464303439,12.601522636115563,0.05060852464303439,9.761569098322525,116.75416481669504,22.363091734438086,0.08981161339131762,117.67409529134159,0.9199304746465486,0.00024170532702221456,0.08611711349313449,0.07437477811754434,4055,3806,249,15.285140562248996,0.0
2090,92.32757821269689,1.4891544873015627,3.437513118701322,0.05544375997905358,3.437513118701322,0.05544375997905358,3.9418134292587865,84.948251664736,7.379326547960108,0.11902139593484046,85.55846777596213,0.6102161112261228,0.00024138295539008023,0.10917920059249618,0.43092046969007924,2590,2528,62,40.774193548387096,0.0
2091,118.92429144782813,0.7078826871894531,8.35312125239103,0.0497209598356609,8.35312125239103,0.0497209598356609,8.697826618349836,101.87334357708681,17.050947870740867,0.1014937373258385,102.34278078650067,0.46943720941385436,0.0005286455060966828,0.09869946822218724,0.75,1056,888,168,5.285714285714286,0.0
2092,103.65826342314199,0.5758792412396777,9.295185135176327,0.05163991741764626,9.295185135176327,0.05163991741764626,9.014750324642478,85.34832796332705,18.309935459818803,0.10172186366566002,86.17500941713286,0.8266814538058043,0.00024487009887612686,0.09712918892227296,0.2565922943136343,3556,3376,180,18.755555555555556,0.0
2093,478.942598856041,0.1336335376272436,169.49243104808394,0.04729141491296985,169.49243104808394,0.04729141491296985,193.3822135417853,116.0679542661714,362.87464458986926,0.1012485057449412,116.15709364109983,0.08913937492843615,0.0003149801234220359,0.10122363426756172,0.1686282611664751,3867,283,3584,0.07896205357142858,0.0
2094,91.87659572106446,1.5840792365700769,3.291583439418327,0.056751438610660815,3.291583439418327,0.056751438610660815,3.828784862821408,84.75622741882404,7.120368302239735,0.12276497072827129,85.4067499058147,0.650522486990667,0.00024174005462306464,0.1115490657801682,0.046050925515146446,2749,2691,58,46.39655172413793,0.0
2095,108.42187496158436,2.2587890616996744,2.7022049042120178,0.056295935504417034,2.7022049042120178,0.056295935504417034,4.713754427479785,101.00591562989183,7.415959331691802,0.1544991527435792,101.47535283930569,0.46943720941385436,0.000424830053768194,0.14471921088080583,0.3961564661997272,1153,1105,48,23.020833333333332,0.0
2096,123.29267827158827,0.37474978198051145,15.883462921897685,0.04827800280212062,15.883462921897685,0.04827800280212062,21.654539283770987,85.75467606592616,37.538002205668676,0.11409727114185007,86.10334989848769,0.3486738325615306,0.00024763766517154164,0.11303747225866438,0.0463613208961533,1737,1408,329,4.279635258358662,0.0
2097,126.07373929861222,0.9773158085163738,6.957296329320618,0.05393252968465596,6.957296329320618,0.05393252968465596,2.9674357507569766,116.14900721853468,9.924732080077595,0.07693590759750074,117.10183805404091,0.9528308355062336,0.0002404317021211793,0.06954962205094041,0.31852151398152273,4092,3963,129,30.72093023255814,0.0
2098,102.42935456748359,0.6170443046233951,7.872877938859608,0.04742697553529884,7.872877938859608,0.04742697553529884,10.07827818884084,84.47819843978272,17.95115612770045,0.10813949474518343,84.6697861434863,0.1915877037035898,0.00025275422652188626,0.10698535195179085,0.1675121649545872,924,758,166,4.566265060240964,0.0
2099,161.10271320065112,0.28768341642973416,27.289616931252453,0.04873145880580795,27.289616931252453,0.04873145880580795,33.1130824420444,100.70001382735768,60.402699373296855,0.10786196316660153,101.39885776482276,0.6988439374650852,0.0002413135143180543,0.10661402756397921,0.6219258082290366,3456,2896,560,5.171428571428572,0.0
2100,94.56998404389304,1.4114922991625827,3.6512843434398734,0.054496781245371245,3.6512843434398734,0.054496781245371245,5.834394379628975,85.08430532082463,9.485678723068848,0.14157729437416192,85.63325733432902,0.5489520135043904,0.0002473871173972016,0.1333839807397616,0.19529623758290882,2286,2219,67,33.11940298507463,0.0
2101,130.33515967538114,0.8689010645025409,7.823399908955041,0.05215599939303361,7.823399908955041,0.05215599939303361,5.716874028781945,116.79488573764485,13.540273937736986,0.09026849291824657,117.60637089417838,0.8114851565335357,0.00024471808098116274,0.08485859187468502,0.25667255210396434,3466,3316,150,22.106666666666666,0.0
2102,98.6284515594325,0.7528889432017749,6.9697001155159635,0.053203817675694376,6.9697001155159635,0.053203817675694376,7.335326559991586,84.32342488392453,14.305026675507548,0.10919867691227136,85.24747190639494,0.924047022470404,0.00024246838689855787,0.10214488284761504,0.015131857836024665,3942,3811,131,29.091603053435115,0.0
2103,122.6334806182777,0.5355173826125664,11.36855609337004,0.0496443497527076,11.36855609337004,0.0496443497527076,10.294973152566968,100.96995137234211,21.663529245937006,0.09460056439273802,101.5189033858465,0.5489520135043904,0.00024749865351866114,0.09220339402808385,0.008602253852870945,2447,2218,229,9.685589519650655,0.0
2104,133.4773449178598,0.3303894676184648,19.85502114570868,0.049146091944823465,19.85502114570868,0.049146091944823465,28.54891835939827,85.073405412758,48.40393950510695,0.11981173144828453,85.86251626453293,0.7891108517749217,0.0002464431142332672,0.11785848676566056,0.46883535583486946,3606,3202,404,7.925742574257426,0.0
2105,140.72156508829516,0.531024773918095,13.217479916305644,0.04987728270304016,13.217479916305644,0.04987728270304016,10.3690757564558,117.13500941553605,23.586555672761442,0.08900587046325073,117.89270200771864,0.7576925921825932,0.0002458444491182976,0.08614665313425104,0.7259620399173627,3347,3082,265,11.630188679245283,0.0
2106,396.0584866625371,0.1268198804555034,147.11207391591392,0.047106011500452745,147.11207391591392,0.047106011500452745,165.17815792685417,83.76825481979165,312.2902318427681,0.09999687218788604,83.80120507763911,0.03295025784746031,0.00156905989749811,0.09998632135283318,0.2758174369981816,3144,21,3123,0.0067243035542747355,0.0
2107,109.93467893041196,0.9904025128865943,5.9092862102470525,0.0532368127049284,5.9092862102470525,0.0532368127049284,4.338444237948465,99.68694848221588,10.247730448195519,0.09232189592968935,100.40393996679364,0.7169914845777612,0.0002405204577583902,0.08586251318575062,0.36134007088020326,3092,2981,111,26.855855855855857,0.0
2108,107.00318975455394,0.5095389988312092,10.544637926422102,0.05021256155439096,10.544637926422102,0.05021256155439096,12.092079011044916,84.36647281709185,22.636716937467018,0.10779389017841437,85.00375253909903,0.6372797220071789,0.00024277322743130624,0.10475922483549961,0.13292389964533413,2835,2625,210,12.5,0.0
2109,135.38226720786184,0.7917091649582564,8.574413667772415,0.05014276998697319,8.574413667772415,0.05014276998697319,7.8948155854653805,118.91303795462494,16.469229253237796,0.09631128218267716,119.4497126751782,0.5366747205532647,0.0002496161490945417,0.09317283352446573,0.4621534443449491,2321,2150,171,12.573099415204679,0.0
2110,108.30726303881374,0.4230752462453662,12.667278074038999,0.04948155497671484,12.667278074038999,0.04948155497671484,12.167881011357167,83.47210395341699,24.835159085396164,0.09701234017732877,84.15147473582522,0.6793707824082276,0.00024048523271087702,0.09435854805854893,0.06580701178023673,3081,2825,256,11.03515625,0.0
2111,121.29110804200917,0.5273526436609094,11.486321248728244,0.04994052716838367,11.486321248728244,0.04994052716838367,10.275178552768466,99.52960824051405,21.76149980149671,0.09461521652824657,100.1458206856243,0.61621244511025,0.00024146255686138322,0.09193603198428205,0.30704038829929914,2782,2552,230,11.095652173913043,0.0
2112,122.7946324584766,0.35800184390226414,16.98962949903695,0.049532447519058165,16.98962949903695,0.049532447519058165,21.35431079299758,84.45069216644708,38.34394029203453,0.11178991338785578,85.2503185555181,0.7996263890710225,0.000245434741887975,0.10945864111649706,0.0022958753124271425,3601,3258,343,9.498542274052479,0.0
2113,156.21674274041328,0.3915206584972764,19.88704585247333,0.04984222018163742,19.88704585247333,0.04984222018163742,16.54216363402213,119.7875332539191,36.429209486495466,0.09130127690850993,120.64911653540668,0.861583281487583,0.00024366043028494996,0.08914192031329976,0.1761698148742994,3935,3536,399,8.862155388471178,0.0
2114,94.66929643823642,0.8931065701720416,5.8092843744435605,0.05480456957022227,5.8092843744435605,0.05480456957022227,4.89705640500074,83.96295565879211,10.7063407794443,0.10100321490041793,84.88059661223735,0.9176409534452432,0.00024212162360032801,0.09234622477357604,0.1167822184042393,3896,3790,106,35.75471698113208,0.0
2115,128.92318988074084,0.40288496837731513,15.817672084942263,0.04943022526544457,15.817672084942263,0.04943022526544457,13.495420879683365,99.61009691611508,29.31309296462563,0.09160341551445508,100.20665916449303,0.5965622483779498,0.00024369372891256118,0.08973915848827438,0.24047586091825224,2768,2448,320,7.65,0.0
2116,95.84033907524258,0.7606376117082745,6.799022288621138,0.05396049435413602,6.799022288621138,0.05396049435413602,4.035247916143703,85.00606887048116,10.834270204764842,0.08598627146638763,85.9022403397829,0.8961714693017484,0.0002440554110298879,0.0788737994877752,0.2747191280580523,3798,3672,126,29.142857142857142,0.0
2117,133.5332326534185,1.131637564859479,6.249572775835746,0.052962481151150397,6.249572775835746,0.052962481151150397,6.325000534967103,120.95865934261622,12.57457331080285,0.10656418060002415,121.66689111162691,0.7082317690106947,0.00024056785632156752,0.100562216455861,0.23961653616891,3062,2944,118,24.949152542372882,0.0
2118,95.82905227286204,0.9040476629515287,5.439780541169318,0.05131868435065395,5.439780541169318,0.05131868435065395,6.10260038920228,84.28667134249048,11.542380930371598,0.10889038613558111,84.83236556488367,0.5456942223931947,0.0002481556263725305,0.1037423274337582,0.1650268409350133,2305,2199,106,20.745283018867923,0.0
2119,133.7763970680923,0.38004658257980767,17.603439219727854,0.050009770510590495,17.603439219727854,0.050009770510590495,16.47978735540039,99.69317049296416,34.08322657512824,0.09682734822479615,100.53503316631287,0.8418626733487145,0.00024408891659864147,0.09443569290278249,0.16728657203361763,3801,3449,352,9.798295454545455,0.0
2120,87.25944406965914,4.847746892758841,1.3205761466570625,0.07336534148094792,1.3205761466570625,0.07336534148094792,0.6102161112261228,85.32865181177624,1.9307922578831853,0.10726623654906585,85.85368730721609,0.5250354954398517,0.0002501360149784906,0.07809759791350264,0.001658578869125904,2117,2099,18,116.61111111111111,0.0
2121,134.72944421077074,1.0692813032600852,6.792608546036643,0.05390959163521145,6.792608546036643,0.05390959163521145,6.615068131874182,121.32176753286052,13.407676677910825,0.10641013236437162,122.19417927595867,0.8724117430981551,0.0002436904310330042,0.09948622964136557,0.20054168498535319,3706,3580,126,28.41269841269841,0.0
2122,185.56716000955777,0.1839119524376192,47.846977367547744,0.047420195607083986,47.846977367547744,0.047420195607083986,53.02748928187066,84.69269336014662,100.8744666494184,0.09997469439982001,85.23018728069991,0.5374939205532883,0.00024930144738093146,0.09944199477587498,0.002980437658493429,3165,2156,1009,2.136769078295342,0.0
2123,114.2107478511806,0.6563836083401184,8.882877512594192,0.05105102018732294,8.882877512594192,0.05105102018732294,4.615331825285352,100.71253851330175,13.498209337879544,0.07757591573493991,101.40686813839739,0.6943296250956337,0.00024117041510789638,0.07358551559070813,0.18844607549823422,3053,2879,174,16.54597701149425,0.0
2124,99.81528648131041,0.665435243208736,7.664986730885727,0.05109991153923818,7.664986730885727,0.05109991153923818,6.534904617925804,85.61539513250273,14.19989134881153,0.0946659423254102,86.22561124372885,0.6102161112261228,0.00024166974702024668,0.09059783491721039,0.08030652104685032,2675,2525,150,16.833333333333332,0.0
2125,128.60880481370577,1.6702442183598152,4.362143870141513,0.056651219092746924,4.362143870141513,0.056651219092746924,2.6007394566678386,121.6459214868969,6.962883326809352,0.09042705619232924,122.40839349396117,0.7624720070642752,0.0002464356842483113,0.08052482233434549,0.75,3171,3094,77,40.18181818181818,0.0
2126,112.71943092830975,0.37201132319574176,15.122906990943804,0.049910584128527405,15.122906990943804,0.049910584128527405,13.017424595375587,84.57909934198926,28.14033158631939,0.0928723814730013,85.44694352611248,0.8678441841232143,0.00024425673631387965,0.0900082092481758,0.004322808260667443,3856,3553,303,11.726072607260726,0.0
2127,119.61626231640582,0.5892426715093882,10.208929414880188,0.05029029268413886,10.208929414880188,0.05029029268413886,8.351769174641731,101.05556372688625,18.56069858952192,0.09143201275626561,101.67290001199649,0.6173362851102411,0.00024161889828189475,0.08839094731236125,0.41937194232730235,2758,2555,203,12.586206896551724,0.0
2128,100.55841038919448,0.6887562355424279,7.748509979438879,0.05307198616054026,7.748509979438879,0.05307198616054026,7.476665555588625,85.33323485417111,15.225175535027503,0.10428202421251714,86.20920941524514,0.875974561074031,0.00024393610723309135,0.09828219845170778,0.2802397457111283,3737,3591,146,24.595890410958905,0.0
2129,135.25380562541363,0.8670115745218823,7.660514286177763,0.049105860808831815,7.660514286177763,0.049105860808831815,6.299022821903918,121.29426851733308,13.959537108081681,0.08948421223129283,121.62294793067099,0.32867941333790895,0.0002541990822412289,0.08737729291501695,0.41019048032899263,1449,1293,156,8.288461538461538,0.0
2130,103.67843387454252,0.45673318887463665,11.25769428834941,0.04959336690902824,11.25769428834941,0.04959336690902824,8.68495588302892,83.73578370316409,19.942650171378332,0.08785308445541115,84.3500355509774,0.614251847813307,0.00024183143614697126,0.08514712917870099,0.6013576545809656,2767,2540,227,11.189427312775331,0.0
2131,106.74142878388398,1.2557815151045173,4.427663739908862,0.052090161645986614,4.427663739908862,0.052090161645986614,1.9609496864674156,100.35281535750812,6.388613426376278,0.07516015795736797,100.83303943917679,0.48022408166866626,0.00023844294025256518,0.06951046287890811,0.028296773867282354,2099,2014,85,23.694117647058825,0.0
2132,112.18772236837867,0.42495349381961617,13.173873542981196,0.04990103614765605,13.173873542981196,0.04990103614765605,13.396075374448287,85.61777345095561,26.569948917429485,0.10064374589935411,86.31875323068971,0.700979779734098,0.0002408865222453945,0.09798851946094304,0.0253183006539075,3174,2910,264,11.022727272727273,0.0
2133,138.6293441308751,0.7296281270046058,9.850686347036028,0.051845717615979094,9.850686347036028,0.051845717615979094,7.093024663639653,121.68563312020194,16.94371101067568,0.08917742637197727,122.57476162224941,0.8891285020474697,0.0002447367195286182,0.08449780267697729,0.040305673593479696,3823,3633,190,19.121052631578948,0.0
2134,110.861073073218,0.3889862213095368,14.306917065154087,0.05019970900054065,14.306917065154087,0.05019970900054065,11.513740885514721,85.04041512254821,25.82065795066881,0.0905987998269081,85.92984698459577,0.8894318620475588,0.00024394730171353778,0.08747798627586746,0.05327728402869525,3931,3646,285,12.79298245614035,0.0
2135,126.44978082492753,0.48448191886945413,12.918572949497765,0.04949644808236692,12.918572949497765,0.04949644808236692,11.584095335949428,101.94711253948128,24.502668285447193,0.09387995511665591,102.43902941871829,0.4919168792370101,0.0002403111281079678,0.09199521611574421,0.1868776037040334,2308,2047,261,7.842911877394636,0.0
2136,114.18327852345715,0.442570846990144,12.72761700963875,0.049331848874568804,12.72761700963875,0.049331848874568804,15.043967941901883,86.41169357192246,27.771584951540632,0.10764180213775439,86.94396324881711,0.5322696768946571,0.00025059777631575194,0.10557874137457378,0.422139748657969,2382,2124,258,8.232558139534884,0.0
2137,135.69662029513358,0.8986531145373086,7.674597520863875,0.05082514914479387,7.674597520863875,0.05082514914479387,5.66624419360096,122.35577858067074,13.340841714464835,0.08834994512890619,122.93444160059892,0.5786630199281717,0.00024718625370703616,0.0845177396989051,0.07776317484376705,2492,2341,151,15.503311258278146,0.0
2138,104.52107934110563,0.5839166443637186,8.962573047501508,0.05007024048883524,8.962573047501508,0.05007024048883524,8.585069467411017,86.97343682619316,17.547642514912525,0.09803152242967891,87.51653830306259,0.543101476869424,0.0002489007685011109,0.09499743596672092,0.12641658167183323,2361,2182,179,12.189944134078212,0.0
2139,136.296326811055,0.455840557896505,14.972083855247785,0.05007385904765146,14.972083855247785,0.05007385904765146,17.756395439462153,103.56784751634655,32.72847929470994,0.10945979697227405,104.26882729608064,0.700979779734098,0.00024130112899624714,0.10711538299322526,0.11672275300270485,3204,2905,299,9.715719063545151,0.0
2140,107.77795254764192,0.5036352922787005,10.922736851198879,0.051040826407471394,10.922736851198879,0.051040826407471394,10.2687924656733,86.58642323077584,21.191529316872177,0.09902583792930925,87.37719552255078,0.7907722917749425,0.00024626978878073574,0.0953306403041642,0.13023052631319842,3425,3211,214,15.004672897196262,0.0
2141,151.69762303632956,0.5230952518494123,16.615803064020383,0.05729587263455305,16.615803064020383,0.05729587263455305,12.72885179895627,122.35296817335427,29.344654862976654,0.10118846504474709,123.15723669470856,0.8042685213542882,0.00024320185102941886,0.09841512531593449,0.2081035662569093,3597,3282,315,10.41904761904762,1.0
2142,100.71368537393425,0.6374283884426218,8.335841282166458,0.05275848912763581,8.335841282166458,0.05275848912763581,5.695005244182198,86.68283884758478,14.030846526348656,0.08880282611613073,87.58207773878553,0.8992388912007527,0.0002427750786179138,0.0831114407287894,0.75,3862,3704,158,23.443037974683545,0.0
2143,130.81054522907243,0.49362469897763184,13.436253017528083,0.05070284157557767,13.436253017528083,0.05070284157557767,14.25779875660146,103.11649345494368,27.69405177412954,0.10450585575143223,103.88454648243999,0.7680530274963075,0.0002467243904581778,0.10160754244012243,0.0639997485668573,3378,3113,265,11.747169811320754,0.0
2144,99.61710768202067,1.364617913452338,4.4042573141556645,0.06033229197473513,4.4042573141556645,0.06033229197473513,5.40134510625046,89.81150526161628,9.805602420406125,0.13432332082748116,90.77119339189426,0.959688130277982,0.00024076470905117463,0.1211769080839235,0.2880362000610148,4059,3986,73,54.602739726027394,0.0
2145,145.5551136390768,0.570804367212066,13.007077267981057,0.05100814614894532,13.007077267981057,0.05100814614894532,7.21905850803023,125.32897786306626,20.226135776011287,0.07931817951376975,126.14196573959975,0.8129878765334979,0.0002444341180196927,0.07612999176265511,0.47075020284967195,3581,3326,255,13.04313725490196,0.0
2146,115.0589261231504,0.4199230880406949,13.708439816571264,0.05003080225026009,13.708439816571264,0.05003080225026009,13.961107118589439,87.389379187989,27.669546935160703,0.10098374793854271,88.19768734927891,0.808308161289915,0.0002443495046221025,0.09803371815281567,0.26513824479513914,3582,3308,274,12.072992700729927,0.0
2147,120.16069558947754,0.7853640234606375,8.25326832073465,0.05394293020088006,8.25326832073465,0.05394293020088006,7.31697798163998,104.59044928710341,15.57024630237463,0.10176631570179497,105.51601142472714,0.9255621376237286,0.00024166113253883253,0.0957168899656889,0.4883681967493203,3983,3830,153,25.03267973856209,0.0
2148,105.7055402858889,0.832327088865267,6.467747036156512,0.050927142016980405,6.467747036156512,0.050927142016980405,9.040150246838607,90.19764300289648,15.507897282995119,0.12210942742515841,90.67706633845751,0.4794233355610231,0.0002391138830728295,0.11833444053095586,0.3563480546389428,2132,2005,127,15.78740157480315,0.0
2149,136.41760865535673,1.0030706518776231,6.885163443726934,0.050626201792109804,6.885163443726934,0.050626201792109804,4.524875169802044,125.00757004182981,11.410038613528979,0.08389734274653661,125.47565133214323,0.46808129031342105,0.00024028813671120178,0.08045556855304045,0.024541201586544048,2084,1948,136,14.323529411764707,0.0
2150,96.86743771208194,0.8572339620538224,6.247330849366562,0.055286113711208514,6.247330849366562,0.055286113711208514,3.363772177659257,87.25633468505623,9.61110302702582,0.08505400908872407,88.19926473036105,0.9429300453048199,0.00024122027252617548,0.07670949541345917,0.1192123610097724,4022,3909,113,34.5929203539823,0.0
2151,108.91597674868854,4.73547724994298,3.8136209221499997,0.16580960531086955,3.8136209221499997,0.16580960531086955,0.24016290257065975,104.86219292396947,4.053783824720659,0.17625147064002866,105.49345255838477,0.6312596344153008,0.00024029677747061315,0.1488053995784244,0.20113224670319596,2650,2595,55,47.18181818181818,1.0
2152,111.52949913531313,0.6800579215567873,8.358324148808707,0.050965391151272604,8.358324148808707,0.050965391151272604,12.85343217679906,90.31774280970762,21.211756325607766,0.1293399775951693,90.94900244412293,0.6312596344153008,0.00024344760293686877,0.1254908334828671,0.014437719450370423,2757,2593,164,15.810975609756097,0.0
2153,145.4447856926406,0.6010115111266141,12.456443086383667,0.05147290531563498,12.456443086383667,0.05147290531563498,6.760501514667681,126.22784109159,19.216944601051345,0.07940886198781548,127.09568527571321,0.8678441841232143,0.00024405067045084767,0.07582272899556776,0.0023737772157801373,3798,3556,242,14.694214876033058,0.0
2154,109.16723042729927,0.4984805042342433,11.217513453673748,0.05122152261951483,11.217513453673748,0.05122152261951483,9.734156624085927,88.21556034953846,20.951670077759672,0.09566972638246425,89.0915349106125,0.875974561074031,0.00024386819629009773,0.09166984254194877,0.04699948180245883,3811,3592,219,16.401826484018265,0.0
2155,129.11305863190591,0.7777895098307586,8.643581676795584,0.052069769137322794,8.643581676795584,0.052069769137322794,11.790527186610575,108.67894976849914,20.43410886340616,0.12309704134582024,109.37327939359477,0.6943296250956337,0.00024150595655500303,0.1189143327609105,0.17321600172078888,3041,2875,166,17.319277108433734,0.0
2156,106.33101546152182,0.7435735346959568,7.6087704660156845,0.05320818507703276,7.6087704660156845,0.05320818507703276,8.138082209131653,90.58416278637742,15.746852675147338,0.1101178508751562,91.45586540947556,0.8717026230981446,0.00024417440422917216,0.10402202833598777,0.14225039700647812,3713,3570,143,24.965034965034967,0.0
2157,133.18115246007994,1.530817844368735,4.373251753243856,0.05026726153153858,4.373251753243856,0.05026726153153858,2.4582364542151254,126.34966425262303,6.831488207458982,0.07852285295929864,126.64429940850505,0.2946351558820197,0.0002609700229247296,0.07513624197212522,0.38355514256045353,1216,1129,87,12.977011494252874,0.0
2158,102.8482252692545,0.5979547980770611,9.007669773806684,0.052370173103527234,9.007669773806684,0.052370173103527234,4.903786031538516,88.93676946390826,13.9114558053452,0.08088055700782093,89.82620132595582,0.8894318620475588,0.0002440142282709352,0.07570944153080626,0.20859511227308758,3817,3645,172,21.191860465116278,0.0
2159,116.21394923455216,1.489922426084002,4.608493721359153,0.05908325283793786,4.608493721359153,0.05908325283793786,3.0221642873638075,108.58329122582768,7.6306580087229605,0.09782894882978155,109.46536472949617,0.8820735036684937,0.00024461272980268823,0.08652031416738445,0.4879121942686879,3684,3606,78,46.23076923076923,0.0
2160,116.20765521245676,0.5839580663942551,10.067624295736161,0.050591076862995785,10.067624295736161,0.050591076862995785,15.741867651525467,90.39816326519644,25.809491947261627,0.12969593943347552,91.09099785029207,0.6928345850956248,0.00024157412311562928,0.12621435860384264,0.025055058357679627,3067,2868,199,14.412060301507537,0.0
2161,138.58180997909733,0.745063494511276,9.650961140628427,0.051886887852841006,9.650961140628427,0.051886887852841006,3.053772023321585,125.87707681514905,12.704733163950012,0.06830501701048393,126.65218292558097,0.7751061104319206,0.0002461435726998795,0.06413777985761482,0.18777840199902585,3335,3149,186,16.93010752688172,0.0
2162,123.16053664679816,0.3569870627443425,16.98785329061862,0.049240154465561216,16.98785329061862,0.049240154465561216,16.77586237786261,89.39682097831621,33.763715668481225,0.09786584251733689,90.2010894996705,0.8042685213542882,0.0002449051526657394,0.09553462941196424,0.010870903585214364,3629,3284,345,9.518840579710146,0.0
2163,119.66402139430829,1.246500222857378,5.13654120705335,0.053505637573472396,5.13654120705335,0.053505637573472396,5.201070047899407,109.32641013935404,10.337611254952757,0.10768345057242455,109.87176644174724,0.545356302393202,0.0002477766026320772,0.10200265575584429,0.059379421457038006,2297,2201,96,22.927083333333332,0.0
2164,100.38864253658915,1.1407800288248766,5.026272400473909,0.05711673182356714,5.026272400473909,0.05711673182356714,4.7044281621233495,90.65794197399441,9.730700562597258,0.11057614275678702,91.5353104550685,0.877368481074086,0.00024418827750461624,0.10060604638091646,0.506459820855639,3681,3593,88,40.82954545454545,0.0
2165,138.50094426515568,0.9486366045558609,7.8276377145403435,0.053613956948906465,7.8276377145403435,0.053613956948906465,3.116795592119388,127.55651095849703,10.944433306659732,0.07496187196342283,128.3915238521697,0.8350128936726833,0.00024408444714197114,0.06924260556839705,0.5463212257710666,3567,3421,146,23.431506849315067,0.0
2166,105.377917065014,0.5953554636441469,9.15974431578369,0.051749967885783565,9.15974431578369,0.051749967885783565,6.396823317390158,89.82134943183723,15.556567633173849,0.08789021261680141,90.61544666502061,0.7940972331833791,0.00024607909302242924,0.08340378757058413,0.16132759989102397,3404,3227,177,18.231638418079097,0.0
2167,120.29720662533782,1.093610969321253,6.031840843354849,0.05483491675777136,6.031840843354849,0.05483491675777136,5.619628198993382,108.64573758298798,11.651469042348232,0.10592244583952938,109.41379061048428,0.7680530274963075,0.00024648685092949535,0.09894014558957762,0.0119202122415345,3226,3116,110,28.327272727272728,0.0
2168,111.92650901049672,0.6323531582513938,9.277405983523424,0.05241472307075381,9.277405983523424,0.05241472307075381,11.805260494039885,90.84384253293456,21.082666477563308,0.11911111004273055,91.78420955059732,0.9403670176627656,0.00024205071239710827,0.1137983020333299,0.01931424741110277,4062,3885,177,21.949152542372882,0.0
2169,142.9361781994577,0.794089878885876,9.510476069063591,0.052835978161464396,9.510476069063591,0.052835978161464396,4.975372235432815,128.4503298949603,14.485848304496406,0.08047693502498003,129.29844734507083,0.8481174501105215,0.00024378196323958653,0.07576517141326033,0.6495237981007449,3659,3479,180,19.32777777777778,0.0
2170,107.89681368932838,0.7241396891901234,7.5715724762432535,0.05081592265935069,7.5715724762432535,0.05081592265935069,7.870157559851123,92.45508365323303,15.441730036094377,0.10363577205432468,93.03507851316124,0.5799948599282061,0.00024712179800946146,0.09974318910179292,0.573931296177534,2496,2347,149,15.751677852348994,0.0
2171,138.38567339798453,0.5106482413209761,13.705133323981784,0.05057244768996968,13.705133323981784,0.05057244768996968,16.572668439166478,108.10787163483587,30.27780176314826,0.11172620576807477,108.93455308864168,0.8266814538058043,0.0002453788821032366,0.10867572069868212,0.20724737550142436,3640,3369,271,12.431734317343173,0.0
2172,103.88785407428838,0.7930370540022014,7.0765537562247065,0.054019494322326,7.0765537562247065,0.054019494322326,6.134249499226598,90.67705081883969,13.210803255451305,0.10084582637749087,91.5854402481832,0.9083894293435151,0.00024294983400468444,0.09391155592446702,0.008363804243458617,3870,3739,131,28.541984732824428,0.0
2173,150.42413310695895,0.6996471307300416,11.209391188340273,0.05213670320158267,11.209391188340273,0.05213670320158267,10.021736004536706,129.1930059140832,21.23112719287698,0.09874942880407897,130.09716528966487,0.9041593755816848,0.00024318433985521376,0.09454403635950732,0.6604475294617487,3933,3718,215,17.293023255813953,0.0
2174,127.09233551414434,0.40475266087307116,15.283193385469886,0.04867259039958562,15.283193385469886,0.04867259039958562,18.554659845771084,93.25448228290315,33.83785323124097,0.10776386379376106,93.91266069163214,0.6581784087289861,0.00024082634787010105,0.10566775421182228,0.09439611271830017,3047,2733,314,8.703821656050955,0.0
2175,125.75571842807074,1.2964507054440282,8.456229818185717,0.08717762699160533,8.456229818185717,0.08717762699160533,9.349669251724663,107.94981935815986,17.80589906991038,0.18356596979289053,108.83189286182835,0.8820735036684937,0.00024173020106015174,0.17447242851796274,0.75,3746,3605,141,25.56737588652482,1.0
2176,134.30369667781338,0.3751499907201491,17.750791279352757,0.04958321586411385,17.750791279352757,0.04958321586411385,25.014063636080436,91.53884176238421,42.76485491543319,0.11945490199841673,92.34136524878852,0.8025234864043114,0.00024519507681158305,0.11721321628219233,0.22109877723323734,3631,3273,358,9.14245810055866,0.0
2177,160.56728050873642,0.7073448480561075,14.497258885024292,0.0638645765860101,14.497258885024292,0.0638645765860101,16.474371274297823,129.59565034941534,30.971630159322117,0.13643889938027365,130.06213265337203,0.46648230395669543,0.00023464904625588302,0.13438391125711183,0.348838286924547,2215,1938,277,6.996389891696751,1.0
2178,114.5601021216479,0.5231054891399447,11.017714331765875,0.050309197861944634,11.017714331765875,0.050309197861944634,11.120363055468488,92.42202473441353,22.13807738723436,0.10108711135723453,93.22374502081789,0.8017202864043611,0.0002450994455531523,0.0974262881316439,0.31181699834633037,3490,3271,219,14.93607305936073,0.0
2179,138.1192674085845,0.6394410528175208,10.756277810836096,0.04979758245757452,10.756277810836096,0.04979758245757452,15.737630855753991,111.62535874199648,26.493908666590087,0.1226569845675467,112.18273215265447,0.5573734106579877,0.00024662540294601227,0.12007655211078722,0.12699742071060882,2476,2260,216,10.462962962962964,0.0
2180,116.42364937105458,0.6095479024662543,9.562657395459189,0.050066269086173766,9.562657395459189,0.050066269086173766,15.327294013669302,91.53369796192612,24.889951409128493,0.13031388172318584,92.1318295175422,0.598131555616078,0.00024284675420872026,0.12718230289797058,0.020014580880911126,2654,2463,191,12.895287958115183,0.0
2181,137.28734882108893,2.860153100439353,3.176543625742893,0.06617799220297695,3.176543625742893,0.06617799220297695,0.861583281487583,133.249221913857,4.038126907230476,0.08412764390063492,134.1472583763275,0.8980364624704862,0.0004899271481017383,0.06541855093252973,0.04431865372885113,1881,1833,48,38.1875,0.0
2182,120.09923843631998,0.47470054717913035,12.314947322160428,0.04867568111525861,12.314947322160428,0.04867568111525861,14.820641335433947,92.96364977872531,27.135588657594376,0.10725529113673667,93.49457641562003,0.5309266368947192,0.0002504370928748675,0.10515676688023695,0.06876458677220398,2373,2120,253,8.379446640316205,0.0
2183,122.94565887537635,1.6177060378338994,4.254502282339647,0.055980293188679565,4.254502282339647,0.055980293188679565,6.755144362883243,111.93601223015412,11.00964664522289,0.14486377164766961,112.5941906388831,0.6581784087289861,0.0002411793362876461,0.1362035294275427,0.4499235567176356,2805,2729,76,35.9078947368421,0.0
2184,117.69420985165948,0.5398816965672453,10.393572430557914,0.047676937754852815,10.393572430557914,0.047676937754852815,15.855043367245457,91.44559405385655,26.24861579780337,0.12040649448533657,91.59557708268858,0.1499830288320254,0.0002856819596800484,0.1197184989402335,0.12322866646695729,743,525,218,2.408256880733945,0.0
2185,146.64808075078088,1.2752007021807032,6.326037730421119,0.05500902374279234,6.326037730421119,0.05500902374279234,7.239680422188599,133.0823625981726,13.565718152609717,0.11796276654443233,133.9439458796602,0.861583281487583,0.00024372935827088628,0.1104707380097451,0.5671081634549182,3650,3535,115,30.73913043478261,0.0
2186,108.4384363931581,0.669373064155297,8.295087429978409,0.05120424339492845,8.295087429978409,0.05120424339492845,7.419404938789057,92.72394402439,15.714492368767466,0.09700303931337942,93.45854410943457,0.7346000850445762,0.00024014386565693893,0.09246847088718228,0.1007656888755264,3221,3059,162,18.882716049382715,0.0
2187,125.23460182697886,1.3045271023643632,5.139280463099713,0.05353417149062201,5.139280463099713,0.05353417149062201,8.067973687240851,112.02734767663947,13.207254150340564,0.13757556406604754,112.64356012174972,0.61621244511025,0.00024165193925892157,0.13115668442947026,0.352246739902057,2646,2550,96,26.5625,0.0
2188,133.97635950434596,0.3731932019619665,17.691774967628245,0.04928071021623467,17.691774967628245,0.04928071021623467,24.70449155165977,91.58009298506227,42.39626651928802,0.11809544991445131,92.27087478151361,0.690781796451347,0.00024153209666131012,0.11617126663741602,0.03769136070525292,3219,2860,359,7.9665738161559885,0.0
2189,160.06116339870982,0.7807861629205357,10.553806502388245,0.05148198293847924,10.553806502388245,0.05148198293847924,14.669736838131598,134.83762005819437,25.223543340519843,0.12304167483180412,135.71498853926846,0.877368481074086,0.00024391673090744676,0.1187618285826408,0.75,3802,3597,205,17.546341463414635,0.0
2190,161.04569595447583,0.24181035428599976,31.864169032295973,0.04784409764609005,31.864169032295973,0.04784409764609005,35.138350944247236,94.04317597793977,67.00251997654321,0.10060438434916398,94.77009881165907,0.7269228337192999,0.00023982937437126356,0.09951290862284799,0.32198680855447037,3697,3031,666,4.551051051051051,0.0
2191,125.79040014624354,1.1131893818251641,5.926214634014519,0.052444377292163884,5.926214634014519,0.052444377292163884,8.40790096516696,111.45628454706286,14.334115599181478,0.12685058052372988,112.05441610267894,0.598131555616078,0.00024304411036817474,0.12155738091650088,0.17368353559834304,2574,2461,113,21.778761061946902,0.0
2192,110.47582955322798,0.746458307792081,7.543424860594635,0.05096908689590969,7.543424860594635,0.05096908689590969,12.273106114777761,90.659298577855,19.816530975372395,0.13389547956332698,91.2735504256683,0.614251847813307,0.00024164116751113573,0.1297451292402681,0.75,2690,2542,148,17.175675675675677,0.0
2193,154.0993735910714,0.9512307011794532,8.24326878473887,0.05088437521443747,8.24326878473887,0.05088437521443747,11.10846604220751,134.74763876412806,19.35173482694638,0.11945515325275544,135.37334531515944,0.6257065510313851,0.0002424279546808931,0.11559276713525908,0.013797966236211323,2743,2581,162,15.932098765432098,0.0
2194,113.00755293033865,0.6494686950019463,8.990923986261317,0.0516719769325363,8.990923986261317,0.0516719769325363,10.18488670768761,93.83174223639048,19.175810693948925,0.11020580858591336,94.75578925886089,0.924047022470404,0.00024259570030727332,0.10489519351424001,0.1436581044340528,3983,3809,174,21.89080459770115,0.0
2195,132.7286822073803,0.7252933453955208,9.205111869422582,0.050301157756407554,9.205111869422582,0.050301157756407554,12.49639189855668,111.02717843940286,21.70150376797926,0.11858745228403968,111.61565806237707,0.5884796229742051,0.00024519984290591876,0.11537171663936195,0.4560830482050733,2583,2400,183,13.114754098360656,0.0
2196,108.97026430441292,0.8255323053364615,6.774432860187824,0.05132146106202897,6.774432860187824,0.05132146106202897,10.976108539953543,91.21972290427016,17.750541400141366,0.13447379848591945,91.82239085399874,0.6026679497285841,0.0002416471330106592,0.12990813220010744,0.10410348705386241,2626,2494,132,18.893939393939394,0.0
2197,147.25370406556362,1.518079423356326,4.891045201259956,0.05042314640474182,4.891045201259956,0.05042314640474182,8.059498699390474,134.30316016491565,12.95054390065043,0.13351076186237557,134.64519594474655,0.34203577983089417,0.0002491156444507605,0.1299846198022379,0.3663405105507991,1470,1373,97,14.154639175257731,0.0
2198,108.56107850689534,0.7924166314371923,6.726080228660287,0.04909547612160793,6.726080228660287,0.04909547612160793,7.803849191851555,94.03114908638463,14.529929420511841,0.10605787898183826,94.43116637187256,0.4000172854879338,0.00024406179712503588,0.10313804478118815,0.75,1776,1639,137,11.963503649635037,0.0
2199,125.00734066561267,1.0331185178976254,6.588085835490363,0.05444699037595341,6.588085835490363,0.05444699037595341,7.814075746734375,110.60517908338898,14.402161582224737,0.11902612877871684,111.50347454735731,0.8982954639683385,0.0002430453095152431,0.11160219932442446,0.12633643698268315,3817,3696,121,30.545454545454547,0.0
2200,102.97300188417853,1.0839263356229318,4.873376855655197,0.05129870374373891,4.873376855655197,0.05129870374373891,7.891224326752194,90.20840070176973,12.764601182407391,0.1343642229727094,90.65782026606894,0.4494195642992054,0.00023829245190838037,0.12963349071694305,0.3713132046955252,1981,1886,95,19.852631578947367,0.0
2201,144.964694413825,1.5757032001502715,5.224130508773145,0.05678402726927332,5.224130508773145,0.05678402726927332,6.2064067475588445,133.53415715749543,11.43053725633199,0.12424497017752163,134.4470004578866,0.9128433003911596,0.00024277747350828711,0.11432276039063476,0.007518340829733461,3852,3760,92,40.869565217391305,0.0
2202,116.61290964310626,0.5772916318965656,9.853105028522549,0.04877774766595321,9.853105028522549,0.04877774766595321,12.913625909145821,93.8461787054382,22.76673093766837,0.11270658880033847,94.36290807093224,0.5167293654940295,0.0002495071779304826,0.11014852263452489,0.07981968392641647,2273,2071,202,10.252475247524753,0.0
2203,126.01524373100574,0.9844940916484823,6.811765212792053,0.05321691572493791,6.811765212792053,0.05321691572493791,8.38018148436754,110.82329703384733,15.191946697159594,0.11868708357155933,111.63160519513724,0.808308161289915,0.00024449732646397916,0.11237217606147265,0.75,3434,3306,128,25.828125,0.0
2204,105.9291354220893,1.0088489087818029,5.108356536152317,0.04865101463002207,5.108356536152317,0.04865101463002207,10.316219728650026,90.50455915728526,15.424576264802344,0.1469007263314509,90.71502840428957,0.2104692470043119,0.00025542384345183486,0.1448962573123784,0.16863212528244276,929,824,105,7.847619047619047,0.0
2205,143.34154015062495,1.8377120532131404,4.4075596044893395,0.05650717441652999,4.4075596044893395,0.05650717441652999,5.451243558348324,133.48273698778962,9.858803162837663,0.1263949123440726,134.23790017700014,0.7551631892105206,0.0006476528209352664,0.11671333299518985,0.10994085614493088,1244,1166,78,14.948717948717949,0.0
2206,115.8508560947082,0.519510565447122,10.83474209724583,0.04858628743159565,10.83474209724583,0.04858628743159565,12.38993937592818,92.62617462153491,23.22468147317401,0.10414655369136326,93.14986115475256,0.5236865332176421,0.0002498504452374247,0.10179818358724506,0.7081604679699467,2319,2096,223,9.399103139013453,0.0
2207,120.5561683294004,1.5656645237584468,3.920320860185633,0.050913257924488746,3.920320860185633,0.050913257924488746,5.796015816827548,110.83983165238817,9.716336677013182,0.1261861906105608,111.15663355249512,0.3168019001069524,0.00025083285835863215,0.12207188021954915,0.14134154895100437,1340,1263,77,16.4025974025974,0.0
2208,122.50850195381679,0.4675897021138045,13.000182346632222,0.04961901659019932,13.000182346632222,0.04961901659019932,19.429491663069825,90.07882794411637,32.42967400970205,0.12377738171642003,90.67972216392286,0.6008942198064915,0.00024377047456652798,0.12148389232783942,0.2846202922678458,2727,2465,262,9.408396946564885,0.0
2209,153.26969625333277,0.8196240441354693,9.564942892534352,0.05114942723280402,9.564942892534352,0.05114942723280402,11.626335636002068,132.07841772480037,21.191278528536422,0.11332234507238728,132.8335809140109,0.7551631892105206,0.00038469851717296005,0.10928403924771055,0.2701969538004505,2150,1963,187,10.497326203208557,0.0
2210,96.53361449017609,2.5403582760572654,2.5697927659671205,0.06762612542018738,2.5697927659671205,0.06762612542018738,1.2037934122786282,92.7600283119308,3.7735861782457487,0.0993048994275197,93.60956400204134,0.8495356901105424,0.00024397923323105756,0.07694869705617773,0.022397525024530296,3520,3482,38,91.63157894736842,0.0
2211,138.6775662417922,0.5778231926741342,11.956723336294159,0.04981968056789233,11.956723336294159,0.04981968056789233,16.14224828394356,110.5785946215575,28.09897162023772,0.11707904841765716,111.25133140073217,0.6727367791746701,0.00023889800396827775,0.11427597850441676,0.24098706241545642,3056,2816,240,11.733333333333333,0.0
2212,110.65297024692813,0.6959306304838248,7.924943396957505,0.04984241130161953,7.924943396957505,0.04984241130161953,12.233082274098024,90.49494457587241,20.15802567105553,0.1267800356670159,90.9484210439166,0.45347646804418673,0.00023742223457810823,0.1239279824088776,0.3999401891318257,2069,1910,159,12.0125786163522,0.0
2213,147.27733824772235,1.0087488921076873,7.793171017492636,0.05337788368145641,7.793171017492636,0.05337788368145641,7.341581738055311,132.1425854921772,15.134752755547947,0.10366269010649279,133.0803349436177,0.9377494514404816,0.00024088092767543838,0.09723974865825116,0.3121628243466148,4039,3893,146,26.664383561643834,0.0
2214,109.55096214280343,0.6720917922871376,8.16719430437993,0.050105486529938216,8.16719430437993,0.050105486529938216,8.701637343371203,92.68213049505312,16.868831647751133,0.10348976471012965,93.32855049667376,0.6464200016206405,0.0002430150382032483,0.09952399782901639,0.021399823522870065,2823,2660,163,16.319018404907975,0.0
2215,131.88634474735215,0.683348936514778,9.933572054625134,0.05146928525712505,9.933572054625134,0.05146928525712505,11.476818414023,110.47595427870749,21.410390468648135,0.11093466564066391,111.33406857907585,0.8581143003683565,0.00024482576330052966,0.10648847755583579,0.04187428502336843,3698,3505,193,18.16062176165803,0.0
2216,101.55724720460819,1.721309274654376,3.271577604582785,0.05545046787428449,3.271577604582785,0.05545046787428449,8.023604098083865,90.26206550194001,11.29518170266665,0.19144375767231608,90.80146650719041,0.5394010052503972,0.0002480004621840907,0.18230136775284367,0.31091860908372837,2234,2175,59,36.86440677966102,0.0
2217,148.56020468016436,1.0106136372800296,7.705021222303978,0.052415110355809376,7.705021222303978,0.052415110355809376,8.210592571135976,132.64459088672697,15.915613793439954,0.1082694815880269,133.44711437313128,0.8025234864043114,0.0002446717946354608,0.10281013814308215,0.2512127919839031,3427,3280,147,22.312925170068027,0.0
2218,101.64738322678261,0.8838902889285444,5.85795871551331,0.050938771439246175,5.85795871551331,0.050938771439246175,3.401316879299884,92.38810763197023,9.259275594813193,0.08051543995489734,92.94548104262822,0.5573734106579877,0.00024695321695081425,0.07566871464482079,0.33643717861252753,2372,2257,115,19.62608695652174,0.0
2219,124.26038334347129,0.9940830667477704,6.260572435491574,0.05008457948393259,6.260572435491574,0.05008457948393259,6.987343516640635,111.0124673913399,13.24791595213221,0.10598332761705768,111.43362694049085,0.421159549150957,0.0002423242515252917,0.10261405122384348,0.09519735392063922,1863,1738,125,13.904,0.0
2220,114.02299160925145,0.5589362333786836,10.056049776865503,0.04929436165130149,10.056049776865503,0.04929436165130149,13.78130044558327,90.18564138680358,23.837350222448773,0.11684975599239594,90.60789071677993,0.4222493299763528,0.00023964207149622746,0.11477990633564468,0.028166483203108328,1966,1762,204,8.637254901960784,0.0
2221,142.47199457230408,1.6960951734798104,4.826712565951233,0.057460863880371825,4.826712565951233,0.057460863880371825,4.327363297809256,133.31791870854533,9.15407586376049,0.1089770936161963,134.21621417251367,0.8982954639683385,0.00024344050514047113,0.09828309999750488,0.0013021911152009125,3774,3690,84,43.92857142857143,0.0
2222,102.19441026029824,1.2022871795329204,4.820381482814072,0.056710370386047905,4.820381482814072,0.056710370386047905,2.9721520531516035,94.40187672433308,7.792533535965675,0.09167686512900794,95.31635554314846,0.9144788188153825,0.0002425673259457248,0.08091829078999742,0.09213897348377031,3855,3770,85,44.35294117647059,0.0
2223,119.10137820841976,1.9524816099740945,3.2396882486227474,0.05310964342004504,3.2396882486227474,0.05310964342004504,4.329302674977953,111.53238728481904,7.5689909236007,0.1240818184196836,111.94003966648461,0.40765238166557083,0.00024439591226952685,0.11739899249074019,0.11153955013526229,1729,1668,61,27.34426229508197,0.0
2224,98.20257779704946,2.1348386477619448,3.0279055046285532,0.06582403270931637,3.0279055046285532,0.06582403270931637,4.756281267326926,90.4183910250922,7.784186771955479,0.16922145156424956,91.32684381443573,0.9084527893435279,0.00024342250518315323,0.14947247788290705,0.0785977138104954,3778,3732,46,81.1304347826087,0.0
2225,154.77683694859616,0.9613468133453177,8.379189558948113,0.05204465564564045,8.379189558948113,0.05204465564564045,10.839844380956265,135.5578030086939,19.219033939904378,0.1193728816143129,136.35484818359157,0.7970451748976757,0.000245925694198604,0.11442229046586698,0.03553696038466114,3402,3241,161,20.130434782608695,0.0
2226,116.38634262056405,0.5363425927214933,10.31998112693196,0.04755751671397217,10.31998112693196,0.04755751671397217,11.027556720850384,95.03880477278233,21.347537847782345,0.09837575045060988,95.32857842981298,0.2897736570306506,0.00026511771000059525,0.0970403879758114,0.051876546035714455,1310,1093,217,5.0368663594470044,0.0
2227,120.16797418878559,1.5211135973263998,4.24342846633701,0.05371428438401278,4.24342846633701,0.05371428438401278,4.2994514767704,111.62509424567838,8.54287994310741,0.10813772079882797,112.19434644913633,0.5692522034579497,0.00024579110684712856,0.100931996704421,0.14893420057535423,2395,2316,79,29.31645569620253,0.0
2228,112.0913840717991,0.5807843734290109,9.652031198845277,0.05001052434634859,9.652031198845277,0.05001052434634859,11.55113099029927,90.8882218826551,21.20316218914455,0.10986094398520492,91.43263727952456,0.5444153968694536,0.0002488187371432603,0.10704013882007535,0.20227422478490098,2381,2188,193,11.336787564766839,0.0
2229,419.84463018243923,0.15328391025280733,129.6266932808956,0.04732628451292282,129.6266932808956,0.04732628451292282,154.39725450609114,135.82068239545674,284.02394778698675,0.10369622044066694,136.1116319393965,0.29094954393974604,0.00026401954985457896,0.1035899957075731,0.13108081673885863,3841,1102,2739,0.4023366192040891,0.0
2230,110.04209954780185,0.8151266633170507,6.647312043460528,0.049239348470077986,6.647312043460528,0.049239348470077986,7.998115458182156,95.3966720461591,14.645427501642683,0.10848464816031617,95.82577421619317,0.4291021700340707,0.0002395880346365554,0.10530611356747176,0.0066532266972672005,1926,1791,135,13.266666666666667,0.0
2231,136.79838093293245,0.5821207699273722,11.582433915301888,0.04928695283107186,11.582433915301888,0.04928695283107186,13.328696438642737,111.88725057898955,24.911130353944625,0.10600481001678563,112.44462398964754,0.5573734106579877,0.0002462984580901404,0.10363300826929747,0.10920577546824006,2498,2263,235,9.629787234042553,0.0
2232,98.99169264827458,2.249811196551695,2.330022034586742,0.05295504624060777,2.330022034586742,0.05295504624060777,5.123580309846602,91.5380903038398,7.453602344433344,0.169400053282576,91.84313503199871,0.3050447281589186,0.0002580750661242966,0.16246721855172422,0.024420920209195174,1226,1182,44,26.863636363636363,0.0
2233,155.97371484705775,0.9339743404015434,8.42284592956887,0.05043620317107108,8.42284592956887,0.05043620317107108,11.523133589893746,136.02773532759784,19.945979519462618,0.1194370031105546,136.58368886203118,0.5559535344333426,0.0002468710188425145,0.11610794003009921,0.2278530365089182,2419,2252,167,13.48502994011976,0.0
2234,104.24014828874613,1.7972439360128643,4.914937674511815,0.08474030473296233,4.914937674511815,0.08474030473296233,3.9589658775605585,95.36624473667393,8.873903552072374,0.1529983371046961,96.00756288680441,0.6413181501304734,0.0002407350413402678,0.1419411276196848,0.09804974733287963,2722,2642,80,33.025,1.0
2235,133.67644066944547,0.7072827548647909,9.633262457489147,0.05096964263221771,9.633262457489147,0.05096964263221771,11.409594631534901,112.63358358042387,21.042857089024047,0.11133786819589443,113.4086896908558,0.7751061104319206,0.0002462217631613471,0.10723677766449563,0.12162998589474228,3337,3148,189,16.656084656084655,0.0
2236,114.4386001163133,0.5665277233480857,10.218769985157593,0.050587970223552436,10.218769985157593,0.050587970223552436,12.863400049219763,91.35643008193722,23.082170034377356,0.11426816848701661,92.02703770886365,0.6706076269264258,0.00024027503651967961,0.11094832874975075,0.08627390075355379,2993,2791,202,13.816831683168317,0.0
2237,143.7348897501638,1.5970543305573757,4.769758806621125,0.052997320073568055,4.769758806621125,0.052997320073568055,2.716476580887047,136.2486543626561,7.486235387508172,0.08318039319453524,136.81648704611405,0.5678326834579366,0.00024560237173786183,0.07687114115610838,0.12267388318412031,2402,2312,90,25.68888888888889,0.0
2238,128.0489201159877,0.4924958465999527,14.263876810696187,0.054861064656523795,14.263876810696187,0.054861064656523795,15.670519879690687,98.11452342560153,29.934396690386876,0.11513229496302645,98.5947475072702,0.48022408166866626,0.00023563497628491966,0.11328527926429807,0.022125717704398085,2298,2011,287,7.006968641114983,1.0
2239,131.79101930888362,0.7574196512004806,8.752770962008306,0.050303281390852335,8.752770962008306,0.050303281390852335,9.971169709808237,113.06707863706936,18.723940671816543,0.10760885443572725,113.66364088544731,0.5965622483779498,0.0002437933176861258,0.10418033576687535,0.578502641095497,2621,2447,174,14.063218390804598,0.0
2240,115.05737438766334,0.5640067371944282,10.293097395789252,0.05045635978328065,10.293097395789252,0.05045635978328065,13.672744204250648,91.09153278762506,23.9658416000399,0.1174796156864701,91.73285093775553,0.6413181501304734,0.00024273964804332832,0.114335899264254,0.5890164426833735,2846,2642,204,12.950980392156863,0.0
2241,141.51115980159545,1.6846566643047078,4.518735195884606,0.053794466617673876,4.518735195884606,0.053794466617673876,2.1155823610805555,134.87684224463078,6.634317556965161,0.07897997091625192,135.47773646443727,0.6008942198064915,0.00024357284953647812,0.07182646829950218,0.75,2551,2467,84,29.36904761904762,0.0
2242,118.87209147585907,0.582706330764015,10.287294193335928,0.05042791271243102,10.287294193335928,0.05042791271243102,10.098767221261141,98.48603006126234,20.38606141459707,0.09993167360096603,99.30950338004607,0.8234733187837264,0.0002459597726355216,0.09589503968535784,0.21213490903846832,3552,3348,204,16.41176470588235,0.0
2243,139.13833570465192,0.5725857436405429,11.989740757516179,0.04934049694451102,11.989740757516179,0.04934049694451102,14.70819014286758,112.44040480426975,26.69793090038376,0.10986802839664099,113.0369670526477,0.5965622483779498,0.00024369372891256118,0.107413039720182,0.046456800616624605,2691,2448,243,10.074074074074074,0.0
2244,126.84559952653126,0.40655640873888227,15.663793364147605,0.0502044659107295,15.663793364147605,0.0502044659107295,20.200537466246374,90.98126869614305,35.86433083039398,0.11494977830254481,91.83903867651134,0.857769980368289,0.00024403128886722305,0.11220051554493565,0.11980429538618864,3827,3515,312,11.26602564102564,0.0
2245,148.9718384962904,1.3067705131253542,6.295890002494604,0.055227105285040386,6.295890002494604,0.055227105285040386,6.290111351685937,136.3858371421121,12.58600135418054,0.1104035206507065,137.32608579355258,0.94024865144047,0.00024102759585759292,0.10215572546261237,0.03736875746358237,4015,3901,114,34.219298245614034,0.0
2246,122.54559603583436,0.5374806843676946,11.500904772805942,0.050442564793008515,11.500904772805942,0.050442564793008515,11.378900360604462,99.66579090242453,22.879805133410404,0.1003500225149579,100.56408636639287,0.8982954639683385,0.0002432427468097315,0.09641013012912936,0.08957308615481452,3921,3693,228,16.19736842105263,0.0
2247,123.5139034919041,1.1991641115718845,5.151940578478728,0.05001884056775464,5.151940578478728,0.05001884056775464,5.7416141915909975,112.6203487218354,10.893554770069725,0.10576266767057986,112.96184530699963,0.3414965851642364,0.0002511004302678209,0.10244716684373269,0.16987219180771262,1463,1360,103,13.20388349514563,0.0
2248,128.76247398372504,0.41536281930233887,15.55225169221392,0.05016855384585135,15.55225169221392,0.05016855384585135,21.07201457229803,92.13820771921917,36.62426626451195,0.11814279440165146,92.97322061289185,0.8350128936726833,0.00024437017666745193,0.11544920442204257,0.01633928743785873,3727,3417,310,11.022580645161291,0.0
2249,156.15482250341756,0.9078768750198696,8.707527826519284,0.05062516178208886,8.707527826519284,0.05062516178208886,10.445989615251847,137.00130506165067,19.15351744177113,0.11135765954518098,137.57574455148426,0.574439489833594,0.0002459073158534221,0.10801789506937966,0.14258918429175083,2508,2336,172,13.581395348837209,0.0
2250,125.91639002962347,0.513944449100504,11.82804852754883,0.04827774909203604,11.82804852754883,0.04827774909203604,13.989713191635246,100.09862831044018,25.817761719184077,0.10537861926197582,100.53493307519932,0.4363047647591429,0.0002392021736618108,0.10359778348744551,0.13665739241537267,2069,1824,245,7.444897959183673,0.0
2251,134.48488203805584,0.6826643758276947,9.778015502370074,0.04963459645873134,9.778015502370074,0.04963459645873134,11.305030126458973,113.40183640922851,21.083045628829048,0.10702053618694948,113.9507884227329,0.5489520135043904,0.00024749865351866114,0.10423397774275607,0.1655242242067061,2415,2218,197,11.258883248730964,0.0
2252,107.07318604227271,0.7044288555412678,8.076675066291713,0.053136020172971796,8.076675066291713,0.053136020172971796,6.4409696558734595,92.55554132010991,14.517644722165173,0.09551082054056034,93.45765381131059,0.9021124912006826,0.0002431570057144697,0.08957586994054025,0.02001021229671096,3862,3710,152,24.407894736842106,0.0
2253,154.65186060033943,0.9788092443059457,8.068083051008088,0.0510638167785322,8.068083051008088,0.0510638167785322,8.92898532200013,137.6547922273354,16.99706837300822,0.10757638210764696,138.2556864471419,0.6008942198064915,0.00024347415713391065,0.10377325413416161,0.0724877403716846,2626,2468,158,15.620253164556962,0.0
2254,120.43931665430375,0.5735205554966846,10.408381433410883,0.04956372111148039,10.408381433410883,0.04956372111148039,9.360614035292087,100.6703211856011,19.76899546870297,0.09413807366049033,101.31674118722174,0.6464200016206405,0.00024274126985378915,0.09105988317658102,0.07078645034187048,2873,2663,210,12.68095238095238,0.0
2255,118.3874832333554,2.416071086395008,2.5948205264102917,0.05295552094714881,2.5948205264102917,0.05295552094714881,2.2503884599971116,113.5422742469483,4.845208986407403,0.09888181604913068,113.88627210195386,0.34399785500556845,0.00024873308387965903,0.09186145166125577,0.2452297727743371,1432,1383,49,28.224489795918366,0.0
2256,105.2888775042835,0.7574739388797375,7.260915670397236,0.05223680338415278,7.260915670397236,0.05223680338415278,4.90155771272407,93.12640412116468,12.162473383121306,0.08749980851166407,93.83154429064143,0.7051401694767492,0.00024090883822232634,0.08242685765210124,0.22523134522941746,3066,2927,139,21.057553956834532,0.0
2257,151.97310863606708,1.8996638579508385,4.476008846305766,0.05595011057882208,4.476008846305766,0.05595011057882208,7.526319055481849,139.9707807342819,12.002327901787616,0.15002909877234522,140.68328600434882,0.712505270066913,0.00024103696551654703,0.14112278289647834,0.05439856456553116,3036,2956,80,36.95,0.0
2258,108.90918381538245,1.396271587376698,4.1038773965601,0.05261381277641154,4.1038773965601,0.05261381277641154,3.995289679214011,100.81001673960782,8.099167075774112,0.10383547533043733,101.34228641650247,0.5322696768946571,0.0002501267278640306,0.09701150511384582,0.02828443880650866,2206,2128,78,27.28205128205128,0.0
2259,134.83345572096619,0.7617709362766452,8.82755054339395,0.04987316691183023,8.82755054339395,0.04987316691183023,11.48407508540231,114.52183009217151,20.31162562879626,0.1147549470553461,115.06123109742191,0.5394010052503972,0.0002481145378336694,0.11170748374883771,0.09083786550274908,2351,2174,177,12.282485875706215,0.0
2260,107.8906978520248,0.674316861575155,8.075985734360831,0.050474910839755194,8.075985734360831,0.050474910839755194,6.899807221364767,92.91490489630189,14.975792955725598,0.09359870597328498,93.42652389437319,0.5116189980712988,0.00024860009624455727,0.09040108723532256,0.7431185254647517,2218,2058,160,12.8625,0.0
2261,178.57386449784735,0.5191100712146726,17.403487828209766,0.050591534384330714,17.403487828209766,0.050591534384330714,21.355584528778763,139.8147921408662,38.759072356988526,0.1126717219679899,140.63388472414533,0.8190925832791436,0.0002453107467143287,0.11029063887704076,0.10094808273697709,3683,3339,344,9.706395348837209,0.0
2262,155.73857992841533,0.27810460701502737,26.530812835058665,0.04737645149117619,26.530812835058665,0.04737645149117619,29.042407628506908,100.16535946485669,55.573220463565576,0.09923789368493853,100.4735780917631,0.30821862690640955,0.00025835593202549,0.09868750327973613,0.24202247794130471,1753,1193,560,2.130357142857143,0.0
2263,134.62081189833464,0.7276800643153224,9.497731267167739,0.05133908793063643,9.497731267167739,0.05133908793063643,11.462050068263125,113.66103056290558,20.95978133543086,0.1132961153266533,114.49604345657826,0.8350128936726833,0.00024401311913287062,0.10878253211760201,0.40750770197314523,3607,3422,185,18.497297297297298,0.0
2264,128.76448926769945,0.4113881446252379,15.578246959715893,0.04977075705979518,15.578246959715893,0.04977075705979518,20.23372803355676,92.95251427443282,35.81197499327265,0.11441525556956118,93.67237581832183,0.7198615438890101,0.00024003385924941986,0.11211537843251636,0.09994844871721398,3312,2999,313,9.581469648562301,0.0
2265,176.2828694712748,0.5358141929218079,16.725281483709573,0.0508367218349835,16.725281483709573,0.0508367218349835,19.58568470924024,139.97190327833187,36.31096619294981,0.11036767839802375,140.8243450145377,0.852441736205833,0.00024432265296813784,0.1077766700812678,0.10189291523852262,3818,3489,329,10.604863221884498,0.0
2266,112.7336482425809,0.7721482756341157,7.366750362842749,0.05045719426604623,7.366750362842749,0.05045719426604623,5.787238998224552,99.57965888151352,13.153989361067302,0.09009581754155686,100.19231008932684,0.6126512078133146,0.00024186782779838712,0.0858995763921511,0.4224932176064158,2679,2533,146,17.34931506849315,0.0
2267,121.68906133478208,1.6225208177970945,4.382321448456296,0.05843095264608395,4.382321448456296,0.05843095264608395,3.176938883012099,114.12980100331617,7.559260331468395,0.10079013775291193,115.0057755643902,0.875974561074031,0.0002442762300819942,0.08911047693855835,0.4906520140217481,3661,3586,75,47.81333333333333,0.0
2268,108.022666685849,0.6751416667865563,8.272141799668024,0.05170088624792515,8.272141799668024,0.05170088624792515,7.796147846299732,91.95437703988364,16.068289645967756,0.10042681028729847,92.65322097734872,0.6988439374650852,0.00024139686959070302,0.09605903567812675,0.75,3055,2895,160,18.09375,0.0
2269,146.99953931858238,2.3709603115900384,3.742304813989695,0.06035975506434992,3.742304813989695,0.06035975506434992,4.0852688433916455,139.171965661203,7.827573657381341,0.1262511880222797,140.00623743487563,0.8342717736726399,0.0002445110708301993,0.1127951916726895,0.036581646220724906,3474,3412,62,55.03225806451613,0.0
2270,111.31336917738724,0.8497203753999026,6.861118198609798,0.05237494808099082,6.861118198609798,0.05237494808099082,4.9901938233268766,99.46205715545068,11.851312021936675,0.09046803070180667,100.25910233034836,0.7970451748976757,0.0002457740286455984,0.08438371638960984,0.09666028230037682,3374,3243,131,24.755725190839694,0.0
2271,123.3753561423299,1.602277352497791,4.409775048451579,0.057269805824046484,4.409775048451579,0.057269805824046484,4.494147504551734,114.47143358932908,8.903922553003312,0.11563535783121184,115.28839561260816,0.8169620232790749,0.00024489269282945887,0.10502546142495779,0.7356849854136271,3413,3336,77,43.324675324675326,0.0
2272,114.745570097896,0.5680473767222575,10.28625856273043,0.050922072092724896,10.28625856273043,0.050922072092724896,11.500797169123416,92.95851436604698,21.787055731853847,0.10785671154383093,93.65284399114262,0.6943296250956337,0.0002413380692025143,0.10441943617204648,0.05605211975648672,3079,2877,202,14.242574257425742,0.0
2273,178.8048258590802,0.4717805431638,19.091648076085022,0.05037374162555415,19.091648076085022,0.05037374162555415,20.168122794454348,139.5450549885503,39.25977087053937,0.1035877859380986,140.38625334189896,0.8411983533486591,0.00024410863416966311,0.10136826521683706,0.09428621517690772,3825,3446,379,9.092348284960423,0.0
2274,106.47266408908501,1.1448673557966131,4.973399839878456,0.05347741763310168,4.973399839878456,0.05347741763310168,2.600339092634158,98.89892515657277,7.573738932512614,0.08143805303777005,99.58908615302414,0.6901609964513682,0.00024190711407338529,0.074016967054418,0.75,2946,2853,93,30.677419354838708,0.0
2275,135.9996660895015,0.7010292066469149,9.805241975462312,0.05054248440959955,9.805241975462312,0.05054248440959955,12.414120746824096,113.78030336721713,22.21936272228641,0.11453279753755881,114.49697357179491,0.7166702045777811,0.00023984946605682097,0.11083862122529164,0.75,3182,2988,194,15.402061855670103,0.0
2276,109.62597807766235,0.6767035683806318,8.38136987161443,0.05173685105934833,8.38136987161443,0.05173685105934833,9.178590422789853,92.06601778326126,17.559960294404284,0.10839481663212522,92.7567995797126,0.690781796451347,0.00024178571804387363,0.1041307314688256,0.08613301049467736,3019,2857,162,17.635802469135804,0.0
2277,142.10541142511636,6.76692435357697,1.3574096650918646,0.06463855548056498,1.3574096650918646,0.06463855548056498,1.3330805106559183,139.41492124936917,2.690490175747783,0.12811857979751348,139.82257363103474,0.40765238166557083,0.0002442494797277237,0.10870656162293406,0.29682626132785117,1690,1669,21,79.47619047619048,0.0
2278,112.79463694300136,0.6713966484702463,8.523219936601041,0.05073345200357763,8.523219936601041,0.05073345200357763,5.332294339960413,98.93912266644088,13.855514276561454,0.08247329926524676,99.64426283591763,0.7051401694767492,0.00024090883822232634,0.0782760363516889,0.1688304074274356,3095,2927,168,17.422619047619047,0.0
2279,144.8367445386191,0.5046576464760247,14.29042225337527,0.04979241203266645,14.29042225337527,0.04979241203266645,16.294003685495568,114.25231859975247,30.584425938870837,0.10656594403787747,115.03255552452026,0.7802369247677916,0.00024504928541702,0.10384734848118057,0.21443428778115958,3471,3184,287,11.094076655052264,0.0
2280,103.0129928874369,0.8804529306618538,6.450887993178284,0.05513579481348961,6.450887993178284,0.05513579481348961,4.040042625326009,92.5220622689352,10.490930618504294,0.08966607366242986,93.43045169827872,0.9083894293435151,0.00024288487415602007,0.0819020614457964,0.06940795208720374,3857,3740,117,31.965811965811966,0.0
2281,158.5629579075295,0.8089946832016811,10.09408031726862,0.05150040978198275,10.09408031726862,0.05150040978198275,8.93061859931413,139.5382589909517,19.02469891658275,0.09706479039072832,140.1858745347588,0.6476155438070919,0.00024137739239921425,0.09376062945291173,0.11792338501493305,2879,2683,196,13.688775510204081,0.0
2282,115.85742233888311,0.7426757842236097,8.149358317650085,0.05223947639519285,8.149358317650085,0.05223947639519285,7.402615438640737,100.30544858259327,15.551973756290822,0.0996921394634027,101.18752208626177,0.8820735036684937,0.00024474847493576404,0.09403782213218811,0.42387768082130606,3760,3604,156,23.102564102564102,0.0
2283,157.4384997212578,0.3530011204512507,21.26640898824919,0.04768253136378742,21.26640898824919,0.04768253136378742,21.63844731634856,114.53364341666281,42.90485630459775,0.09619922938250616,114.81805012712209,0.28440671045927957,0.00026407308306339793,0.0955615461751922,0.12477990583795417,1523,1077,446,2.414798206278027,0.0
2284,116.15491809720606,0.5006677504189917,11.70666846346823,0.05045977785977685,11.70666846346823,0.05045977785977685,11.62043760534823,92.82781202839567,23.32710606881646,0.10054787098627783,93.50554441080385,0.6777323824081805,0.00023999022039949733,0.09762661071725093,0.030227931618128423,3056,2824,232,12.172413793103448,0.0
2285,163.39229185496276,0.7166328590129946,11.701213875883507,0.051321113490717135,11.701213875883507,0.051321113490717135,11.864793250046773,139.82628472903798,23.56600712593028,0.1033596803768872,140.5117496958868,0.6854649668488264,0.00024144591998901953,0.10035325508366648,0.2074425560705322,3067,2839,228,12.451754385964913,0.0
2286,202.50642667212048,0.1952810286134238,48.88071835231812,0.04713666186337331,48.88071835231812,0.04713666186337331,52.64935555997374,100.97635275984192,101.53007391229187,0.09790749654030075,101.10034967728336,0.12399691744144548,0.0002672347358651842,0.09778792381372914,0.22426117898839948,1501,464,1037,0.4474445515911283,0.0
2287,130.34300736260036,0.9179085025535236,7.208194044647074,0.0507619298918808,7.208194044647074,0.0507619298918808,8.928489849852667,114.20632346810123,16.13668389449974,0.11363861897535028,114.7849864880294,0.5786630199281717,0.0002476093367257902,0.10956352728571096,0.19721035552458943,2479,2337,142,16.45774647887324,0.0
2288,105.10209946777036,2.2848282492993555,2.995896571096249,0.06512818632817932,2.995896571096249,0.06512818632817932,5.316249965543761,96.78995293113053,8.312146536640011,0.1806988377530437,97.62422470480317,0.8342717736726399,0.00024465447908288563,0.16256249484711283,0.2862001587158147,3456,3410,46,74.1304347826087,0.0
2289,157.93199040823288,0.8140824247847056,10.27559810781867,0.05296700055576634,10.27559810781867,0.05296700055576634,7.815258692535622,139.84113360788353,18.090856800354292,0.09325183917708398,140.74952303722705,0.9083894293435151,0.00024294983400468444,0.08856941943817437,0.19968201734536706,3933,3739,194,19.27319587628866,0.0
2290,134.11612126494026,0.3605272077014523,18.328051724152644,0.04926895624772216,18.328051724152644,0.04926895624772216,15.93513370004871,99.85293584074509,34.26318542420135,0.0921053371618316,100.74206434279256,0.8891285020474697,0.0002446693731556053,0.08971520677996694,0.75,4006,3634,372,9.768817204301076,0.0
2291,124.24773123224429,1.4969606172559553,4.583559206284257,0.055223604894991056,4.583559206284257,0.055223604894991056,4.7964117233997285,114.86776030255942,9.379970929683985,0.11301169794799983,115.60505350760388,0.737293205044466,0.0002401606531089466,0.10412864728482418,0.15479869429918836,3153,3070,83,36.98795180722892,0.0
2292,117.77248755392918,0.745395490847653,8.393869966990064,0.05312575928474724,8.393869966990064,0.05312575928474724,12.83063696125555,96.54798062568739,21.224506928245614,0.13433232233066844,97.44627608965573,0.8982954639683385,0.0002433745499778755,0.12864690800173073,0.308064823070481,3849,3691,158,23.360759493670887,0.0
2293,150.1262950667441,1.4030494866050849,5.709445074197111,0.05335929975885151,5.709445074197111,0.05335929975885151,4.736385688363953,139.68046430418485,10.445830762561064,0.09762458656599125,140.27541247256283,0.5949481683779823,0.0002443318966644691,0.09206432331010521,0.1442658210431773,2542,2435,107,22.757009345794394,0.0
2294,112.12929843116683,1.0886339653511343,5.343457721661434,0.05187823030739256,5.343457721661434,0.05187823030739256,5.153634800307259,101.63220590919866,10.497092521968693,0.101913519630764,102.17790013159185,0.5456942223931947,0.0002483815304475169,0.0966155174716017,0.08609175241815592,2300,2197,103,21.33009708737864,0.0
2295,327.9288536364735,0.15675375412833342,97.93258138459866,0.04681289741137604,97.93258138459866,0.04681289741137604,115.22473392226368,114.77153832960857,213.15731530686236,0.10189164211609099,114.92562158978342,0.15408326017484342,0.0002858687572817132,0.10181798855004305,0.29509278146349516,2631,539,2092,0.25764818355640534,0.0
2296,132.29417817118554,0.42266510597822854,15.522678039615448,0.04959322057385127,15.522678039615448,0.04959322057385127,20.181855275117982,96.58964485645492,35.70453331473343,0.11407199142087358,97.36694612552594,0.7773012690710175,0.0003825301521018787,0.11158860078485493,0.42726700844718835,2345,2032,313,6.492012779552716,0.0
2297,151.53843569702815,1.1061199685914462,7.537747213510303,0.05502005265335988,7.537747213510303,0.05502005265335988,4.693639367862943,139.3070491156575,12.231386581373247,0.08928019402462224,140.24229323459008,0.9352441189325873,0.00024235400853396923,0.08245359461633628,0.3969886304804504,3996,3859,137,28.16788321167883,0.0
2298,118.4337409059757,0.7091840772812916,8.57684275685868,0.05135833986142922,8.57684275685868,0.05135833986142922,8.412270838123618,101.44462731099429,16.9891135949823,0.10173121913163054,102.2108460984906,0.7662187874963138,0.00024645184544751166,0.09714308267955143,0.13154471692041625,3276,3109,167,18.61676646706587,0.0
2299,127.8438321780709,1.0926823263082983,5.740171474499575,0.04906129465384252,5.740171474499575,0.04906129465384252,8.164659941406285,113.93900076216426,13.90483141590586,0.11884471295646035,114.24404549032317,0.3050447281589186,0.00025917139180876684,0.11623749305767285,0.17293864531359304,1294,1177,117,10.05982905982906,0.0
2300,111.39388319900866,0.8983377677339408,6.64596860907637,0.05359652104093846,6.64596860907637,0.05359652104093846,9.110569098636233,95.63734549129936,15.756537707712603,0.12706885248155325,96.41464676037037,0.7773012690710175,0.0006350500564305698,0.12080029385998614,0.2508273724411083,1348,1224,124,9.870967741935484,0.0
2301,145.2086935721917,2.5475209398630123,3.388366082300096,0.059445018987720984,3.388366082300096,0.059445018987720984,1.6785820805095,140.1417454093828,5.066948162809596,0.0888938274177122,140.83190640583416,0.6901609964513682,0.00024190711407338529,0.07678573976065843,0.06927495485422241,2910,2853,57,50.05263157894737,0.0
2302,112.96263726122004,1.0459503450112966,5.410638687096117,0.05009850636200109,5.410638687096117,0.05009850636200109,6.102914680175672,101.4490838939488,11.51355336727179,0.10660697562288694,101.83686461830064,0.38778072435184185,0.000248418145004383,0.10301641336036482,0.26872123193288644,1669,1561,108,14.453703703703704,0.0
2303,131.335098241914,0.8528253132591819,8.13413802937709,0.052819078112838244,8.13413802937709,0.052819078112838244,9.579573492154964,113.62138672038259,17.713711521532055,0.11502410078916919,114.55913617182307,0.9377494514404816,0.00024081906816653353,0.10893481863695416,0.3140239715119151,4048,3894,154,25.285714285714285,0.0
2304,134.22920011916983,0.41301292344359947,16.155102951777494,0.049708009082392285,16.155102951777494,0.049708009082392285,22.12433217033299,95.94976499706218,38.279435122110485,0.11778287729880149,96.80220673326801,0.852441736205833,0.0002439730212380747,0.11515997964892868,0.3890652546075444,3819,3494,325,10.750769230769231,0.0
2305,156.97506906169724,0.9872645852936933,8.62014260159927,0.05421473334339163,8.62014260159927,0.05421473334339163,7.12109652603101,141.2338299340703,15.74123912763028,0.09900150394736025,142.1499400075155,0.9161100734452248,0.0002422289987956702,0.09323980537221213,0.01921084862135558,3941,3782,159,23.78616352201258,0.0
2306,122.19906719170285,0.5091627799654286,12.124119179498752,0.050517163247911466,12.124119179498752,0.050517163247911466,8.676630628997941,101.3983173832105,20.800749808496693,0.08666979086873622,102.27568586428458,0.877368481074086,0.00024391673090744676,0.08301408886424279,0.75,3837,3597,240,14.9875,0.0
2307,134.5172724215288,0.675966193073009,9.916912090716902,0.04983372909907991,9.916912090716902,0.04983372909907991,10.613870074431361,113.98649025638224,20.530782165148263,0.10316975962386062,114.56515327631041,0.5786630199281717,0.00024729188885819306,0.10026190525235365,0.1631139545337419,2539,2340,199,11.758793969849247,0.0
2308,117.58624187801558,0.7258409992470097,8.32049722307616,0.05136109396960593,8.32049722307616,0.05136109396960593,13.283689487828724,95.98205516711425,21.604186710904884,0.13335917722780793,96.64023357584324,0.6581784087289861,0.0002405622838921733,0.12929634754427374,0.12804208842669595,2898,2736,162,16.88888888888889,0.0
2309,161.1423806311168,0.7977345575797861,10.556771068477952,0.052261242913257185,10.556771068477952,0.052261242913257185,9.461268512623292,141.12434105001876,20.01803958110124,0.09909920584703585,141.88681305708303,0.7624720070642752,0.0002464356842483113,0.09532459195066219,0.1766151748787479,3296,3094,202,15.316831683168317,0.0
2310,117.96869766342377,0.7562096004065626,8.154966231913615,0.05227542456354882,8.154966231913615,0.05227542456354882,7.226785763710836,102.58694566780036,15.381751995624452,0.09860097433092598,103.44697886928793,0.8600332014875676,0.0002441888703826143,0.09308794098805023,0.632660751501362,3678,3522,156,22.576923076923077,0.0
2311,130.13834652687797,0.9295596180491283,7.392340511896339,0.05280243222783099,7.392340511896339,0.05280243222783099,9.085461541348536,113.66054447363399,16.477802053244876,0.11769858609460626,114.5024071469827,0.8418626733487145,0.000243806160830789,0.11168528128496616,0.29417767546908635,3593,3453,140,24.664285714285715,0.0
2312,110.23641596169261,0.8680032752889182,6.815914513759303,0.053668618218577185,6.815914513759303,0.053668618218577185,8.031799586171132,95.38870186176598,14.847714099930435,0.11691113464512154,96.19312782312022,0.8044259613542408,0.0002442836202108232,0.11057707195726293,0.19612117731367107,3420,3293,127,25.929133858267715,0.0
2313,156.50755595911744,1.2520604476729396,6.947304641693768,0.055578437133550145,6.947304641693768,0.055578437133550145,6.711272917700171,142.84897839972734,13.65857755939394,0.10926862047515153,143.73827541532842,0.8892970156010733,0.00024491793324182685,0.10215424435031219,0.39102164816199547,3756,3631,125,29.048,0.0
2314,116.31743795308773,1.0027365340783425,5.795613528175356,0.04996218558771859,5.795613528175356,0.04996218558771859,6.843951920819336,103.67787250409322,12.639565448994691,0.1089617711120232,104.06070634698472,0.38283384289150035,0.0002473086840384369,0.10566147936295704,0.11138805139228225,1664,1548,116,13.344827586206897,0.0
2315,124.68502804333491,1.2105342528479117,5.335880378297414,0.05180466386696519,5.335880378297414,0.05180466386696519,5.875934527632808,113.4732131374044,11.211814905930222,0.10885257190223517,114.01631461427382,0.543101476869424,0.000249129117830011,0.10357974202971929,0.5646456771859221,2283,2180,103,21.16504854368932,0.0
2316,125.03883028963878,0.4613978977477446,13.402019974556135,0.04945394824559459,13.402019974556135,0.04945394824559459,16.55906497134049,95.07774534374539,29.961084945896623,0.1105575090254488,95.72398168755251,0.6462363438071179,0.00024149340202059714,0.10817287307042905,0.1924562978914537,2947,2676,271,9.874538745387454,0.0
2317,152.44437723068552,1.5244437723068551,5.38406945942506,0.0538406945942506,5.38406945942506,0.0538406945942506,4.298615475464885,142.7616922957991,9.682684934889945,0.09682684934889946,143.30479377266852,0.543101476869424,0.000249129117830011,0.09139583458017,0.2541523606839746,2280,2180,100,21.8,0.0
2318,112.3714017557312,1.40464252194664,4.65371631678844,0.0581714539598555,4.65371631678844,0.0581714539598555,4.502210725429336,103.2154747135138,9.155927042217776,0.1144490880277222,104.15103627244639,0.9355615589325907,0.00024174717285079864,0.1027545685410601,0.022202867423743555,3950,3870,80,48.375,0.0
2319,123.94462690099147,1.1804250181046807,5.488368170262838,0.052270173050122264,5.488368170262838,0.052270173050122264,5.275040307826316,113.18121842290202,10.763408478089154,0.10250865217227766,113.78211264270851,0.6008942198064915,0.00024357284953647812,0.09678585007888528,0.36628466537263193,2572,2467,105,23.495238095238093,0.0
2320,104.96387960887114,1.1662653289874572,4.91865325236019,0.054651702804002104,4.91865325236019,0.054651702804002104,4.895528216298317,95.14969814021538,9.814181468658507,0.1090464607628723,95.8290689226236,0.6793707824082276,0.00024014520410329713,0.10149789651386149,0.26794510945603633,2919,2829,90,31.433333333333334,0.0
2321,150.363261411517,1.6894748473204155,5.19791513303093,0.05840354082057225,5.19791513303093,0.05840354082057225,2.480555539409579,142.68479073907952,7.678470672440509,0.08627495137573606,143.5772885375111,0.8924977984315774,0.0002441186538379588,0.07624688622478532,0.10962965896089827,3745,3656,89,41.07865168539326,0.0
2322,109.52159522775344,2.106184523610643,2.6806910976055995,0.05155175187703076,2.6806910976055995,0.05155175187703076,3.3175978499151597,103.52330628023344,5.998288947520759,0.11535171052924537,103.81501367731607,0.29170739708263227,0.0002632738240817981,0.10974195289302621,0.26032169785173664,1160,1108,52,21.307692307692307,0.0
2323,146.22356587392017,0.42506850544744235,17.0114372288917,0.0494518524095689,17.0114372288917,0.0494518524095689,14.573248532469961,114.63888011256086,31.584685761361662,0.0918159469807025,115.47389300623354,0.8350128936726833,0.0002442986815894334,0.08938858391769368,0.011326940744311287,3762,3418,344,9.936046511627907,0.0
2324,102.32692355343443,1.5048076993152122,3.783534046446671,0.05564020656539222,3.783534046446671,0.05564020656539222,3.461254361238389,95.08213514575152,7.24478840768506,0.10654100599536853,95.67454632746274,0.5924111817112134,0.000243790609757701,0.09782907685252486,0.75,2498,2430,68,35.73529411764706,0.0
2325,155.2858465383182,1.6345878582980862,5.0543266713331905,0.053203438645612534,5.0543266713331905,0.053203438645612534,6.233688213894425,143.99783165309282,11.288014885227614,0.11882120931818542,144.4795045666258,0.48167291353297514,0.00023821607988772263,0.11375096812307794,0.2828912504839991,2117,2022,95,21.28421052631579,0.0
2326,123.05370203827135,0.5420867931201381,11.290482510510813,0.049737808416347194,11.290482510510813,0.049737808416347194,9.119971225927202,102.64324830183864,20.410453736438015,0.08991389311206174,103.29537910882937,0.6521308069907263,0.00024117263572142247,0.08704107017375325,0.12754718424912426,2931,2704,227,11.911894273127754,0.0
2327,130.50454014262402,0.8817874333961082,7.847014598028208,0.053020368905596,7.847014598028208,0.053020368905596,8.084987223880148,114.57253832071865,15.932001821908356,0.10764866095884025,115.47083378468699,0.8982954639683385,0.00024311108632431354,0.10157909701308808,0.34927086641823735,3843,3695,148,24.966216216216218,0.0
2328,114.75755692053167,0.6710968240966765,8.877918044940053,0.05191764938561434,8.877918044940053,0.05191764938561434,11.090378302598879,94.78926057299509,19.96829634753893,0.11677366285110487,95.63879626310563,0.8495356901105424,0.00024355954418306836,0.11180561787968443,0.75,3659,3488,171,20.39766081871345,0.0
2329,170.46261184607306,0.7576116082047691,11.404465154526811,0.05068651179789694,11.404465154526811,0.05068651179789694,14.534283531265032,144.5238631602873,25.938748685791843,0.11528332749240819,145.1551227947026,0.6312596344153008,0.0002433537526658831,0.11247772911720201,0.14072960937278367,2819,2594,225,11.528888888888888,0.0
2330,121.04160348288656,0.5476995632709799,11.046811064066848,0.04998557042564185,11.046811064066848,0.04998557042564185,7.895645060731454,102.09914735809355,18.9424561247983,0.08571247115293348,102.78930835454491,0.6901609964513682,0.0002417376519969766,0.08258957071647802,0.0026509487066732618,3076,2855,221,12.918552036199095,0.0
2331,342.7971802616513,0.1488481025886458,107.78011203763243,0.04679987496206359,107.78011203763243,0.04679987496206359,120.51446540731467,114.50260281670137,228.2945774449471,0.0991292129591607,114.66675117193233,0.16414835523096372,0.0002754167034076572,0.09905793707760269,0.07485040990616199,2899,596,2303,0.25879287885366914,0.0
2332,119.67042694147983,0.5318685641843548,11.377105304672696,0.050564912465211984,11.377105304672696,0.050564912465211984,12.955352942461445,95.33796869434798,24.33245824713414,0.10814425887615174,96.1564057676967,0.8184370733487185,0.0005209656736783696,0.10450676077236949,0.17868273094325104,1796,1571,225,6.982222222222222,0.0
2333,154.04438816474828,2.406943565074192,3.5399390760605645,0.05531154806344632,3.5399390760605645,0.05531154806344632,5.544945184359108,144.95950390432938,9.084884260419672,0.14195131656905738,145.43799839374321,0.47849448941383343,0.00023960665468895014,0.1344748401719542,0.18286691352432172,2061,1997,64,31.203125,0.0
2334,121.93795145701347,0.5492700516081688,11.297595352758222,0.05089006915656857,11.297595352758222,0.05089006915656857,8.17969392943553,102.46066217482496,19.47728928219375,0.08773553730717906,103.35009403687252,0.8894318620475588,0.00024388041185839285,0.08372908747811239,0.21718384167934346,3869,3647,222,16.42792792792793,0.0
2335,139.649975163122,0.4832179071388305,14.419736270520565,0.049895281212873926,14.419736270520565,0.049895281212873926,11.26287998866701,113.96735890393813,25.682616259187576,0.08886718428784628,114.78034678047163,0.8129878765334979,0.0002445811902928694,0.08605407744861722,0.21405503544713156,3613,3324,289,11.501730103806228,0.0
2336,111.08851497066178,0.8352519922606149,7.079526343023399,0.05322952137611578,7.079526343023399,0.05322952137611578,9.43267346033906,94.57631516730248,16.51219980336246,0.12415187822077038,95.3947522406512,0.8184370733487185,0.00043418412379242363,0.11799821601511712,0.1475477363946993,2018,1885,133,14.172932330827068,0.0
2337,171.1759270675925,0.781625237751564,11.35625110822881,0.05185502789145575,11.35625110822881,0.05185502789145575,14.500283719275899,145.31939224009386,25.85653482750471,0.11806636907536397,146.20852074214133,0.8891285020474697,0.0002442660719910631,0.11400642157740265,0.12403933633981978,3859,3640,219,16.621004566210047,0.0
2338,115.34454474569065,0.694846655094522,8.295666687929295,0.04997389571041744,8.295666687929295,0.04997389571041744,4.368725383341598,102.68015267442377,12.664392071270893,0.07629151850163188,103.20383920764141,0.5236865332176421,0.00025020856818807556,0.07313678034969426,0.3699779493146025,2259,2093,166,12.608433734939759,0.0
2339,152.95893954331962,0.3582176570101162,20.718635739981583,0.0485213951756009,20.718635739981583,0.0485213951756009,17.855598178260266,114.38470562507894,38.574233918241845,0.09033778435185444,115.02198534708612,0.6372797220071789,0.00024249608904382757,0.08884532598649532,0.22204122229470613,3055,2628,427,6.154566744730679,0.0
2340,130.4478917222964,0.43482630574098796,14.899952401089207,0.04966650800363069,14.899952401089207,0.04966650800363069,20.140680673803445,95.40725864740557,35.040633074892654,0.11680211024964218,96.22024652393907,0.8129878765334979,0.00024450763204014975,0.11409215066119108,0.17351979449347255,3625,3325,300,11.083333333333334,0.0
2341,165.68452295436202,0.8629402237206355,10.104211860874036,0.05262610344205227,10.104211860874036,0.05262610344205227,9.902320713806262,145.67799037968712,20.0065325746803,0.10420069049312657,146.60355251731085,0.9255621376237286,0.00024197702944411207,0.09938005435964155,0.10576756366549489,4017,3825,192,19.921875,0.0
2342,132.36770157728563,0.43542007097791324,14.827334803363138,0.048774127642641905,14.827334803363138,0.048774127642641905,14.611975114820893,102.92839165910743,29.43930991818403,0.09683983525718431,103.4905793103153,0.5621876512078643,0.0002452825703350193,0.09499053377292872,0.006217336889676517,2596,2292,304,7.5394736842105265,0.0
2343,143.47830523703976,0.44836970386574926,15.936484695499683,0.049801514673436506,15.936484695499683,0.049801514673436506,12.131294446567722,115.41052609497399,28.067779142067405,0.08771180981896064,116.29259959864248,0.8820735036684937,0.000244952375359204,0.0849553301199915,0.027607044204614795,3921,3601,320,11.253125,0.0
2344,121.86424489698015,0.5344923021797375,10.991404492880164,0.04820791444245686,10.991404492880164,0.04820791444245686,14.020975745087526,96.85186465901302,25.01238023796769,0.10970342209634952,97.1682010789583,0.31633641994528716,0.0002522618978830041,0.10831598165799057,0.13445305564914634,1482,1254,228,5.5,0.0
2345,159.08230868399426,1.3039533498688054,6.438936218642419,0.0527781657265772,6.438936218642419,0.0527781657265772,6.568606004455546,146.0747664608989,13.007542223097964,0.10661919854998331,146.70237701193025,0.6276105510313528,0.0002426954953717528,0.10147484977101642,0.75,2708,2586,122,21.19672131147541,0.0
2346,114.82450268984098,0.8505518717765999,7.212582816619893,0.053426539382369576,7.212582816619893,0.053426539382369576,3.4643955801990387,104.14752429302541,10.676978396818932,0.07908872886532542,105.04042977145696,0.892905478431544,0.0002438300050331906,0.07247461421025204,0.030844164006452957,3797,3662,135,27.125925925925927,0.0
2347,125.46531280195143,1.054330359680264,6.0240847172235075,0.05062256064893704,6.0240847172235075,0.05062256064893704,4.723315196576323,114.71791288815439,10.74739991379983,0.09031428498991453,115.15050417308623,0.4325912849318456,0.00024099793032414797,0.08667906410811087,0.7061859997276088,1914,1795,119,15.084033613445378,0.0
2348,109.97676250686436,0.8798141000549149,6.505002798363345,0.05204002238690676,6.505002798363345,0.05204002238690676,7.639391862559933,95.8323678459418,14.144394660923279,0.11315515728738623,96.49632514724215,0.6639573013003428,0.00024047711021381486,0.10784349887697772,0.03819316733915912,2886,2761,125,22.088,0.0
2349,164.90599087510964,0.8962282112777697,9.486663382356172,0.051557953164979194,9.486663382356172,0.051557953164979194,9.536939156829703,145.88238833592868,19.023602539185873,0.10338914423470583,146.58123227339377,0.6988439374650852,0.0002413135143180543,0.09959107935715147,0.09345176746978723,3080,2896,184,15.73913043478261,0.0
2350,115.91197868240704,0.8049442964056044,7.1981363839067605,0.049987058221574725,7.1981363839067605,0.049987058221574725,3.7104185463092563,105.00342375219634,10.908554930216017,0.07575385368205567,105.46990605615304,0.46648230395669543,0.00024082720906385929,0.07251439323787502,0.15189500262897582,2081,1937,144,13.45138888888889,0.0
2351,129.2315447684797,0.8912520328860668,7.444524523949713,0.0513415484410325,7.444524523949713,0.0513415484410325,6.55682862012236,115.23019162441108,14.001353144072073,0.09656105616601429,115.84284283222439,0.6126512078133146,0.0002419633522169489,0.09233587542245036,0.057941191293252814,2677,2532,145,17.46206896551724,0.0
2352,112.73885964250098,0.8110709326798632,7.335938148888559,0.05277653344524143,7.335938148888559,0.05277653344524143,8.9013013823444,96.50162011126861,16.23723953123296,0.11681467288656805,97.34348278461732,0.8418626733487145,0.000243806160830789,0.11075810689124936,0.16489231972332163,3592,3453,139,24.841726618705035,0.0
2353,158.51413150537712,1.4280552387871812,5.816927386823223,0.05240475123264165,5.816927386823223,0.05240475123264165,6.019495175216662,146.67770894333978,11.836422562039886,0.10663443749585483,147.2208104202092,0.543101476869424,0.000249129117830011,0.10174163139790916,0.16164345420952486,2291,2180,111,19.63963963963964,0.0
2354,125.63965684085872,0.5898575438537969,10.507771634580285,0.049332261195212605,10.507771634580285,0.049332261195212605,9.955396457344136,105.17648874893985,20.463168091924423,0.0960712116991757,105.71498223419019,0.538493485250342,0.00024838260389775923,0.09354307327074428,0.14413718412959042,2381,2168,213,10.178403755868544,0.0
2355,140.74635756170596,0.48870263042259016,14.3413783126391,0.04979645247444132,14.3413783126391,0.04979645247444132,10.288970204751536,116.11600904431657,24.630348517390637,0.08552204346316193,116.9130907933876,0.797081749071026,0.0002451050888902294,0.08275439850110544,0.2983103691569795,3540,3252,288,11.291666666666666,0.0
2356,120.99200535559964,0.570717006394338,10.490095557970166,0.04948158282061399,10.490095557970166,0.04948158282061399,13.194717948727998,97.30719184890154,23.684813506698163,0.11172081842782153,97.88157949873505,0.5743876498335112,0.0002473676355872141,0.1090114427210594,0.09601501275074042,2534,2322,212,10.952830188679245,0.0
2357,160.52397411233108,1.3838273630373368,6.151321573484363,0.05302863425417555,6.151321573484363,0.05302863425417555,7.390122438309845,146.98253010053975,13.541444011794209,0.11673658630857077,147.6251724106703,0.6426423101305545,0.000242049834324126,0.11119656639362735,0.08926306920204752,2771,2655,116,22.887931034482758,0.0
2358,121.31288742172842,0.6853835447555278,8.6720699560094,0.0489947455141774,8.6720699560094,0.0489947455141774,7.824851257977798,104.81596620774542,16.4969212139872,0.0932029447117921,105.21717005499579,0.40120384725037184,0.00024389291626162422,0.09093625630922389,0.4154275753350021,1822,1645,177,9.293785310734464,0.0
2359,128.84375692323204,1.0065918509627503,6.969346890033586,0.05444802257838739,6.969346890033586,0.05444802257838739,5.4029294406706185,116.47148059253095,12.372276330704205,0.0966584088336266,117.41441063783577,0.9429300453048199,0.00024115857936184653,0.08929176785465831,0.030565996292011732,4038,3910,128,30.546875,0.0
2360,125.10970891435113,0.5369515404049405,11.700707652005287,0.05021762940774801,11.700707652005287,0.05021762940774801,15.722744904589831,97.68625635775572,27.423452556595116,0.11769722127294041,98.48797664416009,0.8017202864043611,0.0002450994455531523,0.11425636167463968,0.4729170648904528,3504,3271,233,14.03862660944206,0.0
2361,191.20830786706654,0.42968159071250905,22.168269127004617,0.049816335116864306,22.168269127004617,0.049816335116864306,22.5947866271041,146.44525211296366,44.76305575410872,0.100591136526087,147.24229728786133,0.7970451748976757,0.0002453956819266243,0.09880002377349484,0.2610096611891777,3693,3248,445,7.298876404494382,0.0
2362,119.32936235832562,0.8839212026542639,6.88382237855931,0.050991276878217105,6.88382237855931,0.050991276878217105,6.3457425785771875,106.0997974011932,13.229564957136496,0.09799677746027034,106.68960906499274,0.5898116637995372,0.00024504015945140724,0.0936278021728362,0.2826336050014788,2542,2407,135,17.82962962962963,0.0
2363,130.4424733134739,0.8638574391620788,8.023118361310901,0.0531332341808669,8.023118361310901,0.0531332341808669,5.2567526229679515,117.16260232919797,13.279870984278853,0.08794616545880035,118.08901607166842,0.9264137424704586,0.00024258018917791533,0.08181097511129452,0.04488757791602893,3970,3819,151,25.29139072847682,0.0
2364,102.52272941529736,2.770884578791821,2.142864841037121,0.05791526597397625,2.142864841037121,0.05791526597397625,3.23041877420701,97.1494458000534,5.373283615244131,0.14522388149308463,97.584002107473,0.43455630741959794,0.0002392931208257698,0.13347911642768553,0.75,1853,1816,37,49.08108108108108,0.0
2365,163.1710370545162,1.0198189815907264,8.033469110308,0.050209181939424995,8.033469110308,0.050209181939424995,8.510843857492091,146.6267240867212,16.54431296780009,0.10340195604875055,147.047735181015,0.4210110942938172,0.00024085302877220664,0.10077063670938244,0.06989968984214556,1908,1748,160,10.925,0.0
2366,123.43026281165896,1.0372290992576383,6.464633877729073,0.05432465443469809,6.464633877729073,0.05432465443469809,8.648608582577594,108.31702035135459,15.113242460306667,0.12700203748156863,109.23466130479983,0.9176409534452432,0.00024205775611850256,0.11929076896520281,0.04792734101897622,3910,3791,119,31.857142857142858,0.0
2367,125.23684459842673,1.3915204955380747,4.905130119400349,0.05450144577111499,4.905130119400349,0.05450144577111499,2.724433887980922,117.60728059104736,7.629564007381271,0.08477293341534746,118.29382645078147,0.6865458597341103,0.0004103681169958818,0.07714464608494735,0.04362874029197883,1763,1673,90,18.58888888888889,0.0
2368,130.94064975662855,0.44386660934450356,14.689003744821084,0.04979323303329181,14.689003744821084,0.04979323303329181,18.555334138926128,97.6963118728795,33.244337883747214,0.11269267079236343,98.55891352848062,0.8626016556011109,0.0004843355730494727,0.1097685973835523,0.20515933029616917,2076,1781,295,6.03728813559322,0.0
2369,161.13784979578134,1.1428216297573144,7.4293708343902525,0.05269057329354789,7.4293708343902525,0.05269057329354789,6.979162023376489,146.72931693801956,14.40853285776674,0.10218817629621801,147.46391702306414,0.7346000850445762,0.0002397519859806058,0.09697824661501556,0.75,3205,3064,141,21.73049645390071,0.0
2370,116.44482571649098,1.5735787258985268,3.975355543114702,0.05372102085290138,3.975355543114702,0.05372102085290138,4.017305097147528,108.45216507622945,7.99266064026223,0.10800892757111122,109.0029284027263,0.550763326496849,0.00024742287803092945,0.10056617991573898,0.06594436855323238,2300,2226,74,30.08108108108108,0.0
2371,119.17705042758189,2.7085693278995886,2.7206919357483303,0.06183390763064387,2.7206919357483303,0.06183390763064387,0.0,116.45635849183407,2.7206919357483303,0.06183390763064387,117.14290435156818,0.6865458597341103,0.0005541128811413319,0.04623059263667528,0.12981840036388803,1283,1239,44,28.15909090909091,0.0
2372,113.47004864781115,0.7615439506564508,7.798065297630465,0.0523360087089293,7.798065297630465,0.0523360087089293,8.972407927056679,96.69957542312352,16.770473224687144,0.1125535115750815,97.56217707872463,0.8626016556011109,0.0004682962299680298,0.1067642387187015,0.05097368083886522,1991,1842,149,12.36241610738255,0.0
2373,178.29016185597402,0.5943005395199134,14.961017962691292,0.04987005987563764,14.961017962691292,0.04987005987563764,15.978263590909137,147.3508803023792,30.93928155360043,0.10313093851200143,147.96821658748945,0.6173362851102411,0.00024152436819649495,0.10107315089494856,0.25574558649884693,2856,2556,300,8.52,0.0
2374,142.69143445101702,0.4617845775113819,15.230025510796171,0.049288108449178546,15.230025510796171,0.049288108449178546,18.656841056420944,108.80456788380548,33.88686656721711,0.10966623484536282,109.51707315387239,0.712505270066913,0.00024111853470961523,0.10736039254739362,0.14146765007626527,3264,2955,309,9.563106796116505,0.0
2375,131.5306184420515,0.8768707896136766,7.794803093556538,0.05196535395704359,7.794803093556538,0.05196535395704359,4.587620281483169,119.1481950670127,12.382423375039707,0.08254948916693138,119.90588765919529,0.7576925921825932,0.0002458444491182976,0.07749820521904137,0.0074067117823233275,3232,3082,150,20.546666666666667,0.0
2376,108.72546069721636,1.016125800908564,5.7999430607247096,0.05420507533387579,5.7999430607247096,0.05420507533387579,6.006009253054117,96.91950838343632,11.805952313778826,0.1103360029325124,97.76339672755955,0.8438883441232292,0.00047623495718015195,0.10244919597810104,0.23804874693087186,1879,1772,107,16.560747663551403,0.0
2377,153.90422103754543,2.025055539967703,4.119970515686479,0.05421013836429577,4.119970515686479,0.05421013836429577,2.2579082122354066,147.52634230962644,6.377878727921885,0.08391945694634059,148.07529432313083,0.5489520135043904,0.0002476102902590845,0.07669640413703412,0.054951169073547135,2293,2217,76,29.17105263157895,0.0
2378,119.24981574018818,1.8068153900028512,3.5875732953921973,0.05435717114230602,3.5875732953921973,0.05435717114230602,5.305125800483211,110.35711664431346,8.892699095875408,0.13473786508902133,110.90021812118289,0.543101476869424,0.000249129117830011,0.12650905483341354,0.2242465414368553,2246,2180,66,33.03030303030303,0.0
2379,139.45668276868048,0.622574476645895,10.943382439909296,0.048854385892452216,10.943382439909296,0.048854385892452216,9.009486898349905,119.50381343041965,19.9528693382592,0.08907530954580001,119.9364047153515,0.4325912849318456,0.00024032849162880312,0.08714409845236151,0.1230973960002757,2024,1800,224,8.035714285714286,0.0
2380,109.99164954958712,0.833270072345357,6.976352871438584,0.052851158116958966,6.976352871438584,0.052851158116958966,6.803054427951793,96.2122422501958,13.779407299390376,0.10438944923780588,97.05613059431903,0.8438883441232292,0.00047170952717899903,0.09799635572172799,0.3049710267298451,1921,1789,132,13.553030303030303,0.0
2381,165.56430828127043,0.9914030436004218,8.458885355555726,0.050652008117100154,8.458885355555726,0.050652008117100154,9.115483825145589,147.98993910057618,17.574369180701314,0.10523574359701386,148.53563332296937,0.5456942223931947,0.0002487211587936165,0.10196811352276079,0.05760010450057962,2361,2194,167,13.137724550898204,0.0
2382,122.25937419647687,1.3737008336682794,4.446017956309079,0.04995525793605707,4.446017956309079,0.04995525793605707,7.747716615257673,110.06563962491032,12.193734571566752,0.1370082536131096,110.37307083360179,0.3074312086914688,0.000258998490894245,0.13355397036938296,0.34890996904186977,1276,1187,89,13.337078651685394,0.0
2383,140.4843240447084,0.52224655778702,13.529961539787855,0.05029725479475039,13.529961539787855,0.05029725479475039,8.09554055953447,118.85882194538499,21.625502099322325,0.0803922011127224,119.77276828420042,0.9139463388154354,0.00024255476083212194,0.07699463107995526,0.4135170328750064,4037,3768,269,14.007434944237918,0.0
2384,119.32025109690392,0.5764263338014682,10.5740037143273,0.05108214354747488,10.5740037143273,0.05108214354747488,12.002757745595545,96.74348963698071,22.576761459922846,0.10906648048271907,97.65495117737191,0.9114615403912012,0.0002433159477819544,0.10466328463542031,0.016151631254274434,3953,3746,207,18.096618357487923,0.0
2385,165.09513042825085,0.9488225886681083,8.621183057701174,0.04954702906724812,8.621183057701174,0.04954702906724812,8.743719964206093,147.73022740635088,17.364903021907267,0.0997982932293521,148.10199126729037,0.3717638609394953,0.0002470191767039836,0.09766171931586484,0.026827283447346417,1679,1505,174,8.649425287356323,0.0
2386,128.3781234467441,0.8074095814260636,7.95847158628687,0.050053280416898556,7.95847158628687,0.050053280416898556,10.687255817383857,109.73239604307491,18.645727403670726,0.11726872580924985,110.2665612118193,0.53416516874438,0.00025019445842828104,0.11390919644606795,0.5138908859504454,2294,2135,159,13.427672955974844,0.0
2387,125.5505463346733,1.9617272864792703,3.5483923614123225,0.05544363064706754,3.5483923614123225,0.05544363064706754,1.880745852379846,120.12140812088194,5.429138213792168,0.08483028459050262,120.70663881580606,0.585230694924121,0.0002470370176969696,0.07568605498230063,0.05174369199698958,2433,2369,64,37.015625,0.0
2388,381.5131632138481,0.13471510000488987,133.97517408303008,0.04730761796717164,133.97517408303008,0.04730761796717164,150.5741255103328,96.96386362048497,284.5492995933629,0.10047644759652645,97.57633085457644,0.6124672340914685,0.0011115557787503966,0.1002601809178219,0.09862569549216005,3383,551,2832,0.19456214689265536,0.0
2389,161.95146605858451,1.2269050458983675,6.896497730592551,0.05224619492873145,6.896497730592551,0.05224619492873145,7.24798697028848,147.806981357709,14.14448470088103,0.10715518712788659,148.45459690151608,0.6476155438070919,0.00024092840171394787,0.10224900876566993,0.15291503551145524,2820,2688,132,20.363636363636363,0.0
2390,136.8856779614846,0.5925786924739592,11.47277670023648,0.04966570000102372,11.47277670023648,0.04966570000102372,15.290415116463123,110.12248614478733,26.763191816699603,0.11585797323246581,110.76180170679459,0.6393155620072548,0.00024225674952908481,0.11309037339692642,0.07607260617407974,2870,2639,231,11.424242424242424,0.0
2391,335.6455523943157,0.15453294309130558,101.43963150489844,0.04670332942214477,101.43963150489844,0.04670332942214477,114.32317664271022,119.88274424669953,215.76280814760867,0.09933830946022498,119.91771722382646,0.03497297712692671,0.0009452155980250462,0.09932220772121972,0.4962812319288332,2209,37,2172,0.01703499079189687,0.0
2392,126.15390013426611,0.4442038737122046,13.91533154297832,0.04899764627809268,13.91533154297832,0.04899764627809268,16.18751702032023,96.05105157096602,30.10284856329855,0.10599594564541744,96.66351880505749,0.6124672340914685,0.0003038031915136253,0.10383937087749513,0.18754317590457958,2300,2016,284,7.098591549295775,0.0
2393,165.94423930179062,1.113719726857655,7.7846926986879526,0.052246259722737935,7.7846926986879526,0.052246259722737935,8.77561136448935,149.38393523861725,16.560304063177302,0.11114298028978055,150.07676982371288,0.6928345850956248,0.000241827080312609,0.10649308374548817,0.25479453930370255,3014,2865,149,19.22818791946309,0.0
2394,118.62374066519806,1.913286139761259,3.3378093306033176,0.05383563436456964,3.3378093306033176,0.05383563436456964,5.548765981587849,109.73716535300764,8.886575312191166,0.14333185987405106,110.21368324242144,0.4765178894137989,0.00023981776014786056,0.135646087464139,0.2271865839354632,2049,1987,62,32.04838709677419,0.0
2395,142.96500313797276,0.5394905778791425,12.887085329896657,0.04863051067885531,12.887085329896657,0.04863051067885531,10.551205562104542,119.52671224596918,23.4382908920012,0.08844638072453283,120.0061355815302,0.4794233355610231,0.0002389946837293236,0.08663723606204737,0.23624227655977847,2271,2006,265,7.569811320754717,0.0
2396,115.90689381084007,0.6333710044308201,9.006859656294058,0.049217812329475724,9.006859656294058,0.049217812329475724,10.469972638233344,96.4300615163121,19.4768322945274,0.1064307775657235,96.90657940572589,0.4765178894137989,0.00023933595651119986,0.1038268546727551,0.2210797753746192,2174,1991,183,10.879781420765028,0.0
2397,191.99052357269272,0.4872855928240932,19.658545193232392,0.04989478475439693,19.658545193232392,0.04989478475439693,22.566352609582623,149.7656257698818,42.224897802815015,0.10716979137770308,150.49759604050155,0.7319702706197404,0.00024030540729472763,0.10531199881266795,0.10689878424545896,3440,3046,394,7.730964467005077,0.0
2398,119.50822551351007,1.4227169703989293,4.707536879205286,0.05604210570482483,4.707536879205286,0.05604210570482483,5.293449473737951,109.50723916056768,10.000986352943237,0.11905936134456234,110.31150768192197,0.8042685213542882,0.0002450543940750421,0.10948473609033456,0.4669191042295324,3366,3282,84,39.07142857142857,0.0
2399,146.6965546269098,0.490623928518093,14.564316044907084,0.04871008710671266,14.564316044907084,0.04871008710671266,13.019049411245078,119.11318917075482,27.583365456152162,0.0922520583817798,119.69930178567893,0.5861126149241045,0.0002464729246947454,0.09029181552251128,0.24016692046825483,2677,2378,299,7.953177257525083,0.0
2400,125.74671800320743,0.44433469259083896,13.888728062873584,0.04907677760732715,13.888728062873584,0.04907677760732715,16.044240772097965,95.81374916823347,29.932968834971547,0.10577020789742596,96.44603472264885,0.6322855544153754,0.0002427199825011038,0.10353598332352858,0.4201505898349751,2888,2605,283,9.20494699646643,0.0
2401,162.85671579843597,1.2431810366292821,6.7035248110715795,0.05117194512268381,6.7035248110715795,0.05117194512268381,7.088865542351414,149.06432544501683,13.792390353422993,0.10528542254521368,149.5459983585498,0.48167291353297514,0.00023809832601728875,0.10160853007546689,0.3060339809519519,2154,2023,131,15.442748091603054,0.0
2402,129.92085950334115,0.6731650751468453,9.91442250223302,0.05137006477840943,9.91442250223302,0.05137006477840943,10.100146931766972,109.9062900693433,20.01456943399999,0.1037024323005181,110.76632327083087,0.8600332014875676,0.00024425822251847984,0.0992463017228512,0.08825783843474255,3714,3521,193,18.243523316062177,0.0
2403,185.150011371598,0.2767563697632257,32.023208190386924,0.04786727681672186,32.023208190386924,0.04786727681672186,34.05388276412657,119.0729204170791,66.0770909545135,0.09876994163604409,119.8531573418469,0.7802369247677916,0.0002452033075951576,0.09760366820590598,0.23829348000560913,3851,3182,669,4.756352765321375,0.0
2404,216.6923045173428,0.18133247239945002,56.26357361673808,0.0470824883822076,56.26357361673808,0.0470824883822076,64.63742152182374,95.79130937878233,120.90099513856183,0.10117238086908939,95.8995511010495,0.10824172226716655,0.0003101482013385861,0.10108180202200276,0.022140044474213028,1544,349,1195,0.2920502092050209,0.0
2405,168.8391630358699,0.8196075875527664,10.657682917067518,0.05173632484013358,10.657682917067518,0.05173632484013358,9.02012563818414,149.16135448062107,19.67780855525166,0.09552334250122164,149.9609808696921,0.7996263890710225,0.0002449835750830338,0.09164166100086307,0.035952515014173514,3470,3264,206,15.844660194174757,0.0
2406,149.86531307041412,0.39752072432470587,18.656588783611845,0.049486972900827174,18.656588783611845,0.049486972900827174,20.72308225776669,110.48564202904458,39.379671041378536,0.10445536085246296,111.37493904464566,0.8892970156010733,0.0002452556579153539,0.10209648282697205,0.0313515947208316,4003,3626,377,9.618037135278515,0.0
2407,159.110937244326,0.38339984878150846,20.184806867201676,0.048638088836630546,20.184806867201676,0.048638088836630546,17.373587402306953,121.55254297481224,37.558394269508625,0.09050215486628585,122.32764908524416,0.7751061104319206,0.0002463782932078578,0.0886344292989924,0.09109758729664463,3561,3146,415,7.580722891566265,0.0
2408,102.26269720024129,1.5263089134364372,3.6143577890905916,0.05394563864314316,3.6143577890905916,0.05394563864314316,2.725634307224709,95.92270510392507,6.339992096315301,0.09462674770619853,96.46210610917547,0.5394010052503972,0.00024845739532491814,0.0865759864338183,0.05054266890215331,2238,2171,67,32.40298507462686,0.0
2409,163.98375884997756,1.490761444090705,6.1356007323339545,0.05577818847576322,6.1356007323339545,0.05577818847576322,5.8581824156839275,151.98997570196116,11.993783148017883,0.10903439225470803,152.89413507754284,0.9041593755816848,0.00024351181674701986,0.10081476156758837,0.29558262583202577,3823,3713,110,33.75454545454546,0.0
2410,130.721049938938,0.7600061042961511,8.861332410433738,0.05151937447926592,8.861332410433738,0.05151937447926592,10.065831586842478,111.7938859416629,18.927163997276217,0.11004165114695476,112.58798317484627,0.7940972331833791,0.00024607909302242924,0.10542480676797514,0.17875867837904025,3399,3227,172,18.761627906976745,0.0
2411,138.09295631128725,0.9330605156168058,7.794772235710734,0.05266737997101847,7.794772235710734,0.05266737997101847,5.799832383504963,124.49835169206904,13.594604619215698,0.09185543661632228,125.39759058326979,0.8992388912007527,0.00024310324174121458,0.08577949816228016,0.13542393777026973,3847,3699,148,24.993243243243242,0.0
2412,133.50682631837378,0.40334388615822897,16.38232935458848,0.04949344215887759,16.38232935458848,0.04949344215887759,19.50005007619268,97.62444688759297,35.88237943078116,0.10840598015341739,98.46371465650407,0.8392677689110997,0.00024411511602998826,0.1058704279814795,0.037086518537876145,3769,3438,331,10.386706948640484,0.0
2413,512.0577260779777,0.14184424545096336,169.83863320516718,0.04704671279921529,169.83863320516718,0.04704671279921529,189.7972363266017,152.42185654617822,359.6358695317689,0.09962212452403571,152.4787701021164,0.056913555938194804,0.0004344546254824031,0.09960635899608346,0.1210093966774366,3741,131,3610,0.03628808864265928,0.0
2414,122.10903629704683,1.4198725150819398,4.942843127525299,0.057474920087503475,4.942843127525299,0.057474920087503475,4.640866731596816,112.52532643792506,9.583709859122115,0.11143848673397808,113.46057055685765,0.9352441189325873,0.00024247967822986448,0.10056355511847885,0.05137309450662997,3943,3857,86,44.848837209302324,0.0
2415,145.68424934906102,0.7212091551933714,9.935038459188087,0.04918335870885192,9.935038459188087,0.04918335870885192,10.813397624448612,124.93581326542142,20.748436083636697,0.10271503011701336,125.47151122229081,0.5356979568693987,0.00035641913298030517,0.10006306003351587,0.25230830812643035,1705,1503,202,7.4405940594059405,0.0
2416,107.91763485807951,1.079176348580795,5.2867550208788465,0.052867550208788465,5.2867550208788465,0.052867550208788465,4.793322872843646,97.83755696435685,10.080077893722493,0.10080077893722493,98.4801992744874,0.6426423101305545,0.00024232364635390442,0.09437435583592105,0.29557967769380866,2752,2652,100,26.52,0.0
2417,178.05608424658874,0.7093867898270467,12.629286660688713,0.0503158831103136,12.629286660688713,0.0503158831103136,13.75903364465512,151.66776394124577,26.388320305343832,0.10513275022049336,152.2483869490286,0.5806230077828332,0.0002455065572020436,0.10281951114565792,0.2590926050579583,2616,2365,251,9.422310756972111,0.0
2418,122.84555228487841,1.2284555228487841,5.259166856766518,0.05259166856766518,5.259166856766518,0.05259166856766518,5.254446369133234,112.33193905897951,10.513613225899752,0.10513613225899751,112.93380764870813,0.6018685897286105,0.00024200586639670706,0.09911744636170283,0.75,2587,2487,100,24.87,0.0
2419,146.59505528955538,0.6573769295495757,10.909345684632195,0.048920832666512086,10.909345684632195,0.048920832666512086,12.256939761577428,123.4287698433426,23.16628544620962,0.10388468809959471,123.96446780021199,0.5356979568693987,0.0007820408129480273,0.10148245510916315,0.20237113932705597,908,685,223,3.071748878923767,0.0
2420,145.90045389063732,0.30976741802683083,22.789547463543688,0.0483854510903263,22.789547463543688,0.0483854510903263,26.010331619507156,97.10057480758735,48.79987908305084,0.10360908510201877,97.72243692167888,0.6218621140915275,0.0002420638824801586,0.10228878337358481,0.1681607225150401,3040,2569,471,5.4543524416135885,0.0
2421,165.83369833131712,1.1204979616980886,7.8728971356263395,0.05319525091639419,7.8728971356263395,0.05319525091639419,6.681347949810402,151.2794532458812,14.55424508543674,0.09833949382051851,152.07653499495223,0.797081749071026,0.00024487918558249646,0.09295380632678985,0.037791939362023186,3403,3255,148,21.993243243243242,0.0
2422,124.66282630704006,0.8423163939664869,7.593689925866203,0.05130871571531218,7.593689925866203,0.05130871571531218,4.590489067832891,112.47864731334164,12.184178993699094,0.0823255337412101,113.14260461464198,0.6639573013003428,0.00024030304064435136,0.0778393357594465,0.09443087782904058,2911,2763,148,18.66891891891892,0.0
2423,140.4158668489332,1.1323860229752678,6.724052262877642,0.05422622792643259,6.724052262877642,0.05422622792643259,8.309719904972667,125.3820946810821,15.033772167850309,0.12124009812782507,126.33492551658833,0.9528308355062336,0.00024018927035700368,0.11355597848665225,0.14991465142077232,4091,3967,124,31.991935483870968,0.0
2424,130.59019566948007,0.4411830934779732,14.517595706494305,0.049045931440859135,14.517595706494305,0.049045931440859135,17.61368353787907,98.45891642510719,32.131279244373374,0.10855161906882897,99.08077853919872,0.6218621140915275,0.0002420638824801586,0.1064507335482478,0.013775466721540397,2865,2569,296,8.679054054054054,0.0
2425,171.49528994608715,0.9170871120111612,9.6631211317575,0.05167444455485294,9.6631211317575,0.05167444455485294,9.935561451032072,151.89660736329745,19.59868258278957,0.10480578921277846,152.59295082076244,0.6963434574649909,0.00024111615563192208,0.10108202740815356,0.11119673374014383,3075,2888,187,15.443850267379679,0.0
2426,140.42848382338013,0.48929785304313633,14.058794688864158,0.04898534734795874,14.058794688864158,0.04898534734795874,13.457339417392063,112.91234971712959,27.51613410625622,0.09587503172911575,113.46130173063398,0.5489520135043904,0.0002472756817587344,0.0939623069433664,0.002407414058438917,2507,2220,287,7.735191637630662,0.0
2427,133.94941933010068,1.5221524923875078,5.003985669352067,0.0568634735153644,5.003985669352067,0.0568634735153644,2.025232852857471,126.92020080789064,7.029218522209538,0.07987748320692657,127.83631088133586,0.9161100734452248,0.0002425496620188575,0.06946714146323658,0.036700396119044854,3865,3777,88,42.92045454545455,0.0
2428,108.63139898580914,1.2205775166944848,4.937497748739451,0.055477502794825294,4.937497748739451,0.055477502794825294,4.767999330209591,98.92590190686042,9.705497078949042,0.10905052897695552,99.7229470817581,0.7970451748976757,0.000245925694198604,0.10009496521405672,0.42214184561112233,3330,3241,89,36.41573033707865,0.0
2429,191.1343520931731,0.4977457085759716,19.045767204811618,0.049598352095863586,19.045767204811618,0.049598352095863586,20.706883723391115,151.38170116497383,39.75265092820273,0.10352252845886128,152.018980886981,0.6372797220071789,0.00024258839817555342,0.10186294584945858,0.75,3011,2627,384,6.841145833333333,0.0
2430,129.97798690996683,0.8278852669424639,8.309139130277988,0.05292445305909546,8.309139130277988,0.05292445305909546,8.22573621469644,113.44311156499509,16.534875344974427,0.10531767735652502,114.38703105029992,0.943919485304832,0.00024110331680838622,0.099305451335458,0.17602069912572915,4072,3915,157,24.936305732484076,0.0
2431,136.68999214156167,1.3400979621721734,5.66248211750546,0.05551453056377902,5.66248211750546,0.05551453056377902,4.710145973530302,126.3173640505255,10.372628091035763,0.10169243226505649,127.23677676517195,0.9194127146464552,0.00024220566771508304,0.09267858212146786,0.1707842860735127,3898,3796,102,37.21568627450981,0.0
2432,127.09713112319832,0.5104302454746921,12.349865907114687,0.04959785504865336,12.349865907114687,0.04959785504865336,15.233268347034596,99.51399686904927,27.583134254149282,0.11077563957489672,100.17795417034961,0.6639573013003428,0.00024030304064435136,0.10810914438895067,0.28855503822319406,3012,2763,249,11.096385542168674,0.0
2433,160.41636433750307,1.6537769519330214,5.493991236382437,0.05663908491115914,5.493991236382437,0.05663908491115914,3.1514886625710687,151.77088443855064,8.645479898953505,0.089128658752098,152.64036638267385,0.8694819441232085,0.0002438939534707457,0.08016492736937342,0.13430541999662182,3662,3565,97,36.75257731958763,0.0
2434,126.89041910137757,0.9540633015141171,6.667747621559485,0.05013344076360515,6.667747621559485,0.05013344076360515,6.840465028774361,113.38220645104514,13.508212650333846,0.10156550864912665,113.82208428968602,0.43987783864088215,0.00023932417771538745,0.09825815647888389,0.4579763638565737,1971,1838,133,13.819548872180452,0.0
2435,140.9025052692184,0.9784896199251278,7.320388210988811,0.05083602924297785,7.320388210988811,0.05083602924297785,7.393876570720181,126.18824048750832,14.71426478170899,0.10218239431742354,126.81940791763884,0.6311674301305175,0.000680871014164528,0.097799287163747,0.16769945558723975,1071,927,144,6.4375,0.0
2436,111.84961732217994,1.3640197234412188,4.478712140825362,0.0546184407417727,4.478712140825362,0.0546184407417727,7.218544675287035,100.15236050606745,11.697256816112397,0.14264947336722436,100.81386835974877,0.6615078536813144,0.00024081101335322693,0.13458230441989233,0.02157217112676335,2829,2747,82,33.5,0.0
2437,164.27898885979175,1.1991167070057793,7.4118471747382735,0.05410107426816258,7.4118471747382735,0.05410107426816258,4.502537119202657,152.36460456585053,11.91438429394093,0.0869663087148973,153.21272201596105,0.8481174501105215,0.0002440625755713731,0.08077567039292484,0.007836731699057964,3612,3475,137,25.364963503649633,0.0
2438,124.08575870297977,1.0790065974172154,6.305525071858698,0.054830652798771286,6.305525071858698,0.054830652798771286,4.091971282991722,113.68826234813025,10.39749635485042,0.09041301178130799,114.61382448575398,0.9255621376237286,0.00024166113253883253,0.08236464536718081,0.3578821631987239,3945,3830,115,33.30434782608695,0.0
2439,154.93040198314873,0.4997754902682217,15.110197611970253,0.04874257294183953,15.110197611970253,0.04874257294183953,14.105614495755958,125.71458987542019,29.21581210772621,0.09424455518621358,126.3457573055507,0.6311674301305175,0.0003654704285642834,0.09220853121805814,0.08635954606359064,2037,1727,310,5.570967741935484,0.0
2440,114.45558555852313,1.156117025843668,5.507609683316551,0.055632421043601527,5.507609683316551,0.055632421043601527,7.6855292453319635,101.26244662987528,13.193138928648516,0.13326402958230824,102.1319285739985,0.8694819441232085,0.0002438939534707457,0.12448138368206699,0.08034519333909884,3664,3565,99,36.01010101010101,0.0
2441,166.6001457618437,1.3435495625955136,6.853420923576378,0.055269523577228856,6.853420923576378,0.055269523577228856,5.773054014246895,153.97367082401843,12.626474937823273,0.10182641078889737,154.87290971521918,0.8992388912007527,0.00024310324174121458,0.09457448424697187,0.19283589994597605,3823,3699,124,29.830645161290324,0.0
2442,121.90677736514965,1.2698622642203088,5.004464359293038,0.05212983707596914,5.004464359293038,0.05212983707596914,2.038921546048755,114.86339145980833,7.043385905341792,0.07336860318064367,115.38012082530236,0.5167293654940295,0.0002497483641827112,0.06798600562340933,0.0460435111285733,2165,2069,96,21.552083333333332,0.0
2443,147.50590903071395,0.8526353123162657,8.496555704983935,0.04911303875713257,8.496555704983935,0.04911303875713257,9.888320813008363,129.12103251271924,18.384876517992296,0.10627096253174738,129.59568522079974,0.4746527080804981,0.00024008735866489533,0.10352730525961973,0.15280950192652654,2150,1977,173,11.427745664739884,0.0
2444,133.678098786296,0.4326152064281424,15.125940798111687,0.04895126471880805,15.125940798111687,0.04895126471880805,16.963933902275926,101.58822408591004,32.08987470038761,0.10385072718572043,102.14583045656809,0.5576063706580499,0.00024585818812083326,0.10204617582436218,0.3392016106678284,2577,2268,309,7.339805825242719,0.0
2445,184.99303929896246,0.6513839411935298,14.113755840961892,0.04969632338366863,14.113755840961892,0.04969632338366863,15.988559619761304,154.89072383823986,30.102315460723197,0.10599406852367323,155.36382647622509,0.473102637985221,0.00024027559064764906,0.10432821416456821,0.3630226101030303,2253,1969,284,6.933098591549296,0.0
2446,137.49359639637635,0.6056986625391029,11.336317906867702,0.049939726461972256,11.336317906867702,0.049939726461972256,10.836839022727304,115.32043946678698,22.173156929595006,0.09767910541671809,115.96805501059407,0.6476155438070919,0.00024119759545887965,0.09482617350564879,0.19947485061538828,2912,2685,227,11.82819383259912,0.0
2447,175.1398836950865,0.4230431973311268,20.041401223664234,0.048409181699672066,20.041401223664234,0.048409181699672066,25.59396708964664,129.50451538177276,45.63536831331088,0.11023035824471226,130.2770062509834,0.7724908692106283,0.000246644594256267,0.10836443827078045,0.030037050039368296,3546,3132,414,7.565217391304348,0.0
2448,111.07361739788962,1.6578151850431286,3.81623920795465,0.056958794148576866,3.81623920795465,0.056958794148576866,5.64080712543398,101.61657106450218,9.45704633338863,0.14114994527445718,102.31291452196717,0.6963434574649909,0.00024111615563192208,0.13075675934212608,0.0303178990983497,2955,2888,67,43.1044776119403,0.0
2449,168.07545291343297,1.647798557974833,5.822732478612098,0.05708561253541272,5.822732478612098,0.05708561253541272,6.014604327375082,156.23811610744428,11.83733680598718,0.11605232162732529,157.16914579071886,0.9310296832745735,0.0002417003331450087,0.10692457963445207,0.3730393372644585,3954,3852,102,37.76470588235294,0.0
2450,145.02652157808075,0.5235614497403637,13.641054764115655,0.04924568506900959,13.641054764115655,0.04924568506900959,15.582159608734173,115.80330720523716,29.223214372849828,0.10549896885505353,116.3711398886951,0.5678326834579366,0.00024570864710425644,0.10344903136962329,0.4333011523814321,2588,2311,277,8.342960288808664,0.0
2451,156.06746801336953,0.6193153492594029,12.353259761977034,0.049020872071337436,12.353259761977034,0.049020872071337436,14.38812701694576,129.32608123444527,26.741386778922795,0.10611661420207458,129.92355103006128,0.5974697956160071,0.00024346772437490102,0.10374570231471532,0.11426662779388153,2706,2454,252,9.738095238095237,0.0
2452,135.27780190740975,0.4038143340519694,16.450894741139724,0.0491071484810141,16.450894741139724,0.0491071484810141,17.393224969291055,101.4336821969797,33.844119710430775,0.10102722301621127,102.1051690561543,0.6714868591745926,0.00023964556001948345,0.0990227846306133,0.4323524526893152,3137,2802,335,8.364179104477612,0.0
2453,178.1078903862233,0.9325020439069283,9.952049404928385,0.05210497070643133,9.952049404928385,0.05210497070643133,11.636476029986284,156.5193649513085,21.58852543491467,0.11302892897861083,157.2901655805191,0.770800629210612,0.0002464196384944412,0.10899332359007428,0.010625257669403254,3319,3128,191,16.376963350785342,0.0
2454,136.58400983642468,0.8536500614776543,8.350836251775501,0.05219272657359688,8.350836251775501,0.05219272657359688,10.040481188863623,118.19269239579103,18.391317440639124,0.11494573400399452,119.01616571457475,0.8234733187837264,0.0002460332592721023,0.10979902576156206,0.317332573964336,3507,3347,160,20.91875,0.0
2455,137.85847106263793,1.9979488559802598,3.68412551181421,0.05339312335962623,3.68412551181421,0.05339312335962623,5.018336560918328,129.15600898990454,8.702462072732539,0.12612263873525417,129.68693562679925,0.5309266368947192,0.00025067357738183156,0.11842804979476344,0.19760913050038198,2187,2118,69,30.695652173913043,0.0
2456,116.13863488818356,0.7590760450208076,7.824131765801824,0.051138116116351794,7.824131765801824,0.051138116116351794,7.105919232248425,101.20858389013347,14.930050998050248,0.09758203266699508,101.85619943394056,0.6476155438070919,0.00024146739142695445,0.09334925133492157,0.75,2835,2682,153,17.529411764705884,0.0
2457,167.7351887852161,1.3862412296298852,6.35573877201574,0.05252676671087388,6.35573877201574,0.05252676671087388,5.381238401805263,155.9982116113947,11.736977173821003,0.09699981135389259,156.55416514582805,0.5559535344333426,0.00024654258733185924,0.09240515404452941,0.027012264659674656,2376,2255,121,18.636363636363637,0.0
2458,130.68447222897476,1.1564997542387145,6.109034441706147,0.054062251696514574,6.109034441706147,0.054062251696514574,6.882155968531947,117.69328181874187,12.991190410238094,0.11496628681626632,118.49500210514623,0.8017202864043611,0.0002455498580105241,0.10787141702503122,0.4430932270344101,3378,3265,113,28.893805309734514,0.0
2459,138.93555009581348,1.7152537048865861,4.42209832746247,0.054593806511882344,4.42209832746247,0.054593806511882344,6.347504983596309,128.16594678475406,10.769603311058779,0.1329580655686269,128.87845205482097,0.712505270066913,0.00024111853470961523,0.12416170420978412,0.3479227187796141,3036,2955,81,36.48148148148148,0.0
2460,119.86347684806344,0.6622291538567041,9.387248842179122,0.051863253271707856,9.387248842179122,0.051863253271707856,9.432815599259243,101.04341240662507,18.820064441438365,0.1039782565825324,101.9427779505935,0.8993655439684289,0.0002439949929377181,0.0990093861738671,0.08835183463202156,3867,3686,181,20.364640883977902,0.0
2461,172.6447578919126,1.2244309070348411,7.64540116008159,0.05422270326299,7.64540116008159,0.05422270326299,8.286278155350715,156.71307857648048,15.931679315432305,0.1129906334427823,157.58549031957864,0.8724117430981551,0.0002436223800888453,0.10680331611584372,0.75,3722,3581,141,25.397163120567377,0.0
2462,127.6639532498242,1.2895348813113556,5.384287698671702,0.0543867444310273,5.384287698671702,0.0543867444310273,4.930614164132521,117.34905138702482,10.314901862804223,0.10419092790711337,118.08365147206939,0.7346000850445762,0.00024022239537101902,0.09677072502782638,0.14933761743293417,3157,3058,99,30.88888888888889,0.0
2463,156.5641894222773,0.5734951993490012,13.199316678054991,0.04834914534086077,13.199316678054991,0.04834914534086077,15.5812591521194,127.78361359210169,28.780575830174392,0.10542335468928349,128.25086032241506,0.46724673031337716,0.0002490654212757874,0.1037118282046236,0.10714901065432514,2149,1876,273,6.871794871794871,0.0
2464,117.53095263879095,0.7123088038714603,8.173719689840874,0.04953769508994469,8.173719689840874,0.04953769508994469,8.18192025411247,101.17531269483743,16.355639943953342,0.0991250905694142,101.61911267869436,0.443799983856934,0.00023989188316591025,0.09643539369755506,0.42419677086706997,2015,1850,165,11.212121212121213,0.0
2465,173.30910856499793,1.2743316806249847,7.423295694068254,0.05458305657403128,7.423295694068254,0.05458305657403128,8.595283570134256,157.29052930079592,16.01857926420251,0.11778367106031258,158.1830270992275,0.8924977984315774,0.00024438603461981854,0.11122118724831195,0.14453974654611557,3788,3652,136,26.852941176470587,0.0
2466,135.20762085545198,0.7388394582265135,9.532191588966581,0.05208847862823268,9.532191588966581,0.05208847862823268,8.97024795930929,116.70518130718267,18.502439548275873,0.10110622703975887,117.61966012599805,0.9144788188153825,0.00024250300154213272,0.0961090750243384,0.75,3954,3771,183,20.60655737704918,0.0
2467,476.7507711737701,0.13246756631669077,169.57493265325172,0.04711723608037002,169.57493265325172,0.04711723608037002,181.08457798523182,126.09126053530588,350.65951063848354,0.09743248420074563,126.55850726561926,0.46724673031337716,0.006147983293597068,0.09730265737931393,0.37361653938262407,3675,76,3599,0.021116976938038344,0.0
2468,115.04785384412833,0.7879989989323858,7.5030794078641865,0.05139095484838484,7.5030794078641865,0.05139095484838484,6.835070160245095,100.70970427601856,14.338149568109282,0.09820650389115947,101.3771835874777,0.6674793114591466,0.00024010047174789447,0.09363472778527825,0.06760663737452433,2926,2780,146,19.041095890410958,0.0
2469,160.75030489009407,3.8273882116689064,2.3620613059229245,0.05623955490292677,2.3620613059229245,0.05623955490292677,1.8125488049251999,156.57569477924517,4.174610110848125,0.09939547882971726,156.9487933914769,0.373098612231729,0.00024562120620916987,0.09051217853850414,0.4161091432251851,1561,1519,42,36.166666666666664,0.0
2470,126.01581229959186,1.2001505933294463,5.83768174777007,0.055596969026381615,5.83768174777007,0.055596969026381615,3.5900241902838843,116.58810636154283,9.427705938053954,0.08978767560051384,117.49655915088636,0.9084527893435279,0.00024316188151593358,0.08113574427338574,0.221636807653681,3841,3736,105,35.58095238095238,0.0
2471,139.9201719975042,0.9027107870806723,7.705282125437413,0.04971149758346718,7.705282125437413,0.04971149758346718,6.283994977689076,125.93089489437648,13.98927710312649,0.09025340066533219,126.45458142759412,0.5236865332176421,0.00025008907985560753,0.08687477787038768,0.1079384780368855,2249,2094,155,13.509677419354839,0.0
2472,112.99456859035342,0.8071040613596673,7.470931116479593,0.05336379368913995,7.470931116479593,0.05336379368913995,4.968275171293612,100.55536230257974,12.439206287773207,0.08885147348409433,101.47147237602496,0.9161100734452248,0.00024242129490479618,0.08230783010234616,0.3101194004577792,3919,3779,140,26.992857142857144,0.0
2473,166.6645287559096,1.4880761496063357,6.282111494306703,0.05609028119916699,6.282111494306703,0.05609028119916699,3.9394161961646432,156.4430010654387,10.221527690471346,0.09126364009349416,157.34716044102038,0.9041593755816848,0.00024311895014296445,0.08319078852579663,0.25044216057472113,3831,3719,112,33.205357142857146,0.0
2474,123.0472440513131,1.7832933920480158,3.7161615755341515,0.05385741413817611,3.7161615755341515,0.05385741413817611,2.1690754174510403,117.16200705833137,5.885236992985192,0.08529328975340858,117.65392393756838,0.4919168792370101,0.00024019378868994634,0.07816405961948872,0.0453749589319159,2117,2048,69,29.681159420289855,0.0
2475,141.04739657468838,0.8395678367540975,8.398606591121267,0.04999170589953135,8.398606591121267,0.04999170589953135,6.605530134793298,126.0432598487721,15.004136725914565,0.08931033765425336,126.63567103048331,0.5924111817112134,0.0002442932708087478,0.08578408062026827,0.037483427666984426,2593,2425,168,14.43452380952381,0.0
2476,111.8555462032565,0.9020608564778749,6.110523704505645,0.049278416971819713,6.110523704505645,0.049278416971819713,4.66471380635744,101.08030869239315,10.775237510863086,0.08689707670050875,101.38387005732932,0.30356136493617214,0.0002587905924434545,0.08444900117683207,0.057863136458195186,1297,1173,124,9.459677419354838,0.0
2477,181.64528122547165,0.7863432087682756,11.944082979013627,0.05170598692213692,11.944082979013627,0.05170598692213692,12.068244888047502,157.6329533584144,24.01232786706113,0.10394947128597892,158.5413427877579,0.9083894293435151,0.00024288487415602007,0.10001704951391228,0.057964957218359814,3971,3740,231,16.19047619047619,0.0
2478,127.05715958769088,1.2834056524009179,5.094500121671333,0.05145959718859932,5.094500121671333,0.05145959718859932,4.287683717390792,117.67497574863307,9.382183839062124,0.09476953372790024,118.12845221667726,0.45347646804418673,0.00023779573573371092,0.09018896334357188,0.015298120314923835,2006,1907,99,19.262626262626263,0.0
2479,135.38021422971508,1.5384115253376713,4.625484853217798,0.052562327877474974,4.625484853217798,0.052562327877474974,4.172515436642811,126.58221393985309,8.79800028986061,0.0999772760211433,127.17385904156436,0.5916451017112649,0.00024427956305171964,0.0932540362289855,0.10800957168623881,2510,2422,88,27.522727272727273,0.0
2480,143.14682304787675,0.339210481156106,20.426573451824662,0.048404202492475505,20.426573451824662,0.048404202492475505,21.457372200477494,101.26287739557574,41.88394565230216,0.09925105604810938,101.80857161796894,0.5456942223931947,0.0002481556263725305,0.09795794177703274,0.082503043534075,2621,2199,422,5.210900473933649,0.0
2481,196.40267428901836,0.5595517786011919,17.42059874339195,0.04963133545125911,17.42059874339195,0.04963133545125911,19.719868541235087,159.26220700439308,37.140467284627036,0.10581329710719953,159.99950020943754,0.737293205044466,0.00024055243231467082,0.10371274666547242,0.1934638231672352,3416,3065,351,8.732193732193732,0.0
2482,142.1831673743162,0.5875337494806455,12.273264948548412,0.0507159708617703,12.273264948548412,0.0507159708617703,11.36229722994426,118.54760519582703,23.635562178492673,0.09766761230782096,119.43654125142814,0.888936055601107,0.00024549463010248746,0.09399432282185155,0.09776248289767864,3863,3621,242,14.962809917355372,0.0
2483,145.66004076923878,0.6838499566630929,10.506728083289836,0.04932736189337951,10.506728083289836,0.04932736189337951,8.657577361158133,126.49573532478894,19.16430544444797,0.0899732649974083,127.07573018471714,0.5799948599282061,0.00024659645405110804,0.08725028443437385,0.3043943671764282,2565,2352,213,11.04225352112676,0.0
2484,129.32010069270154,0.42963488602226424,14.711371109104363,0.04887498707343642,14.711371109104363,0.04887498707343642,13.33838352184705,101.27034606175062,28.049754630951412,0.0931885535912007,101.81604028414381,0.5456942223931947,0.0002484946367910722,0.09137561597527487,0.08538791397700152,2497,2196,301,7.295681063122924,0.0
2485,176.1043779508858,1.136157277102489,8.047791514245473,0.05192123557577725,8.047791514245473,0.05192123557577725,8.378968307811306,159.67761812883134,16.42675982205678,0.10597909562617278,160.34157543013168,0.6639573013003428,0.00024039004391757525,0.10169550013389755,0.07776942926227548,2917,2762,155,17.81935483870968,0.0
2486,137.22775000735953,0.7752980226404493,9.15485362914123,0.05172233688780356,9.15485362914123,0.05172233688780356,8.738442013654549,119.33445436456668,17.893295642795778,0.10109206577850721,120.16111725837243,0.8266628938057465,0.00024573807782572726,0.09642165394907969,0.48801171369996155,3541,3364,177,19.005649717514125,0.0
2487,130.97843491857373,2.219973473196165,3.454322550130277,0.05854783983271655,3.454322550130277,0.05854783983271655,1.756433213140781,125.76767915530172,5.210755763271058,0.08831789429272979,126.53389794279803,0.7662187874963138,0.00024661048841207394,0.07533113518263883,0.75,3166,3107,59,52.66101694915254,0.0
2488,155.71408494974526,0.2831165180904459,26.685873544763023,0.04851977008138732,26.685873544763023,0.04851977008138732,28.24779160246169,100.78041980252067,54.933665147224715,0.0998793911767722,101.57119209429561,0.7907722917749425,0.000246116492927153,0.09844162337354481,0.2843117598029039,3763,3213,550,5.841818181818182,0.0
2489,557.5187093977516,0.1392056702616109,188.6867980739586,0.047112808507854834,188.6867980739586,0.047112808507854834,210.03767665864677,158.7942346651206,398.72447473260536,0.09955667284209872,158.8236656018944,0.029430936773792382,0.029430936773792382,0.09954932429359732,0.025017291508220296,4006,1,4005,0.00024968789013732833,0.0
2490,128.06719007857214,1.62110367188066,4.133205258629222,0.05231905390669902,4.133205258629222,0.05231905390669902,4.301981807001425,119.63200301294262,8.435187065630647,0.10677451981810945,120.07869327222818,0.4466902592855604,0.00024041456366284198,0.10112021273853114,0.75,1937,1858,79,23.518987341772153,0.0
2491,140.7733714195873,0.8280786554093371,8.71063288807383,0.05123901698866959,8.71063288807383,0.05123901698866959,5.771489273595307,126.29124925791666,14.482122161669137,0.08518895389217139,127.07587735439006,0.7846280964733978,0.0002457338228854988,0.08057349450116028,0.38508415137982865,3363,3193,170,18.78235294117647,0.0
2492,119.03962838417067,0.6012102443644983,9.891582241694774,0.04995748606916552,9.891582241694774,0.04995748606916552,8.127116251670031,101.02092989080631,18.018698493364806,0.09100352774426669,101.60092475073452,0.5799948599282061,0.0002469113920511733,0.08807426077493004,0.6276136959347696,2547,2349,198,11.863636363636363,0.0
2493,177.44840816641204,0.9969011694742249,9.3706736927395,0.05264423422887359,9.3706736927395,0.05264423422887359,10.517919625728268,157.55981484794722,19.88859331846777,0.11173367032847062,158.45918039191565,0.8993655439684289,0.00024419373987739044,0.10668105491290104,0.75,3861,3683,178,20.691011235955056,0.0
2494,170.71504261010284,0.31439234366501445,25.94516944477815,0.04778115919848646,25.94516944477815,0.04778115919848646,26.007029464295442,118.76284370103315,51.95219890907359,0.09567624108485007,119.24518533534342,0.48234163431027355,0.0002472279007228465,0.09478795078224571,0.5044410094011482,2494,1951,543,3.593001841620626,0.0
2495,146.47346188398694,0.7215441472117583,10.412647142435453,0.051293828287859375,10.412647142435453,0.051293828287859375,9.693093798054974,126.36772094349624,20.105740940490428,0.0990430588201499,127.2941346859667,0.9264137424704586,0.00024264372511012536,0.09447944432522289,0.03392290781198426,4021,3818,203,18.807881773399014,0.0
2496,134.7944601303334,0.3884566574361193,16.77745188029329,0.048350005418712656,16.77745188029329,0.048350005418712656,18.207073335095856,99.80993491494485,34.98452521538915,0.1008199573930523,100.25785507743092,0.4479201624860707,0.00023889075332590438,0.09952912118992067,0.5026259185765412,2222,1875,347,5.403458213256484,0.0
2497,179.13419985158134,1.1942279990105422,7.783388714373358,0.051889258095822385,7.783388714373358,0.051889258095822385,11.819993670971371,159.5308174662399,19.60338238534473,0.1306892159022982,160.231797245974,0.700979779734098,0.0002410521938562923,0.12601601737071558,0.07181295523514564,3058,2908,150,19.386666666666667,0.0
2498,482.84640923324594,0.12927614705040053,177.0241738902757,0.04739603049271103,177.0241738902757,0.04739603049271103,187.97842736959558,117.84380797340657,365.0026012598713,0.09772492670947024,118.32614960771684,0.48234163431027355,0.0060292704288784195,0.09759578570964635,0.31067394600290754,3815,80,3735,0.0214190093708166,0.0
2499,517.6839690175336,0.12909824663778893,188.57123502545957,0.047025245642259246,188.57123502545957,0.047025245642259246,203.14447860377823,125.96825538832923,391.7157136292378,0.09768471661577004,126.01364676252615,0.04539137419692452,0.0005819406948323656,0.09767339707107418,0.44076647782287637,4088,78,4010,0.01945137157107232,0.0
2500,204.1596169750352,0.19918011412198555,48.349313740743014,0.047170062186090746,48.349313740743014,0.047170062186090746,55.415172171540235,100.39513106275422,103.76448591228325,0.10123364479247146,100.55235009707121,0.15721903431699502,0.00027294971235589414,0.10108026036874534,0.35831880761656976,1601,576,1025,0.5619512195121952,0.0
2501,176.5551192634549,1.270180714125575,7.492048737913154,0.0538996312080083,7.492048737913154,0.0538996312080083,10.126351625851271,158.9367188996937,17.618400363764426,0.1267510817537009,159.86414215731747,0.9274232576237864,0.00024170530560953517,0.12007897198660028,0.28193398913174406,3976,3837,139,27.60431654676259,0.0
2502,136.62833903437706,0.7345609625504144,9.46563745224566,0.05089052393680463,9.46563745224566,0.05089052393680463,9.711270126409204,117.4514314557232,19.176907578654863,0.10310165364868205,118.18603154076777,0.7346000850445762,0.00024030097646207923,0.09915219082585641,0.16807094858336313,3243,3057,186,16.43548387096774,0.0
2503,143.4830856848206,0.7434356771234227,9.493773682807548,0.04919053721661942,9.493773682807548,0.04919053721661942,8.720818338675713,125.26849366333693,18.214592021483263,0.09437612446364385,125.74023068379836,0.4717370204614326,0.0002399476197667511,0.0919318911970064,0.21534739642879686,2159,1966,193,10.186528497409327,0.0
2504,160.85719792284237,0.2581977494748674,30.166418578189575,0.048421217621492096,30.166418578189575,0.048421217621492096,30.882020322032417,99.80875902262164,61.048438900221996,0.09799107367611877,100.61706718391156,0.808308161289915,0.0002442018614168928,0.09669362879443148,0.07823874030566458,3933,3310,623,5.313001605136437,0.0
2505,190.88111747246535,0.6470546354998825,14.483705711307394,0.04909730749595727,14.483705711307394,0.04909730749595727,17.128631607843886,159.26878015331488,31.61233731915128,0.10716046548864841,159.80727363856522,0.538493485250342,0.0002491871750348644,0.10533506384372925,0.13370491868477075,2456,2161,295,7.3254237288135595,0.0
2506,125.97434981149297,1.6150557668140124,4.550758946458799,0.05834306341613845,4.550758946458799,0.05834306341613845,3.721623583725318,117.70196728131054,8.272382530184117,0.10605618628441175,118.61042007065407,0.9084527893435279,0.00024316188151593358,0.09440935565178075,0.15036622182822157,3814,3736,78,47.8974358974359,0.0
2507,139.1796144095706,0.838431412105847,8.356035017057806,0.05033756034372172,8.356035017057806,0.05033756034372172,5.650287479367648,125.17329191314434,14.006322496425454,0.08437543672545454,125.77142346876042,0.598131555616078,0.00024324178756245546,0.0807722345831939,0.25102635559721875,2625,2459,166,14.813253012048193,0.0
2508,117.1408094958473,0.8249352781397696,7.4714906207593845,0.05261613113210834,7.4714906207593845,0.05261613113210834,7.764647387872856,101.90467148721643,15.23613800863224,0.10729674653966366,102.69378233899135,0.7891108517749217,0.0002464431142332672,0.10173962786518266,0.530326606011613,3344,3202,142,22.549295774647888,0.0
2509,164.96909221022543,2.999438040185917,3.2999630229752155,0.059999327690458466,3.2999630229752155,0.059999327690458466,2.8180040664058197,158.85112512084538,6.117967089381035,0.11123576526147337,159.56231455091233,0.7111894300669519,0.00024140849628884994,0.09830504835114715,0.02442933428278593,3001,2946,55,53.56363636363636,0.0
2510,148.55921550069354,0.47463008147186436,15.522777392078762,0.04959353799386186,15.522777392078762,0.04959353799386186,14.188013816192779,118.84842429242246,29.71079120827154,0.09492265561748096,119.70162826862827,0.8532039762058048,0.0002434942854468621,0.09219676431969735,0.1812180198992337,3817,3504,313,11.194888178913738,0.0
2511,146.78673077234737,0.7302822426484944,10.324096112287165,0.051363662250184905,10.324096112287165,0.051363662250184905,10.30247534990724,126.16015931015238,20.626571462194406,0.10261975851838012,127.08758256777617,0.9274232576237864,0.00024157938463761043,0.09800571246055324,0.08151069400173583,4040,3839,201,19.09950248756219,0.0
2512,116.16511699332818,0.9293209359466255,6.83761163735916,0.05470089309887328,6.83761163735916,0.05470089309887328,6.8139624723665975,102.51354288360403,13.651574109725757,0.10921259287780606,103.46422779911029,0.9506849155062582,0.00024043624570213915,0.10160711355374315,0.688534454335354,4079,3954,125,31.632,0.0
2513,165.34095992102323,2.900718595105671,3.3092166108010104,0.058056431768438777,3.3092166108010104,0.058056431768438777,3.0554018313125653,158.97634147891085,6.364618442113576,0.11165997266865924,159.6156570409181,0.6393155620072548,0.00024244048616126464,0.10044391017728278,0.11514055462123451,2694,2637,57,46.26315789473684,0.0
2514,125.99644655347083,2.57135605211165,2.872311677068874,0.05861860565446682,2.872311677068874,0.05861860565446682,4.394216419535155,118.72991845686795,7.266528096604029,0.14829649176742915,119.32486662524593,0.5949481683779823,0.0002445327449149126,0.13615469241275308,0.75,2482,2433,49,49.6530612244898,0.0
2515,148.03539592780135,0.8507781375160997,9.014892323241195,0.05180972599563905,9.014892323241195,0.05180972599563905,10.85572723851817,128.1647763660419,19.870619561759366,0.11419896299861705,129.07872270485734,0.9139463388154354,0.000242877049911091,0.10894639783301152,0.09910996963390062,3937,3763,174,21.626436781609197,0.0
2516,126.2052475588622,0.6096871862746966,10.412797846994817,0.05030337124152085,10.412797846994817,0.05030337124152085,13.246294965185143,102.54615474668321,23.65909281217996,0.1142951343583573,103.22552552909144,0.6793707824082276,0.00024040013531784416,0.11101314990227418,0.0006190370670537959,3033,2826,207,13.652173913043478,0.0
2517,177.24255602574272,0.9328555580302248,9.543012294410827,0.05022638049689909,9.543012294410827,0.05022638049689909,9.3055704694209,158.39397326191317,18.84858276383173,0.09920306717806174,158.95616091312104,0.5621876512078643,0.00024506872328154504,0.09624418480327197,0.37195477230397955,2484,2294,190,12.073684210526316,0.0
2518,138.41803463435122,0.7134950238884084,9.836346255634073,0.0507028157506911,9.836346255634073,0.0507028157506911,9.821636296388078,118.76005208233164,19.65798255202215,0.10132980696918635,119.4884872360509,0.7284351537192606,0.00024016984956124648,0.09757498658917688,0.32986838648025696,3227,3033,194,15.6340206185567,0.0
2519,143.10551452852894,1.1729960207256471,6.2684504061378865,0.051380741033917106,6.2684504061378865,0.051380741033917106,7.9322831551073705,128.9047809672836,14.200733561245258,0.1163994554200431,129.5029125228997,0.598131555616078,0.0002431429087870236,0.11149673775105944,0.32819772772256783,2582,2460,122,20.16393442622951,0.0
2520,111.90320024045946,1.086438837286014,5.658160515640456,0.05493359723922773,5.658160515640456,0.05493359723922773,3.7348996203151046,102.51014010450524,9.393060135955562,0.0911947586015103,103.31723546579508,0.8070953612898393,0.0002444262148061294,0.08335888130742113,0.15332962703053,3405,3302,103,32.05825242718446,0.0
2521,179.71764385395386,0.8358960179253668,10.88007909962499,0.050605019068023206,10.88007909962499,0.050605019068023206,10.677497039283594,158.1600677150475,21.557576138908583,0.10026779599492365,158.88039709893644,0.7203293838889522,0.00023955084266343604,0.09691742676752288,0.2727680622108437,3222,3007,215,13.986046511627906,0.0
2522,140.14302531884687,0.6173701555896338,11.312936022790945,0.04983672256736099,11.312936022790945,0.04983672256736099,10.06473339490924,118.7653559011485,21.377669417700183,0.09417475514405367,119.41748670813922,0.6521308069907263,0.00024144050610541516,0.09130193220576055,0.11087849148100304,2928,2701,227,11.898678414096917,0.0
2523,413.16386751462335,0.1447158905480292,133.97696696768858,0.04692713378903278,133.97696696768858,0.04692713378903278,150.23732044953385,128.94958009741322,284.2142874172224,0.09954966284316022,128.9834420711751,0.03386197376187283,0.001058186680058526,0.09953780225689957,0.016356244764097028,2887,32,2855,0.011208406304728547,0.0
2524,117.6228830638878,0.7397665601502377,8.27116325328005,0.0520198946747173,8.27116325328005,0.0520198946747173,6.530861926173998,102.82085788443419,14.802025179454048,0.09309449798398772,103.61790305933187,0.7970451748976757,0.0002453956819266243,0.08808163524877945,0.19112023193326877,3407,3248,159,20.427672955974842,0.0
2525,190.26973834760622,0.6428031700932643,14.873816951341858,0.05024938159237114,14.873816951341858,0.05024938159237114,16.563392495159178,158.83252890110464,31.437209446501036,0.1062067886706116,159.7287003704064,0.8961714693017484,0.00024445484705448673,0.10317918235540485,0.06142077191896078,3962,3666,296,12.385135135135135,0.0
2526,139.7337548264935,0.6986687741324675,10.273495888349144,0.05136747944174572,10.273495888349144,0.05136747944174572,9.171827916477696,120.28843102166718,19.44532380482684,0.09722661902413421,121.18133650009872,0.892905478431544,0.00024389660705587108,0.09276209163197394,0.14037324373703086,3861,3661,200,18.305,0.0
2527,135.34058990729022,2.255676498454837,3.38663392051088,0.056443898675181334,3.38663392051088,0.056443898675181334,3.046131577885376,128.9078244088945,6.432765498396256,0.10721275830660426,129.51804052012062,0.6102161112261228,0.00024166974702024668,0.09704248978616002,0.059517178120131575,2585,2525,60,42.083333333333336,0.0
2528,119.57532637671102,0.72033329142597,8.728020942723385,0.05257843941399629,8.728020942723385,0.05257843941399629,7.334908128895677,103.51239730509258,16.06292907161906,0.0967646329615606,104.43181001973903,0.9194127146464552,0.0002423972356041274,0.09122600215043365,0.07817710493873165,3959,3793,166,22.849397590361445,0.0
2529,441.7828543163014,0.15727406704033514,132.0273473107278,0.04700154763642855,132.0273473107278,0.04700154763642855,149.25707451101414,160.49843249454557,281.28442182174194,0.10013685362112565,160.78666619848536,0.2882337039397953,0.0007315576242126785,0.10003424283297117,0.4405651434799438,3203,394,2809,0.1402634389462442,0.0
2530,135.62553184786475,0.852990766338772,8.327073371916283,0.05237153064098291,8.327073371916283,0.05237153064098291,6.703580659824752,120.59487781612461,15.030654031741035,0.09453241529396877,121.4722462971987,0.877368481074086,0.00024384893859757812,0.08901437453249092,0.10302998379688688,3757,3598,159,22.628930817610062,0.0
2531,150.09038270852216,0.8933951351697748,8.412046947375865,0.05007170802009443,8.412046947375865,0.05007170802009443,11.962384365498451,129.7159513956476,20.374431312874314,0.12127637686234712,130.36218773945473,0.6462363438071179,0.00024113296410713356,0.11742973195873471,0.21564818168553757,2848,2680,168,15.952380952380953,0.0
2532,125.61904623069154,0.612775835271666,10.468780009770509,0.05106721955985614,10.468780009770509,0.05106721955985614,10.549790882558113,104.60047533836348,21.018570892328622,0.10252961410892011,105.4239486571472,0.8234733187837264,0.0002460332592721023,0.09851267109046015,0.20875956075326485,3552,3347,205,16.326829268292684,0.0
2533,165.7321616219275,3.0133120294895908,2.8329967488480277,0.051509031797236864,2.8329967488480277,0.051509031797236864,3.0942312842583988,159.80493358882222,5.927228033106426,0.10776778242011685,160.09316729276202,0.2882337039397953,0.0004071097513273945,0.10252716962119063,0.16606117948765586,763,708,55,12.872727272727273,0.0
2534,147.06895078504624,0.49685456346299406,14.30501183763475,0.04832774269471199,14.30501183763475,0.04832774269471199,11.987460984363452,120.77647796304711,26.292472821998203,0.08882592169593988,121.25299585246091,0.4765178894137989,0.00023933595651119986,0.08721606396143691,0.10529941222512207,2287,1991,296,6.726351351351352,0.0
2535,144.3945913314708,1.1835622240284491,6.584125827295701,0.05396824448603033,6.584125827295701,0.05396824448603033,8.027032602666509,129.78343290150917,14.61115842996221,0.11976359368821483,130.72368155294964,0.94024865144047,0.00024121309682926373,0.11205663752886189,0.2868602551936874,4020,3898,122,31.950819672131146,0.0
2536,120.7503644398821,0.8687076578408784,7.469108006178346,0.05373458997250609,7.469108006178346,0.05373458997250609,7.244245568806832,106.03701086489764,14.713353574985177,0.10585146456823868,106.98448663916759,0.9474757742699467,0.00024011043443232302,0.09903509209147136,0.012405058197600738,4085,3946,139,28.388489208633093,0.0
2537,185.76596929230402,0.7401034633159522,12.418571824256455,0.04947638176994604,12.418571824256455,0.04947638176994604,13.497830894889034,159.84956657315774,25.916402719145488,0.10325260047468322,160.43804619613195,0.5884796229742051,0.00024519984290591876,0.10090806014411184,0.02622202956831643,2651,2400,251,9.56175298804781,0.0
2538,130.947327441698,1.0072871341669078,6.647879196662823,0.05113753228202171,6.647879196662823,0.05113753228202171,3.754931395444146,120.54451684959156,10.402810592106968,0.08002161993928437,121.10670450079942,0.5621876512078643,0.0002449619395241239,0.07569709954537372,0.3829916599097487,2425,2295,130,17.653846153846153,0.0
2539,153.20588045867635,0.7698787962747555,9.59866141700661,0.04823447948244528,9.59866141700661,0.04823447948244528,13.129614470804086,130.47760457086451,22.728275887810696,0.11421244164728993,130.87259712301716,0.39499255215264384,0.0002461012785997781,0.11222755445054869,0.15385298140927262,1804,1605,199,8.06532663316583,0.0
2540,119.82270010308252,1.2352855680730157,4.7572803333637745,0.04904412714808015,4.7572803333637745,0.04904412714808015,6.996752931089532,108.06866683862938,11.754033264453305,0.12117560066446706,108.31615947634668,0.24749263771730057,0.00024552841043382995,0.11862413017253444,0.033164994312983254,1105,1008,97,10.391752577319588,0.0
2541,188.4798165416405,0.7193886127543531,13.224122185814066,0.05047374880081704,13.224122185814066,0.05047374880081704,15.500655150344528,159.75503920548044,28.724777336158596,0.10963655471816258,160.63240768655453,0.877368481074086,0.00024371346696502392,0.10628782005758006,0.4873694261804076,3862,3600,262,13.740458015267176,0.0
2542,125.49173245926795,1.5492806476452834,3.9670097082916542,0.04897542849742783,3.9670097082916542,0.04897542849742783,1.2379350203671038,120.28678773060722,5.204944728658758,0.0642585768970217,120.49145868930509,0.204670958697875,0.00025874963172929833,0.06173177493781308,0.14552936828954444,872,791,81,9.765432098765432,0.0
2543,142.22493745835163,1.6347693960730072,4.5953126691131825,0.05281968585187566,4.5953126691131825,0.05281968585187566,7.046809355589744,130.58281543364842,11.642122024702926,0.13381749453681524,131.16804612857254,0.585230694924121,0.00024630921503540447,0.12709070493998956,0.00016904001415696257,2463,2376,87,27.310344827586206,0.0
2544,134.81370317884137,0.541420494694142,12.459620154899529,0.05003863516023907,12.459620154899529,0.05003863516023907,14.899422387090226,107.45466063685126,27.359042541989755,0.1098756728593966,108.22976674728318,0.7751061104319206,0.0002464566328877331,0.10676279691388829,0.75,3394,3145,249,12.630522088353414,0.0
2545,178.1641316032219,1.0668510874444426,8.680216488385406,0.05197734424182878,8.680216488385406,0.05197734424182878,9.100116535287157,160.38379857954965,17.78033302367256,0.10646906002199139,161.185518865954,0.8017202864043611,0.0002455498580105241,0.10166833974411912,0.05651137898507841,3432,3265,167,19.550898203592816,0.0
2546,124.20618608311963,1.8819119103502975,3.375586431231828,0.051145248958058005,3.375586431231828,0.051145248958058005,0.9139463388154354,119.91665331307081,4.289532770047264,0.06499292075829187,120.24064199462248,0.3239886815516684,0.0002515440074158916,0.06008400134086597,0.2916627375684584,1354,1288,66,19.515151515151516,0.0
2547,146.0913140845547,1.1152008708744634,6.506136933939871,0.0496651674346555,6.506136933939871,0.0496651674346555,8.891881504493767,130.69329564612053,15.398018438433638,0.11754212548422624,131.17271898168156,0.4794233355610231,0.0002391138830728295,0.11388240536544393,0.03536585989809282,2136,2005,131,15.305343511450381,0.0
2548,393.5491603594212,0.13746041228062214,134.95421993855967,0.0471373454203841,134.95421993855967,0.0471373454203841,151.01116718069488,107.58377324016988,285.96538711925456,0.0998831250853142,107.69007440802443,0.10630116785455357,0.0003192227262899507,0.09984599579161606,0.26245353066167354,3196,333,2863,0.11631156129933636,0.0
2549,176.1163315690353,1.1899752133042927,7.8080141708737,0.05275685250590338,7.8080141708737,0.05275685250590338,7.329437145058137,160.9788802531043,15.137451315931838,0.1022800764589989,161.80554314691005,0.8266628938057465,0.0002458842634758318,0.09669451636571119,0.04328420534909583,3510,3362,148,22.716216216216218,0.0
2550,129.23490829492562,1.3187235540298532,5.486949731547485,0.05598928297497434,5.486949731547485,0.05598928297497434,3.0602862838754845,120.68767227950445,8.54723601542297,0.08721669403492827,121.60161861831989,0.9139463388154354,0.0002426835737693668,0.07789071098577273,0.6747437367415614,3864,3766,98,38.42857142857143,0.0
2551,147.80504206597948,1.0264239032359685,7.297470574075845,0.050676878986637815,7.297470574075845,0.050676878986637815,10.207166429834501,130.3004050620682,17.504637003910346,0.12155997919382185,130.96788437352734,0.6674793114591466,0.00024018686990253567,0.11692470619758429,0.08005801657520806,2923,2779,144,19.29861111111111,0.0
2552,127.06325236113082,0.6482818998016878,9.89265808633097,0.05047274533842332,9.89265808633097,0.05047274533842332,10.260123795489221,106.91047047930988,20.15278188182019,0.10282031572357239,107.62165990937683,0.7111894300669519,0.00024108116273455996,0.09919179822323465,0.2657543171336556,3146,2950,196,15.051020408163266,0.0
2553,171.67955857142135,1.7341369552668824,5.31609454488517,0.0536979246958098,5.31609454488517,0.0536979246958098,4.749018143624198,161.61444588291192,10.06511268850937,0.10166780493443808,162.2740887765932,0.6596428936812799,0.00024074558163550362,0.09500474540230455,0.07205031131604756,2839,2740,99,27.67676767676768,0.0
2554,153.5290421613047,0.4610481746585726,16.43485901369979,0.04935393097207144,16.43485901369979,0.04935393097207144,14.250745414037283,122.84343773356954,30.685604427737072,0.09214896224545667,123.72668371723807,0.8832459836685302,0.00024432807293735275,0.08949657190410394,0.1162415914553776,3948,3615,333,10.855855855855856,0.0
2555,145.60598832215908,1.1287285916446441,6.448322188739437,0.049986993711158424,6.448322188739437,0.049986993711158424,9.087990981476992,130.06967515194196,15.536313170216427,0.12043653620322813,130.58788342049297,0.5182082685510068,0.0002498593387420476,0.11641941784237292,0.5853321789659276,2203,2074,129,16.07751937984496,0.0
2556,128.4475083348981,0.6520178088065893,9.706760599970703,0.04927289644655179,9.706760599970703,0.04927289644655179,11.70108643202866,107.03966130289803,21.407847031999363,0.10866927427410844,107.51988538456669,0.48022408166866626,0.00023856139178771298,0.10623158858036243,0.04523814731226139,2210,2013,197,10.218274111675127,0.0
2557,178.15588595000418,1.1956770869127797,7.782754450925088,0.05223325134849052,7.782754450925088,0.05223325134849052,8.01138971722753,162.361741781849,15.794144168152618,0.10600096757149408,163.1414635066168,0.7797217247677963,0.00024573644020415897,0.10076793586166033,0.1261866872932842,3322,3173,149,21.29530201342282,0.0
2558,150.31227839684993,0.5010409279894997,14.837306866546065,0.04945768955515355,14.837306866546065,0.04945768955515355,12.16945066510857,123.30552086519697,27.006757531654635,0.09002252510551545,124.14478863410807,0.8392677689110997,0.00024404413169848785,0.08722496587580622,0.09114410709673848,3739,3439,300,11.463333333333333,0.0
2559,135.03845145210175,3.4625243962077374,2.5178059351344024,0.06455912654190775,2.5178059351344024,0.06455912654190775,2.025295224130332,130.49535029283675,4.543101159264735,0.11648977331448038,131.24572512501936,0.7503748321826151,0.00024410371899239269,0.0972493930021126,0.30052811023938375,3113,3074,39,78.82051282051282,0.0
2560,114.78745157697313,1.5942701607912935,3.9324370762349803,0.054617181614374725,3.9324370762349803,0.054617181614374725,3.9196782481731134,106.93533625256441,7.852115324408094,0.10905715728344574,107.5410441244835,0.605707871919094,0.00024189611498366375,0.10064454795124472,0.06669022737287378,2576,2504,72,34.77777777777778,0.0
2561,168.83695350365565,2.251159380048742,4.094796093205803,0.05459728124274404,4.094796093205803,0.05459728124274404,2.2774283457833917,162.46472906466556,6.372224438989194,0.08496299251985592,163.0545407284651,0.5898116637995372,0.0002454480498541561,0.07709883700254068,0.2664045777563615,2478,2403,75,32.04,0.0
2562,146.08557472821974,0.5597148457019914,12.749722444819,0.048849511282831416,12.749722444819,0.048849511282831416,9.322719442765901,124.0131328406352,22.0724418875849,0.08456874286430996,124.60294450443473,0.5898116637995372,0.00024504015945140724,0.08230892806047896,0.3040940521776747,2668,2407,261,9.222222222222221,0.0
2563,500.1822502074566,0.13221841136861132,177.89711266182795,0.04702540646625111,177.89711266182795,0.04702540646625111,191.67687300148452,130.60826454417565,369.57398566331244,0.09769336126442306,130.66517810011385,0.056913555938194804,0.00041848202895731476,0.09767831670825873,0.00027172353679816297,3919,136,3783,0.0359503039915411,0.0
2564,136.19651699265762,0.5158958976994606,13.295585945852864,0.05036206797671539,13.295585945852864,0.05036206797671539,14.551078256049323,108.3498527907559,27.846664201902186,0.10547978864356888,109.26433160957129,0.9144788188153825,0.00024224604471930662,0.10201585372381188,0.16195107513021867,4039,3775,264,14.299242424242424,0.0
2565,181.8764906372428,0.977830594823886,9.393519083800054,0.050502790773118575,9.393519083800054,0.050502790773118575,9.93034020119751,162.5526313522421,19.323859284997564,0.1038917165860084,163.19965472592344,0.6470233736813498,0.00039071459763366533,0.1004130962974159,0.035592525378319806,1842,1656,186,8.903225806451612,0.0
2566,138.05100350787927,1.0003695906368064,7.144412907167515,0.05177110802295301,7.144412907167515,0.05177110802295301,5.475015573870564,125.43157502683914,12.61942848103808,0.09144513392056579,126.17953589433546,0.7479608674963174,0.00039449412842632774,0.08602512763437546,0.06410750670841026,2034,1896,138,13.73913043478261,0.0
2567,136.2985012208062,2.9630108961044828,2.542144796005844,0.05526401730447487,2.542144796005844,0.05526401730447487,3.219897443208424,130.53645898159118,5.762042239214268,0.12526178780900582,130.99160604631209,0.4551470647209044,0.0002375506600839793,0.115367286402046,0.2848450751625933,1962,1916,46,41.65217391304348,0.0
2568,122.77521792127209,1.014671222489852,6.595714981695206,0.05451004117103476,6.595714981695206,0.05451004117103476,6.646880713766791,109.53262222581077,13.242595695461997,0.10944293963191733,110.45903596828123,0.9264137424704586,0.0002423897808661587,0.10178662771066826,0.002332585042950086,3943,3822,121,31.58677685950413,0.0
2569,179.0928743703904,1.023387853545088,8.872999394895468,0.050702853685116955,8.872999394895468,0.050702853685116955,8.315879577674878,161.9039953978172,17.188878972570343,0.09822216555754482,162.55101877149855,0.6470233736813498,0.0005903497935048812,0.0945248891365249,0.29735078751093624,1271,1096,175,6.2628571428571425,0.0
2570,138.6711822665311,0.8721458004184346,8.119405880167173,0.051065445787214926,8.119405880167173,0.051065445787214926,6.12944607703173,124.42233030933062,14.248851957198903,0.08961542111445851,125.17029117682694,0.7479608674963174,0.0006171294286273246,0.08491126471512056,0.424716269792043,1371,1212,159,7.622641509433962,0.0
2571,155.1745980155489,0.6385785926565798,11.759400171150313,0.048392593296914865,11.759400171150313,0.048392593296914865,13.712312745384224,129.70288509901366,25.471712916534536,0.10482186385405158,130.2279205944535,0.5250354954398517,0.00025001690259040556,0.10266122395512504,0.75,2343,2100,243,8.641975308641975,0.0
2572,115.99763285125994,2.319952657025199,3.1094890418064653,0.062189780836129305,3.1094890418064653,0.062189780836129305,4.038356072446163,108.84978773700777,7.147845114252629,0.1429569022850526,109.64683291190545,0.7970451748976757,0.00024584983803136205,0.12701599878708975,0.13718117397047536,3292,3242,50,64.84,0.0
2573,168.9499547885954,1.9876465269246517,4.753529331741225,0.055923874491073236,4.753529331741225,0.055923874491073236,2.6183734008699275,161.57805205598277,7.371902732611153,0.08672826744248414,162.34427084347908,0.7662187874963138,0.0002467693357476051,0.07771392876607425,0.03544134291416867,3190,3105,85,36.529411764705884,0.0
2574,186.03628648318113,0.2948277123346769,30.48518039200506,0.04831248873534875,30.48518039200506,0.04831248873534875,30.848075621265707,124.70303046991683,61.33325601327077,0.09720008876905036,125.38849543676565,0.6854649668488264,0.0002413609038200093,0.0961137734491529,0.018365435167083888,3471,2840,631,4.500792393026941,0.0
2575,175.8739239719797,0.4331870048570929,19.395459085180978,0.04777206671226842,19.395459085180978,0.04777206671226842,26.562282142702315,129.91618274409518,45.95774122788329,0.11319640696522977,130.51431429971126,0.598131555616078,0.00024274819627275894,0.1117231765326809,0.12074989830659888,2870,2464,406,6.068965517241379,0.0
2576,126.70014720922507,0.8390738225776494,7.513055168719372,0.04975533224317465,7.513055168719372,0.04975533224317465,9.474384276899627,109.7127077636062,16.987439445619,0.11249959897760926,110.15258560224709,0.43987783864088215,0.00023906404273960985,0.10958650070846343,0.32804116608133427,1991,1840,151,12.185430463576159,0.0
2577,186.36413235063503,0.7797662441449165,12.019897834767301,0.05029245955969582,12.019897834767301,0.05029245955969582,12.07296684557923,162.27126767028494,24.09286468034653,0.10080696518973443,163.08425554681844,0.8129878765334979,0.0002444341180196927,0.09740534227538324,0.027015253695140018,3565,3326,239,13.916317991631798,0.0
2578,141.9908376614129,0.6926382324946971,9.989891365171017,0.04873117739107813,9.989891365171017,0.04873117739107813,6.993901893157499,125.00704440308277,16.983793258328518,0.08284777199184643,125.48356229249657,0.4765178894137989,0.0002399385143070488,0.08052329448251873,0.09398318241835568,2191,1986,205,9.68780487804878,0.0
2579,151.83124556972894,0.6808576034516992,10.686288651554618,0.04792057691280097,10.686288651554618,0.04792057691280097,11.472140007118696,129.67281691105484,22.158428658673316,0.09936515093575478,130.06288446347014,0.390067552415303,0.0002476619380414622,0.0976159690863623,0.5321348277473135,1798,1575,223,7.062780269058296,0.0
2580,124.64177372859217,0.8902983837756584,7.396821111866532,0.052834436513332375,7.396821111866532,0.052834436513332375,7.735576374249149,109.50937624247649,15.132397486115682,0.10808855347225488,110.3512389158252,0.8418626733487145,0.00024359452353840116,0.10207524866262117,0.0368726048048984,3596,3456,140,24.685714285714287,0.0
2581,440.1437234365694,0.15641212631008153,131.9984075671987,0.04690774966851411,131.9984075671987,0.04690774966851411,146.09525990854002,162.05005596080844,278.0936674757387,0.09882504174688653,162.10125426888067,0.05119830807223025,0.000409586464577842,0.09880684760756529,0.3712089710394366,2939,125,2814,0.04442075337597726,0.0
2582,132.1085760368452,1.5184893797338528,4.7067145415893625,0.054100167144705315,4.7067145415893625,0.054100167144705315,2.506319477154193,124.8955420180996,7.2130340187435555,0.08290843699705236,125.59119288816657,0.6956508700669701,0.000358213630312549,0.07491244998481171,0.3497515042320174,2029,1942,87,22.32183908045977,0.0
2583,137.07437361183975,3.3432774051668233,2.130937158386435,0.051974077033815486,2.130937158386435,0.051974077033815486,4.6498080122597685,130.29362844119373,6.780745170646203,0.16538402855234643,130.57434429710463,0.2807158559108984,0.0002643275479386991,0.15853730035939306,0.03572124496201923,1103,1062,41,25.902439024390244,0.0
2584,171.74376313767186,0.2666828620150184,30.602910872364497,0.047520047938454185,30.602910872364497,0.047520047938454185,31.78153347187026,109.35931879343798,62.38444434423476,0.09687025519291112,109.75786481441321,0.39854602097523184,0.0002442071206956077,0.09625139491189232,0.75,2276,1632,644,2.5341614906832297,0.0
2585,180.51038766413,1.3272822622362501,6.934943380831377,0.050992230741407185,6.934943380831377,0.050992230741407185,9.93875546653885,163.6366888167571,16.87369884737023,0.12407131505419286,164.2110764665906,0.5743876498335112,0.00024715475466157967,0.11984787645249556,0.038536481119763266,2460,2324,136,17.08823529411765,0.0
2586,143.77460304450733,0.6535209229295788,10.918300497234634,0.04962863862379379,10.918300497234634,0.04962863862379379,8.97404440748312,123.88225813978863,19.892344904717753,0.09041974956689888,124.5779090098556,0.6956508700669701,0.0006915018589134892,0.08725770015750785,0.1890261522291894,1226,1006,220,4.572727272727272,0.0
2587,160.59274289237442,0.5797571945573083,13.661511135982918,0.04931953478694194,13.661511135982918,0.04931953478694194,17.19865473354116,129.7325770228499,30.86016586952408,0.11140854104521329,130.59069132321827,0.8581143003683565,0.00024433778484292607,0.10831065548431823,0.0021277141914879394,3789,3512,277,12.678700361010831,0.0
2588,139.74264758687718,0.4493332719835279,15.541066769945392,0.04997127578760576,15.541066769945392,0.04997127578760576,14.46405412128422,109.7375266956459,30.005120891229613,0.0964794883962367,110.63676558684665,0.8992388912007527,0.0002430375381623656,0.09358804501617535,0.2624699695114714,4011,3700,311,11.897106109324758,0.0
2589,250.47507022670482,0.315459786179729,37.72175783051874,0.047508511121560126,37.72175783051874,0.047508511121560126,49.14085877755042,163.61245361862814,86.86261660806916,0.10939876147111985,164.1401223780681,0.5276687594399618,0.00025043605099191353,0.1087341912451344,0.1449990120303255,2901,2107,794,2.6536523929471034,0.0
2590,141.41280686930077,0.6546889206912072,10.753798722104358,0.049786105194927585,10.753798722104358,0.049786105194927585,6.670000084225649,123.98900806296967,17.423798806330005,0.08066573521449076,124.70886960685868,0.7198615438890101,0.00024003385924941986,0.0773330428816763,0.32042235643814365,3215,2999,216,13.88425925925926,0.0
2591,142.13621379721053,1.2045441847221232,5.984065957598951,0.05071242336948264,5.984065957598951,0.05071242336948264,6.3969399642586495,129.75520787535186,12.3810059218576,0.10492377899879322,130.3230405588098,0.5678326834579366,0.00024634823577350827,0.10011163761356556,0.2472691511721905,2423,2305,118,19.533898305084747,0.0
2592,185.5390127987514,0.24477442321735013,36.40441500903636,0.048026932729599424,36.40441500903636,0.048026932729599424,39.251556938051294,109.88304085166396,75.65597194708766,0.0998099893761051,110.69134901295388,0.808308161289915,0.00024412810670187707,0.09874361977018142,0.041034215542026686,4069,3311,758,4.3680738786279685,0.0
2593,184.88752308669848,0.9579664408637227,9.654035828701874,0.05002091102954339,9.654035828701874,0.05002091102954339,11.691941341031566,163.54154591696215,21.345977169733438,0.11060091797789345,164.19367672395288,0.6521308069907263,0.00024144050610541516,0.10722200187951089,0.13263376895361034,2894,2701,193,13.994818652849741,0.0
2594,134.5804474709396,0.9968922034884414,6.413037313715949,0.047503980101599626,6.413037313715949,0.047503980101599626,4.169519438373641,123.997890718848,10.582556752089591,0.07838930927473771,124.17325708047088,0.17536636162287778,0.0002693799717709336,0.07709029918865713,0.29004175234285867,786,651,135,4.822222222222222,0.0
2595,145.86591509292305,0.8894263115422137,8.459442411156235,0.05158196592168436,8.459442411156235,0.05158196592168436,7.57885958487077,129.82761309689533,16.038301996027005,0.09779452436601832,130.72697864086376,0.8993655439684289,0.0002440612059615818,0.0923105881223127,0.4914613026950292,3849,3685,164,22.46951219512195,0.0
2596,119.63584689680818,1.0875986081528015,5.7965761180833155,0.05269614652803014,5.7965761180833155,0.05269614652803014,3.9899825814458154,109.84928819727884,9.786558699529131,0.08896871545026483,110.4998106842695,0.650522486990667,0.00024147085634397436,0.08305487465944246,0.022669440711865718,2804,2694,110,24.490909090909092,0.0
2597,179.45834769554676,1.380448828427283,6.400634447628287,0.04923564959714066,6.400634447628287,0.04923564959714066,8.980763224933412,164.0769500229826,15.381397672561699,0.11831844363508999,164.41501876047005,0.3380687374874469,0.00025153923920196944,0.1157179148852055,0.026469360220630733,1474,1344,130,10.338461538461539,0.0
2598,138.24639430380932,0.8586732565453995,8.00528189736013,0.04972224780969024,8.00528189736013,0.04972224780969024,5.262550019970149,124.97856238647785,13.267831917330279,0.08240889389646136,125.5379093099358,0.5593469234579516,0.0003551409037828264,0.07893468940294115,0.34903127779421084,1736,1575,161,9.782608695652174,0.0
2599,148.16564892525435,0.8323912860969345,9.138790743834116,0.051341521032775936,9.138790743834116,0.051341521032775936,7.946181148766527,131.08067703265306,17.08497189260064,0.09598298816067777,132.0006075072996,0.9199304746465486,0.00024189599648870592,0.09081483942671202,0.2226398584830349,3981,3803,178,21.365168539325843,0.0
2600,125.22882998280056,0.9783502342406294,6.911996570352478,0.05399997320587874,6.911996570352478,0.05399997320587874,6.691062356899124,111.62577105554931,13.603058927251602,0.10627389786915314,112.55133319317304,0.9255621376237286,0.00024185057162888127,0.09904294366896504,0.12114002941802937,3955,3827,128,29.8984375,0.0
2601,186.0973755374249,0.8497597056503421,11.108697776890063,0.050724647383059644,11.108697776890063,0.050724647383059644,11.640155218329028,163.34852254220277,22.74885299521909,0.10387604107405976,164.27909910547726,0.9305765632744851,0.00024221149486582122,0.09962683302259202,0.75,4061,3842,219,17.54337899543379,0.0
2602,135.83906158999855,0.9433268165972122,7.205005930074691,0.05003476340329646,7.205005930074691,0.05003476340329646,4.84367619412069,123.79037946580218,12.04868212419538,0.0836714036402457,124.34972638926013,0.5593469234579516,0.0007579226605121295,0.07978705000512794,0.09440303277460771,882,738,144,5.125,0.0
2603,145.34494671864252,0.9257639918384873,7.762329587598992,0.04944158972992989,7.762329587598992,0.04944158972992989,6.585209049523996,130.99740808151864,14.347538637122987,0.0913855964147961,131.52460461026305,0.5271965287444118,0.0003244286330734842,0.08802765674127047,0.0376563635883258,1782,1625,157,10.35031847133758,0.0
2604,121.88748935087983,1.2188748935087983,5.362738998094139,0.05362738998094139,5.362738998094139,0.05362738998094139,4.699814264231918,111.82493608855407,10.062553262326057,0.10062553262326057,112.5192657136497,0.6943296250956337,0.00024150595655500303,0.0936822363723013,0.08107533082693408,2975,2875,100,28.75,0.0
2605,187.77270377058733,0.8574096062583896,10.58056368396111,0.04831307618247082,10.58056368396111,0.04831307618247082,12.815017921467302,164.37712216515592,23.39558160542841,0.10682913975081466,164.78697349283482,0.40985132767889354,0.00024280291924105068,0.10495767250115301,0.022002618798182993,1907,1688,219,7.707762557077626,0.0
2606,142.41837943510916,0.6847037472841786,10.17348778870017,0.04891099898413543,10.17348778870017,0.04891099898413543,8.237420669786502,124.00747097662213,18.410908458486674,0.08851398297349362,124.53154686536652,0.5240758887443917,0.0004662596874950104,0.08599438735453191,0.20152109942455354,1332,1124,208,5.403846153846154,0.0
2607,152.43828132754084,0.7258965777501944,10.223371274312413,0.048682720353868635,10.223371274312413,0.048682720353868635,11.751178620791507,130.4637314324359,21.97454989510392,0.10464071378620914,130.99092796118032,0.5271965287444118,0.0010460248586198647,0.10213025412552627,0.2290776000330652,714,504,210,2.4,0.0
2608,302.7831331363982,0.15794633966426613,90.46049507760964,0.047188573332086405,90.46049507760964,0.047188573332086405,100.48983765453806,111.8328004042479,190.9503327321477,0.0996089372624662,112.0243881079515,0.1915877037035898,0.0002520890838205129,0.0995089958416519,0.233863991145995,2677,760,1917,0.396452790818988,0.0
2609,183.93885983437121,0.9530510872247213,9.497574127217456,0.04921022863843241,9.497574127217456,0.04921022863843241,10.696138721905754,163.74514698524445,20.19371284912321,0.10463063652395445,164.27931215398883,0.53416516874438,0.0002507817693635587,0.10186294134913154,0.37736381698675814,2323,2130,193,11.036269430051814,0.0
2610,154.3309799416868,0.440945656976248,16.935899783427228,0.04838828509550636,16.935899783427228,0.04838828509550636,14.521094561754808,122.87398559650819,31.456994345182036,0.0898771267005201,123.39806148525258,0.5240758887443917,0.0005178615501426796,0.08837976701838346,0.2931799719481205,1362,1012,350,2.8914285714285715,0.0
2611,155.12952627884897,0.6383931122586377,12.106836368784428,0.04982237188800176,12.106836368784428,0.04982237188800176,13.40696102164975,129.61572888841397,25.513797390434178,0.10499505098944106,130.49309736948805,0.877368481074086,0.00024391673090744676,0.10138448110848114,0.47079129268547604,3840,3597,243,14.802469135802468,0.0
2612,131.16078159897904,0.697663731909463,9.50259989704273,0.05054574413320601,9.50259989704273,0.05054574413320601,9.152937038765685,112.50524466316915,18.655536935808414,0.09923157944578943,113.19166323001798,0.686418566848829,0.00024161160395946108,0.09558041685617587,0.26853263439522834,3029,2841,188,15.111702127659575,0.0
2613,185.5622174194691,0.8921260452859092,10.428403796666599,0.05013655671474326,10.428403796666599,0.05013655671474326,11.505746642291001,163.62806698050883,21.9341504389576,0.10545264634114232,164.40317309094075,0.7751061104319206,0.0002464566328877331,0.10172617465638631,0.08975847873716702,3353,3145,208,15.120192307692308,0.0
2614,139.13532887989686,0.9153640057887952,9.73563260275012,0.06405021449177711,9.73563260275012,0.06405021449177711,7.0130399023584005,122.386656374788,16.748672505108523,0.11018863490202975,122.91432513422797,0.5276687594399618,0.0002456558470390884,0.10671712990571641,0.1823227046467082,2300,2112,188,11.23404255319149,1.0
2615,146.15850395832808,0.9875574591778925,7.5136604632574,0.05076797610309054,7.5136604632574,0.05076797610309054,7.122982142255751,131.52186135281522,14.63664260551315,0.09889623382103481,132.19246897974165,0.6706076269264258,0.00024036115660445371,0.09436510120666511,0.17809400184626156,2938,2790,148,18.85135135135135,0.0
2616,131.41995397315748,0.7509711655608998,9.122188509043635,0.052126791480249346,9.122188509043635,0.052126791480249346,8.822098506157317,113.4756669579557,17.944287015200953,0.10253878294400544,114.3871284983469,0.9114615403912012,0.0002433159477819544,0.09733043128463188,0.3444264778968318,3921,3746,175,21.405714285714286,0.0
2617,195.15000315976636,0.7713438860069817,12.158461050171923,0.04805715830107479,12.158461050171923,0.04805715830107479,18.203250852053657,164.7882912575385,30.36171190222558,0.12000676641195882,165.19048584130178,0.40219458376327566,0.00024345919113999737,0.11841706449985999,0.08758165972744791,1905,1652,253,6.529644268774703,0.0
2618,154.26601737764304,0.5375122556712301,14.067711199317287,0.049016415328631664,14.067711199317287,0.049016415328631664,14.404924977603855,125.79338120072714,28.472636176921142,0.09920779155721653,126.36776885056065,0.5743876498335112,0.0002472611493041374,0.09720644086091425,0.01402862734619248,2610,2323,287,8.094076655052264,0.0
2619,167.661486585268,0.5339537789339746,15.256017821538068,0.04858604401763716,15.256017821538068,0.04858604401763716,21.04328188929253,131.36218687443727,36.299299710830596,0.11560286532111655,132.07337630450422,0.7111894300669519,0.00024132657959516522,0.11333793083045787,0.5704813953815346,3261,2947,314,9.385350318471337,0.0
2620,127.93649950397742,0.7848865000244013,8.223453497884197,0.05045063495634477,8.223453497884197,0.05045063495634477,6.7480091902004915,112.96503681589172,14.971462688084689,0.09184946434407784,113.54565982367455,0.5806230077828332,0.0002455065572020436,0.08828736000185804,0.75,2528,2365,163,14.50920245398773,0.0
2621,208.52712212476786,0.5487555845388628,18.506571589292463,0.04870150418234859,18.506571589292463,0.04870150418234859,26.10003638917317,163.92051414629827,44.60660797846563,0.1173858104696464,164.6867329337946,0.7662187874963138,0.00024629340645976013,0.11536944523940335,0.17074363441849982,3491,3111,380,8.186842105263159,0.0
2622,128.68167467409444,3.217041866852361,2.471344790541491,0.06178361976353728,2.471344790541491,0.06178361976353728,1.1338196101687572,125.07651027338488,3.6051644007102484,0.09012911001775621,125.73094077654605,0.6544305031611657,0.00024130918258155078,0.07376834743870972,0.029905336185265696,2752,2712,40,67.8,0.0
2623,154.1436291293819,0.7630872729177323,9.942628463279439,0.04922093298653187,9.942628463279439,0.04922093298653187,13.20479247130379,130.99620819479867,23.14742093458323,0.11459119274546153,131.59717537460517,0.6009671798065028,0.00024301139498847667,0.11161610769691453,0.17307815286369532,2675,2473,202,12.242574257425742,0.0
2624,270.1265938022125,0.17075005929343393,74.92685220807797,0.04736210632621869,74.92685220807797,0.04736210632621869,82.15837073225828,113.04137086187086,157.08522294033625,0.09929533687758296,113.47047303190493,0.4291021700340707,0.00023985588039914516,0.09902409656783032,0.22530728736455785,3371,1789,1582,1.1308470290771175,0.0
2625,174.78282318977858,1.9638519459525683,4.883405505668541,0.05486972478279259,4.883405505668541,0.05486972478279259,5.028862723242696,164.87055496086623,9.912268228911238,0.11137380032484537,165.64566107129815,0.7751061104319206,0.0002461435726998795,0.10266474290427452,0.1878458678000925,3238,3149,89,35.38202247191011,0.0
2626,155.01823822492258,0.5237102642733871,14.748684749139812,0.04982663766601288,14.748684749139812,0.04982663766601288,14.899851034272046,125.36970244151689,29.64853578341186,0.10016397224125628,126.16263743470029,0.792934993183394,0.0002461766510969866,0.09748513780480506,0.75,3517,3221,296,10.881756756756756,0.0
2627,154.80286260797232,0.7166799194813533,10.382998203389715,0.048069436126804234,10.382998203389715,0.048069436126804234,14.177134019998903,130.2427303845834,24.560132223388617,0.11370431584902138,130.64393423183378,0.40120384725037184,0.00024359675000022577,0.11184689063027099,0.75,1863,1647,216,7.625,0.0
2628,119.5152369384864,1.2321158447266638,5.068790730340115,0.05225557453958882,5.068790730340115,0.05225557453958882,3.155871949281277,111.29057425886515,8.224662679621392,0.08479033690331332,111.85045032117785,0.5598760623126964,0.0002453444620125751,0.07901841873513969,0.6792389408201416,2379,2282,97,23.52577319587629,0.0
2629,171.60194242203033,2.5235579767945637,3.753781709604724,0.05520267220006947,3.753781709604724,0.05520267220006947,3.756284938696922,164.09187577372802,7.510066648301645,0.11044215659267126,164.72313540814332,0.6312596344153008,0.00024288558461535236,0.10115892667480901,0.03538596046450948,2667,2599,68,38.220588235294116,0.0
2630,130.6043681454771,1.6325546018184638,4.043754589507874,0.05054693236884843,4.043754589507874,0.05054693236884843,1.984229667243767,124.57638388872647,6.027984256751641,0.07534980320939552,124.91726850571183,0.3408846169853632,0.0002521335924447953,0.07108874549706598,0.4929860347841668,1432,1352,80,16.9,0.0
2631,142.01147030558502,1.2679595562998662,5.956039192677939,0.05317892136319589,5.956039192677939,0.05317892136319589,5.804862166430894,130.2505689464772,11.760901359108832,0.105008047849186,131.0396797982521,0.7891108517749217,0.00024605888736355526,0.09796241524404385,0.21005265204973966,3319,3207,112,28.633928571428573,0.0
2632,145.6074225039888,0.39675047003811664,18.105750155275736,0.04933446908794478,18.105750155275736,0.04933446908794478,16.362952157879818,111.13872019083249,34.46870231315555,0.09392016979061459,112.03566542013425,0.8969452293017639,0.00024400033441288464,0.09147617734020314,0.11369500973228241,4043,3676,367,10.016348773841962,0.0
2633,182.07467750977423,1.0902675299986482,8.244648206612773,0.04936915093780103,8.244648206612773,0.04936915093780103,10.115606582023247,163.71442272113677,18.36025478863602,0.10994164544093425,164.25382372638717,0.5394010052503972,0.00024822871847694306,0.10671169930171895,0.28716767777370933,2340,2173,167,13.011976047904191,0.0
2634,152.18486057122175,0.5435173591829349,13.814319791856562,0.04933685639948772,13.814319791856562,0.04933685639948772,13.95325854536759,124.41728223400355,27.76757833722415,0.0991699226329434,125.02299010592264,0.605707871919094,0.0002420894771858889,0.09700668023321109,0.3596348564379923,2782,2502,280,8.935714285714285,0.0
2635,145.91781225341913,0.9994370702288982,7.529434601990519,0.05157146987664739,7.529434601990519,0.05157146987664739,8.44048736926436,129.9478902821652,15.96992197125488,0.10938302720037589,130.74198751534857,0.7940972331833791,0.00024607909302242924,0.1039440050552778,0.75,3373,3227,146,22.102739726027398,0.0
2636,128.1519286042609,0.6571893774577482,9.611051482691854,0.049287443500983866,9.611051482691854,0.049287443500983866,7.798410130729849,110.74246699083699,17.409461613421705,0.08927929032523951,111.18626697469392,0.443799983856934,0.0002391163706125722,0.08700339297213829,0.36781827775098463,2051,1856,195,9.517948717948718,0.0
2637,188.32253867369297,0.867845800339599,10.502910310647096,0.048400508343995834,10.502910310647096,0.048400508343995834,15.04746533060279,162.77216303244109,25.550375641249886,0.11774366654953865,163.21596301629802,0.443799983856934,0.00023989188316591025,0.11569850533361731,0.004207559757105628,2067,1850,217,8.525345622119815,0.0
2638,134.89079107750933,1.1832525533114855,5.586041444504119,0.049000363548281745,5.586041444504119,0.049000363548281745,5.421265628318565,123.88348400468749,11.007307072822684,0.09655532520019898,124.17039519498803,0.28691119030054324,0.0002651674586881176,0.09403856037299388,0.017480263727065903,1196,1082,114,9.491228070175438,0.0
2639,140.66156490993262,1.3790349500973786,5.540177776195177,0.054315468394070365,5.540177776195177,0.054315468394070365,4.705662333080795,130.41572480065759,10.245840109275973,0.10044941283603895,131.25499256956869,0.8392677689110997,0.00024447065799915516,0.09222129745454839,0.07601563474145223,3535,3433,102,33.65686274509804,0.0
2640,135.7419909328504,0.5776254933312783,11.936040284963742,0.05079166078707975,11.936040284963742,0.05079166078707975,11.402481898917472,112.40346874896875,23.338522183881214,0.09931286035694134,113.29596654740033,0.8924977984315774,0.0002445869549004049,0.09551499738489393,0.010160414658230366,3884,3649,235,15.527659574468085,0.0
2641,172.97925847768136,1.7650944742620547,5.075231072736743,0.051788072170783093,5.075231072736743,0.051788072170783093,4.571805678366786,163.3322217265769,9.64703675110353,0.09843915052146458,163.90660937641042,0.5743876498335112,0.0002470484515412951,0.09257805205378511,0.015593578737366443,2423,2325,98,23.724489795918366,0.0
2642,185.96506150778657,0.30942605908117565,28.825391556395168,0.047962381957396286,28.825391556395168,0.047962381957396286,31.49828964729943,125.64138030409845,60.3236812036946,0.1003721817033188,126.06025412994791,0.41887382584945954,0.0002412867660423154,0.09967522026262673,0.38931812341866134,2337,1736,601,2.8885191347753745,0.0
2643,141.52404278751783,2.7749812311278004,4.534275061290897,0.08890735414295876,4.534275061290897,0.08890735414295876,6.326461415314384,130.66330631091307,10.86073647660528,0.21295561718833883,131.11122647339914,0.4479201624860707,0.0002347589950136639,0.20417286890428796,0.17661414184135538,1959,1879,80,23.4875,1.0
2644,121.32305789788904,1.0642373499814828,5.734849100332569,0.05030569386256639,5.734849100332569,0.05030569386256639,3.121367277123454,112.46684152043167,8.856216377456022,0.07768610857417563,112.87126218957167,0.40442066913999497,0.000243333735944642,0.07413855884488928,0.24759918297127115,1776,1662,114,14.578947368421053,0.0
2645,178.03674547242838,1.2194297635097835,7.416771306647258,0.05079980347018669,7.416771306647258,0.05079980347018669,7.5594029051439975,163.06057126063638,14.976174211791255,0.10257653569720038,163.75191572380982,0.6913444631734365,0.0006032674198721086,0.09784129964807235,0.17381182882854773,1292,1146,146,7.8493150684931505,0.0
2646,135.18474925498174,1.590408814764491,4.633167554356634,0.05450785358066628,4.633167554356634,0.05450785358066628,4.3296550232944355,126.2219266773327,8.96282257765107,0.10544497150177728,126.89466345650737,0.6727367791746701,0.00023906779643733834,0.09753042115852194,0.13422053911597231,2899,2814,85,33.10588235294118,0.0
2647,149.31727295752887,1.3574297541593534,5.8895401158772716,0.05354127378070247,5.8895401158772716,0.05354127378070247,9.607275419433563,133.8204574222176,15.496815535310834,0.14088014123009848,134.65423299271572,0.8337755704981191,0.0002451560042628989,0.1333003633164832,0.30250663835579417,3511,3401,110,30.918181818181818,0.0
2648,132.18219218909576,0.6264558871521126,10.435017331198974,0.0494550584417013,10.435017331198974,0.0494550584417013,8.94639957364575,112.8007752842509,19.381416904844723,0.09185505642106503,113.31898355280191,0.5182082685510068,0.00024961862646965643,0.08939909306300402,0.0215060057618075,2287,2076,211,9.838862559241706,0.0
2649,190.64578956861897,0.7389371688706161,12.68152788220099,0.04915320884574027,12.68152788220099,0.04915320884574027,15.55419579507543,162.41006589134008,28.235723677276418,0.10944078944680782,163.10141035451352,0.6913444631734365,0.0009961735780597068,0.10676115974459476,0.19227218606272345,952,694,258,2.689922480620155,0.0
2650,138.8040180360365,1.028177911378048,7.22425598442018,0.053513007292001334,7.22425598442018,0.053513007292001334,4.970981042939002,126.60878100867944,12.195237027359182,0.0903350890915495,127.4668953090478,0.8581143003683565,0.00024433778484292607,0.08397868686658293,0.23930881867545395,3647,3512,135,26.014814814814816,0.0
2651,141.09872323185368,3.8134790062663155,2.226803990635834,0.06018389163880633,2.226803990635834,0.06018389163880633,3.768294349561529,135.10362489165607,5.995098340197363,0.162029684870199,135.66752454286393,0.563899651207862,0.00024538714151778156,0.1467891537564798,0.08124830089241186,2335,2298,37,62.108108108108105,0.0
2652,125.97733320118721,1.124797617867743,5.924579243319577,0.05289802895821051,5.924579243319577,0.05289802895821051,5.328852891446104,114.72390106641933,11.253432134765681,0.10047707263183644,115.3783315695805,0.6544305031611657,0.00024184423620146552,0.09463394313934563,0.09273218552846174,2818,2706,112,24.160714285714285,0.0
2653,172.5669674210393,1.597842290935549,5.651874463695496,0.052332170960143476,5.651874463695496,0.052332170960143476,5.097320393252744,161.81777256408975,10.74919485694824,0.09952958200878,162.5091170272632,0.6913444631734365,0.0006112683140348686,0.0931282443868158,0.1790040221540039,1239,1131,108,10.472222222222221,0.0
2654,150.60951822630886,0.6548239922882995,11.617662287898535,0.05051157516477624,11.617662287898535,0.05051157516477624,11.934732244839324,127.05712369357707,23.552394532737857,0.10240171535972982,127.78319217257717,0.7260684790001051,0.0002404200261589752,0.09924489588578995,0.05678710689585387,3250,3020,230,13.130434782608695,0.0
2655,146.80108217929705,1.7686877370999645,4.298928953911221,0.05179432474591833,4.298928953911221,0.05179432474591833,7.5757952165114375,134.92635800887388,11.87472417042266,0.14306896590870674,135.43260371031022,0.5062457014363417,0.0002468287183989965,0.13696962010827515,0.4126432194117342,2134,2051,83,24.710843373493976,0.0
2656,145.5336497197934,0.46201158641204254,15.413457127262902,0.04893160992781873,15.413457127262902,0.04893160992781873,15.395287328418362,114.72490526411184,30.808744455681264,0.09780553795454369,115.39551289103827,0.6706076269264258,0.00024027503651967961,0.09567662485319091,0.1921779925875171,3106,2791,315,8.86031746031746,0.0
2657,176.47231562684306,1.2004919430397487,7.717722720394514,0.05250151510472458,7.717722720394514,0.05250151510472458,6.611927130874051,162.14266577557362,14.329649851268565,0.09748061123311949,163.09014154984357,0.9474757742699467,0.00024004960077779241,0.09103519780271763,0.12387405665162987,4094,3947,147,26.85034013605442,0.0
2658,146.1308610263651,0.8029168188261818,9.126652715362631,0.050146443491003466,9.126652715362631,0.050146443491003466,9.638837021428799,127.36537128957855,18.76548973679143,0.10310708646588698,127.8904067850184,0.5250354954398517,0.00025001690259040556,0.10022227605135547,0.25148155586066423,2282,2100,182,11.538461538461538,0.0
2659,159.0588241848302,0.8460575754512245,8.863799109729802,0.047147867604945756,8.863799109729802,0.047147867604945756,15.77969097779146,134.4153340973087,24.643490087521265,0.13108239408255992,134.59716237489863,0.18182827758994335,0.0002639017091290905,0.13011522239325304,0.44973600790171986,877,689,188,3.6648936170212765,0.0
2660,127.2393192570687,0.9287541551610854,6.925661230419822,0.05055227175488921,6.925661230419822,0.05055227175488921,6.028921443936724,114.28473658271139,12.954582674356546,0.09455899762304049,114.76323107212522,0.47849448941383343,0.00023996714614535277,0.09106633711637575,0.2856846879128625,2131,1994,137,14.554744525547445,0.0
2661,182.66264074331968,1.0036408832050532,8.981867382103417,0.04935091968188691,8.981867382103417,0.04935091968188691,11.035926413957213,162.64484694725786,20.01779379606063,0.10998787800033313,163.20472300957056,0.5598760623126964,0.0002451296244801648,0.10691163589972048,0.017100516053346837,2466,2284,182,12.54945054945055,0.0
2662,152.27529206233476,0.609101168249339,12.614615319039492,0.05045846127615797,12.614615319039492,0.05045846127615797,12.495796479619003,127.1648802636812,25.110411798658497,0.10044164719463398,127.88187174825896,0.7169914845777612,0.00024035919697544794,0.09757368125630318,0.29989219706874337,3233,2983,250,11.932,0.0
2663,140.11709029767326,3.046023702123332,2.9693104788861127,0.06455022780187201,2.9693104788861127,0.06455022780187201,3.10892526837938,134.03885455040768,6.078235747265493,0.1321355597231629,134.92779060600878,0.888936055601107,0.00024549463010248746,0.11281086286227116,0.32729479355100466,3667,3621,46,78.71739130434783,0.0
2664,129.16658882578326,0.8227171262788743,8.18507205445763,0.05213421690737344,8.18507205445763,0.05213421690737344,6.950280210183564,114.03123656114235,15.135352264641194,0.09640351760917958,114.83086295021337,0.7996263890710225,0.00024520895095707525,0.09131035589534964,0.4684617536431688,3418,3261,157,20.770700636942674,0.0
2665,180.5025289158831,1.3079893399701674,7.013715371064817,0.05082402442800592,7.013715371064817,0.05082402442800592,9.72187148465207,163.76694206016532,16.735586855716885,0.12127236851968758,164.4082602102958,0.6413181501304734,0.00024255603257582203,0.11662513554773403,0.014912540570207966,2782,2644,138,19.159420289855074,0.0
2666,139.17195300678316,1.0788523488897919,6.8964561490929155,0.05346090038056524,6.8964561490929155,0.05346090038056524,4.426884809937974,127.84861204775598,11.32334095903089,0.08777783689171233,128.64565722265365,0.7970451748976757,0.000245925694198604,0.0815991921250349,0.022539388908057845,3370,3241,129,25.124031007751938,0.0
2667,157.1980959618479,0.9034373331140685,8.323383384946126,0.04783553669509268,8.323383384946126,0.04783553669509268,14.59533964471757,134.27937293218372,22.918723029663695,0.1317167990210557,134.5747882096565,0.2954152774727845,0.0002582301376510354,0.13001901007006555,0.14250399070363073,1318,1144,174,6.574712643678161,0.0
2668,135.15304890879054,0.7767416603953479,9.044212457082473,0.05197823251196824,9.044212457082473,0.05197823251196824,9.324882492258894,116.78395395944904,18.369094949341367,0.10556951120311131,117.6967972598402,0.9128433003911596,0.00024284205916231966,0.10032328533879507,0.15099662313491535,3933,3759,174,21.603448275862068,0.0
2669,189.9142811674044,0.797959164568926,11.397761066957447,0.04788975238217415,11.397761066957447,0.04788975238217415,14.33401697097554,164.1825031294684,25.731778037932987,0.10811671444509659,164.48993433815986,0.3074312086914688,0.0002579120878284134,0.10682498667749807,0.23465479441392745,1430,1192,238,5.008403361344538,0.0
2670,136.2808280316474,1.2502828259784164,5.857503799589131,0.05373856696870763,5.857503799589131,0.05373856696870763,2.3983312470101055,128.02499298505086,8.255835046599238,0.07574160593210309,128.73139307406154,0.7064000890106854,0.00024117449266325894,0.06926087117051234,0.09250882935032223,3038,2929,109,26.871559633027523,0.0
2671,147.08682943063138,1.442027739515994,5.209354142695134,0.05107209943818759,5.209354142695134,0.05107209943818759,7.979572396323192,133.89790289161192,13.188926539018325,0.12930320136292475,134.4320680603563,0.53416516874438,0.0002503117004425398,0.12406628794387335,0.33840211243114027,2236,2134,102,20.92156862745098,0.0
2672,132.8569367498044,0.8408666882899012,7.965420522779309,0.050414053941641196,7.965420522779309,0.050414053941641196,8.102941334345587,116.78857489267955,16.068361857124895,0.10169849276661326,117.36919790046238,0.5806230077828332,0.00024592249376655367,0.09802366360343043,0.33740207999358063,2519,2361,158,14.943037974683545,0.0
2673,175.88019367925358,1.5564618909668457,6.0210605241661606,0.05328372145279788,6.0210605241661606,0.05328372145279788,6.030119597676389,163.82901355741024,12.051180121842549,0.10664761169772168,164.64810614068938,0.8190925832791436,0.0002453107467143287,0.09939900476605487,0.03180015626014665,3452,3339,113,29.548672566371682,0.0
2674,136.01251992930224,1.8631852045109896,4.090642811875315,0.05603620290240158,4.090642811875315,0.05603620290240158,2.404225710193714,129.51765140723433,6.494868522069029,0.08897080167217848,130.16388775104144,0.6462363438071179,0.00024131304847166464,0.08011824901727123,0.30766528701258267,2751,2678,73,36.68493150684932,0.0
2675,146.1077158964356,1.4610771589643559,5.142420640739677,0.05142420640739677,5.142420640739677,0.05142420640739677,7.420392014010531,133.54490324168432,12.562812654750207,0.12562812654750208,134.10408362399698,0.5591803823126611,0.000245793574642928,0.12003632272438608,0.3022460109294798,2375,2275,100,22.75,0.0
2676,140.26852789375482,0.6234156795277992,11.262687290322605,0.05005638795698936,11.262687290322605,0.05005638795698936,11.849934748576175,117.15590585485654,23.112622038898778,0.1027227646173279,117.92967124803988,0.7737653931833393,0.0006040323131798121,0.09928380731428862,0.044731620926199867,1506,1281,225,5.693333333333333,0.0
2677,179.38942450724437,1.309411857717112,6.8920586534851,0.05030699747069416,6.8920586534851,0.05030699747069416,9.253902631936626,163.24346322182112,16.145961285421727,0.11785373201037756,163.8033392841338,0.5598760623126964,0.0002453444620125751,0.11376704542416466,0.75,2419,2282,137,16.656934306569344,0.0
2678,140.33158351875477,1.3624425584345123,5.7205381334135135,0.05553920517877198,5.7205381334135135,0.05553920517877198,5.207770522862802,129.40327486248123,10.928308656276315,0.10610008404151762,130.25647883868703,0.8532039762058048,0.00024384223383989848,0.0978165502919198,0.18506250769360122,3602,3499,103,33.970873786407765,0.0
2679,154.84044772515733,0.8324755254040717,9.398637244353724,0.0505303077653426,9.398637244353724,0.0505303077653426,12.699470607256217,132.74233987354773,22.09810785160994,0.11880703146026848,133.54486335995205,0.8025234864043114,0.00024519507681158305,0.11449238906024348,0.3819496218294489,3459,3273,186,17.596774193548388,0.0
2680,124.05014927848958,1.3338725728869847,5.1174316040390035,0.05502614627998929,5.1174316040390035,0.05502614627998929,3.4127498024156466,115.5199678720362,8.53018140645465,0.09172238071456613,116.29373326521954,0.7737653931833393,0.0003990538386711394,0.08340232272333377,0.3189258532972872,2032,1939,93,20.849462365591396,0.0
2681,457.2833558397747,0.15156889487562966,141.50135376947816,0.046901343642518446,141.50135376947816,0.046901343642518446,152.91027006021295,162.87173201005203,294.4116238296911,0.09758423063629139,162.91712338424895,0.04539137419692452,0.0005673921774615564,0.09756918543438042,0.04566929126144714,3097,80,3017,0.026516407026847863,0.0
2682,149.9585982943754,1.006433545599835,7.951789971880041,0.05336771793208081,7.951789971880041,0.05336771793208081,10.176814451010728,131.82999387148732,18.128604422890767,0.12166848605966958,132.67952956159786,0.8495356901105424,0.00024369928000876146,0.11596690424682916,0.03393505972007915,3635,3486,149,23.395973154362416,0.0
2683,147.59411362489425,1.2614881506401219,6.300600824491002,0.05385128909821369,6.300600824491002,0.05385128909821369,7.467377889182217,133.82613491122072,13.76797871367322,0.11767503174079674,134.74377586466596,0.9176409534452432,0.00024212162360032801,0.10983194666861783,0.3798124569761967,3907,3790,117,32.39316239316239,0.0
2684,127.3659810572849,1.480999779735871,4.531642025702834,0.05269351192677714,4.531642025702834,0.05269351192677714,5.7932302180979605,117.04110881348538,10.324872243800794,0.12005665399768364,117.57337849038004,0.5322696768946571,0.0002509522286160571,0.11386747170819606,0.0782549227766367,2207,2121,86,24.662790697674417,0.0
2685,174.63131597862252,1.8190762081106513,5.303844542675696,0.05524838065287183,5.303844542675696,0.05524838065287183,6.201262394706646,163.12620904124003,11.505106937382342,0.11984486393106607,164.00218360231406,0.875974561074031,0.00024386819629009773,0.11072012891987981,0.5438004271077261,3688,3592,96,37.416666666666664,0.0
2686,421.10570013832466,0.14173870755244855,140.53331840252392,0.04730168912908917,140.53331840252392,0.04730168912908917,149.2636984912665,131.3086832445548,289.79701689379044,0.09754191076869419,131.35803848144144,0.04935523688664034,0.00041474988980370035,0.09752529843718721,0.36897851018250094,3090,119,2971,0.04005385392123864,0.0
2687,155.51554116226725,1.0033260720146275,7.787493020441112,0.05024189045445879,7.787493020441112,0.05024189045445879,13.193620625531139,134.53442751629495,20.98111364597225,0.13536202352240162,135.1506399614052,0.61621244511025,0.00024155721094090552,0.13138645936040033,0.007448942256019109,2706,2551,155,16.45806451612903,0.0
2688,121.2400562903315,2.635653397615902,2.698454571067771,0.058662055892777634,2.698454571067771,0.058662055892777634,2.2998571177381564,116.2417446015263,4.998311688805927,0.1086589497566506,116.82236760930914,0.5806230077828332,0.0002455065572020436,0.09603671045700772,0.41140600930748406,2411,2365,46,51.41304347826087,0.0
2689,403.4835693725055,0.16604262114094875,114.24420771353192,0.047014077248367044,114.24420771353192,0.047014077248367044,126.10436841238311,163.1349932465805,240.34857612591503,0.09890887906416257,163.47587786356587,0.3408846169853632,0.00025306950036032904,0.09876859732878174,0.0793568939875513,3777,1347,2430,0.554320987654321,0.0
2690,146.8735947595477,1.1474499590589664,6.744744148043067,0.052693313656586464,6.744744148043067,0.052693313656586464,8.811371105833018,131.31747950567365,15.556115253876087,0.12153215042090693,131.96961031266437,0.6521308069907263,0.00024144050610541516,0.116437378491276,0.01650076202463424,2829,2701,128,21.1015625,0.0
2691,146.29360820758382,1.4629360820758381,5.001443247648044,0.05001443247648044,5.001443247648044,0.05001443247648044,6.913848444783298,134.37831651515182,11.915291692431342,0.11915291692431343,134.7859688968174,0.40765238166557083,0.00024381123305357107,0.11507639310766421,0.31147945469558636,1772,1672,100,16.72,0.0
2692,126.17949452022276,1.5577715372867007,4.205646338484809,0.051921559734380354,4.205646338484809,0.051921559734380354,5.208487031685991,116.76536115005365,9.414133370170799,0.11622386876754072,117.21328131253972,0.4479201624860707,0.00023825540557769717,0.11069399021830914,0.21488999369091744,1961,1880,81,23.209876543209877,0.0
2693,178.22478664168273,1.937225941757421,5.164097879855806,0.05613149869408485,5.164097879855806,0.05613149869408485,8.478951945470385,164.58173681635571,13.643049825326191,0.14829401984050208,165.48003228032405,0.8982954639683385,0.0002433745499778755,0.13852993871042035,0.020050480226927903,3783,3691,92,40.119565217391305,0.0
2694,178.56798463505606,0.37993188220224694,22.85176883007861,0.0486207847448481,22.85176883007861,0.0486207847448481,24.350027805820446,131.36618799916107,47.20179663589906,0.10042935454446608,132.03621066608753,0.6700226669264566,0.00023972188441018127,0.09900377440206072,0.15183311125144883,3265,2795,470,5.946808510638298,0.0
2695,182.22855028573053,0.4067601568877914,21.48171068260885,0.047950247059394754,21.48171068260885,0.047950247059394754,26.45926446850285,134.28757513461778,47.9409751511117,0.10701110524801719,134.87922023632905,0.5916451017112649,0.00024478489934268307,0.10569046886027118,0.11162017703031779,2865,2417,448,5.395089285714286,0.0
2696,150.32809460595718,0.48492933743857153,15.172197675041957,0.04894257314529664,15.172197675041957,0.04894257314529664,17.082108944916058,118.07378798600007,32.254306619958015,0.10404615038696134,118.81108119104454,0.737293205044466,0.00024008245035638751,0.10166778520939561,0.17309187402895532,3381,3071,310,9.906451612903226,0.0
2697,171.38221306578907,3.1160402375598015,3.210000302879741,0.058363641870540744,3.210000302879741,0.058363641870540744,3.3379142954636336,164.8342984674457,6.547914598343374,0.11905299269715226,165.52071703429453,0.686418566848829,0.00024110241195954654,0.10657265511808253,0.2091886505676257,2902,2847,55,51.763636363636365,0.0
2698,142.12939552827038,1.9469780209352108,4.10255174632093,0.056199338990697664,4.10255174632093,0.056199338990697664,5.745650276348442,132.28119350560337,9.848202022669373,0.13490687702286813,132.9444525669037,0.6632590613003231,0.00024092228888497025,0.1258211364570779,0.11459299611146889,2826,2753,73,37.71232876712329,0.0
2699,144.51976312837974,1.7204733705759492,4.108978621785399,0.04891641216411189,4.108978621785399,0.04891641216411189,5.589920361146483,134.82086414544744,9.698898982931881,0.11546308313014145,135.0828117449961,0.2619475995486482,0.0002540713865651292,0.11234465932599576,0.07363172155453412,1115,1031,84,12.273809523809524,0.0
2700,138.15564159135272,0.6739299589822084,10.167233625106611,0.04959626158588591,10.167233625106611,0.04959626158588591,9.601888498241237,118.38651946800564,19.76912212334785,0.09643474206511146,119.05047676930599,0.6639573013003428,0.00024021610032573908,0.09319592596120357,0.027148354805262898,2969,2764,205,13.482926829268292,0.0
2701,181.3189415211192,1.2591593161188834,7.596822016579695,0.05275570844847011,7.596822016579695,0.05275570844847011,8.30430151876567,165.4178179857712,15.901123535345365,0.11042446899545393,166.29518646684528,0.877368481074086,0.00024398456092160345,0.10433163232134667,0.21327752438537573,3740,3596,144,24.97222222222222,0.0
2702,159.8993201375506,0.6718458829308849,11.716889268926602,0.049230627180363876,11.716889268926602,0.049230627180363876,15.77793967520779,132.40449119341895,27.49482894413439,0.1155244913619092,132.80097603925128,0.3964848458323331,0.0002453495333120873,0.11385858864831648,0.3207344991011496,1854,1616,238,6.7899159663865545,0.0
2703,151.91099649303396,1.108839390460102,6.976337771423962,0.05092217351404352,6.976337771423962,0.05092217351404352,10.477831037508622,134.45682768410177,17.454168808932586,0.12740269203600427,135.10306402790889,0.6462363438071179,0.00024140319156037277,0.1226856384315699,0.06482368260253679,2814,2677,137,19.54014598540146,0.0
2704,139.04798527908804,0.6653013649717131,10.138959421094453,0.04851176756504523,10.138959421094453,0.04851176756504523,10.588021715572836,118.32100414242166,20.72698113666729,0.09917215854864733,118.77169059132893,0.4506864489072768,0.00023833233680977092,0.09701576405626366,0.1777386412238684,2100,1891,209,9.047846889952153,0.0
2705,184.71467378234354,1.1765265846009143,8.191732791640547,0.052176641984971635,8.191732791640547,0.052176641984971635,9.967101984846067,166.5558390058544,18.158834776486614,0.11566136800309945,167.40251058586978,0.8466715800153679,0.00024470276879056877,0.11026855539155263,0.011259254666356355,3617,3460,157,22.038216560509554,0.0
2706,150.23297839249085,0.8889525348668098,8.954793046578592,0.05298694110401534,8.954793046578592,0.05298694110401534,9.038453925673366,132.2397314202409,17.99324697225196,0.10646891699557373,133.12297740390943,0.8832459836685302,0.00024459872159194966,0.10124260939989005,0.49681313857433906,3780,3611,169,21.366863905325445,0.0
2707,158.96339305583456,0.6911451871992806,11.560329646570668,0.05026230281117682,11.560329646570668,0.05026230281117682,13.055921315982005,134.34714209328024,24.616250962552673,0.1070271780980551,135.2195538363784,0.8724117430981551,0.00024348639215689507,0.10323408356285288,0.07011090016408161,3813,3583,230,15.578260869565218,0.0
2708,140.71373219594022,0.6338456405222532,10.958967272392023,0.049364717443207314,10.958967272392023,0.049364717443207314,10.591616685731651,119.16314823781693,21.550583958123674,0.0970747025140706,119.82640729911725,0.6632590613003231,0.00024074739067162364,0.09408704908478817,0.15955331039162957,2977,2755,222,12.40990990990991,0.0
2709,185.28970832739049,1.1298152946792104,8.577147185635331,0.052299677961191046,8.577147185635331,0.052299677961191046,10.018085784260848,166.69447535749146,18.59523296989618,0.11338556688961085,167.5937142486922,0.8992388912007527,0.00024310324174121458,0.10790240291889193,0.12071324720068333,3863,3699,164,22.554878048780488,0.0
2710,142.8235458382203,1.428235458382203,5.402039486131952,0.054020394861319515,5.402039486131952,0.054020394861319515,4.689561041974912,132.73194531011438,10.091600528106863,0.10091600528106863,133.37126087212164,0.6393155620072548,0.00024234858302018758,0.09452284966098659,0.040654636038652825,2738,2638,100,26.38,0.0
2711,144.2969232160375,1.7385171471811747,4.778521247641716,0.05757254515230983,4.778521247641716,0.05757254515230983,4.506686548810649,135.01171541958524,9.285207796452365,0.11186997345123331,135.97305026986317,0.9613348502779218,0.00024045393953925007,0.10028762585752209,0.6689928571146311,4081,3998,83,48.16867469879518,0.0
2712,127.7306257973521,1.316810575230434,5.076792634251586,0.052338068394346245,5.076792634251586,0.052338068394346245,4.002080925639916,118.6517522374595,9.078873559891502,0.09359663463805672,119.25879188256977,0.6070396451102624,0.00032654096025296525,0.08733849396682822,0.48707735230379967,1956,1859,97,19.164948453608247,0.0
2713,193.97839453106803,0.8737765519417479,11.145289980968355,0.050204008923280884,11.145289980968355,0.050204008923280884,15.649154466742516,167.18395008335403,26.794444447710873,0.12069569571040933,167.89858542652746,0.7146353431734269,0.00024069900410017748,0.1174766175880206,0.2012235608805213,3191,2969,222,13.373873873873874,0.0
2714,152.00498601281072,0.7238332667276701,10.401454443797947,0.04953073544665689,10.401454443797947,0.04953073544665689,10.154752618092857,131.44877895092304,20.556207061890802,0.0978867002947181,131.85319962006304,0.40442066913999497,0.00024318741379434453,0.09596088758451277,0.6131999184614187,1873,1663,210,7.919047619047619,0.0
2715,145.93592240773626,1.5862600261710462,4.646966340666124,0.05051050370289265,4.646966340666124,0.05051050370289265,6.675461998770288,134.61349406830016,11.322428339436412,0.12306987325474361,135.02570461396772,0.41221054566756266,0.00024391156548376488,0.1185893238453102,0.3374094524887141,1782,1690,92,18.369565217391305,0.0
2716,287.4337925990634,0.16987812801363084,80.26233637816985,0.04743636901783088,80.26233637816985,0.04743636901783088,89.807447005256,117.36400921563666,170.06978338342583,0.10051405637318311,117.97104886074692,0.6070396451102624,0.0008734383382881474,0.10015528589735016,0.13591008999219412,2387,695,1692,0.4107565011820331,0.0
2717,183.7984202604764,1.3035348954643717,7.534974573732649,0.0534395359839195,7.534974573732649,0.0534395359839195,9.313176763916886,166.95026892282374,16.848151337649533,0.11949043501879102,167.88801837426422,0.9377494514404816,0.00024112868383658565,0.11283972968944812,0.09707900490411703,4030,3889,141,27.581560283687942,0.0
2718,151.72614174262696,0.7474194174513643,10.375705114459008,0.05111184785447787,10.375705114459008,0.05111184785447787,9.443563188025905,131.9068734401443,19.819268302484915,0.09763186355903898,132.61806287021125,0.7111894300669519,0.00024099946799964483,0.09412846735180157,0.1345734434263477,3154,2951,203,14.536945812807883,0.0
2719,137.809275815481,4.445460510176806,2.325814236131203,0.0750262656816517,2.325814236131203,0.0750262656816517,0.9139463388154354,134.5695152405342,3.2397605749466383,0.10450840564343994,135.5000918038087,0.9305765632744851,0.0002418966891797466,0.07448980682813873,0.31849862392039086,3878,3847,31,124.09677419354838,0.0
2720,128.88390225427838,1.0651562169775073,6.5093578952304165,0.05379634624157369,6.5093578952304165,0.05379634624157369,4.985699043487557,117.38884531555982,11.495056938717973,0.09500047056791713,118.31525905803028,0.9264137424704586,0.00024264372511012536,0.08734415864667855,0.07910886536478756,3939,3818,121,31.553719008264462,0.0
2721,179.79566542413113,1.4737349624928782,6.612179995112198,0.05419819668124753,6.612179995112198,0.05419819668124753,5.612411280110564,167.57107414890595,12.224591275222762,0.10020156782969478,168.4839174492971,0.9128433003911596,0.00024303602246835985,0.09271924569536082,0.020271894789743783,3878,3756,122,30.78688524590164,0.0
2722,157.999416107186,0.68103196597925,11.849031406302704,0.05107341123406338,11.849031406302704,0.05107341123406338,13.782334743408114,132.36804995747673,25.631366149710818,0.11048002650737422,133.19473141128253,0.8266814538058043,0.00024494265297949757,0.10691674437889423,0.11662570774433334,3607,3375,232,14.547413793103448,0.0
2723,152.95257710865928,1.0196838473910619,7.894092241336843,0.05262728160891229,7.894092241336843,0.05262728160891229,9.06408762476326,135.99439724255797,16.958179866100103,0.11305453244066735,136.9083435813734,0.9139463388154354,0.0002426835737693668,0.10696155684857254,0.17430935482809673,3916,3766,150,25.106666666666666,0.0
2724,123.57569883269093,2.206708907726624,2.9148666649044945,0.05205119044472312,2.9148666649044945,0.05205119044472312,2.7192076511688583,117.94162451661657,5.634074316073352,0.10060846992988129,118.29808404861717,0.3564595320005992,0.0003132333321622137,0.09424312114417432,0.5805465087661332,1194,1138,56,20.321428571428573,0.0
2725,195.9087943376344,0.7774158505461682,12.51402132479502,0.04965881478093262,12.51402132479502,0.04965881478093262,15.596241454077017,167.7985315587582,28.110262778872038,0.11154866182092078,168.47126833793288,0.6727367791746701,0.00023932293816245824,0.10887907142738693,0.04941292134333253,3063,2811,252,11.154761904761905,0.0
2726,146.8843822394174,1.0200304322181764,7.822038844220654,0.05431971419597677,7.822038844220654,0.05431971419597677,6.360785986599012,132.70155740859911,14.182824830819666,0.09849183910291434,133.64573568276398,0.9441782741648694,0.00024073897862439303,0.09193504553231532,0.40784167441063346,4066,3922,144,27.23611111111111,0.0
2727,149.6322124702334,1.2264935448379788,6.5221402040610155,0.053460165607057505,6.5221402040610155,0.053460165607057505,7.478913377937715,135.63115888823393,14.00105358199873,0.11476273427867813,136.48436286443973,0.8532039762058048,0.00024398169179462532,0.10776925906388263,0.75,3619,3497,122,28.66393442622951,0.0
2728,442.0097674817573,0.13517118271613374,154.5411877135078,0.04726030205306049,154.5411877135078,0.04726030205306049,171.4842098474155,115.9843699208626,326.02539756092335,0.09970195644064934,116.3408294528632,0.3564595320005992,0.0011764340990118786,0.09959294740944774,0.75,3573,303,3270,0.0926605504587156,0.0
2729,186.92597083202133,1.0384776157334519,8.994522714922853,0.049969570638460296,8.994522714922853,0.049969570638460296,11.009061937800425,166.92238617929627,20.003584652723276,0.11113102584846264,167.46808040168946,0.5456942223931947,0.00024804282836054305,0.10809939127962151,0.01785424765478183,2380,2200,180,12.222222222222221,0.0
2730,151.56286693057177,0.8811794588986731,9.11311895641166,0.05298324974657941,9.11311895641166,0.05298324974657941,9.469598493522426,132.98014948063815,18.582717449934087,0.10803905494147725,133.92028353830085,0.9401340576627035,0.00024267786723353215,0.10257315925738908,0.15641614526782632,4046,3874,172,22.523255813953487,0.0
2731,154.18157215614337,1.0077226938310024,7.5871712235172675,0.04958935440207364,7.5871712235172675,0.04958935440207364,9.768519346772223,136.8258815858527,17.35569057028949,0.11343588608032346,137.2962169682296,0.4703353823769021,0.00024045776195138143,0.11036179861381551,0.08292829942547542,2109,1956,153,12.784313725490197,0.0
2732,132.49555752750894,0.7485624719068301,8.535636201787668,0.048223933343433154,8.535636201787668,0.048223933343433154,8.342125654455003,115.61779567126678,16.87776185624267,0.09535458675843317,115.9773737829621,0.3595781116953276,0.0002502283310336309,0.09332307200308944,0.46583508924834405,1614,1437,177,8.11864406779661,0.0
2733,175.40457386979722,1.639295082895301,5.16709236031888,0.0482905828067185,5.16709236031888,0.0482905828067185,3.5265932173352894,166.71088829214125,8.693685577654168,0.08124939792200157,166.88544076825303,0.17455247611178493,0.00027062399397175956,0.07961806636957182,0.09911429603516808,752,645,107,6.02803738317757,0.0
2734,140.65576357903,1.7581970447378752,4.688879006283175,0.058610987578539685,4.688879006283175,0.058610987578539685,2.55952755582598,133.4073570169195,7.248406562109155,0.09060508202636444,134.27031417405408,0.8629571571345878,0.00024356679569138801,0.07981811756219911,0.20135029227162704,3623,3543,80,44.2875,0.0
2735,152.6725451134464,1.0110764577049431,7.950466995198202,0.05265209930594836,7.950466995198202,0.05265209930594836,8.14777597920613,136.57430213904092,16.098242974404332,0.10661088062519425,137.50071588151138,0.9264137424704586,0.0002423897808661587,0.10047569027771537,0.0020002742843416854,3973,3822,151,25.311258278145694,0.0
2736,153.42768743160025,0.4048223942786286,18.15133649890719,0.04789270844038837,18.15133649890719,0.04789270844038837,19.424642654823515,115.85170827787078,37.57597915373071,0.09914506373016017,116.29550826172772,0.443799983856934,0.00024002162458460464,0.09797408751945258,0.05599571130971981,2228,1849,379,4.878627968337731,0.0
2737,173.2094622723488,1.9245495808038755,4.708814045359115,0.05232015605954572,4.708814045359115,0.05232015605954572,2.081971206313824,166.41867702067452,6.790785251672939,0.07545316946303265,166.93688528922553,0.5182082685510068,0.00024949844417477456,0.06969529981248065,0.20741746971282282,2167,2077,90,23.07777777777778,0.0
2738,158.43480596960126,0.7508758576758353,10.777003991384031,0.051075848300398255,10.777003991384031,0.051075848300398255,12.135818026318589,135.5219839518992,22.91282201770262,0.10859157354361432,136.3914658960224,0.8694819441232085,0.0002438939534707457,0.10447080603591877,0.09056883037180796,3776,3565,211,16.895734597156398,0.0
2739,162.31221227616004,0.7150317721416742,11.150661530888685,0.04912185696426734,11.150661530888685,0.04912185696426734,13.740886833090826,137.4206639121801,24.89154836397951,0.10965439807920489,138.0067765271042,0.5861126149241045,0.00024636932111143527,0.10707240418086275,0.2436902746509304,2606,2379,227,10.480176211453745,0.0
2740,144.77820527495123,0.4625501765972883,15.162965970167196,0.04844398073535845,15.162965970167196,0.04844398073535845,13.693704234448887,115.92153507033584,28.856670204616083,0.0921938345195402,116.48141113264853,0.5598760623126964,0.0002451296244801648,0.09040509310639841,0.15587108898967017,2597,2284,313,7.297124600638978,0.0
2741,178.94451618317953,1.5037354301107524,6.253617676626218,0.052551409047279146,6.253617676626218,0.052551409047279146,6.232611896958588,166.4582866095925,12.486229573584806,0.10492629893768744,167.15112119468813,0.6928345850956248,0.000241827080312609,0.09910415956715463,0.22393271976341111,2984,2865,119,24.07563025210084,0.0
2742,148.49707524039025,1.197557058390244,6.513017029463705,0.052524330882771815,6.513017029463705,0.052524330882771815,6.288714049610007,135.69534416131853,12.801731079073711,0.10323976676672347,136.35930146261887,0.6639573013003428,0.00023986896723278281,0.09788527240138203,0.1699889801923291,2892,2768,124,22.322580645161292,0.0
2743,169.75457975307393,0.5338194331857671,15.694493485200692,0.049353753098115384,15.694493485200692,0.049353753098115384,16.880608040334437,137.17947822753854,32.57510152553513,0.10243742618092809,138.0261498075539,0.8466715800153679,0.0002446320658813545,0.09977493693559755,0.3702757559218526,3779,3461,318,10.883647798742139,0.0
2744,122.31124953222434,1.8532007504882475,3.660442756653293,0.05546125388868626,3.660442756653293,0.05546125388868626,1.6843001858287607,116.96650658974295,5.344742942482053,0.08098095367397051,117.60782473987342,0.6413181501304734,0.00024218963373507304,0.0712640120053169,0.05435947236139782,2714,2648,66,40.121212121212125,0.0
2745,178.82287574990187,1.6256625068172896,5.913183435121331,0.053756213046557554,5.913183435121331,0.053756213046557554,6.318128550998381,166.59156376378007,12.231311986119712,0.11119374532836102,167.36763039122786,0.7760666274477899,0.00024605790343937533,0.10413859416976369,0.5767569800036654,3264,3154,110,28.672727272727272,0.0
2746,142.883913861756,1.9844988036355002,3.8676401536583596,0.053717224356366104,3.8676401536583596,0.053717224356366104,3.4801590519172123,135.53611465618212,7.347799205575572,0.10205276674410517,136.0177875697151,0.48167291353297514,0.00023868826240484398,0.09536286516723497,0.3572819070584501,2090,2018,72,28.02777777777778,0.0
2747,156.0291936623105,0.7920263637680736,9.494226426817654,0.04819404277572414,9.494226426817654,0.04819404277572414,9.567517184707867,136.96745005078378,19.06174361152552,0.0967601198554595,137.30416669493798,0.336716644154194,0.000252600633273964,0.09505089831153561,0.07030139734661134,1530,1333,197,6.766497461928934,0.0
2748,160.43989361468948,0.38382749668586,20.313513817182564,0.04859692300761379,20.313513817182564,0.04859692300761379,22.87266872646103,117.25371107104627,43.186182543643596,0.10331622618096555,117.9683464142197,0.7146353431734269,0.00024013284380827518,0.10160657224992772,0.001599577085130477,3394,2976,418,7.119617224880383,0.0
2749,175.49632147767147,2.785655896470976,4.759085513587191,0.07554103989820939,4.759085513587191,0.07554103989820939,3.9307119409972984,166.80652402308522,8.68979745458449,0.13793329292991252,167.1100853880214,0.30356136493617214,0.00025254689262576717,0.13311485856587432,0.1319234866524539,1265,1175,90,13.055555555555555,1.0
2750,138.97775341502916,3.2320407770937014,2.556574813321901,0.05945522821678839,2.556574813321901,0.05945522821678839,0.6735318764514204,135.74764672525612,3.2301066897733213,0.07511876022728654,136.29206212212557,0.5444153968694536,0.0002483646883528529,0.062457937044269406,0.06631638337478307,2235,2192,43,50.97674418604651,0.0
2751,150.5306681711727,1.1852808517415172,6.714509227864821,0.0528701514005104,6.714509227864821,0.0528701514005104,6.261119608674562,137.55503933463194,12.975628836539382,0.1021703057995227,138.36652449116548,0.8114851565335357,0.0002445705715893718,0.0957806588976946,0.10632399833616546,3445,3318,127,26.125984251968504,0.0
2752,135.05581462681766,0.8039036584929623,8.344754175295286,0.04967115580532908,8.344754175295286,0.04967115580532908,8.11202898903855,118.5990314624853,16.456783164333835,0.09795704264484426,119.14753675598968,0.5485052935043768,0.0002476321866836916,0.09469213018349992,0.45748063622727386,2383,2215,168,13.18452380952381,0.0
2753,182.38083190904547,1.8802147619489225,5.46442162536264,0.05633424356043958,5.46442162536264,0.05633424356043958,7.3079162443533505,169.60849403932878,12.77233786971599,0.13167358628573186,170.53490778179923,0.9264137424704586,0.00024251668651059126,0.1221229291468684,0.5242967446840794,3917,3820,97,39.381443298969074,0.0
2754,173.6954881149751,0.4453730464486541,18.944763848266824,0.04857631755965852,18.944763848266824,0.04857631755965852,18.711342376008247,136.0393818907031,37.65610622427507,0.09655411852378223,136.71291376715453,0.6735318764514204,0.000511413725475642,0.09482711371236041,0.75,1707,1317,390,3.376923076923077,0.0
2755,160.40893307691545,0.7258322763661332,10.628257563769639,0.048091663184478,10.628257563769639,0.048091663184478,13.099177030718693,136.68149848242615,23.72743459448833,0.10736395744112366,137.01821512658034,0.336716644154194,0.00025317040913849174,0.10584035271644843,0.0003657775898773252,1551,1330,221,6.018099547511312,0.0
2756,134.66534239044404,0.8261677447266506,7.991183411656305,0.04902566510218592,7.991183411656305,0.04902566510218592,8.604815778703028,118.069343200086,16.595999190359333,0.10181594595312474,118.49050274923695,0.421159549150957,0.00024149056717371386,0.09923214503808028,0.2677277712484738,1907,1744,163,10.699386503067485,0.0
2757,196.3319312366914,0.798097281449965,12.22450908184945,0.0496931263489815,12.22450908184945,0.0496931263489815,14.26130258875969,169.8461195660807,26.485811670609138,0.10766590110003714,170.5389541511763,0.6928345850956248,0.000241827080312609,0.10484950034762226,0.4726287742796558,3111,2865,246,11.646341463414634,0.0
2758,147.45510112110276,1.378085057206568,5.666778855452144,0.05296055005095461,5.666778855452144,0.05296055005095461,6.814430568812668,134.9738916968397,12.481209424264812,0.11664681704920385,135.64742357329112,0.6735318764514204,0.00043792709782277013,0.11035212661506202,0.32476787074540425,1645,1538,107,14.373831775700934,0.0
2759,141.12943350795433,3.8143090137284954,2.4618807229242843,0.06653731683579146,2.4618807229242843,0.06653731683579146,1.8492908123082543,136.81826197272017,4.311171535232539,0.11651814960087943,137.58448076021648,0.7662187874963138,0.0002462142633342911,0.09580953372264465,0.027439492395160414,3149,3112,37,84.10810810810811,0.0
2760,124.40199091896818,2.006483724499487,3.7730818371379344,0.06085615866351507,3.7730818371379344,0.06085615866351507,2.6415273361400295,117.98738174569075,6.414609173277964,0.10346143827867683,118.92774876335352,0.9403670176627656,0.00024217538440967438,0.0882942283163655,0.18865698950639853,3945,3883,62,62.62903225806452,0.0
2761,452.6767399202005,0.15523893687249674,137.02805227233114,0.04699178747336459,137.02805227233114,0.04699178747336459,145.6712322967512,169.977455351093,282.69928456908235,0.09694762845304608,170.2263609194922,0.2489055683992092,0.00024330945102561994,0.09686226989050352,0.0680071719505122,3939,1023,2916,0.3508230452674897,0.0
2762,152.0090828119105,1.0066826676285463,7.506236813611567,0.049710177573586534,7.506236813611567,0.049710177573586534,8.88212047953607,135.62072551876315,16.388357293147635,0.10853216750428897,136.09724340817695,0.4765178894137989,0.00023921580793865408,0.10537641989227518,0.16933266930300306,2143,1992,151,13.19205298013245,0.0
2763,151.56029328931754,0.9241481298129118,8.067165868565317,0.049190035783934855,8.067165868565317,0.049190035783934855,6.350084438369095,137.14304298238108,14.417250306934411,0.08791006284716105,137.59651945042526,0.45347646804418673,0.00023779573573371092,0.08514496243227,0.01544094707548993,2071,1907,164,11.628048780487806,0.0
2764,131.4030716811826,0.9319366785899476,6.997069653607473,0.049624607472393424,6.997069653607473,0.049624607472393424,6.295355357503922,118.11064667007201,13.292425011111394,0.09427251780930067,118.56579373479292,0.4551470647209044,0.00023779888438918724,0.09104452444248007,0.75,2055,1914,141,13.574468085106384,0.0
2765,176.36074469859489,4.522070376887048,2.432518972510867,0.06237228134643248,2.432518972510867,0.06237228134643248,4.947535633280268,168.9806900928046,7.380054605791134,0.18923216937925985,169.62200824293507,0.6413181501304734,0.00024264780557339138,0.17278811424768767,0.3108972103091219,2682,2643,39,67.76923076923077,0.0
2766,148.09460818641242,1.3463146198764766,5.956927918205549,0.054153890165504995,5.956927918205549,0.054153890165504995,6.477370482644233,135.66030978556273,12.434298400849782,0.11303907637136165,136.50842723567325,0.8481174501105215,0.00024378196323958653,0.10532891773399239,0.024410549760659705,3589,3479,110,31.62727272727273,0.0
2767,152.35535122448198,0.8656554046845567,8.986351022953716,0.051058812630418844,8.986351022953716,0.051058812630418844,7.351930081963133,136.01707011956387,16.33828110491685,0.09283114264157301,136.82537828085378,0.808308161289915,0.00024405439652473279,0.0882384826342511,0.635446732077412,3488,3312,176,18.818181818181817,0.0
2768,131.3898425945133,0.8531807960682682,7.954083340233032,0.05164989181969501,7.954083340233032,0.05164989181969501,6.409675307248335,117.0260839470327,14.363758647481367,0.0932711600485803,117.82571033610373,0.7996263890710225,0.0002455100979646983,0.08807878089876355,0.5689552956130228,3411,3257,154,21.149350649350648,0.0
2769,183.09149742842942,1.4304023236596048,6.79707245495959,0.0531021285543718,6.79707245495959,0.0531021285543718,8.037001882495474,168.25742309097268,14.834074337455064,0.11589120576136769,169.05152032415606,0.7940972331833791,0.0002462317002119005,0.10968732112713564,0.1833669181779669,3353,3225,128,25.1953125,0.0
2770,144.21144718770256,2.0311471434887687,3.9431544876516686,0.0555373871500235,3.9431544876516686,0.0555373871500235,4.832934646127228,135.43535805392366,8.776089133778896,0.12360688920815346,136.09221863708478,0.6568605831611194,0.00024175950797243996,0.11435533169884193,0.30169995723144893,2788,2717,71,38.267605633802816,0.0
2771,152.5556587255959,0.8667935154863403,8.762154240637997,0.04978496727635226,8.762154240637997,0.04978496727635226,7.856037756988485,135.9374667279685,16.618191997626482,0.09442154544105956,136.52497291094267,0.5875061829741526,0.00024633382933926735,0.0910834421287115,0.1164997044344318,2561,2385,176,13.551136363636363,0.0
2772,138.26903020418956,0.6811282276068451,10.20950322153287,0.05029311931789591,10.20950322153287,0.05029311931789591,10.191678293540463,117.86784868911639,20.401181515073333,0.10049843110873563,118.58186579228982,0.7140171031734326,0.0002408964585605373,0.09698110547733864,0.75,3167,2964,203,14.600985221674877,0.0
2773,377.8542138531684,0.17706383029670497,100.14909471651397,0.0469302224538491,100.14909471651397,0.0469302224538491,109.84397961712341,167.86113951952268,209.99307433363737,0.09840350249936146,168.01726497695483,0.15612545743215378,0.00027632824324275005,0.0983303415539895,0.02218114296749718,2699,565,2134,0.2647610121836926,0.0
2774,417.13127905358795,0.14458623190765613,136.59719616022826,0.047347381684654515,136.59719616022826,0.047347381684654515,145.35565963209092,135.17842326128834,281.95285579231916,0.09773062592454737,135.45913911719924,0.2807158559108984,0.00026383069164558125,0.09763332406807235,0.02511452839451067,3949,1064,2885,0.3688041594454073,0.0
2775,155.1505320629235,0.9346417594152018,8.252220242882624,0.04971217013784713,8.252220242882624,0.04971217013784713,9.934715417409734,136.96359640263108,18.186935660292356,0.10955985337525516,137.51254841613547,0.5489520135043904,0.0002476102902590845,0.10625291353486765,0.03582728852177297,2383,2217,166,13.355421686746988,0.0
2776,123.30298815885078,2.8675113525314133,2.6414646371739727,0.061429410166836576,2.6414646371739727,0.061429410166836576,1.4309369185233436,119.23058660315394,4.072401555697317,0.09470701292319342,119.90332338232861,0.6727367791746701,0.00023898287004428778,0.07906197154702727,0.42864807329897303,2858,2815,43,65.46511627906976,0.0
2777,183.81680162153236,1.3925515274358513,7.132910995149504,0.054037204508708366,7.132910995149504,0.054037204508708366,8.703657663398644,167.98023296298277,15.836568658548149,0.11997400498900113,168.92770873725271,0.9474757742699467,0.00024017129892774314,0.11279615821423976,0.01944457451895687,4077,3945,132,29.886363636363637,0.0
2778,149.47374330341347,1.1587111883985541,6.355580575242236,0.04926806647474601,6.355580575242236,0.04926806647474601,8.259079228521841,134.85908349964814,14.614659803764077,0.11329193646328742,135.23342453403234,0.3743410343842015,0.0002454695307437387,0.1103900679796987,0.20972869900163005,1654,1525,129,11.821705426356589,0.0
2779,148.44937293910277,1.1419182533777137,6.743469976569989,0.0518728459736153,6.743469976569989,0.0518728459736153,4.522883500091439,137.18301946244196,11.266353476661427,0.08666425751278022,137.9149897330617,0.7319702706197404,0.00024054231699629984,0.0810337169695467,0.14272481115995106,3173,3043,130,23.407692307692308,0.0
2780,137.89171136351365,0.7494114748017047,9.385219609966105,0.05100662831503318,9.385219609966105,0.05100662831503318,9.632227108375673,118.87426464517182,19.01744671834178,0.10335568868664011,119.63834753223603,0.7640828870642054,0.00024655788546763645,0.09920306430042188,0.75,3283,3099,184,16.842391304347824,0.0
2781,183.9645364880713,1.41511181913901,6.52655129830546,0.050204240756195846,6.52655129830546,0.050204240756195846,9.537496462758895,167.9004887270056,16.064047761064355,0.1235695981620335,168.33679349176475,0.4363047647591429,0.00023946474465375573,0.12021340766389654,0.06754953108554673,1952,1822,130,14.015384615384615,0.0
2782,174.27844820912685,0.4445878780845073,19.134393524848786,0.04881222837971629,19.134393524848786,0.04881222837971629,19.25688230590947,135.88717237837204,38.39127583075826,0.09793692813968945,136.61409521209134,0.7269228337192999,0.000239987729851205,0.09608253315570282,0.07561127421047331,3421,3029,392,7.7270408163265305,0.0
2783,199.33810828771527,0.3159082540217358,30.18822438717309,0.04784187700027431,30.18822438717309,0.04784187700027431,31.42204907349037,137.72783482705142,61.610273460663464,0.09763910215636049,138.50160022023476,0.7737653931833393,0.0005710445706150105,0.09641284955226705,0.09458736400029011,1986,1355,631,2.1473851030110933,0.0
2784,122.77845022863096,3.148165390477717,2.450539913077532,0.06283435674557773,2.450539913077532,0.06283435674557773,1.191434527625006,119.13647578792882,3.641974440702538,0.09338396001801379,119.80332981938795,0.6668540314591382,0.00024039438769255165,0.07628513869853858,0.40338259629652384,2813,2774,39,71.12820512820512,0.0
2785,193.17111261080606,0.7344909224745477,13.184904600677385,0.050132717112841764,13.184904600677385,0.050132717112841764,12.430639466799676,167.55556854332747,25.61554406747706,0.09739750595998882,168.41715182481505,0.861583281487583,0.00024400546063086463,0.09412152390110651,0.3015986054537052,3794,3531,263,13.425855513307985,0.0
2786,460.10901334835944,0.13976579992355997,156.3243656890838,0.04748613781563907,156.3243656890838,0.04748613781563907,168.30246049313405,135.48218716617896,324.6268261822179,0.09861082204806132,135.84969108186692,0.36750391568796204,0.002296899473049763,0.09849918659370975,0.3323394801618633,3452,160,3292,0.04860267314702309,0.0
2787,174.12617953176846,0.4487788132262074,18.82593339636754,0.04852044689785448,18.82593339636754,0.04852044689785448,18.70543455452969,136.59481158087056,37.53136795089723,0.09673032977035367,137.3685769740539,0.7737653931833393,0.0004139996753254892,0.09473608906627465,0.09570256426877677,2257,1869,388,4.81701030927835,0.0
2788,143.45845116321573,0.6930359959575639,10.64620905082082,0.051430961598168214,10.64620905082082,0.051430961598168214,12.081271857953425,120.7309702544411,22.727480908774247,0.10979459376219443,121.64491659325654,0.9139463388154354,0.00024281252359602428,0.10537939405777386,0.07934840425195944,3971,3764,207,18.183574879227052,0.0
2789,184.43353519354878,1.1245947267899317,8.555083646330301,0.05216514418494086,8.555083646330301,0.05216514418494086,7.799938620197281,168.0785129270197,16.355022266527584,0.09972574552760721,168.95448748809372,0.875974561074031,0.000244208129655431,0.09438443722838451,0.019405922826763344,3751,3587,164,21.871951219512194,0.0
2790,160.966625043739,0.6337268702509409,12.21663335509943,0.048096981712989886,12.21663335509943,0.048096981712989886,13.518896437782018,135.2310952508576,25.73552979288145,0.10132098343654114,135.59859916654557,0.36750391568796204,0.0002744614754951173,0.09987411762674574,0.056635023973854004,1593,1339,254,5.271653543307087,0.0
2791,143.16934335759674,3.408793889466589,2.463060478550133,0.0586442971083365,2.463060478550133,0.0586442971083365,2.3397063544848606,138.36657652456233,4.802766833034994,0.11435159126273794,138.92645258687503,0.5598760623126964,0.0002448080727208992,0.1010212088267075,0.37846033258085754,2329,2287,42,54.45238095238095,0.0
2792,144.34441201185007,0.6561109636902276,10.6239962841476,0.048290892200670905,10.6239962841476,0.048290892200670905,12.749693783308771,120.97072194439295,23.373690067456373,0.10624404576116533,121.24821013320252,0.2774881888095706,0.0002640230150424078,0.10498273581203431,0.21969336948211549,1271,1051,220,4.777272727272727,0.0
2793,174.8912696905321,2.6906349183158786,3.909091055367406,0.060139862390267786,3.909091055367406,0.060139862390267786,2.3483910829903607,168.63378755217354,6.257482138357767,0.09626895597473487,169.50976211324758,0.875974561074031,0.0002442762300819942,0.08279242426591596,0.04222615731134738,3651,3586,65,55.16923076923077,0.0
2794,154.79714959593764,0.7336357800755339,10.67688311519031,0.05060134177815313,10.67688311519031,0.05060134177815313,9.016563625916206,135.10370285483066,19.693446741106516,0.09333387081093136,135.96181715519901,0.8581143003683565,0.000244546680070777,0.08926697839212619,0.044893827007285836,3720,3509,211,16.630331753554504,0.0
2795,147.8036894917816,1.84754611864727,4.37599446561816,0.054699930820227005,4.37599446561816,0.054699930820227005,4.547144392272685,138.88055063389152,8.923138857890844,0.11153923572363555,139.57488025898715,0.6943296250956337,0.00024108667538042837,0.10286011540993059,0.156865663039639,2960,2880,80,36.0,0.0
2796,213.3749639160884,0.22869771052099508,44.586121362002054,0.047787911427654935,44.586121362002054,0.047787911427654935,47.86799647933594,120.92084607474317,92.45411784133799,0.09909337389210932,121.48002645705583,0.5591803823126611,0.000245793574642928,0.09849403800539397,0.13043480352962433,3208,2275,933,2.4383708467309755,0.0
2797,193.14965950976023,0.7515550953687168,12.817416653399551,0.049873216550192806,12.817416653399551,0.049873216550192806,10.876208384966276,169.45603447139217,23.693625038365827,0.09219309353449738,170.23335677883995,0.7773223074477755,0.00024536688997720186,0.08916849311642132,0.19192703256385357,3425,3168,257,12.326848249027238,0.0
2798,185.7866271398791,0.3305811870816354,27.21992554821189,0.04843403122457632,27.21992554821189,0.04843403122457632,23.786517591938377,134.78018399973257,51.00644314015027,0.09075879562304318,135.56467204108685,0.7844880413542796,0.0003916565358733298,0.08936290942845596,0.75,2565,2003,562,3.5640569395017794,0.0
2799,167.07079826657025,0.5550524859354493,14.860312466105668,0.04936980885749392,14.860312466105668,0.04936980885749392,13.719753582188673,138.4907322182753,28.58006604829434,0.09495038554250612,139.34317395448113,0.852441736205833,0.00024404286750811136,0.09211835319630937,0.05818367038023098,3794,3493,301,11.604651162790697,0.0
2800,140.20889977720344,0.8601772992466469,8.590692907788574,0.05270363747109554,8.590692907788574,0.05270363747109554,9.541113401759617,122.07709346765478,18.13180630954819,0.11123807551870055,123.00451672527856,0.9274232576237864,0.00024170530560953517,0.10554836228174772,0.09215352544038069,4000,3837,163,23.539877300613497,0.0
2801,196.9058130983284,0.7691633324153453,12.700856385777952,0.049612720256945124,12.700856385777952,0.049612720256945124,13.051410792115917,171.15354592043263,25.75226717789387,0.10059479366364793,171.8908391254771,0.737293205044466,0.00024031721155295504,0.09771474208145037,0.0769738911864124,3324,3068,256,11.984375,0.0
2802,152.6952802676832,0.7341119243638615,10.460473825176322,0.05029073954411693,10.460473825176322,0.05029073954411693,7.713867316010919,134.5209391264956,18.17434114118724,0.08737664010186173,135.30542716784987,0.7844880413542796,0.0006104965302367935,0.08360506297996786,0.03193378622995624,1493,1285,208,6.177884615384615,0.0
2803,173.61725997502276,0.4730715530654571,17.870312055367854,0.04869294837974892,17.870312055367854,0.04869294837974892,16.647714811080846,139.099233108573,34.5180268664487,0.09405456911838883,139.8921681017564,0.792934993183394,0.0002459475785308294,0.0918939833059029,0.04287964305137848,3591,3224,367,8.784741144414168,0.0
2804,134.97997479905223,1.2498145814727057,5.972472381028746,0.05530067019471061,5.972472381028746,0.05530067019471061,6.06771819563528,122.93978422238774,12.040190576664026,0.11148324608022246,123.85373056120318,0.9139463388154354,0.00024281252359602428,0.1030207799800838,0.2896342418516724,3872,3764,108,34.851851851851855,0.0
2805,189.83159985538532,0.9260078041726113,10.412640338708512,0.05079336750589518,10.412640338708512,0.05079336750589518,8.330299261661253,171.0886602550139,18.742939600369766,0.09142897366034032,171.92243582551203,0.8337755704981191,0.00024486800895686317,0.08736177575547949,0.43773119933018734,3610,3405,205,16.609756097560975,0.0
2806,149.01865890448414,0.9086503591736838,7.926354851850675,0.048331432023479726,7.926354851850675,0.048331432023479726,6.572916611180176,134.51938744145184,14.499271463030851,0.08841019184774909,134.8433761230035,0.3239886815516684,0.0002527212804615198,0.08643465110658922,0.2984049647363918,1446,1282,164,7.817073170731708,0.0
2807,147.98110091616581,3.894239497793837,2.5876747339671207,0.06809670352545054,2.5876747339671207,0.06809670352545054,3.886926653515161,141.506499528684,6.474601387482282,0.17038424703900742,142.35603521879455,0.8495356901105424,0.00024376920806615278,0.14802804466766498,0.010291400915093618,3523,3485,38,91.71052631578948,0.0
2808,143.3920648031749,0.7878684879295323,9.361607236545757,0.05143740239860306,9.361607236545757,0.05143740239860306,10.856556475226512,123.17390109140206,20.21816371177227,0.11108881160314434,123.97816961275635,0.8042685213542882,0.00024512908300953617,0.10666975379350847,0.4518575302379304,3463,3281,182,18.02747252747253,0.0
2809,186.22707128739728,1.0764570594647243,8.955244373355134,0.05176441834309326,8.955244373355134,0.05176441834309326,5.544019885599255,171.72780702844216,14.499264258954389,0.08381077606332017,172.61674308404326,0.888936055601107,0.00024549463010248746,0.07867241736042783,0.09929748258991822,3794,3621,173,20.930635838150287,0.0
2810,142.6321777255357,1.7608910830313051,4.360236751013162,0.05383008334584151,4.360236751013162,0.05383008334584151,4.013922372718298,134.2580186018031,8.37415912373146,0.10338468053989457,134.89320567142067,0.6351870696175865,0.00024271573160779004,0.09554286486561775,0.023911107457479375,2698,2617,81,32.30864197530864,0.0
2811,156.6201573653866,1.1688071445178105,6.998505698513824,0.05222765446652108,6.998505698513824,0.05222765446652108,7.347520608420723,142.27413105845199,14.346026306934547,0.10705989781294438,143.03182365063458,0.7576925921825932,0.00024544625597103763,0.10140547548322407,0.07132748519927645,3221,3087,134,23.03731343283582,0.0
2812,129.0398793775655,1.767669580514596,3.723494957733497,0.05100678024292462,3.723494957733497,0.05100678024292462,1.64266517848705,123.67371924134443,5.366160136220547,0.0735090429619253,123.99005566128972,0.31633641994528716,0.0002524632242181063,0.06917566734624378,0.10991429616524329,1326,1253,73,17.164383561643834,0.0
2813,181.90911344276572,1.5818183777631802,5.990856342596158,0.052094402979097024,5.990856342596158,0.052094402979097024,3.68677577834535,172.23148132182268,9.677632120941507,0.08415332279079571,172.8777176656298,0.6462363438071179,0.00024140319156037277,0.07853387632292098,0.18010887339858073,2792,2677,115,23.278260869565216,0.0
2814,164.40403916290404,0.47653344684899723,16.644059632361532,0.048243651108294296,16.644059632361532,0.048243651108294296,13.371533204501361,134.38844632604423,30.015592836862893,0.08700171836771853,134.8701192395772,0.48167291353297514,0.00023845193739256194,0.08560556499515025,0.28266771189896645,2365,2020,345,5.855072463768116,0.0
2815,383.39452746565246,0.14906474629302194,121.24159551961706,0.04713903402784489,121.24159551961706,0.04713903402784489,119.76913180532483,142.3838001407322,241.0107273249419,0.09370557049958861,142.58672566332302,0.2029255225908173,0.00026016092639848375,0.09362667255145002,0.07533262843958255,3352,780,2572,0.30326594090202175,0.0
2816,127.75177016382838,1.9356328812701271,4.032164224407267,0.061093397339504044,4.032164224407267,0.061093397339504044,0.6862915199349118,123.0333144194858,4.718455744342179,0.07149175370215421,123.98968807803794,0.9563736585521383,0.00024071826291269526,0.05700124372409756,0.75,4039,3973,66,60.196969696969695,0.0
2817,196.9498855158871,0.8380846192165409,11.884264528296884,0.05057133841828461,11.884264528296884,0.05057133841828461,11.60715157683012,173.4584694107599,23.491416105127,0.09996347278777447,174.3937135296925,0.9352441189325873,0.00024235400853396923,0.09598371057955155,0.0078938475871837,4094,3859,235,16.42127659574468,0.0
2818,154.6329434774666,0.6996965768211159,11.213842705522785,0.05074136970824789,11.213842705522785,0.05074136970824789,8.668524876335937,134.75057589560845,19.882367581858723,0.08996546417130644,135.66505471442383,0.9144788188153825,0.00024218189057610766,0.08582755096399441,0.12954323165604364,3997,3776,221,17.085972850678733,0.0
2819,160.18681426164062,0.8948984036963163,8.906286265544356,0.04975578919298523,8.906286265544356,0.04975578919298523,9.590532023949322,141.68999597214588,18.496818289493678,0.10333418038823283,142.2699908320741,0.5799948599282061,0.00024712179800946146,0.1000939856400365,0.15046178921954834,2526,2347,179,13.111731843575418,0.0
2820,385.55450845198334,0.14510896065185674,125.3403816958309,0.047173647608517465,125.3403816958309,0.047173647608517465,136.85699693119193,123.35712982497978,262.19737862702283,0.09868173828642184,123.38656076175357,0.029430936773792382,0.029430936773792382,0.09867066153188926,0.3446593845953885,2658,1,2657,0.0003763643206624012,0.0
2821,190.58753525041357,1.0828837230137134,9.042479135819574,0.05137772236261122,9.042479135819574,0.05137772236261122,7.520991501785261,174.0240646128085,16.563470637604837,0.09411062862275475,174.85907750648119,0.8350128936726833,0.00024408444714197114,0.08936623718143398,0.07187139901247974,3597,3421,176,19.4375,0.0
2822,144.05851231681856,1.2526827157984224,5.37539823184026,0.04674259332035009,5.37539823184026,0.04674259332035009,3.7400462209544685,134.94306786402205,9.11544445279473,0.07926473437212808,135.01616429856256,0.07309643454050274,0.0003123779253867639,0.07862911320222615,0.15499427757436024,349,234,115,2.034782608695652,0.0
2823,160.88673950880616,0.8004315398448067,9.862208706448973,0.049065714957457575,9.862208706448973,0.049065714957457575,9.733343529039189,141.2911872733165,19.595552235488164,0.09749030962929435,141.8028062713878,0.5116189980712988,0.0002482382329312464,0.09494494147969336,0.40727849757536205,2262,2061,201,10.253731343283581,0.0
2824,146.8122040541282,0.7414757780511525,9.986734960171539,0.05043805535440171,9.986734960171539,0.05043805535440171,12.548964335843493,124.27650475811117,22.535699296015032,0.11381666311118703,124.93336534127229,0.6568605831611194,0.00024211595398493157,0.11049918541846411,0.03764556666965291,2911,2713,198,13.702020202020202,0.0
2825,215.577261864918,0.5132791949164714,20.268184639520364,0.04825758247504849,20.268184639520364,0.04825758247504849,20.725349744006735,174.58372748138913,40.9935343835271,0.09760365329411214,175.17613866310035,0.5924111817112134,0.000243790609757701,0.09619315048051823,0.0030072455384697605,2850,2430,420,5.785714285714286,0.0
2826,144.20228428258406,1.299119678221478,6.071674239914918,0.05469976792716142,6.071674239914918,0.05469976792716142,2.7997975695139985,135.3308124731542,8.871471809428916,0.07992316945431456,136.27106112459467,0.94024865144047,0.00024084237997962858,0.07145246088278732,0.44353735787899495,4015,3904,111,35.171171171171174,0.0
2827,149.11870105326796,1.4911870105326797,5.597404477867477,0.05597404477867477,5.597404477867477,0.05597404477867477,2.6734649555287433,140.84783161987195,8.270869433396221,0.08270869433396222,141.78558107131244,0.9377494514404816,0.00024106669702840145,0.0733311998195552,0.75,3990,3890,100,38.9,0.0
2828,150.53567292375703,0.734320355725644,10.594147030809559,0.051678766003949064,10.594147030809559,0.051678766003949064,14.725669455818888,125.21585643712774,25.319816486628447,0.12351129993477292,126.14688612040231,0.9310296832745735,0.00024151223950053788,0.11896969172368156,0.035021129393157935,4060,3855,205,18.804878048780488,0.0
2829,183.51624429003425,1.3695242111196586,6.911051241956439,0.05157500926833164,6.911051241956439,0.05157500926833164,3.0914672242280403,173.51372582384977,10.00251846618448,0.07464566019540657,174.19145820625795,0.6777323824081805,0.00024024543864168042,0.06958795584907689,0.43385435197842526,2955,2821,134,21.05223880597015,0.0
2830,149.23083306773208,0.8336918048476653,8.914079814687206,0.04979932857367154,8.914079814687206,0.04979932857367154,5.3809668455908195,134.93578640745545,14.295046660278025,0.079860595867475,135.51578126738366,0.5799948599282061,0.00024701655022496,0.07662040111926491,0.11639923576763067,2527,2348,179,13.11731843575419,0.0
2831,146.26234083413055,2.984945731308787,3.157827809872373,0.06444546550759944,3.157827809872373,0.06444546550759944,1.7765197262269794,141.327993298029,4.934347536099352,0.10070097012447658,142.22493852733078,0.8969452293017639,0.00024386765342625447,0.0823959654448934,0.24876419557256213,3727,3678,49,75.06122448979592,0.0
2832,152.80318003931836,0.6039651384953295,12.733602186319542,0.050330443424187916,12.733602186319542,0.050330443424187916,14.980397166715534,125.08918068628066,27.713999353035078,0.10954149941911098,125.89090097268502,0.8017202864043611,0.0002453995367016716,0.1063726445321476,0.25868765080304,3520,3267,253,12.91304347826087,0.0
2833,197.99656873755737,0.8534334859377473,11.442221190790189,0.04931991892581978,11.442221190790189,0.04931991892581978,11.286433359833609,175.26791418693404,22.728654550623798,0.097968338580275,175.91428938855472,0.6463752016206854,0.00024226956582484461,0.09518223857328727,0.21826219779518397,2900,2668,232,11.5,0.0
2834,364.3162108679387,0.15154584478699615,113.39106142252713,0.04716766282135072,113.39106142252713,0.04716766282135072,116.2099603842978,134.715189061125,229.60102180682492,0.09550791256523498,134.75157809653763,0.036389035412639714,0.000774234796013611,0.09549277569525835,0.07487816208788445,2451,47,2404,0.019550748752079867,0.0
2835,152.57310907114856,1.201363063552351,6.689975564514646,0.05267697294893422,6.689975564514646,0.05267697294893422,4.2520330077105655,141.63110049892305,10.942008572225213,0.08615754781279696,142.42403549210644,0.792934993183394,0.0002461766510969866,0.07991396518930806,0.4188237811504223,3348,3221,127,25.362204724409448,0.0
2836,145.1050628245216,0.8535591930854213,8.889148247486496,0.05228910733815586,8.889148247486496,0.05228910733815586,10.714912512538262,125.50100206449531,19.60406076002476,0.11531800447073387,126.3783705455694,0.877368481074086,0.0002437811839605685,0.11015701340560126,0.005510329422008908,3769,3599,170,21.17058823529412,0.0
2837,204.3210950597878,0.7652475470404038,13.30650527459603,0.049837098406726704,13.30650527459603,0.049837098406726704,14.541231374474819,176.4733584107172,27.84773664907085,0.10429863913509682,177.326562386923,0.8532039762058048,0.0002434942854468621,0.10110311862496182,0.016661060432170416,3771,3504,267,13.123595505617978,0.0
2838,139.82253718058462,2.410733399665252,3.0670150576421458,0.05287956995934734,3.0670150576421458,0.05287956995934734,1.769811504958625,134.98571061798305,4.836826562600771,0.08339356142415122,135.39931278719757,0.41360216921452775,0.00024258191742787552,0.07626248954115594,0.5819656791214811,1763,1705,58,29.396551724137932,0.0
2839,163.5246790771929,0.659373705956423,11.977134874152377,0.04829489868609829,11.977134874152377,0.04829489868609829,9.827035236623828,141.72050896641497,21.804170110776205,0.0879200407692589,142.16992853071417,0.4494195642992054,0.00023879891833113995,0.08610786510676906,0.14649117714441218,2130,1882,248,7.588709677419355,0.0
2840,140.9813237016706,1.1278505896133648,6.566136879728575,0.0525290950378286,6.566136879728575,0.0525290950378286,8.437420898705,125.97776592323623,15.003557778433574,0.12002846222746859,126.67209554833187,0.6943296250956337,0.0002413380692025143,0.11447382522670978,0.034468501748392555,3002,2877,125,23.016,0.0
2841,203.98468960956734,0.8792443517653765,11.168129975568633,0.04813849127400273,11.168129975568633,0.04813849127400273,15.055839330331992,177.7607203036663,26.223969305900624,0.1130343504564682,178.11852409090727,0.3578037872409823,0.0002507384633784038,0.11149209275284512,0.5886748663043591,1659,1427,232,6.150862068965517,0.0
2842,154.22600283730355,0.6647672536090671,11.440911379099246,0.04931427318577261,11.440911379099246,0.04931427318577261,8.364662348010256,134.42042911019678,19.805573727109504,0.08536885227202372,134.99486860003037,0.574439489833594,0.00024664641040514986,0.08289281998824648,0.44204420061316796,2561,2329,232,10.038793103448276,0.0
2843,156.82831901615555,0.8210906754772541,9.410439914169872,0.04926931892235535,9.410439914169872,0.04926931892235535,6.413836519152596,141.00404258283163,15.824276433322469,0.08284961483414906,141.538207751576,0.53416516874438,0.0002504290523883638,0.08005293855800805,0.10069837921662383,2324,2133,191,11.167539267015707,0.0
2844,133.6932597704166,1.8066656725731973,4.170345534828329,0.05635602074092337,4.170345534828329,0.05635602074092337,3.566790265748182,125.95612396983961,7.737135800576511,0.10455588919697988,126.67075931301304,0.7146353431734269,0.00024045603740694042,0.09489865482977793,0.010908652985563094,3046,2972,74,40.16216216216216,0.0
2845,193.34503344597806,1.5467602675678245,6.621282436146851,0.05297025948917481,6.621282436146851,0.05297025948917481,8.37745554557955,178.3462954642515,14.998737981726402,0.11998990385381121,179.1813083579242,0.8350128936726833,0.0002441558168633577,0.11330980070443093,0.15450757174266982,3545,3420,125,27.36,0.0
2846,147.4417728291271,0.9215110801820444,8.012355350216076,0.050077220938850475,8.012355350216076,0.050077220938850475,4.700081936057245,134.72933554285555,12.712437286273321,0.07945273303920826,135.27828755635994,0.5489520135043904,0.0002468309413239165,0.07602178295479475,0.04597746699187155,2384,2224,160,13.9,0.0
2847,152.97577859661908,2.154588430938297,4.156196608675771,0.058537980403884096,4.156196608675771,0.058537980403884096,3.8467405594983575,144.97284142844376,8.002937168174128,0.11271742490386095,145.88129421778729,0.9084527893435279,0.0002435530266336536,0.099922315194814,0.21326103455317025,3801,3730,71,52.53521126760563,0.0
2848,421.83346031246583,0.14255946614142137,139.948187477825,0.0472957713679706,139.948187477825,0.0472957713679706,156.05931106534297,125.8259617693268,296.00749854316797,0.10003632934882324,126.06965471007504,0.24369294074824666,0.0002499414776905094,0.0999539728294663,0.4310514703985291,3934,975,2959,0.32950321054410275,0.0
2849,560.6101774889027,0.14142537272676656,187.0565163454318,0.04718882854324717,187.0565163454318,0.04718882854324717,195.1882739206253,178.3653872227993,382.24479026605707,0.09642905909839987,178.7644585882872,0.3990713654878846,0.01735092893425585,0.09632838519188079,0.1256311631813105,3987,23,3964,0.005802219979818365,0.0
2850,149.89581419927868,0.8664497930594143,8.725043330626063,0.0504337764776073,8.725043330626063,0.0504337764776073,6.623934030492023,134.54683683816245,15.348977361118086,0.08872241249201206,135.1932568397831,0.6464200016206405,0.00024274126985378915,0.08498588069072593,0.007481407826389841,2836,2663,173,15.393063583815028,0.0
2851,264.35331440632797,0.2088098849970995,59.60266026535876,0.04707951047816648,59.60266026535876,0.04707951047816648,59.7209053127001,145.02974882826913,119.32356557805886,0.09425242146766102,145.43422387065584,0.4044750423867072,0.0011931417179548885,0.09393293091285318,0.2873813481119214,1605,339,1266,0.2677725118483412,0.0
2852,131.86624347083261,2.235021075776824,3.0611917962935933,0.051884606716840566,3.0611917962935933,0.051884606716840566,3.0129428823244098,125.79210879221455,6.0741346786180035,0.10295143523081361,126.10226323489007,0.3101544426755254,0.00025548141900784627,0.09769458027021255,0.047429373407567255,1273,1214,59,20.576271186440678,0.0
2853,188.3811581876514,1.9222567162005246,4.932009716391076,0.05032662975909261,4.932009716391076,0.05032662975909261,5.486480872339598,177.96266759892023,10.418490588730673,0.10631112845643544,178.36173896440812,0.3990713654878846,0.0002474094020383661,0.10223897166574786,0.06042749453320084,1711,1613,98,16.459183673469386,0.0
2854,154.19816082673663,0.9124151528209268,8.665196746984549,0.05127335353245295,8.665196746984549,0.05127335353245295,7.237744194063566,138.2952198856924,15.902940941048115,0.09410024225472258,139.02365503941166,0.7284351537192606,0.00024009069008545174,0.08978997507292877,0.05180251460853924,3203,3034,169,17.952662721893493,0.0
2855,163.59881986653477,0.8346878564619121,9.465314497955058,0.04829242090793397,9.465314497955058,0.04829242090793397,9.34549144271557,144.78801392586251,18.810805940670626,0.09597349969729911,145.19248896824922,0.4044750423867072,0.00030297755984023007,0.09390985152186503,0.08207551985731243,1531,1335,196,6.811224489795919,0.0
2856,154.07428856452748,0.5463627254061258,13.903323589063733,0.04930256591866572,13.903323589063733,0.04930256591866572,14.562338084497924,125.60862689096246,28.465661673561655,0.10094206267220446,126.20675844657853,0.598131555616078,0.0002429453922079927,0.098821028787053,0.5373025332619363,2744,2462,282,8.73049645390071,0.0
2857,186.91240470875573,2.670177210125082,3.8893215695373464,0.055561736707676376,3.8893215695373464,0.055561736707676376,4.823221811039275,178.1998613281786,8.712543380576621,0.12446490543680887,178.86312038947892,0.6632590613003231,0.00024092228888497025,0.11498977598966868,0.008815993216330753,2823,2753,70,39.32857142857143,0.0
2858,157.97058920790732,0.7705882400385723,10.485325766348543,0.05114793056755387,10.485325766348543,0.05114793056755387,8.672875531000386,138.81238791056342,19.15820129734893,0.09345464047487284,139.6293499338425,0.8169620232790749,0.0002454076369117077,0.08946945987348699,0.24135484851206002,3534,3329,205,16.2390243902439,0.0
2859,163.44231400887486,0.8381657128660249,9.7093861255687,0.049791723720865134,9.7093861255687,0.049791723720865134,9.305592320781102,144.42733556252335,19.0149784463498,0.09751270998128103,145.121665187619,0.6943296250956337,0.00024158998785512654,0.0939520452372096,0.07051937825929144,3069,2874,195,14.738461538461538,0.0
2860,153.6661716808718,0.5776923747401196,13.245396723686447,0.04979472452513702,13.245396723686447,0.04979472452513702,13.869503499402299,126.55127145777885,27.114900223088746,0.10193571512439378,127.24410604287448,0.6928345850956248,0.000241827080312609,0.0993310738270576,0.08742666366799767,3131,2865,266,10.770676691729323,0.0
2861,183.09589626492198,4.81831305960321,2.709663327619021,0.07130692967418477,2.709663327619021,0.07130692967418477,1.7259522630729407,178.6602806742295,4.435615590691961,0.11672672607084109,179.63512102199195,0.9748403477624379,0.000240463825299072,0.0910730327086849,0.13275376914327808,4092,4054,38,106.6842105263158,0.0
2862,144.85704850770185,3.7142832950692783,2.3132858254075432,0.05931502116429598,2.3132858254075432,0.05931502116429598,1.9900564888872623,140.55370619340772,4.303342314294806,0.11034211062294375,141.07191446195873,0.5182082685510068,0.00024973892460289484,0.09705471912161848,0.20000980888642061,2114,2075,39,53.205128205128204,0.0
2863,164.16245203067876,0.8126854060924691,9.547376770063726,0.047264241435959045,9.547376770063726,0.047264241435959045,9.929329691996031,144.68574556861734,19.47670646205976,0.09641933892108792,144.88867109120815,0.2029255225908173,0.0002598278138166675,0.09541475712609214,0.015729377303955516,983,781,202,3.866336633663366,0.0
2864,148.83308785757333,0.751682261906936,10.10849159849945,0.05105298787120934,10.10849159849945,0.05105298787120934,10.863955857564065,127.86064040150632,20.972447456063513,0.10592145179830056,128.6367070289541,0.7760666274477899,0.00024582408218175165,0.10200192337686478,0.08204824670133348,3355,3157,198,15.944444444444445,0.0
2865,204.8321019599423,0.8753508630766764,11.850715334765413,0.050644082627202616,11.850715334765413,0.050644082627202616,13.117227214386162,179.8641594107894,24.967942549151573,0.10670060918440843,180.78357212543585,0.9194127146464552,0.00024207812391955114,0.1027714950192583,0.036903527453091556,4032,3798,234,16.23076923076923,0.0
2866,424.81270177447936,0.14553364226600868,138.62582367338217,0.04749086114196032,138.62582367338217,0.04749086114196032,145.21007261309717,140.976805488031,283.83589628647934,0.09723737454144547,141.21624987811833,0.23944439008732843,0.0002483862967710876,0.09715534494565298,0.05561650980268951,3883,964,2919,0.3302500856457691,0.0
2867,302.52430110435444,0.18268375670552803,77.93557271618141,0.04706254391073757,77.93557271618141,0.04706254391073757,79.57651486032194,145.01221352785853,157.51208757650335,0.09511599491334743,145.24379736930302,0.23158384144448974,0.0002519954749123936,0.094976149598461,0.5399515271068367,2575,919,1656,0.5549516908212561,0.0
2868,139.48115282041715,1.4089005335395672,5.591693584884841,0.056481753382675165,5.591693584884841,0.056481753382675165,5.73915727852102,128.15030195700945,11.33085086340586,0.11445303902430162,129.09621207117436,0.9459101141649171,0.00024068959647962268,0.1048983914064928,0.1865389380105853,4029,3930,99,39.696969696969695,0.0
2869,194.24290813711536,1.3679078037825025,7.178409450154868,0.050552179226442735,7.178409450154868,0.050552179226442735,7.3121068473005835,179.75239183966005,14.490516297455452,0.10204588941870037,180.35426042938866,0.6018685897286105,0.00024220063972982313,0.0978073782234275,0.2490733108556924,2627,2485,142,17.5,0.0
2870,160.1327239605979,0.8798501316516368,9.453139077093303,0.05194032459941375,9.453139077093303,0.05194032459941375,10.280253810144927,140.3993310733639,19.73339288723823,0.1084252356441661,141.25744537373225,0.8581143003683565,0.000244407376920637,0.1037103219058552,0.405084377923572,3693,3511,182,19.291208791208792,0.0
2871,180.67819479897673,0.4729795675365883,18.603184843752018,0.04869943676374874,18.603184843752018,0.04869943676374874,17.838036312195186,144.23697364302814,36.441221155947204,0.09539586690038535,145.06365509683394,0.8266814538058043,0.00024508789024779254,0.09323177932498113,0.39599888829457086,3755,3373,382,8.829842931937172,0.0
2872,158.65513314213706,0.539643310007269,14.75216552772694,0.0501774337677787,14.75216552772694,0.0501774337677787,15.711861907603748,128.19110570680448,30.464027435330685,0.10361914093649893,129.08053756885204,0.8894318620475588,0.0002440142282709352,0.10059386249416674,0.75,3939,3645,294,12.39795918367347,0.0
2873,449.52188932942613,0.15991529325130777,132.32839782632198,0.047075203780263954,132.32839782632198,0.047075203780263954,138.01740528810797,179.17608621497675,270.34580311442994,0.09617424514921022,179.38075717367462,0.204670958697875,0.00025940552433190747,0.09610143442040253,0.380718475051367,3600,789,2811,0.28068303094983993,0.0
2874,157.9020775864194,0.9234039624936807,8.969781366356862,0.0524548617915606,8.969781366356862,0.0524548617915606,8.842399709320148,140.08989651074614,17.81218107567701,0.10416480161214627,140.98239430917772,0.8924977984315774,0.0002445199447757746,0.09894551624117946,0.11122518392517122,3821,3650,171,21.34502923976608,0.0
2875,154.2382123235443,1.542382123235443,5.5061580336276865,0.055061580336276866,5.5061580336276865,0.055061580336276866,4.277065451901194,144.4549888380143,9.78322348552888,0.0978322348552888,145.35422772921504,0.8992388912007527,0.00024290623749345023,0.08883984594329263,0.19659966355743563,3802,3702,100,37.02,0.0
2876,147.66118700612572,0.7771641421375037,9.383716843895936,0.04938798338892598,9.383716843895936,0.04938798338892598,10.051217469292283,128.22625269293428,19.43493431318822,0.10228912796414852,128.64850202291063,0.4222493299763528,0.00023950614292476052,0.10006676306955306,0.16574155338378205,1953,1763,190,9.278947368421052,0.0
2877,190.75773476063262,1.7827825678563796,5.596685244441511,0.052305469574219735,5.596685244441511,0.052305469574219735,6.445928034921394,178.71512148127033,12.042613279362905,0.11254778765759725,179.37662933495164,0.6615078536813144,0.00024063581436206417,0.10636547126804646,0.6095353953951417,2856,2749,107,25.69158878504673,0.0
2878,160.34643217052803,0.8483938210080848,9.728358802688197,0.051472797897821145,9.728358802688197,0.051472797897821145,10.11627613082635,140.50179723701729,19.84463493351455,0.1049980684312939,141.30351752342165,0.8017202864043611,0.0002455498580105241,0.10075616215400204,0.17448629591933695,3454,3265,189,17.275132275132275,0.0
2879,170.99825204810747,0.5719005085220986,14.51543594668366,0.04854660851733665,14.51543594668366,0.04854660851733665,11.921909081402646,144.56090702001927,26.437345028086305,0.08841921414075687,145.14841320299342,0.5875061829741526,0.0002462305880025786,0.08645431051877608,0.12291154706895213,2685,2386,299,7.9799331103678925,0.0
2880,147.12586574288355,0.7867693355234414,9.581072614681908,0.05123568243145405,9.581072614681908,0.05123568243145405,9.291222841844501,128.2535702863538,18.87229545652641,0.10092136607768133,129.0135649138016,0.7599946274477816,0.00040126432283409797,0.09685722368493027,0.04955660491475555,2081,1894,187,10.128342245989305,0.0
2881,187.97828629345497,2.043242242320163,4.753868391771772,0.05167248251925839,4.753868391771772,0.05167248251925839,4.290746315969386,178.93367158571493,9.044614707741157,0.09831102943196911,179.45870708115478,0.5250354954398517,0.00025001690259040556,0.09260412187282811,0.09600330133366697,2192,2100,92,22.82608695652174,0.0
2882,149.73279158929574,1.4397383806663053,5.7300629870705455,0.055096759491062935,5.7300629870705455,0.055096759491062935,2.9360877731442088,141.06664082908367,8.666150760214755,0.08332837269437264,141.9190825652895,0.852441736205833,0.00024390321493729126,0.07513181753852158,0.06180149462045392,3599,3495,104,33.60576923076923,0.0
2883,151.6207037522429,2.229716231650631,3.8295359721134834,0.05631670547225711,3.8295359721134834,0.05631670547225711,2.4376529936097313,145.3535147865192,6.267188965723214,0.09216454361357668,146.06602005658613,0.712505270066913,0.00024095545149371424,0.08168652493612887,0.5652763046053906,3025,2957,68,43.48529411764706,0.0
2884,140.989397286217,1.1014796662985704,6.78018685129322,0.052970209775728284,6.78018685129322,0.052970209775728284,7.055597632152512,127.15361280276898,13.835784483445732,0.10809206627691978,127.91360743021676,0.7599946274477816,0.0005988925354198436,0.102154608250002,0.37687638302531923,1397,1269,128,9.9140625,0.0
2885,187.14746322230758,2.2822861368574094,4.306584038630029,0.05251931754426865,4.306584038630029,0.05251931754426865,3.751345310718989,179.08953387295946,8.057929349349017,0.09826743108962216,179.62893487820986,0.5394010052503972,0.0002483430042589306,0.09168937004997216,0.015094458610406036,2254,2172,82,26.48780487804878,0.0
2886,152.99830852300397,1.077452876922563,7.6185490667057785,0.053651753990885766,7.6185490667057785,0.053651753990885766,5.121225910453404,140.2585335458483,12.739774977159183,0.08971672519126185,141.17464361929353,0.9161100734452248,0.00024242129490479618,0.08326524580077772,0.75,3921,3779,142,26.612676056338028,0.0
2887,167.0566277585641,0.6736154345103391,12.211612745014317,0.049240373971831924,12.211612745014317,0.049240373971831924,9.969742613250446,144.8752724002975,22.181355358264764,0.08944094902526115,145.52970290345866,0.6544305031611657,0.0002413981937149265,0.08680211635123165,0.18845385593863284,2959,2711,248,10.931451612903226,0.0
2888,152.6153012019946,0.6385577456150402,14.129932692148255,0.059121057289323244,14.129932692148255,0.059121057289323244,11.698941936039319,126.78642657380567,25.828874628187574,0.10807060513886015,127.66379505487976,0.877368481074086,0.0002425680069322881,0.104399607310104,0.3640099165287438,3856,3593,263,13.661596958174904,1.0
2889,189.50062367828184,1.5924422157838811,5.904958921735189,0.04962150354399319,5.904958921735189,0.04962150354399319,6.019193650805278,177.57647110574248,11.924152572540468,0.10020296279445771,177.97295595157482,0.3964848458323331,0.00024565355999524974,0.09687115736728591,0.75,1733,1614,119,13.563025210084033,0.0
2890,147.0832189432905,1.5321168639926093,5.04538725485886,0.052556117238113126,5.04538725485886,0.052556117238113126,2.3945518719523307,139.64327981648194,7.439939126811191,0.07749936590428323,140.18863611887514,0.545356302393202,0.0002476640791976394,0.07181857108765992,0.75,2298,2202,96,22.9375,0.0
2891,153.84902428663884,1.5232576662043449,4.940827689271471,0.0489190860323908,4.940827689271471,0.0489190860323908,4.244582755293209,144.66361384207414,9.18541044456468,0.09094465786697703,144.95532123915677,0.29170739708263227,0.0002625629136657356,0.08805646581665409,0.026377447617733196,1212,1111,101,11.0,0.0
2892,163.54464169416906,0.46860928852197437,16.76112079215153,0.04802613407493275,16.76112079215153,0.04802613407493275,18.88084632430605,127.90267457770881,35.64196711645758,0.10212598027638274,128.2206895113453,0.3180149336365048,0.0002506027845835341,0.1012147627015007,0.2674074092401497,1618,1269,349,3.6361031518624642,0.0
2893,208.0959785288543,0.7567126491958338,13.815498437810955,0.050238176137494386,13.815498437810955,0.050238176137494386,16.127894050328337,178.15258604071312,29.943392488139292,0.10888506359323379,179.07663306318352,0.924047022470404,0.00024246838689855787,0.10552489260243915,0.07749112333635821,4086,3811,275,13.858181818181817,0.0
2894,171.67013875167902,0.6087593572754575,14.107243510254122,0.0500256862065749,14.107243510254122,0.0500256862065749,15.473812542734777,142.089082698693,29.5810560529889,0.10489736189003156,142.8859717135906,0.7968890148976016,0.00024595339965975357,0.10207151431946246,0.4235926287234406,3522,3240,282,11.48936170212766,0.0
2895,166.84248928318777,0.7382411030229548,11.466944990024183,0.0507386946461247,11.466944990024183,0.0507386946461247,10.510496516044668,144.86504777711764,21.97744150606885,0.09724531639853473,145.80060933605023,0.9355615589325907,0.00024199729925830076,0.0931056634829095,0.62301146607183,4092,3866,226,17.106194690265486,0.0
2896,132.71224291803946,2.457634128111842,3.320715971812853,0.06149474021875654,3.320715971812853,0.06149474021875654,2.215237004818391,127.1762899414083,5.535952976631244,0.10251764771539341,127.98338530269814,0.8070953612898393,0.0002445743519060119,0.08757143732113566,0.01438308866238458,3354,3300,54,61.111111111111114,0.0
2897,187.3075307228412,1.9926333055621404,5.280131777796851,0.056171614657413306,5.280131777796851,0.056171614657413306,4.7153333915572375,177.31206555348774,9.995465169354087,0.10633473584419242,178.24264211676223,0.9305765632744851,0.00024183382621478303,0.09643498517105284,0.75,3942,3848,94,40.93617021276596,0.0
2898,156.13751723407245,1.3460130796040728,6.154760975472837,0.05305828427131756,6.154760975472837,0.05305828427131756,7.834279064359862,142.14847719424154,13.989040039832698,0.12059517275717843,142.82620957664972,0.6777323824081805,0.0002405012002867922,0.11475265221916148,0.06192681670768252,2934,2818,116,24.29310344827586,0.0
2899,168.50142212312414,0.6556475568993158,12.526950788143496,0.04874299917565563,12.526950788143496,0.04874299917565563,11.46869387308584,144.50577746189413,23.995644661229335,0.09336826716431648,145.06173099632747,0.5559535344333426,0.0002472003265599567,0.09120502383967577,0.46852196878603536,2506,2249,257,8.750972762645915,0.0
2900,143.85063752520796,0.8990664845325498,8.300652200365386,0.05187907625228366,8.300652200365386,0.05187907625228366,8.008714802971099,127.5412705218697,16.309367003336483,0.10193354377085302,128.3173371493175,0.7760666274477899,0.000245746240483784,0.09708312734931539,0.3991189306682372,3318,3158,160,19.7375,0.0
2901,195.39352200557062,1.0505028064815625,9.360397098317412,0.05032471558235168,9.360397098317412,0.05032471558235168,8.504663319293627,177.52846158795796,17.86506041761104,0.09604871192264,178.16574130996514,0.6372797220071789,0.00024268077761126385,0.09262247685809395,0.10955052897543283,2812,2626,186,14.118279569892474,0.0
2902,151.51350591367338,2.047479809644235,4.401943597324106,0.059485724288163594,4.401943597324106,0.059485724288163594,4.674620916210074,142.43694140014043,9.07656451353418,0.12265627720992135,143.35687187478698,0.9199304746465486,0.00024189599648870592,0.1102247843092758,0.4569330792000983,3877,3803,74,51.391891891891895,0.0
2903,173.16135676198144,0.5752868995414666,14.551026344483653,0.048342280214231405,14.551026344483653,0.048342280214231405,14.32881485613541,144.281515561363,28.87984120061906,0.09594631628112645,144.8209165666134,0.5394010052503972,0.00024857189182045955,0.094154286363349,0.4664390887874106,2471,2170,301,7.209302325581396,0.0
2904,158.09296426403955,0.5166436740654887,15.218660390223347,0.049734184281775645,15.218660390223347,0.049734184281775645,15.114778281578083,127.75952559223617,30.33343867180143,0.0991288845483707,128.57861817551532,0.8190925832791436,0.000245163898018301,0.096452111400406,0.0484266404517939,3647,3341,306,10.918300653594772,0.0
2905,202.4240080350603,0.8687725666740785,11.795382154475744,0.050623957744531094,11.795382154475744,0.050623957744531094,12.777150133265536,177.85147574731673,24.572532287741282,0.10546151196455486,178.71443290445131,0.8629571571345878,0.00024397997091732762,0.10175783317857932,0.22444055568473686,3770,3537,233,15.180257510729614,0.0
2906,228.69643070929578,0.2706466635612968,40.43061290803415,0.0478468791811055,40.43061290803415,0.0478468791811055,46.010464966720406,142.25535283453974,86.44107787475455,0.10229713357959119,142.9097833377009,0.6544305031611657,0.00024130918258155078,0.10152265961135488,0.4102453358374305,3557,2712,845,3.2094674556213016,0.0
2907,157.93350859566215,0.9995791683269756,8.206696880060418,0.05194111949405328,8.206696880060418,0.05194111949405328,5.655235732433994,144.07157598316735,13.861932612494412,0.08773375071198995,144.91969343327787,0.8481174501105215,0.00024385205581096077,0.08236591874926757,0.2990231202816176,3636,3478,158,22.0126582278481,0.0
2908,136.16902110051592,1.2968478200049136,5.545245987994614,0.05281186655232965,5.545245987994614,0.05281186655232965,3.5921598237133594,127.03161528880617,9.137405811707973,0.08702291249245689,127.65169308289762,0.6200777940914577,0.00024165151757266472,0.08111740969160283,0.6132938749053665,2671,2566,105,24.438095238095237,0.0
2909,194.6064648677152,1.2973764324514347,7.973202602327442,0.053154684015516276,7.973202602327442,0.053154684015516276,8.035598923833618,178.59766334155177,16.008801526161058,0.10672534350774039,179.515304294997,0.9176409534452432,0.00024218552479420512,0.10060773715145463,0.007153004350698211,3939,3789,150,25.26,0.0
2910,161.95263195374048,0.8348073812048479,9.98122170270874,0.051449596405715156,9.98122170270874,0.051449596405715156,8.985562883259718,142.98584736777207,18.96678458596846,0.09776693085550751,143.84588056925963,0.8600332014875676,0.00024405028419056967,0.09333377002309713,0.3014609745589496,3718,3524,194,18.164948453608247,0.0
2911,151.8348201328139,2.079929042915259,4.211910485537986,0.05769740391147926,4.211910485537986,0.05769740391147926,3.198487194492941,144.42442245278403,7.410397680030927,0.10151229698672504,145.26628512613274,0.8418626733487145,0.00024401816618803318,0.08997993159837185,0.7370153747264112,3523,3450,73,47.26027397260274,0.0
2912,144.92027212731932,0.7431808827042017,10.065075804037997,0.05161577335404101,10.065075804037997,0.05161577335404101,7.703805421522361,127.15139090175762,17.768881225560357,0.09112246782338644,128.0438887001892,0.8924977984315774,0.00024445297135896395,0.08654555603656473,0.20730272235994107,3846,3651,195,18.723076923076924,0.0
2913,198.46712343450838,1.017780120176966,9.874948409789658,0.0506407610758444,9.874948409789658,0.0506407610758444,10.529667624643139,178.06250740007295,20.4046160344328,0.10463905658683487,178.77501267013986,0.712505270066913,0.0002412001591289482,0.10098518340701806,0.20701782327876117,3149,2954,195,15.148717948717948,0.0
2914,167.55096573270714,0.6866842857897834,12.132311141686714,0.04972258664625702,12.132311141686714,0.04972258664625702,12.536030302920835,142.882624288099,24.66834144460755,0.10109976001888339,143.54947831955815,0.6668540314591382,0.00024056783241671655,0.09836675169323358,0.05213568622355069,3016,2772,244,11.360655737704919,0.0
2915,186.0237682092935,0.4397725016768168,20.232562496290278,0.047831117012506565,20.232562496290278,0.047831117012506565,20.720143995971853,145.07106171703174,40.95270649226213,0.09681490896515871,145.59474825024938,0.5236865332176421,0.0002498504452374247,0.09557687933580172,0.75,2519,2096,423,4.955082742316785,0.0
2916,135.8316042025216,1.3583160420252158,5.152848270640304,0.051528482706403034,5.152848270640304,0.051528482706403034,3.606365921089491,127.07239001078938,8.759214191729795,0.08759214191729794,127.54272539316628,0.4703353823769021,0.00024008952648131807,0.0828887880935531,0.5334773038975982,2059,1959,100,19.59,0.0
2917,194.21190266344786,1.3393924321617094,7.572221468025857,0.05222221702086798,7.572221468025857,0.05222221702086798,8.381322811211817,178.25835838420778,15.953544279237674,0.1100244433050874,179.02083039127206,0.7624720070642752,0.0002467546948428075,0.10476601567017794,0.16943005947723577,3235,3090,145,21.310344827586206,0.0
2918,177.07384971441104,0.5285786558639135,16.36943141305189,0.04886397436731907,16.36943141305189,0.04886397436731907,18.556172669385774,142.14824563197226,34.92560408243766,0.10425553457444077,142.74319380035024,0.5949481683779823,0.0002445327449149126,0.10247956989271881,0.09242306575345083,2768,2433,335,7.262686567164179,0.0
2919,167.52945849803132,0.6922704896612865,11.923571234443004,0.04927095551422729,11.923571234443004,0.04927095551422729,10.69663480923316,144.90925245435574,22.620206043676163,0.09347192580031473,145.5636829575169,0.6544305031611657,0.00024148727053917554,0.09076766752278684,0.1685501613364977,2952,2710,242,11.198347107438016,0.0
2920,155.789756731902,0.5158601216288146,14.791514850630275,0.048978525995464484,14.791514850630275,0.048978525995464484,13.909568162465234,127.0886737188041,28.70108301309551,0.09503669871885931,127.6747863337282,0.5861126149241045,0.0002465766154497705,0.09309592847077416,0.02364838779499223,2679,2377,302,7.870860927152318,0.0
2921,181.93902967790484,5.351147931703084,1.8253464814844644,0.053686661220131306,1.8253464814844644,0.053686661220131306,1.443668804928393,178.67001439149135,3.2690152864128574,0.09614750842390757,178.94172934683354,0.2717149553421905,0.00026252652690066715,0.08815589209033238,0.06619438489576623,1069,1035,34,30.441176470588236,0.0
2922,151.3696611472792,1.6276307650245077,4.924587173056245,0.05295255024791661,4.924587173056245,0.05295255024791661,4.022006989434999,142.42306698478728,8.946594162491245,0.09619993723108865,142.97902051922063,0.5559535344333426,0.00024643330427009865,0.090221942237189,0.061733881535701585,2349,2256,93,24.258064516129032,0.0
2923,160.8423927662127,0.9990210730820664,8.335570915707944,0.051773732395701516,8.335570915707944,0.051773732395701516,7.2345328141916525,145.27228903631192,15.570103729899596,0.09670871881925215,146.09895193011766,0.8266628938057465,0.00024595742154291775,0.09157416668382008,0.18687365940706968,3522,3361,161,20.875776397515526,0.0
2924,147.3339858913215,0.8565929412286134,8.868667902724212,0.051562022690257045,8.868667902724212,0.051562022690257045,8.836739960844511,129.62857802775318,17.705407863568723,0.10293841781144607,130.41935031952812,0.7907722917749425,0.00024619311699095346,0.09834090448717082,0.00017093251847200008,3384,3212,172,18.674418604651162,0.0
2925,198.2552029266509,1.1075709660706754,8.95230838069599,0.05001289598154185,8.95230838069599,0.05001289598154185,10.481984095496614,178.82091045045547,19.434292476192603,0.1085714663474447,179.37167377695232,0.550763326496849,0.0002473117766038837,0.1054945762552993,0.6249427017735343,2406,2227,179,12.441340782122905,0.0
2926,153.40192803925083,1.0727407555192365,7.245503695486755,0.05066785801039689,7.245503695486755,0.05066785801039689,3.476650687041797,142.6797736567214,10.72215438252855,0.07498010057712273,143.2251299591146,0.545356302393202,0.00024699107898242846,0.07116642014081274,0.05624392696961422,2351,2208,143,15.44055944055944,0.0
2927,151.00238905357537,2.157176986479648,4.055607190860219,0.05793724558371742,4.055607190860219,0.05793724558371742,1.0936308720291663,145.85315099068623,5.149238062889386,0.07356054375556265,146.66145915197615,0.808308161289915,0.00024412810670187707,0.06201328430856035,0.03495623045512275,3381,3311,70,47.3,0.0
2928,138.36812326694576,1.8206332008808652,4.400345359322989,0.057899281043723536,4.400345359322989,0.057899281043723536,3.8185829552357973,130.14919495238803,8.218928314558786,0.10814379361261561,131.00163668859386,0.852441736205833,0.0002439730212380747,0.09692745497831443,0.3155220066086031,3570,3494,76,45.973684210526315,0.0
2929,189.9380512185311,1.6808677098985052,6.204309693679436,0.05490539551928705,6.204309693679436,0.05490539551928705,5.208033892787057,178.5257076320621,11.412343586466493,0.10099419103067693,179.41861311049365,0.892905478431544,0.0002441633793906328,0.09309237263749942,0.6276508625712722,3770,3657,113,32.36283185840708,0.0
2930,159.00191671370226,0.8833439817427903,9.250749132130547,0.051393050734058594,9.250749132130547,0.051393050734058594,7.921749697276709,141.82941788429412,17.172498829407257,0.09540277127448477,142.6264630591918,0.7970451748976757,0.00024569826599805044,0.09097474252505815,0.46493049969967615,3424,3244,180,18.022222222222222,0.0
2931,175.5447384425579,0.5255830492292153,15.955074867949651,0.04776968523338219,15.955074867949651,0.04776968523338219,14.434046321650953,145.1556172529571,30.389121189600605,0.09098539278323535,145.54101635597556,0.3853991030184716,0.00024800457079695725,0.08983150325324055,0.09773853013950884,1888,1554,334,4.652694610778443,0.0
2932,143.56969993418295,1.1043823071860226,6.6733148516135685,0.05133319116625822,6.6733148516135685,0.05133319116625822,6.51947529982931,130.37690978274156,13.192790151442878,0.10148300116494521,130.96932096445278,0.5924111817112134,0.0002435901240588871,0.09692599207484748,0.005539137441928688,2562,2432,130,18.70769230769231,0.0
2933,183.38315178294533,3.5265990727489487,3.292787227315243,0.0633228312945239,3.292787227315243,0.0633228312945239,0.6581003287288922,179.43226422690043,3.9508875560441354,0.07597860684700261,180.30467596999858,0.8724117430981551,0.00024341845510551203,0.05920145794128363,0.22084045655060436,3636,3584,52,68.92307692307692,0.0
2934,158.05489386547765,1.0131723965735746,8.050558599512431,0.051606144868669435,8.050558599512431,0.051606144868669435,7.188554466657024,142.8157807993075,15.239113066169455,0.09768662221903497,143.5489760299272,0.7331952306196854,0.00024039187889170012,0.09298665279199014,0.6229047240925638,3206,3050,156,19.55128205128205,0.0
2935,151.92478943977665,1.875614684441687,4.475145547295096,0.05524871046043328,4.475145547295096,0.05524871046043328,1.5772617225080694,145.8723821699714,6.052407269803165,0.07472107740497735,146.58061393898208,0.7082317690106947,0.0002409771245357927,0.0659774753184514,0.37221081806103484,3020,2939,81,36.28395061728395,0.0
2936,145.04439138909652,1.007252717979837,7.537062597700137,0.05234071248402873,7.537062597700137,0.05234071248402873,7.515711735797595,129.99161705559948,15.052774333497732,0.10453315509373425,130.77624515207287,0.7846280964733978,0.00024557999889621217,0.09908434886821975,0.46848255220515966,3339,3195,144,22.1875,0.0
2937,190.96005238578834,2.4800006803349137,6.624405095678273,0.08603123500880874,6.624405095678273,0.08603123500880874,5.8445129410887375,178.49113434901938,12.468918036767011,0.16193400047749365,179.14923467774827,0.6581003287288922,0.00023809707985849936,0.15338724296155942,0.4927265576204718,2841,2727,114,23.92105263157895,1.0
2938,150.71785114736474,1.1247600831892892,7.071555021536948,0.05277279866818618,7.071555021536948,0.05277279866818618,1.8493073521874521,141.79698877363978,8.9208623737244,0.06657359980391343,142.5940705227108,0.797081749071026,0.0002452559227910849,0.06062522854219352,0.75,3384,3250,134,24.253731343283583,0.0
2939,152.45478234440873,2.0884216759508045,4.278880659770975,0.058614803558506505,4.278880659770975,0.058614803558506505,1.728996629931089,146.4469050547051,6.007877289702064,0.08229968890002827,147.35355915028674,0.9066540955816436,0.0002433970726393674,0.06987976978249295,0.116937853879449,3798,3725,73,51.02739726027397,0.0
2940,217.2039702550121,0.24459906560249112,42.49542103033626,0.04785520386299128,42.49542103033626,0.04785520386299128,45.10827095286106,129.6002782718141,87.60369198319732,0.09865280628738438,130.3012580515482,0.700979779734098,0.00024121809350794837,0.09786341464354045,0.7114973095757477,3794,2906,888,3.2725225225225225,0.0
2941,194.84601085220083,1.6102976103487672,6.17580004959114,0.051039669831331735,6.17580004959114,0.051039669831331735,8.283739460391303,180.38647134221708,14.459539509982442,0.11950032652878051,180.9173979791118,0.5309266368947192,0.00025055527932738047,0.11511250308338047,0.12587792659417119,2240,2119,121,17.512396694214875,0.0
2942,150.68250405069261,1.07630360036209,7.07676668810201,0.05054833348644293,7.07676668810201,0.05054833348644293,1.9926069373177597,141.6131304252723,9.06937362541977,0.06478124018156979,142.1313386938233,0.5182082685510068,0.0002491385906495225,0.061079752549066564,0.026627007389151913,2220,2080,140,14.857142857142858,0.0
2943,157.4752851327545,1.5591612389381633,5.326797664448645,0.0527405709351351,5.326797664448645,0.0527405709351351,4.6182892154990896,147.53019825280717,9.945086879947734,0.09846620673215578,148.2008058797336,0.6706076269264258,0.00024070625517818588,0.09182652725763267,0.08979994420690218,2887,2786,101,27.584158415841586,0.0
2944,145.6553928923995,0.9046918813192516,8.442560095136688,0.052438261460476324,8.442560095136688,0.052438261460476324,7.1905559768415515,130.02227682042076,15.63311607197824,0.0971000998259518,130.92164236438919,0.8993655439684289,0.00024386267461182998,0.0915139784348467,0.0366763529372065,3849,3688,161,22.906832298136646,0.0
2945,205.99678161724148,0.8339950672762813,12.295293348365249,0.049778515580426105,12.295293348365249,0.049778515580426105,12.789662776938371,180.91182549193297,25.08495612530362,0.10155852682309158,181.7201336532229,0.808308161289915,0.00024405439652473279,0.09828602414582427,0.04284655731225939,3559,3312,247,13.408906882591094,0.0
2946,162.49658425700989,0.7158439835110567,10.840363576179639,0.04775490562193674,10.840363576179639,0.04775490562193674,10.436689454811471,141.21953122601826,21.277053030991112,0.09373151114974058,141.41077365127978,0.19124242526152102,0.00025635713842026947,0.09288903350541895,0.7424846133486653,973,746,227,3.2863436123348015,0.0
2947,162.15494111998316,1.192315743529288,6.740509193935448,0.04956256760246652,6.740509193935448,0.04956256760246652,7.485964259938214,147.92846766611171,14.226473453873663,0.1046064224549534,148.40162597419226,0.47315830808054216,0.0002483770646092085,0.10112731724846255,0.39236509859574653,2041,1905,136,14.007352941176471,0.0
2948,142.16749597163448,0.9804654894595481,7.625431701946753,0.05258918415135692,7.625431701946753,0.05258918415135692,5.074168058746409,129.46789621094058,12.699599760693161,0.08758344662547007,130.30909456428924,0.8411983533486591,0.0002443923164871177,0.08178207867134649,0.75,3587,3442,145,23.73793103448276,0.0
2949,194.2051557282325,1.618376297735271,6.03932180987223,0.050327681748935246,6.03932180987223,0.050327681748935246,7.307373389275085,180.85846052908414,13.346695199147316,0.1112224599928943,181.33156316706936,0.473102637985221,0.00024027559064764906,0.10727993800969292,0.261870691194531,2089,1969,120,16.408333333333335,0.0
2950,155.6446943846894,1.0041593186108992,7.704159919839017,0.049704257547348495,7.704159919839017,0.049704257547348495,7.363121610674511,140.57741285417603,15.06728153051353,0.09720826793879696,141.0172906928169,0.43987783864088215,0.00023945445761615794,0.09437034639917724,0.04785147498023434,1992,1837,155,11.851612903225806,0.0
2951,482.75579338639545,0.1376941795169411,165.90395710953896,0.04732001058458042,165.90395710953896,0.04732001058458042,170.73309077697536,146.11874549993695,336.6370478865143,0.09601741240345531,146.5919038080175,0.47315830808054216,0.006144913091955093,0.09588245566981687,0.75,3583,77,3506,0.021962350256702796,0.0
2952,148.77758896207934,0.7152768700099968,10.338447082538721,0.04970407251220539,10.338447082538721,0.04970407251220539,8.584561231256657,129.85458064828072,18.92300831379538,0.09097600150863162,130.44622574999198,0.5916451017112649,0.0002443804633255948,0.08813155390426612,0.29568365026875654,2629,2421,208,11.639423076923077,0.0
2953,206.43445969192067,0.8127340932752782,12.603627495781273,0.04962058069205226,12.603627495781273,0.04962058069205226,13.920368153621439,179.91046404251313,26.523995649402714,0.10442517972205793,180.74889511964773,0.8384310771346009,0.00047611077633992097,0.10112426996957849,0.660724404973962,2015,1761,254,6.933070866141732,0.0
2954,162.2465984749257,1.134591597726753,7.3967452538116945,0.05172549128539646,7.3967452538116945,0.05172549128539646,11.359276587966065,143.49057663314807,18.75602184177776,0.13116099190054378,144.1905554528821,0.6999788197340422,0.0002412888037690597,0.12626603511918588,0.38660614540003735,3044,2901,143,20.286713286713287,0.0
2955,162.73549459532887,0.9803343047911378,8.248992105635695,0.04969272352792588,8.248992105635695,0.04969272352792588,9.254348276040332,145.23215421365546,17.503340381676026,0.10544180952816883,145.81738490857958,0.585230694924121,0.00024662060468778804,0.10191632341415235,0.06315506748114785,2539,2373,166,14.295180722891565,0.0
2956,135.98008915323464,1.915212523284995,3.602047681333386,0.05073306593427304,3.602047681333386,0.05073306593427304,3.2645615388573788,129.11347993304378,6.866609220190765,0.09671280591817978,129.42298856187801,0.30950862883423724,0.00025749469952931553,0.09235352945572718,0.22226019909305705,1273,1202,71,16.929577464788732,0.0
2957,195.0448358938288,1.2423237955020943,8.120086448878096,0.05172029585272673,8.120086448878096,0.05172029585272673,7.734506364828576,179.19024308012035,15.854592813706672,0.1009846676032272,180.02867415725495,0.8384310771346009,0.0004702361621618625,0.09564434227117101,0.048199550418530634,1940,1783,157,11.356687898089172,0.0
2958,154.48069348626632,2.4137608357229112,3.6242888072767845,0.05662951261369976,3.6242888072767845,0.05662951261369976,6.001634937259155,144.8547697417298,9.625923744535939,0.15040505850837405,145.5162775954111,0.6615078536813144,0.00024072338198009985,0.1400689982946126,0.09161755798538707,2812,2748,64,42.9375,0.0
2959,159.8333143029255,1.3319442858577124,6.178978904655411,0.051491490872128426,6.178978904655411,0.051491490872128426,7.237284338482368,146.41705105978974,13.416263243137779,0.11180219369281483,147.0675735467804,0.650522486990667,0.00024156052246218602,0.10638117296787565,0.2915877328634906,2813,2693,120,22.441666666666666,0.0
2960,315.6880595151566,0.16800854684148836,88.76923143337075,0.04724280544617922,88.76923143337075,0.04724280544617922,96.4517102600347,130.467117821756,185.22094169340545,0.09857421058723015,130.75152453221529,0.28440671045927957,0.00026431850414431184,0.09842284991109172,0.034054711498242796,2955,1076,1879,0.572645023948909,0.0
2961,199.31522786803419,0.996576139340171,9.62883859652667,0.04814419298263335,9.62883859652667,0.04814419298263335,10.307024894173423,179.3793643773306,19.935863490700093,0.09967931745350046,179.7421603836858,0.3627960063552109,0.00024832033289199924,0.09786533742174186,0.3262532184344309,1661,1461,200,7.305,0.0
2962,157.8444278333319,1.5324701731391448,5.729995411970543,0.055631023417189736,5.729995411970543,0.055631023417189736,7.708911200284774,144.40552122107624,13.438906612255316,0.13047482147820696,145.3319349635467,0.9264137424704586,0.00024270729433336616,0.1214805132988855,0.7429458586237843,3920,3817,103,37.05825242718446,0.0
2963,182.77742458493628,0.43209793046084227,20.166464862189454,0.04767485783023512,20.166464862189454,0.04767485783023512,17.389147128793752,145.22181259395484,37.55561199098321,0.08878395269735984,145.7540822708495,0.5322696768946571,0.0002501267278640306,0.08752563194819572,0.7425071642691137,2551,2128,423,5.030732860520095,0.0
2964,167.185372687091,0.40876619238897555,20.073868402401413,0.049080362842057246,20.073868402401413,0.049080362842057246,17.7822378651357,129.32926641954907,37.856106267537115,0.09255771703554307,130.15592931335482,0.8266628938057465,0.00024566505016515496,0.09053653636610311,0.1242312661380538,3774,3365,409,8.227383863080684,0.0
2965,193.85375157740236,1.2115859473587647,8.23155588067383,0.05144722425421143,8.23155588067383,0.05144722425421143,8.05417911146867,177.56801658525808,16.2857349921425,0.10178584370089064,178.37950174179161,0.8114851565335357,0.00024471808098116274,0.09671406147256718,0.75,3476,3316,160,20.725,0.0
2966,158.80372394925212,1.3930151223618608,6.18131334732086,0.05422204690632334,6.18131334732086,0.05422204690632334,9.609798705610842,143.01261189632032,15.791112052931702,0.13851852678010265,143.87051163998876,0.8578997436684404,0.0004531958497984365,0.1309930904321347,0.75,2007,1893,114,16.605263157894736,0.0
2967,157.21229981081945,1.2477166651652336,6.474475979695161,0.05138472999758065,6.474475979695161,0.05138472999758065,6.5698050270232216,144.1680188041031,13.044281006718382,0.10352603973586018,144.83549811556225,0.6674793114591466,0.00024010047174789447,0.09822858488299364,0.008229666370198174,2906,2780,126,22.063492063492063,0.0
2968,147.871429696547,0.65141598985263,11.574416991600453,0.05098862110837204,11.574416991600453,0.05098862110837204,7.693090626314415,128.60392207862958,19.267507617914866,0.08487888818464699,129.53916619756217,0.9352441189325873,0.00024241682709502004,0.08075887003958081,0.23057007555473774,4085,3858,227,16.995594713656388,0.0
2969,210.8484857871356,0.5745190348423314,17.670849386471893,0.048149453369133226,17.670849386471893,0.048149453369133226,16.421632224716177,176.75600417594455,34.09248161118807,0.09289504526209283,177.4024241775652,0.6464200016206405,0.0002430150382032483,0.09113368285986483,0.6346978239221244,3027,2660,367,7.247956403269755,0.0
2970,155.5470672701416,1.4270373144049688,5.943341628987606,0.05452606999071198,5.943341628987606,0.05452606999071198,8.214611310680766,141.38911433047326,14.157952939668373,0.12988947651071903,142.2470140741417,0.8578997436684404,0.0005008171299874141,0.12201883666054962,0.75,1822,1713,109,15.715596330275229,0.0
2971,161.3014728294154,0.8401118376532052,9.750424285424934,0.05078345981992153,9.750424285424934,0.05078345981992153,8.393220771767687,143.15782777222375,18.14364505719262,0.09449815133954491,144.00449935223912,0.8466715800153679,0.00024491512294340986,0.09008840352695972,0.062402443861628853,3649,3457,192,18.005208333333332,0.0
2972,146.16885429078286,0.6467648419946145,10.937952552800901,0.04839802014513673,10.937952552800901,0.04839802014513673,7.347254553752805,127.88364718422656,18.285207106553706,0.08090799604669781,128.22948325678817,0.3458360725616103,0.0002862881395377569,0.0793777479380296,0.20841874555185314,1434,1208,226,5.345132743362832,0.0
2973,186.57101325821588,1.636587835598385,6.09238516762695,0.053441975154622366,6.09238516762695,0.053441975154622366,4.229908300687498,176.24871978990018,10.322293468314449,0.09054643393258288,177.06020494643371,0.8114851565335357,0.00024479190242338933,0.08342814308580851,0.6899192833940333,3429,3315,114,29.07894736842105,0.0
2974,152.80886041941994,1.5280886041941995,5.319532253785399,0.05319532253785399,5.319532253785399,0.05319532253785399,6.194150873455214,141.295177292179,11.513683127240613,0.11513683127240613,141.95203787534012,0.6568605831611194,0.00024211595398493157,0.1085682254407982,0.03789281805029532,2813,2713,100,27.13,0.0
2975,159.09581058159438,1.0606387372106292,7.809475723211529,0.05206317148807686,7.809475723211529,0.05206317148807686,7.120412286954206,144.16592257142895,14.929888010165735,0.09953258673443824,145.02887972856354,0.8629571571345878,0.00024363556102049343,0.0937795390202056,0.3419597564319474,3692,3542,150,23.613333333333333,0.0
2976,443.27575848706624,0.14198454788182774,148.10328894992617,0.04743859351374957,148.10328894992617,0.04743859351374957,168.42654505476037,126.74592448241606,316.52983400468656,0.10138687828465297,127.09176055497767,0.3458360725616103,0.0017555130586883773,0.1012761043984909,0.06795084393422712,3319,197,3122,0.06310057655349136,0.0
2977,187.86418952646966,1.552596607656774,6.171432989260191,0.051003578423637945,6.171432989260191,0.051003578423637945,4.88940696595273,176.80334957125524,11.060839955212922,0.09141190045630514,177.37773722108875,0.5743876498335112,0.00024694223982524126,0.08666489508579263,0.75,2447,2326,121,19.223140495867767,0.0
2978,149.2815198150571,1.9904202642007613,4.3120075050750755,0.05749343340100101,4.3120075050750755,0.05749343340100101,4.223331917736232,140.74618039224617,8.535339422811308,0.11380452563748411,141.5799559627443,0.8337755704981191,0.0002451560042628989,0.10268751803083735,0.04594688272777603,3476,3401,75,45.346666666666664,0.0
2979,161.71789421121264,0.9347855156717494,8.896236720056985,0.051423333641947885,8.896236720056985,0.051423333641947885,8.269684975905534,144.55197251525055,17.165921695962517,0.09922498090151743,145.42145445937376,0.8694819441232085,0.00024396238611762303,0.0941990737100513,0.5414029618884797,3737,3564,173,20.601156069364162,0.0
2980,151.77141516713425,0.5344063914335713,14.19469405619369,0.04998131709927356,14.19469405619369,0.04998131709927356,10.951466862521784,126.6252542484159,25.146160918715474,0.08854282013632209,127.49766599151405,0.8724117430981551,0.00024375852000507267,0.08547094780147957,0.02322791808785496,3863,3579,284,12.602112676056338,0.0
2981,200.32020350081314,0.8597433626644341,11.388916649868449,0.048879470600293774,11.388916649868449,0.048879470600293774,12.049349155226423,176.8819376957141,23.438265805094872,0.10059341547251018,177.49927398082434,0.6173362851102411,0.00024124122122322824,0.09794390351926521,0.3085786345276347,2792,2559,233,10.982832618025752,0.0
2982,161.50916921420003,0.8325214907948455,9.719116603929995,0.05009853919551544,9.719116603929995,0.05009853919551544,11.338096615814493,140.45195599445435,21.05721321974449,0.10854233618424995,141.05766386637345,0.605707871919094,0.00024189611498366375,0.10542013065889991,0.2547904537859722,2698,2504,194,12.907216494845361,0.0
2983,153.29706303987507,1.8249650361889889,4.2088649032734216,0.05010553456277883,4.2088649032734216,0.05010553456277883,4.472729445941582,144.61546869066126,8.681594349215004,0.103352313681131,144.96770536414238,0.35223667348111576,0.00024893051129407475,0.09915901994919875,0.544326478644166,1499,1415,84,16.845238095238095,0.0
2984,140.52791504027823,0.7637386686971643,9.519488099202627,0.05173634836523167,9.519488099202627,0.05173634836523167,4.102038274221513,126.90638866685185,13.62152637342414,0.07403003463817467,127.81484145619538,0.9084527893435279,0.00024335729690424,0.06909279121784158,0.14793207608556713,3917,3733,184,20.28804347826087,0.0
2985,189.5371849290392,1.3347689079509804,7.475932395072814,0.052647411232907136,7.475932395072814,0.052647411232907136,5.029034940593647,177.0322175933693,12.50496733566646,0.08806315025117226,177.95214806801584,0.9199304746465486,0.00024164183731193817,0.08158476662692503,0.07704346408183937,3949,3807,142,26.809859154929576,0.0
2986,167.36375168105508,0.6437067372348272,12.595811035532527,0.04844542705974049,12.595811035532527,0.04844542705974049,14.2181859116115,140.5497547339104,26.813996947144027,0.10313075748901548,140.9325885768019,0.38283384289150035,0.0002477888950754048,0.10165831963174303,0.07176751931820036,1805,1545,260,5.9423076923076925,0.0
2987,155.01109820877582,1.4352879463775539,5.537424894574473,0.05127245272754141,5.537424894574473,0.05127245272754141,4.820261583413071,144.6534117307889,10.357686477987544,0.0959045044258106,145.20417505728574,0.550763326496849,0.00024686836687442805,0.09080484399527854,0.017550573867879393,2339,2231,108,20.65740740740741,0.0
2988,156.46509003590836,0.5358393494380423,14.639414615870406,0.05013498156120002,14.639414615870406,0.05013498156120002,12.136486303467336,129.68918911656783,26.775900919337744,0.09169829081964981,130.60065065695903,0.9114615403912012,0.00024338091866253704,0.08857684718818264,0.07414974135747343,4037,3745,292,12.825342465753424,0.0
2989,186.3371407335643,2.0704126748173812,5.006709381942668,0.05563010424380742,5.006709381942668,0.05563010424380742,2.864637876157758,178.4657934754622,7.871347258100426,0.08745941397889362,179.32875063259678,0.8629571571345878,0.00024384209017648707,0.07787100112186131,0.028581984438460495,3629,3539,90,39.32222222222222,0.0
2990,154.47583472657072,1.1882756517428517,6.982666166392039,0.053712816664554144,6.982666166392039,0.053712816664554144,6.681182777759659,140.81198578241845,13.663848944151699,0.10510653033962845,141.7089310117202,0.8969452293017639,0.00024406672906170446,0.09820695165269626,0.0003204947196309149,3805,3675,130,28.26923076923077,0.0
2991,232.24720729839316,0.25549747777601006,43.35542330837639,0.0476957352127353,43.35542330837639,0.0476957352127353,42.51987221782974,146.37191177218813,85.87529552620613,0.09447227230605736,147.13599465925233,0.7640828870642054,0.0002464783506658727,0.09363169707276219,0.12191447743805384,4009,3100,909,3.41034103410341,0.0
2992,138.91958446840124,1.1576632039033437,5.972639966020015,0.04977199971683346,5.972639966020015,0.04977199971683346,2.82684870947503,130.120095792906,8.799488675495045,0.07332907229579204,130.48382381726128,0.3637280243552823,0.00024777113375700426,0.07029800542616632,0.329737907456888,1588,1468,120,12.233333333333333,0.0
2993,192.55478169920673,1.2585279849621356,7.579851891246976,0.049541515629065204,7.579851891246976,0.049541515629065204,6.848152054973184,178.1267777529822,14.42800394622016,0.09430067938705987,178.65444651242217,0.5276687594399618,0.0002500799807772331,0.09085186396591215,0.75,2263,2110,153,13.790849673202615,0.0
2994,169.33064948613833,0.5838987913315115,14.476351546778085,0.049918453609579604,14.476351546778085,0.049918453609579604,14.132458253449954,140.72183968590855,28.608809800228038,0.09865106827664841,141.5630380392572,0.8411983533486591,0.00024425039295837954,0.09575038429959007,0.5397337614872413,3734,3444,290,11.875862068965517,0.0
2995,163.07936786962546,0.9265873174410537,8.965618958573668,0.050941016810077656,8.965618958573668,0.050941016810077656,8.720657749805582,145.3930911612457,17.68627670837925,0.10049020857033665,146.1973596826,0.8042685213542882,0.0002449051526657394,0.09592050106264467,0.1698515028243719,3460,3284,176,18.65909090909091,0.0
2996,146.25586085980785,0.7424155373594308,9.95642418457288,0.050540224287171975,9.95642418457288,0.050540224287171975,7.109177400916792,129.19025927431812,17.065601585489674,0.08662741921568362,129.9248593593627,0.7346000850445762,0.00024006538726946934,0.08289848477383327,0.11899036539341523,3257,3060,197,15.532994923857869,0.0
2997,283.914137523907,0.24602611570529204,53.905248258325585,0.04671165360340172,53.905248258325585,0.04671165360340172,52.38044610150553,177.62844316407268,106.28569435983111,0.09210198818009628,177.65787410084647,0.029430936773792382,0.029430936773792382,0.09207648476868331,0.1974277186444624,1155,1,1154,0.0008665511265164644,0.0
2998,154.4671595334679,1.560274338721898,5.48536392400414,0.05540771640408223,5.48536392400414,0.05540771640408223,6.4347357151755205,142.5470598942877,11.92009963917966,0.12040504686040061,143.38892256763643,0.8418626733487145,0.00024359452353840116,0.11190138349324727,0.026737266305076446,3555,3456,99,34.90909090909091,0.0
2999,164.31085892206045,0.9335844256935253,8.868342019286331,0.05038830692776324,8.868342019286331,0.05038830692776324,8.680075946665056,146.7624409561089,17.548417965951387,0.09970692026108742,147.47363038617584,0.7111894300669519,0.00024116291287451744,0.09566607122661708,0.16323618467129108,3125,2949,176,16.755681818181817,0.0
3000,139.2760712617919,1.0240887592778818,6.9497370290025255,0.05110100756619504,6.9497370290025255,0.05110100756619504,2.9584688159039843,129.36786541688411,9.90820584490651,0.07285445474195963,129.9659969725002,0.598131555616078,0.00024324178756245546,0.06845642859773324,0.4988683518572543,2595,2459,136,18.080882352941178,0.0
3001,192.4852603792458,1.159549761320758,7.955479166870487,0.04792457329440052,7.955479166870487,0.04792457329440052,7.451425841480955,177.07835537088977,15.40690500835144,0.09281268077320144,177.38340009904869,0.3050447281589186,0.00025917139180876684,0.09097506192889829,0.2631490372183407,1343,1177,166,7.090361445783133,0.0
3002,209.91632212121067,0.31566364228753485,31.926789167294906,0.04801020927412768,31.926789167294906,0.04801020927412768,35.816380133358166,142.17315282055495,67.74316930065308,0.10186942751977907,142.82793676748145,0.6547839469265,0.00046904294192442694,0.10088479000560785,0.2905161733345949,2061,1396,665,2.099248120300752,0.0
3003,425.42750947569584,0.1453955944893014,138.43074317082164,0.047310575246350524,138.43074317082164,0.047310575246350524,140.6200497092641,146.376716595654,279.05079288008574,0.0953693755571038,146.65260042604598,0.27588383039199016,0.00026375127188526783,0.09527508853371493,0.0443802281116632,3972,1046,2926,0.3574846206425154,0.0
3004,138.65888400827612,1.0195506177079126,6.926044963220042,0.050926801200147365,6.926044963220042,0.050926801200147365,2.38402932607039,129.3488097189844,9.310074289290432,0.06845642859772376,129.923249208818,0.574439489833594,0.00024664641040514986,0.06423260881954504,0.019141814851195704,2465,2329,136,17.125,0.0
3005,194.5029442672835,1.1859935626053872,7.94652278477774,0.048454407224254516,7.94652278477774,0.048454407224254516,8.597604575188825,177.95881690731335,16.544127359966566,0.1008788253656498,178.35196921690329,0.3931523095899365,0.0002466451126662086,0.09848155518524528,0.46731538829510555,1758,1594,164,9.71951219512195,0.0
3006,153.82401649074654,1.424296448988394,5.72663429058178,0.05302439157946092,5.72663429058178,0.05302439157946092,6.542423775313296,141.55495842485072,12.269058065895075,0.11360238949902847,142.20974237177722,0.6547839469265,0.00046904294192442694,0.10753957517564185,0.08735696444625773,1504,1396,108,12.925925925925926,0.0
3007,172.74184887848116,0.5398182777452536,15.39087667538157,0.04809648961056741,15.39087667538157,0.04809648961056741,11.089612241751865,146.2613599613477,26.480488917133435,0.08275152786604198,146.79362963824235,0.5322696768946571,0.0002502443238808919,0.0810881851257463,0.09594433967697569,2447,2127,320,6.646875,0.0
3008,146.48182102090743,0.6658264591859429,10.496842558646696,0.04771292072112134,10.496842558646696,0.04771292072112134,7.462345945859397,128.52263251639965,17.959188504506095,0.08163267502048224,128.71387494166117,0.19124242526152102,0.0002567012419617732,0.08076339126930117,0.75,965,745,220,3.3863636363636362,0.0
3009,187.7408493319565,2.086009437021739,4.993350287906242,0.055481669865624916,4.993350287906242,0.055481669865624916,4.463484240878984,178.28401480316825,9.456834528785226,0.10507593920872474,179.1564265462664,0.8724117430981551,0.00024348639215689507,0.0953824753965566,0.019274371088044973,3673,3583,90,39.81111111111111,0.0
3010,153.33335227578516,1.5646260436304609,5.315941128146699,0.054244297225986726,5.315941128146699,0.054244297225986726,5.825753570735515,142.19165757690132,11.141694698882214,0.11369076223349198,142.9083277814791,0.7166702045777811,0.00023952881169043486,0.10637780096230672,0.04661408425238278,3090,2992,98,30.53061224489796,0.0
3011,195.46137870709254,0.37089445674970123,25.4540281528705,0.04829986366768596,25.4540281528705,0.04829986366768596,23.82235578305415,146.18499477116836,49.27638393592465,0.09350357483097656,147.019266544841,0.8342717736726399,0.00024472624631054267,0.09192051643690993,0.11768412806668493,3936,3409,527,6.468690702087287,0.0
3012,138.85862703604755,1.1767680257292166,6.232680390058438,0.05281932533947829,6.232680390058438,0.05281932533947829,3.295226002127265,129.3307206438608,9.527906392185702,0.08074496942530256,130.05915579758005,0.7284351537192606,0.00023977457331114568,0.07457179015650427,0.32917816201177175,3156,3038,118,25.74576271186441,0.0
3013,215.69876047411083,0.5845494863797042,17.473677435931133,0.0473541393927673,17.473677435931133,0.0473541393927673,18.596148840908995,179.62893419726947,36.06982627684013,0.09775020671230387,179.99040876927006,0.3614745720005885,0.00025084980707882617,0.09677060082612673,0.1979913187137754,1810,1441,369,3.9051490514905147,0.0
3014,156.944211223332,0.987070510838566,7.890985706129738,0.04962884091905496,7.890985706129738,0.04962884091905496,7.360751492224267,141.69247402497683,15.251737198354006,0.09592287546134595,142.11284720561991,0.4203731806430824,0.00023925622119697347,0.09327901897932123,0.5710001477100377,1916,1757,159,11.050314465408805,0.0
3015,172.24832055588217,0.5556397437286522,15.308114638042747,0.049381014961428216,15.308114638042747,0.049381014961428216,10.300964489415719,146.63924142842325,25.609079127458465,0.08260993266922086,147.53753689239159,0.8982954639683385,0.0002432427468097315,0.07971220536609867,0.02443206372788609,4003,3693,310,11.912903225806451,0.0
3016,158.17669373496665,0.7222680079222221,11.00706065666889,0.05026055094369357,11.00706065666889,0.05026055094369357,13.376976911849397,133.79265616644557,24.384037568518288,0.11134263729917027,134.48899962391056,0.6963434574649909,0.00024111615563192208,0.10816298680847529,0.2253693384664075,3107,2888,219,13.187214611872147,0.0
3017,193.8384675737601,1.2669180887173863,7.411668162903458,0.04844227557453241,7.411668162903458,0.04844227557453241,7.401823647287529,179.02497576356734,14.813491810190987,0.09682020790974502,179.40043059066375,0.3754548270964051,0.0002449150861685617,0.09436625479147953,0.23774948332220447,1686,1533,153,10.019607843137255,0.0
3018,159.24506788477038,1.0340588823686387,8.138144941828411,0.052845097024859816,8.138144941828411,0.052845097024859816,8.415289614237167,142.69163332870482,16.55343455606558,0.10748983477964662,143.60008611804835,0.9084527893435279,0.00024342250518315323,0.10159079069300017,0.16480085424655044,3886,3732,154,24.233766233766232,0.0
3019,156.59121943422485,1.7998990739566074,4.5382914522956685,0.05216426956661688,4.5382914522956685,0.05216426956661688,4.021148340724494,148.0317796412038,8.559439793020163,0.09838436543701336,148.55944840064376,0.5276687594399618,0.0002499615156039611,0.09231920728254131,0.00787091343852353,2198,2111,87,24.264367816091955,0.0
3020,150.0887985358347,0.9041493887700887,8.208898537830907,0.049451196011029555,8.208898537830907,0.049451196011029555,8.515063282132132,133.3648367158695,16.723961819963037,0.10074675795158457,133.770826405084,0.4059896892144934,0.00043052989312247444,0.09830103693223324,0.7137416570337791,1109,943,166,5.680722891566265,0.0
3021,200.15240882164244,0.9352916300076749,10.639865413714126,0.049718997260346384,10.639865413714126,0.049718997260346384,10.810811221815129,178.70173218611183,21.450676635529256,0.10023680670808063,179.45875669654367,0.7570245104318474,0.0006765187760785053,0.09669930899578862,0.04508004864260329,1333,1119,214,5.228971962616822,0.0
3022,151.70599909726639,1.8963249887158298,4.204034874775863,0.05255043593469829,4.204034874775863,0.05255043593469829,5.219829330712059,142.28213489177745,9.423864205487924,0.11779830256859905,142.73728195649835,0.4551470647209044,0.00023705576287547103,0.11210896425960044,0.5512586071560008,2000,1920,80,24.0,0.0
3023,168.60299710541256,0.6586054574430178,12.270306152516119,0.04793088340826609,12.270306152516119,0.04793088340826609,8.419524916992032,147.91316603590542,20.689831069508152,0.08081965261526622,148.3230173635843,0.40985132767889354,0.000243090941683804,0.07921867086651657,0.04272785833495618,1942,1686,256,6.5859375,0.0
3024,149.4230422564725,0.9001388087739308,8.208898537830907,0.049451196011029555,8.208898537830907,0.049451196011029555,8.515063282132132,132.6990804365073,16.723961819963037,0.10074675795158457,133.1050701257218,0.4059896892144934,0.0005320965782627698,0.09830103693223324,0.026689765228638862,929,763,166,4.596385542168675,0.0
3025,197.4910319720011,0.9404334855809576,10.453629358666575,0.04977918742222179,10.453629358666575,0.04977918742222179,9.013873114868147,178.0235294984651,19.467502473534722,0.09270239273111773,178.78055400889696,0.7570245104318474,0.0003747646091246769,0.08909751411001977,0.05752645692712122,2230,2020,210,9.619047619047619,0.0
3026,163.5599613632188,0.790144740885115,10.429603489603245,0.05038455792078862,10.429603489603245,0.05038455792078862,10.243419817714198,142.88693805590003,20.673023307317443,0.09986967781312775,143.58578199336512,0.6988439374650852,0.0002417308673348617,0.09649362014422071,0.05267539910710184,3098,2891,207,13.966183574879228,0.0
3027,179.01582903821736,0.5129393382183879,17.07734957461947,0.04893223373816467,17.07734957461947,0.04893223373816467,13.533401372503363,148.40507809109317,30.61075094712283,0.08770988810063848,149.23687286159122,0.8317947704980497,0.00024500582341621495,0.08532652199606343,0.298667967942265,3744,3395,349,9.727793696275072,0.0
3028,143.4309018021146,1.2364732913975396,5.785210265693973,0.04987250229046528,5.785210265693973,0.04987250229046528,5.269559045050528,132.37613249136905,11.0547693107445,0.0952997354374526,132.73815109177917,0.36201860041012424,0.0002494959341213813,0.09217888543392601,0.3200678103762584,1567,1451,116,12.508620689655173,0.0
3029,184.99611519710868,2.499947502663631,3.912292409487298,0.05286881634442295,3.912292409487298,0.05286881634442295,3.209743030954087,177.8740797566645,7.122035440441385,0.09624372216812682,178.41849515353397,0.5444153968694536,0.00024904638466123223,0.08888675734560421,0.3273092623306866,2260,2186,74,29.54054054054054,0.0
3030,159.1684644246841,0.9531045773933179,8.528219902528354,0.05106718504507997,8.528219902528354,0.05106718504507997,7.887191463541512,142.75305305861366,16.41541136606987,0.09829587644353215,143.44939651607865,0.6963434574649909,0.0002414505747104684,0.09412615514134993,0.07706126876894359,3051,2884,167,17.269461077844312,0.0
3031,224.08217816986576,0.2742743918847806,39.065106275692884,0.047815307558987614,39.065106275692884,0.047815307558987614,36.587292795892836,148.42977909828198,75.65239907158572,0.09259779568125547,149.20688763317958,0.777108534897593,0.0006465129242076481,0.09164662244392434,0.08265542183335128,2019,1202,817,1.4712362301101591,0.0
3032,145.45917154260655,1.0936779815233575,7.1499846963890725,0.05375928343149679,7.1499846963890725,0.05375928343149679,5.656149943340779,132.6530369028751,12.806134639729851,0.09628672661451017,133.5644984432663,0.9114615403912012,0.00024299161300751833,0.08943363232586655,0.06780402425670218,3884,3751,133,28.203007518796994,0.0
3033,187.38754585366917,3.0719269812076915,3.67295642701503,0.060212400442869345,3.67295642701503,0.060212400442869345,3.922034112267397,179.7925553143856,7.594990539282428,0.12450804162758078,180.68950054368736,0.8969452293017639,0.00024419962681779576,0.1098040214751116,0.012727405957093652,3734,3673,61,60.21311475409836,0.0
3034,216.90241936448558,0.29232131989822857,35.31539639533469,0.047594873848159955,35.31539639533469,0.047594873848159955,38.46524256041732,143.12178040873016,73.78063895575201,0.09943482339050136,143.56928757865057,0.4475071699204136,0.00023905297538483634,0.09883171399708222,0.2120235989680168,2614,1872,742,2.522911051212938,0.0
3035,286.92771101427627,0.1963913148626121,69.66908536633612,0.04768589005224923,69.66908536633612,0.04768589005224923,69.5793197119101,147.67930593604092,139.2484050782462,0.09531033886259152,148.4564144709385,0.777108534897593,0.0003824353026070832,0.09477843705909497,0.4579181330592519,3493,2032,1461,1.3908281998631074,0.0
3036,148.73499640184582,0.8749117435402696,8.915823918175807,0.05244602304809298,8.915823918175807,0.05244602304809298,6.979031009845471,132.84014147382265,15.894854928021278,0.09349914663541928,133.7595541884691,0.9194127146464552,0.0002419507143806461,0.08809083654927476,0.04168783145928501,3970,3800,170,22.352941176470587,0.0
3037,198.69660186175588,1.062548673057518,9.449008945890052,0.05052945960369012,9.449008945890052,0.05052945960369012,9.335494624785838,179.9120982910805,18.784503570675888,0.10045189075227748,180.7204064523704,0.808308161289915,0.00024449732646397916,0.09612938721596508,0.11189578288224311,3493,3306,187,17.67914438502674,0.0
3038,154.68975420708819,1.3451282974529408,6.154897190898601,0.0535208451382487,6.154897190898601,0.0535208451382487,4.574288846737545,143.96056816945224,10.729186037636147,0.09329726989248824,144.73567427988417,0.7751061104319206,0.0002463782932078578,0.08655721675829584,0.13948190979772335,3261,3146,115,27.356521739130436,0.0
3039,160.92011899303532,1.3522699075044984,6.256410702800497,0.05257487985546636,6.256410702800497,0.05257487985546636,5.0965796252583,149.56712866497605,11.352990328058798,0.09540328006772099,150.34342119987366,0.7762925348976069,0.00041601957925916765,0.08887981338791308,0.08722965020342599,1985,1866,119,15.680672268907562,0.0
3040,165.0019272494136,0.5254838447433554,15.66089505866459,0.049875461970269395,15.66089505866459,0.049875461970269395,15.909041440978854,133.4319907497678,31.569936499643443,0.10054119904345046,134.3093592308419,0.877368481074086,0.00024391673090744676,0.09774703190627931,0.2711923063889117,3911,3597,314,11.455414012738853,0.0
3041,191.79288611772677,1.4753298932132828,6.716425135172595,0.05166480873209688,6.716425135172595,0.05166480873209688,4.574634349473968,180.50182663308044,11.291059484646564,0.08685430372805049,181.22168817696945,0.7198615438890101,0.0002399538479630034,0.08131690723659474,0.22920742428107133,3130,3000,130,23.076923076923077,0.0
3042,165.6897427508892,0.8122046213278882,10.228164484253979,0.050138061197323426,10.228164484253979,0.050138061197323426,10.75049118367383,144.71108708296163,20.97865566792781,0.102836547391803,145.37259493664294,0.6615078536813144,0.00024046087011316407,0.09959386183454047,0.05568428371589107,2955,2751,204,13.485294117647058,0.0
3043,178.1648285708178,0.5498914462062278,15.859680090971793,0.048949629910406765,15.859680090971793,0.048949629910406765,13.300621991617845,149.00452648822682,29.160302082589638,0.09000093235367172,149.78081902312442,0.7762925348976069,0.0005625308223895702,0.08760496773979438,0.0065181623633634445,1704,1380,324,4.2592592592592595,0.0
3044,148.22434781037737,0.8929177578938395,7.855016524945132,0.04731937665629597,7.855016524945132,0.04731937665629597,6.398215105389568,133.97111618004033,14.2532316303347,0.08586284114659458,134.0185614584277,0.04744527838738577,0.0005330930155886042,0.08557702621656418,0.046833180441240074,255,89,166,0.536144578313253,0.0
3045,208.90430368807074,0.7081501819934601,14.469167851357494,0.049048026614771166,14.469167851357494,0.049048026614771166,13.038903448630776,181.39623238808383,27.50807129998827,0.09324769932199413,182.18086048455723,0.7846280964733978,0.0002452729279379174,0.09058794306275766,0.0862612324605152,3494,3199,295,10.844067796610169,0.0
3046,163.17302607019894,0.8916558801650215,9.333414946229345,0.05100226746573413,9.333414946229345,0.05100226746573413,8.437623457220752,145.40198766674894,17.7710384034501,0.09710949947240491,146.1644596738132,0.7624720070642752,0.0002462764880698563,0.09294298577259963,0.02137206929558033,3279,3096,183,16.918032786885245,0.0
3047,367.12209314841584,0.157293099035311,110.5327245638792,0.047357636916829135,110.5327245638792,0.047357636916829135,107.42712106204567,149.16224752251765,217.95984562592486,0.09338468107366103,149.48623620406931,0.3239886815516684,0.0002515440074158916,0.09324586844230785,0.4641050184094411,3622,1288,2334,0.5518423307626392,0.0
3048,158.0631385852597,0.6641308343918475,12.00516200941384,0.05044185718241109,12.00516200941384,0.05044185718241109,11.197518916773333,134.86045765906943,23.202680926187174,0.09749025599238309,135.65734667396703,0.7968890148976016,0.00024633354401780574,0.09414198282055748,0.0921700369061682,3473,3235,238,13.592436974789916,0.0
3049,200.74536214332625,1.1029964952930014,9.35922406323123,0.05142430803973203,9.35922406323123,0.05142430803973203,9.08050497987108,182.30563310022592,18.43972904310231,0.1013171925445182,183.2433825516664,0.9377494514404816,0.00024094281897237452,0.09616472303109806,0.12665335543454148,4074,3892,182,21.384615384615383,0.0
3050,168.12752045947252,0.8241545120562378,10.173418288730964,0.04986969749377924,10.173418288730964,0.04986969749377924,11.790947025355877,146.1631551453861,21.96436531408684,0.10766845742199432,146.77337125661222,0.6102161112261228,0.0002414784769395025,0.10467720197480539,0.16789379073304644,2731,2527,204,12.387254901960784,0.0
3051,167.64597981278575,0.7385285454307743,11.432042104371673,0.05036141896198975,11.432042104371673,0.05036141896198975,6.87916908558168,149.3347686228326,18.311211189953355,0.08066612859010289,150.23688111403328,0.9021124912006826,0.0002431570057144697,0.07669206475221353,0.2704683335439313,3937,3710,227,16.34361233480176,0.0
3052,140.49903928640515,2.5089114158286634,3.5269572269933795,0.0629813790534532,3.5269572269933795,0.0629813790534532,1.1507387804243763,135.82134327898552,4.677696007417756,0.08353028584674564,136.74539030145593,0.924047022470404,0.00024259570030727332,0.06702944615980755,0.02389019412669313,3865,3809,56,68.01785714285714,0.0
3053,190.23465173841248,2.1374679970608144,4.771631534220849,0.05361383746315561,4.771631534220849,0.05361383746315561,2.1807699423854956,183.28225026180723,6.952401476606345,0.0781168705236668,183.95373712098183,0.6714868591745926,0.00023913349685704866,0.07057207435315341,0.19638472188387368,2897,2808,89,31.55056179775281,0.0
3054,160.6757819988419,1.0433492337587136,7.774496351720669,0.05048374254364071,7.774496351720669,0.05048374254364071,6.669762998737156,146.23152264838416,14.444259350457823,0.09379389188608976,146.7993553318421,0.5678326834579366,0.00024634823577350827,0.09010666666882991,0.051105358673567025,2459,2305,154,14.967532467532468,0.0
3055,155.56135310669606,3.3817685457977404,3.0113643979314966,0.0654644434332934,3.0113643979314966,0.0654644434332934,1.7797481741316687,150.7702405346331,4.791112572063165,0.10415462113180793,151.69017100927965,0.9199304746465486,0.0002418324065842662,0.08415613255253061,0.5417791598107442,3850,3804,46,82.69565217391305,0.0
3056,158.29256885621987,0.7646984002715936,10.539643421680324,0.05091615179555712,10.539643421680324,0.05091615179555712,10.875838067047653,136.8770873674896,21.415481488727977,0.10345643231269554,137.670022360673,0.792934993183394,0.0002459475785308294,0.09962582848090283,0.11527154302734743,3431,3224,207,15.57487922705314,0.0
3057,197.2874792569105,1.4506432298302243,7.150014254867094,0.05257363422696393,7.150014254867094,0.05257363422696393,6.714492482767469,183.42297251927766,13.864506737634564,0.10194490248260708,184.29081670340088,0.8678441841232143,0.0002439134862628483,0.09556369524639428,0.14754625652562936,3694,3558,136,26.16176470588235,0.0
3058,165.56781978457093,0.9147393358263587,9.257516890659053,0.05114650215833731,9.257516890659053,0.05114650215833731,9.356030910185154,146.95427198372715,18.61354780084421,0.10283728066764757,147.73159429117493,0.7773223074477755,0.0002456770883210416,0.0985426822839558,0.0763922626161957,3345,3164,181,17.480662983425415,0.0
3059,178.08595697558837,0.5763299578498006,15.07942228190559,0.04880071935891776,15.07942228190559,0.04880071935891776,11.76555328961274,151.24098140406852,26.84497557151833,0.08687694359714669,151.91158903099495,0.6706076269264258,0.00024070625517818588,0.084706692377325,0.15639921680383395,3095,2786,309,9.016181229773462,0.0
3060,148.43525982488484,1.7259913933126143,4.396700162970732,0.05112442049965968,4.396700162970732,0.05112442049965968,5.436704176260264,138.60185548565244,9.833404339230995,0.11434191092129065,138.95965927289342,0.3578037872409823,0.00025038753480824513,0.11018140176734209,0.06412411950384467,1515,1429,86,16.61627906976744,0.0
3061,194.35971525916045,1.7353546005282183,5.5816926658634864,0.049836541659495415,5.5816926658634864,0.049836541659495415,4.166012084959448,184.61201050833893,9.747704750822933,0.08703307813234762,185.02557072263278,0.41356021429385237,0.00039880444965655965,0.08334057621899708,0.07818570256620205,1149,1037,112,9.258928571428571,0.0
3062,176.70066417662338,0.7068026567064936,12.237624000978544,0.04895049600391418,12.237624000978544,0.04895049600391418,15.210624429428663,149.25241574621555,27.448248430407205,0.10979299372162882,149.796831143085,0.5444153968694536,0.00024893250885663174,0.1076153321341535,0.015905234137790103,2437,2187,250,8.748,0.0
3063,167.8564866240481,0.830972706059644,9.980204901501661,0.04940695495792902,9.980204901501661,0.04940695495792902,5.404451571308186,152.47183015123744,15.384656472809848,0.07616166570697945,153.06424133294865,0.5924111817112134,0.0002436903256730619,0.07322893708465074,0.3488187840724777,2633,2431,202,12.034653465346535,0.0
3064,148.42849609564212,1.7670059059005014,4.883956339836982,0.05814233737901169,4.883956339836982,0.05814233737901169,5.112667969930044,138.4318717858738,9.996624309767025,0.11900743225913125,139.37212043731427,0.94024865144047,0.00024108939780524873,0.10781399593247443,0.2752551409098487,3984,3900,84,46.42857142857143,0.0
3065,202.3532360635054,1.0067325177288826,9.720047967560438,0.04835844759980317,9.720047967560438,0.04835844759980317,8.68355787948883,183.94963021645788,18.40360584704927,0.09156022809477249,184.36319043075173,0.41356021429385237,0.0005800283510432712,0.08950271459081424,0.02240113276093325,914,713,201,3.5472636815920398,0.0
3066,159.8329575746833,1.7564061271943219,4.8847607324977,0.05367868936810659,4.8847607324977,0.05367868936810659,5.287314471228797,149.6608823709563,10.172075203726497,0.11178104619479666,150.31140485794697,0.650522486990667,0.00024191985384554367,0.10463244743666289,0.10531913306954266,2780,2689,91,29.54945054945055,0.0
3067,167.2585902737352,0.828012823137303,9.904523085284467,0.04903229250140825,9.904523085284467,0.04903229250140825,4.887722205814157,152.46634498263575,14.792245291098624,0.07322893708464666,152.98307434812978,0.5167293654940295,0.00024986913225049783,0.07067087091883871,0.19492094357258338,2270,2068,202,10.237623762376238,0.0
3068,157.11869376818152,1.0336756168959311,8.046906851551373,0.052940176654943244,8.046906851551373,0.052940176654943244,9.677637784384615,139.3941491322447,17.724544635935988,0.11660884628905255,140.30809547106014,0.9139463388154354,0.0002426835737693668,0.11059604142843009,0.75,3918,3766,152,24.776315789473685,0.0
3069,211.50516847103358,0.7268218847801842,14.413568557138294,0.04953116342659208,14.413568557138294,0.04953116342659208,12.37682484809136,184.71477506580516,26.790393405229654,0.09206320757810878,185.61414060977359,0.8993655439684289,0.00024419373987739044,0.0889726043342268,0.22273278196962565,3974,3683,291,12.65635738831615,0.0
3070,165.6573055618752,1.1748745075310298,7.363713166780324,0.0522249160764562,7.363713166780324,0.0522249160764562,9.117494752711309,149.1760976423825,16.481207919491634,0.11688799942901869,149.9441506698788,0.7680530274963075,0.00024664515976117774,0.11144081483685388,0.20163603449782386,3255,3114,141,22.085106382978722,0.0
3071,154.07102097290692,5.9258084989579585,1.7439702039754066,0.06707577707597717,1.7439702039754066,0.06707577707597717,0.0,152.32705076893103,1.7439702039754066,0.06707577707597717,152.90704562885924,0.5799948599282061,0.00024722713551926945,0.04476828246337251,0.4593940517313513,2372,2346,26,90.23076923076923,0.0
3072,153.85471747406336,1.1312846873092894,7.0461292123302846,0.05180977362007562,7.0461292123302846,0.05180977362007562,7.287212260899423,139.52137600083313,14.333341473229709,0.10539221671492432,140.19286286000772,0.6714868591745926,0.0002393892546076979,0.10045481333864442,0.42649438236162496,2941,2805,136,20.625,0.0
3073,208.50514566382355,0.8987290761371705,10.923609425782749,0.047084523386994606,10.923609425782749,0.047084523386994606,11.736158603446597,185.84537763459525,22.659768029229348,0.09767141391909201,186.00952598982622,0.16414835523096372,0.00027403732091980584,0.09696387790516095,0.135592865206263,831,599,232,2.581896551724138,0.0
3074,153.54914597100776,2.8435027031668105,3.025377336271687,0.05602550622725347,3.025377336271687,0.05602550622725347,1.6524159244888779,148.87135271024624,4.677793260760565,0.08662580112519563,149.39396263013055,0.522609919884303,0.00025041203636047104,0.07694783964587436,0.19170618701866715,2141,2087,54,38.648148148148145,0.0
3075,157.02541844887708,1.9876635246693302,4.212343305226885,0.05332080133198589,4.212343305226885,0.05332080133198589,0.0,152.8130751436513,4.212343305226885,0.05332080133198589,153.40388008745083,0.590804943799526,0.0002445384701156978,0.04584225773957274,0.5041523946690631,2495,2416,79,30.582278481012658,0.0
3076,146.59415207954237,2.874395138814556,3.0235508284629407,0.059285310362018444,3.0235508284629407,0.059285310362018444,3.7990633573416517,139.771537893737,6.822614185804593,0.13377674874126652,140.4283984768981,0.6568605831611194,0.00024184852104606753,0.12089712946361292,0.161005643376825,2767,2716,51,53.254901960784316,0.0
3077,189.81084514024212,4.126322720440046,2.809549983173969,0.061077173547260194,2.809549983173969,0.061077173547260194,2.382168801871103,184.61912635519775,5.191718785045072,0.11286345184880592,185.3394557390867,0.7203293838889522,0.00023963053356252569,0.09720411741642218,0.5335354095639104,3052,3006,46,65.34782608695652,0.0
3078,165.84036396450585,1.0174255457945145,8.436508201556205,0.051757719027952176,8.436508201556205,0.051757719027952176,8.763201996125531,148.64065376682322,17.199710197681735,0.10551969446430512,149.44028015589424,0.7996263890710225,0.0002455100979646983,0.10061401109577676,0.16169106409654432,3420,3257,163,19.98159509202454,0.0
3079,169.7717169806615,1.3691267498440443,6.734146470248062,0.05430763282458114,6.734146470248062,0.05430763282458114,6.425094561570404,156.61247594884117,13.159241031818466,0.10612291154692312,157.55022540028165,0.9377494514404816,0.00024100474208185084,0.09856041597080523,0.02056160950667163,4015,3891,124,31.379032258064516,0.0
3080,192.81789472681203,0.3751320909081946,24.492980491331707,0.04765171301815507,24.492980491331707,0.04765171301815507,28.531773208781146,139.79314102670537,53.02475370011285,0.10316099941656197,140.13713888171094,0.34399785500556845,0.0002492738079750496,0.10249174288930173,0.5826875102238773,1894,1380,514,2.684824902723735,0.0
3081,199.73032606649213,1.4165271352233484,7.107195246477375,0.05040564004593883,7.107195246477375,0.05040564004593883,7.108581134659744,185.51454968535563,14.215776381137118,0.10082110908607886,186.09978038027975,0.585230694924121,0.0002469327826684055,0.09667053678164803,0.313208229474526,2511,2370,141,16.80851063829787,0.0
3082,176.6888765212999,0.6332934642340499,13.343169132566231,0.04782497896977144,13.343169132566231,0.04782497896977144,14.481462728790461,148.8642446599423,27.824631861356693,0.09972986330235374,149.17854071010981,0.3142960501675134,0.0002563589316211365,0.09860335416197165,0.1743397445931123,1505,1226,279,4.39426523297491,0.0
3083,173.3404095246458,1.090191254871986,8.389612102730899,0.05276485599201823,8.389612102730899,0.05276485599201823,8.294725798385798,156.65607162352774,16.6843379011167,0.10493294277431886,157.59999110883257,0.943919485304832,0.0002410417480349418,0.09899634223781902,0.576786523319015,4075,3916,159,24.628930817610062,0.0
3084,167.85894070925326,0.6263393310046763,13.317229931785684,0.04969115646188688,13.317229931785684,0.04969115646188688,15.447000501668526,139.09471027580116,28.76423043345421,0.1073292180352769,139.82314542952042,0.7284351537192606,0.00024016984956124648,0.10461117641691357,0.4029230337222316,3301,3033,268,11.317164179104477,0.0
3085,194.12376883324987,2.3673630345518277,4.5320823186661165,0.055269296569098986,4.5320823186661165,0.055269296569098986,4.74330565312232,184.84838086146124,9.275387971788437,0.11311448746083459,185.61246374852544,0.7640828870642054,0.00024655788546763645,0.10379640347224911,0.2829400802315831,3181,3099,82,37.792682926829265,0.0
3086,166.40190497264507,0.9674529358874714,8.588696263126964,0.04993428059957537,8.588696263126964,0.04993428059957537,10.139393388340181,147.67381532117747,18.728089651467144,0.1088842421596927,148.2123088064278,0.538493485250342,0.00024872678302556215,0.10575346608265847,0.24207575165951312,2337,2165,172,12.587209302325581,0.0
3087,175.48917897035244,0.9695534749743229,9.047783534592545,0.04998775433476545,9.047783534592545,0.04998775433476545,9.182655158635384,157.2587402771253,18.23043869322793,0.10072065576369023,157.8331797669589,0.574439489833594,0.0002461180333477267,0.09754695692482623,0.03203843376070381,2515,2334,181,12.895027624309392,0.0
3088,398.23175812845,0.15543784470275177,121.8969386663511,0.04757882071286148,121.8969386663511,0.04757882071286148,137.4225960256847,138.9122234364528,259.3195346920358,0.10121761697581413,139.47773972628636,0.5655162898335675,0.0008581430801723331,0.10099688462223405,0.3538677274158317,3221,659,2562,0.2572209211553474,0.0
3089,193.6803231867699,2.2262106113421827,4.789097612186287,0.055047098990646984,4.789097612186287,0.055047098990646984,3.9541948013473984,184.9370307732362,8.743292413533686,0.10049761394866305,185.7261416250111,0.7891108517749217,0.0002464431142332672,0.09142737427308952,0.04745106245320585,3289,3202,87,36.804597701149426,0.0
3090,174.1424669892615,0.705030230725755,12.3159323006992,0.0498620740918996,12.3159323006992,0.0498620740918996,13.13587388225028,148.69066080631183,25.451806182949483,0.10304374972854041,149.49775616760166,0.8070953612898393,0.00024427825704898286,0.09977615717271185,0.75,3551,3304,247,13.376518218623481,0.0
3091,161.99318945779055,2.131489334970928,4.08319791597182,0.05372628836805027,4.08319791597182,0.05372628836805027,1.9781305647272802,155.93186097708985,6.061328480699101,0.07975432211446185,156.48444318358668,0.5525822064968224,0.0002469089394534506,0.07248350360794568,0.75,2314,2238,76,29.44736842105263,0.0
3092,143.19752483922218,2.922398466106575,2.833108539737534,0.05781854162729661,2.833108539737534,0.05781854162729661,3.4128095206809803,136.9516067788021,6.245918060418514,0.1274677155187452,137.51712306863567,0.5655162898335675,0.0003376216655722791,0.11592656674666355,0.4131655951974835,1724,1675,49,34.183673469387756,0.0
3093,194.82386513166,1.6371753372408404,5.732968008899641,0.04817620175545916,5.732968008899641,0.04817620175545916,5.311643027712762,183.77925409504815,11.044611036612402,0.09281185745052438,184.022998463156,0.24374436810785483,0.00024109235223328864,0.09076358544961344,0.03372193476548091,1130,1011,119,8.495798319327731,0.0
3094,153.70059016997186,2.9557805801917665,3.3503583808737494,0.06442996886295672,3.3503583808737494,0.06442996886295672,2.14020738318834,148.2100244059102,5.490565764062089,0.10558780315504018,149.15735298018012,0.9473285742699318,0.00024043872443399285,0.08736994595753345,0.13764074062362397,3992,3940,52,75.76923076923077,0.0
3095,170.46628673888392,1.1596346036658771,7.581613767198782,0.05157560385849511,7.581613767198782,0.05157560385849511,7.263740854398975,155.6209321172861,14.845354621597757,0.1009888069496446,156.32916388629678,0.7082317690106947,0.0002406495987124345,0.09617090375909619,0.75,3090,2943,147,20.020408163265305,0.0
3096,144.393364373498,1.678992608994163,4.62037557433596,0.053725297375999535,4.62037557433596,0.053725297375999535,2.7965970755707303,136.97639172359118,7.416972649906691,0.08624386802217082,137.59260416870143,0.61621244511025,0.00024146255686138322,0.07907860703251832,0.14290644998879998,2638,2552,86,29.674418604651162,0.0
3097,197.9048944877411,1.2067371615106164,8.373718625175256,0.05105925990960522,8.373718625175256,0.05105925990960522,6.638336213356752,182.89283964920992,15.012054838532007,0.09153691974714638,183.66719183964176,0.7743521904318413,0.0002465304649576063,0.08681526004938624,0.75,3305,3141,164,19.152439024390244,0.0
3098,181.22904976564837,0.5542172775707901,15.886691639957045,0.04858315486225396,15.886691639957045,0.04858315486225396,17.55984587525927,147.7825122504313,33.44653751521631,0.10228298934316915,148.37232391423083,0.5898116637995372,0.0002452439350517826,0.10047928394928911,0.2466958776062711,2732,2405,327,7.3547400611620795,0.0
3099,161.53177422936142,3.2306354845872285,2.6307302358842635,0.05261460471768527,2.6307302358842635,0.05261460471768527,2.8425095938117693,156.05853439966404,5.473239829696032,0.10946479659392065,156.3825230812157,0.3239886815516684,0.0002527212804615198,0.10298502296291417,0.44910475503752423,1332,1282,50,25.64,0.0
3100,150.6380405882013,1.075986004201438,7.154796746607336,0.051105691047195256,7.154796746607336,0.051105691047195256,7.363409185341425,136.1198346562527,14.51820593194876,0.10370147094249114,136.73604710136294,0.61621244511025,0.00024165193925892157,0.0992999534774169,0.07456322347161404,2690,2550,140,18.214285714285715,0.0
3101,204.36142049421778,0.8622844746591467,11.879563467474174,0.05012474036908934,11.879563467474174,0.05012474036908934,10.142875052849831,182.3389819738943,22.022438520324005,0.09292168152035446,183.2210554775628,0.8820735036684937,0.0002448843708130188,0.0891998523909493,0.6042311322828482,3839,3602,237,15.19831223628692,0.0
3102,171.11967478603935,0.6927922056114953,12.172313532485283,0.04928062158900925,12.172313532485283,0.04928062158900925,11.802032990484236,147.1453282630689,23.97434652296952,0.09706213167194137,147.79156460687602,0.6462363438071179,0.00024149340202059714,0.09444579019904183,0.6138581382161874,2923,2676,247,10.834008097165992,0.0
3103,171.52774769336986,1.4059651450276218,8.869804439002113,0.07270331507378781,8.869804439002113,0.07270331507378781,7.585413389531482,155.07252986483752,16.455217828533595,0.13487883466011144,156.01843997900244,0.9459101141649171,0.00023892652542685454,0.12712547306858543,0.017340722407539033,4081,3931,150,26.206666666666667,1.0
3104,146.3803998505755,1.407503844717072,5.553226839291875,0.053396411916268025,5.553226839291875,0.053396411916268025,5.35416347157593,135.4730095397083,10.907390310867804,0.1048787529891135,136.1778412291851,0.704831689476805,0.0002418777245973936,0.09810152520567673,0.12279625608141487,3018,2914,104,28.01923076923077,0.0
3105,207.394073827817,0.710253677492524,14.025037090123371,0.04803094893877867,14.025037090123371,0.04803094893877867,11.028583119162477,182.34045361853066,25.053620209285846,0.08580006920988303,182.8189481079445,0.47849448941383343,0.00023984686186157066,0.0841613894516182,0.12660674232699876,2287,1995,292,6.832191780821918,0.0
3106,161.74656959843605,1.2347066381560003,7.00788661930928,0.053495317704651,7.00788661930928,0.053495317704651,7.312540424141503,147.42614255498484,14.320427043450783,0.10931623697290674,148.33030193056652,0.9041593755816848,0.00024351181674701986,0.10241425700663766,0.09867833107523438,3844,3713,131,28.34351145038168,0.0
3107,237.01403857663718,0.29516069561225056,38.18495729309768,0.04755287334134207,38.18495729309768,0.04755287334134207,40.547327134490956,158.28175414905718,78.73228442758864,0.09804767674668573,158.56616085951646,0.28440671045927957,0.00026382811730916474,0.0976934965343969,0.08081032515860898,1881,1078,803,1.3424657534246576,0.0
3108,140.30673989709385,2.0941304462252814,3.3364934349896993,0.0497984094774582,3.3364934349896993,0.0497984094774582,1.2516954618977252,135.71855100020616,4.5881888968874245,0.06848043129682724,135.9424084792921,0.22385747908595022,0.0002498409364798552,0.06513927489256323,0.15319483041810145,963,896,67,13.373134328358208,0.0
3109,197.64908473056425,1.0402583406871804,9.636215497469356,0.050716923670891347,9.636215497469356,0.050716923670891347,5.672058780366569,182.34081045272876,15.308274277835926,0.08056986462018909,183.16749190653456,0.8266814538058043,0.00024501525009063555,0.07621890960015626,0.5168115586587874,3564,3374,190,17.757894736842104,0.0
3110,157.09987143854426,2.2126742456132993,4.059903347408598,0.05718173728744504,4.059903347408598,0.05718173728744504,4.473065178555657,148.56690291257917,8.532968525964256,0.12018265529527121,149.33770354178978,0.770800629210612,0.00024649844234429547,0.10932630840499263,0.3860889146627642,3198,3127,71,44.04225352112676,0.0
3111,168.76382790173818,1.4675115469716364,6.030795652250903,0.0524417013239209,6.030795652250903,0.0524417013239209,5.372679192874671,157.36035305661528,11.403474845125574,0.09916065082717891,158.0218609102966,0.6615078536813144,0.00024037349334350087,0.09340840862123119,0.24391594001872363,2867,2752,115,23.930434782608696,0.0
3112,152.86131322604433,0.8174401776793815,9.580883001680146,0.0512346684581826,9.580883001680146,0.0512346684581826,7.9162279356336285,135.36420228873146,17.497110937313774,0.09356743816745333,136.18116431201054,0.8169620232790749,0.0002449661239217616,0.08919865729429836,0.1848302480776738,3522,3335,187,17.834224598930483,0.0
3113,197.8710558399698,1.0932102532595018,8.580209501068186,0.04740447238159219,8.580209501068186,0.04740447238159219,5.957334244518847,183.3335120943833,14.537543745587033,0.0803179212463372,183.52475451964483,0.19124242526152102,0.00025431173572010773,0.07926133326146399,0.1360067836772032,933,752,181,4.154696132596685,0.0
3114,175.05518575720987,0.6483525398415181,13.159314950870138,0.048738203521741255,13.159314950870138,0.048738203521741255,13.256717916628645,148.63915288970975,26.416032867498785,0.09783715876851402,149.19173509620657,0.5525822064968224,0.00024712978823650375,0.09579055800371591,0.13379768030642936,2506,2236,270,8.281481481481482,0.0
3115,170.04509279990316,1.5600467229348913,5.568643303749746,0.05108847067660317,5.568643303749746,0.05108847067660317,6.384228161221927,158.09222133493438,11.952871464971672,0.10965937123827221,158.5716446704954,0.4794233355610231,0.00023947219558492663,0.1052609920129152,0.04010080444390951,2111,2002,109,18.36697247706422,0.0
3116,169.2163706656629,0.4862539386944336,16.755404621255195,0.04814771442889424,16.755404621255195,0.04814771442889424,16.811350018761914,135.64961602564938,33.56675464001711,0.09645619149430204,136.08434946426803,0.4347334386186503,0.00024058297654601566,0.09520695747527264,0.22164301793361574,2155,1807,348,5.192528735632184,0.0
3117,216.16929446902384,0.5600240789352949,18.519093788540637,0.04797692691331771,18.519093788540637,0.04797692691331771,14.876082219520981,182.77411846096174,33.39517600806162,0.08651600002088503,183.3317248316198,0.5576063706580499,0.00024553340847998674,0.08507142393109857,0.35509455599913053,2657,2271,386,5.883419689119171,0.0
3118,235.2899747167546,0.25381874295227036,44.340608480362086,0.04783237160772609,44.340608480362086,0.04783237160772609,42.655199459176174,148.29416677721724,86.99580793953825,0.09384661050651376,149.09952119102297,0.8053544138057305,0.0004205506077314519,0.09297783551858861,0.7018985206686921,2842,1915,927,2.0658036677454152,0.0
3119,176.8980625089306,0.8189725116154194,10.972817502553976,0.05080008103034248,10.972817502553976,0.05080008103034248,9.044676663494442,156.88056834288375,20.01749416604842,0.09267358410207602,157.7217666962324,0.8411983533486591,0.0002441794929894511,0.08877914728101012,0.6473274618194864,3661,3445,216,15.949074074074074,0.0
3120,155.82561864693093,0.91126092775983,8.902931386888467,0.05206392623911384,8.902931386888467,0.05206392623911384,9.641493377665938,137.28119388237906,18.544424764554407,0.1084469284476866,138.17062574442662,0.8894318620475588,0.0002442823021278656,0.10324557252926501,0.20677467077018719,3812,3641,171,21.292397660818715,0.0
3121,190.21889581718096,2.6057382988654925,4.175311562812549,0.05719604880565136,4.175311562812549,0.05719604880565136,2.4794816827113664,183.5641025716575,6.654793245523916,0.09116155130854679,184.37119793294733,0.8070953612898393,0.00024472266867490576,0.08010545046895397,0.02661540341807722,3371,3298,73,45.178082191780824,0.0
3122,162.79103019232264,0.9866123041958947,8.453692409422151,0.051234499451043344,8.453692409422151,0.051234499451043344,7.008139134887642,147.32919864801272,15.461831544309794,0.0937080699655139,148.13455306181845,0.8053544138057305,0.0005558001475539893,0.08882713412426779,0.08425059319677075,1614,1449,165,8.781818181818181,0.0
3123,193.24320677618175,0.5139446988728238,18.561536755328138,0.04936578924289398,18.561536755328138,0.04936578924289398,17.37535938229678,157.306310638559,35.93689613762491,0.09557685142985349,158.20248210786076,0.8961714693017484,0.00024445484705448673,0.09319341667106647,0.1917702818120688,4042,3666,376,9.75,0.0
3124,150.0106846802438,1.2500890390020316,6.298769622969428,0.05248974685807857,6.298769622969428,0.05248974685807857,5.901901638516051,137.8100134187589,12.200671261485478,0.10167226051237899,138.50017441521027,0.6901609964513682,0.00024190711407338529,0.09592091887527943,0.10534877175496149,2973,2853,120,23.775,0.0
3125,197.6351723285934,1.3444569546162817,7.606498990419078,0.051744891091286244,7.606498990419078,0.051744891091286244,5.382373738755973,184.6462995994185,12.98887272917505,0.08835967842976225,185.4403968326019,0.7940972331833791,0.00024592667487871757,0.08295765643531637,0.13228560471657147,3376,3229,147,21.965986394557824,0.0
3126,157.8089362839288,1.578089362839288,4.915279267552883,0.04915279267552883,4.915279267552883,0.04915279267552883,5.309247791847952,147.58440922452712,10.224527059400835,0.10224527059400834,147.8688159349864,0.28440671045927957,0.00026456438182258566,0.09940120348942401,0.12073917900772813,1175,1075,100,10.75,0.0
3127,169.17956909535383,1.4971643282774676,5.663397267588105,0.05011855989016022,5.663397267588105,0.05011855989016022,5.838244411014784,157.67792741675373,11.50164167860289,0.1017844396336539,158.0633265197722,0.3853991030184716,0.00024784508232699137,0.09837382810249223,0.1661811356277667,1668,1555,113,13.761061946902656,0.0
3128,151.1054226932008,1.189806477899219,6.643752953595005,0.052313015382637836,6.643752953595005,0.052313015382637836,6.475049448464802,137.98662029114212,13.118802402059806,0.10329765670913234,138.69176046061887,0.7051401694767492,0.0002409911720699758,0.09774537191009403,0.23473773140142384,3053,2926,127,23.03937007874016,0.0
3129,204.55975384462442,1.0126720487357646,10.02243889528828,0.0496160341350905,10.02243889528828,0.0496160341350905,8.08049153923821,186.45682341009706,18.102930434526492,0.0896184674976559,187.12743103702348,0.6706076269264258,0.00024027503651967961,0.08629862776040069,0.009546386610168156,2993,2791,202,13.816831683168317,0.0
3130,184.84025518383726,0.46210063795959316,19.405059905377957,0.048512649763444896,19.405059905377957,0.048512649763444896,18.010281631114935,147.424913647342,37.41534153649289,0.09353835384123223,148.05960727695958,0.6346936296175727,0.00024289844225701212,0.09195161976719418,0.08053875443363268,3013,2613,400,6.5325,0.0
3131,170.75252018401,1.459423249435983,6.157612026735218,0.05262916262166853,6.157612026735218,0.05262916262166853,5.67114914778108,158.9237590094956,11.828761174516298,0.10110052285911367,159.61454080594694,0.690781796451347,0.00024136331112905205,0.09519640494070984,0.03882820097408057,2979,2862,117,24.46153846153846,0.0
3132,157.30432836182342,0.9253195785989613,8.417547905258225,0.04951498767798956,8.417547905258225,0.04951498767798956,10.371288909865257,138.5154915467025,18.78883681512348,0.11052256950072636,138.96710239032848,0.4516108436259856,0.00023756488354865102,0.10786603512644086,0.23454160747894548,2071,1901,170,11.18235294117647,0.0
3133,195.44588655610676,1.916136142706929,5.370429696877202,0.05265127153801178,5.370429696877202,0.05265127153801178,3.3150900059030164,186.7603668533269,8.68551970278022,0.08515215394882568,187.43097448025333,0.6706076269264258,0.00024036115660445371,0.07857756937111207,0.2957659433815252,2892,2790,102,27.352941176470587,0.0
3134,168.45148303735584,0.7727132249419992,10.590375015734804,0.04857970190704038,10.590375015734804,0.04857970190704038,9.626897620304703,148.2342104013153,20.217272636039507,0.09273978273412618,148.65645973129165,0.4222493299763528,0.00023923474786195626,0.09080285920212934,0.009888650667335241,1983,1765,218,8.096330275229358,0.0
3135,177.29450112698464,0.9331289532999192,9.714008444605248,0.05112636023476447,9.714008444605248,0.05112636023476447,7.9728756038518895,159.60761707852862,17.686884048457138,0.09308886341293231,160.4118855998829,0.8042685213542882,0.0002450543940750421,0.08885587119527229,0.5508529006987146,3472,3282,190,17.273684210526316,0.0
3136,162.39511151663453,0.6548189980509457,12.174426959600696,0.04909043128871248,12.174426959600696,0.04909043128871248,12.210767166568303,138.0099173904681,24.385194126168997,0.09832739567003627,138.57210504167597,0.5621876512078643,0.00024538963387510447,0.09606050997967161,0.10067750511279883,2539,2291,248,9.237903225806452,0.0
3137,255.09615636891544,0.34896875016267503,34.561196208391635,0.04727933817837433,34.561196208391635,0.04727933817837433,33.36251902044478,187.1724411400777,67.92371522883641,0.09291889908185556,187.51661033575283,0.3441691956751356,0.00027315015529772666,0.09244807938873134,0.06781419198239291,1991,1260,731,1.7236662106703147,0.0
3138,156.09478133355265,2.55893084153365,3.3341226227732284,0.05465774791431522,3.3341226227732284,0.05465774791431522,3.7066106098608316,149.0540481009192,7.04073323263406,0.11542185627268951,149.5997423233124,0.5456942223931947,0.0002487211587936165,0.10647604934820079,0.342359133864079,2255,2194,61,35.967213114754095,0.0
3139,186.3536336405341,0.6253477638944097,14.645847843786857,0.049147140415392136,14.645847843786857,0.049147140415392136,11.923373170386412,159.7844126263616,26.56922101417327,0.08915845977910493,160.44251295509048,0.6581003287288922,0.00024123912343434467,0.08695006941424034,0.6340551952755504,3026,2728,298,9.154362416107382,0.0
3140,156.54714521835103,0.8462007849640596,9.244112792605215,0.04996817725732548,9.244112792605215,0.04996817725732548,10.295894267529206,137.00713815821916,19.54000706013442,0.10562165978451038,137.5872171660019,0.5800790077827287,0.00024590038481675654,0.10248609758026563,0.5683327060014562,2544,2359,185,12.751351351351351,0.0
3141,443.01915341302833,0.1643246118000847,127.56221219643011,0.04731536060698446,127.56221219643011,0.04731536060698446,129.83435720588727,185.62258401069153,257.39656940231737,0.09547350497118597,185.96675320636666,0.3441691956751356,0.00245835139767954,0.0953458457739843,0.005110094245083019,2836,140,2696,0.05192878338278932,0.0
3142,163.4122305455711,1.00252902175197,8.161139938939822,0.05006834318367989,8.161139938939822,0.05006834318367989,6.954546590443783,148.2965440161871,15.115686529383606,0.09273427318640248,148.88734895998664,0.590804943799526,0.0002447410703394888,0.08910970297904582,0.4250950586030058,2577,2414,163,14.809815950920246,0.0
3143,173.1111463204968,1.3114480781855817,6.794006727631034,0.051469747936598746,6.794006727631034,0.051469747936598746,5.8344818328781685,160.48265775998652,12.628488560509203,0.09567036788264548,161.09999404509676,0.6173362851102411,0.0002413355297538081,0.09099357784393967,0.0902621785384099,2690,2558,132,19.37878787878788,0.0
3144,158.94205237036397,0.6971142647822981,11.177023498020002,0.04902203288605264,11.177023498020002,0.04902203288605264,10.216053028005717,137.54897584434013,21.39307652602572,0.09382928300888474,138.05522154577648,0.5062457014363417,0.00024634827320503246,0.09160890712538373,0.08224641141725897,2283,2055,228,9.013157894736842,0.0
3145,198.84490769119236,1.27464684417431,7.615556324973899,0.048817668749832684,7.615556324973899,0.048817668749832684,5.750814898888052,185.47853646732995,13.36637122386195,0.08568186681962789,185.8941973938778,0.4156609265478437,0.00024180391305866417,0.08301737370073443,0.16913113304929084,1875,1719,156,11.01923076923077,0.0
3146,165.63247582109557,0.8671857372832229,9.531480157326952,0.049903037472915975,9.531480157326952,0.049903037472915975,7.853118732104804,148.2478769316632,17.384598889431757,0.09101884235304585,148.88515665367038,0.6372797220071789,0.00024249608904382757,0.08768229930589104,0.2978323053184795,2819,2628,191,13.75916230366492,0.0
3147,175.5889809851127,1.132832135387824,8.05440589685286,0.051963909011953933,8.05440589685286,0.051963909011953933,6.488873438089286,161.0457016501697,14.543279334942145,0.09382760861252996,161.84274682506737,0.7970451748976757,0.000245925694198604,0.08868538167771182,0.02584544928458854,3396,3241,155,20.90967741935484,0.0
3148,141.1730343052891,2.476719900092791,3.002004958716345,0.05266675366169026,3.002004958716345,0.05266675366169026,1.1165654583642208,137.05446388820826,4.118570417080566,0.07225562135229063,137.42622774914776,0.3717638609394953,0.0002470191767039836,0.06573344835335679,0.5079487699158562,1562,1505,57,26.403508771929825,0.0
3149,202.9036966773416,1.06791419303864,9.411081463977352,0.04953200770514396,9.411081463977352,0.04953200770514396,7.584571405495467,185.90804380786722,16.99565286947282,0.08945080457617274,186.52812160195867,0.6200777940914577,0.00024174572869062677,0.0861872372388575,0.036078910966921285,2755,2565,190,13.5,0.0
3150,194.56583556354633,0.3930622940677704,23.535149950644634,0.04754575747604976,23.535149950644634,0.04754575747604976,23.186884046826663,147.84380156607426,46.7220339974713,0.094387947469639,148.2033796777696,0.3595781116953276,0.0002497070220106442,0.09366152704197321,0.75,1935,1440,495,2.909090909090909,0.0
3151,176.8153590754065,0.9506202100828306,9.418734215142909,0.05063835599539198,9.418734215142909,0.05063835599539198,6.756281159356604,160.64034370090678,16.175015374499512,0.08696244824999738,161.3342708299174,0.6939271290106035,0.000346616947557744,0.08323165723381239,0.14634716161117467,2188,2002,186,10.763440860215054,0.0
3152,141.39275274124986,3.0083564413031887,2.585328096737561,0.055006980781650235,2.585328096737561,0.055006980781650235,1.6207375597258533,137.1866870847873,4.206065656463414,0.08949075864815774,137.61309154670016,0.42640446191285264,0.00023955306849036666,0.08041832328829156,0.4369212900679713,1827,1780,47,37.87234042553192,0.0
3153,195.42063155401092,1.5267236840157103,6.501337480899701,0.05079169906952891,6.501337480899701,0.05079169906952891,3.802920051270803,185.1163740218392,10.304257532170503,0.08050201197008205,185.71726824164568,0.6008942198064915,0.00024377047456652798,0.07580752587785344,0.07847912844033544,2593,2465,128,19.2578125,0.0
3154,171.6466022316214,0.640472396386647,13.19108784518884,0.04922047703428671,13.19108784518884,0.04922047703428671,10.955881941304028,147.49963244512696,24.146969786492868,0.0901006335316898,148.14095059525744,0.6413181501304734,0.00024273964804332832,0.08770765535956698,0.1347945840468583,2910,2642,268,9.85820895522388,0.0
3155,168.87639302379796,1.5931735190924337,5.643897860104211,0.053244319434945384,5.643897860104211,0.053244319434945384,3.501646855621175,159.73084830807136,9.145544715725386,0.08627872373325836,160.42477543708196,0.6939271290106035,0.0007397943806083193,0.07973224138411318,0.2593003902802593,1044,938,106,8.849056603773585,0.0
3156,146.32387156374523,1.4487512036014378,5.410504726544987,0.05356935372816819,5.410504726544987,0.05356935372816819,3.359699563093386,137.5536672741091,8.770204289638373,0.08683370583800369,138.24382827056047,0.6901609964513682,0.00024165300996196364,0.08000042864539364,0.05204393588712719,2957,2856,101,28.277227722772277,0.0
3157,219.28575928078294,0.5894778475289864,17.860345415963295,0.04801168122570778,17.860345415963295,0.04801168122570778,14.58574541512462,186.8396684496936,32.446090831087915,0.08722067427711805,187.3161863391074,0.4765178894137989,0.00023933595651119986,0.08593971220880524,0.059371003404180556,2363,1991,372,5.352150537634409,0.0
3158,154.498217995083,1.9073854073467036,4.348560302568714,0.05368592966134215,4.348560302568714,0.05368592966134215,2.25692724519115,147.89273044732374,6.605487547759864,0.08154922898468968,148.52791751694133,0.6351870696175865,0.0002426230212443035,0.07370741331039095,0.4342744075044038,2699,2618,81,32.32098765432099,0.0
3159,178.566739102783,0.8305429725710838,10.847316900455386,0.05045263674630412,10.847316900455386,0.05045263674630412,8.13095824671484,159.5884639556126,18.978275147170226,0.08827104719614058,160.3461565477952,0.7576925921825932,0.00024576470716269644,0.08474689560459442,0.3376785271021845,3298,3083,215,14.33953488372093,0.0
3160,163.90088759724142,0.6717249491690223,12.363156038335086,0.05066867228825855,12.363156038335086,0.05066867228825855,13.399260975006086,138.13847058390263,25.76241701334117,0.10558367628418512,139.06904714717712,0.9305765632744851,0.00024183382621478303,0.10176983791009961,0.3562518278368998,4092,3848,244,15.770491803278688,0.0
3161,200.883752009389,1.2960242065121872,8.030414308588043,0.05180912457153576,8.030414308588043,0.05180912457153576,6.426711623354663,186.4266260774449,14.457125931942706,0.09327178020608197,187.28439605781318,0.857769980368289,0.000243892516453878,0.08773778033274729,0.504706998075676,3672,3517,155,22.690322580645162,0.0
3162,164.37484112921447,0.8561189642146587,9.381435843811506,0.048861645019851595,9.381435843811506,0.048861645019851595,8.094241782000381,146.89916350340172,17.475677625811887,0.09101915430110358,147.33175478833357,0.4325912849318456,0.0002405958203180454,0.08876607469208804,0.43011666052484543,1990,1798,192,9.364583333333334,0.0
3163,175.44837504485236,0.8728774877853351,10.24454788517111,0.05096789992622443,10.24454788517111,0.05096789992622443,6.141561186252602,159.06226597342857,16.38610907142371,0.08152293070360055,159.8813585567077,0.8190925832791436,0.00024494395432988743,0.07744784322460023,0.1810406576433934,3545,3344,201,16.63681592039801,0.0
3164,147.90075582917893,1.7819368172190233,4.557193651073542,0.05490594760329568,4.557193651073542,0.05490594760329568,4.822150270646148,138.52141190746056,9.37934392171969,0.11300414363517698,139.19914428986874,0.6777323824081805,0.0002405865752247712,0.10483869324470112,0.043282713043140575,2900,2817,83,33.93975903614458,0.0
3165,195.37407042966083,2.220159891246146,4.7707714962843975,0.054213312457777246,4.7707714962843975,0.054213312457777246,3.3687254274086627,187.23457350596698,8.13949692369306,0.09249428322378477,187.96064198496708,0.7260684790001051,0.0002405793502319765,0.08424350505333807,0.09317316973010747,3106,3018,88,34.29545454545455,0.0
3166,170.9916577448612,0.7036693734356427,11.799008405356687,0.048555590145500774,11.799008405356687,0.048555590145500774,11.56354542961492,147.62910390988782,23.362553834971607,0.096142196851735,148.0389552375667,0.40985132767889354,0.000243090941683804,0.09445556587363982,0.17670773198142342,1929,1686,243,6.938271604938271,0.0
3167,164.84774291078577,2.035157319886244,4.290254087502115,0.05296609984570512,4.290254087502115,0.05296609984570512,0.6963434574649909,159.8611453658176,4.986597544967106,0.06156293265391489,160.38483189903525,0.5236865332176421,0.0002504478877176672,0.05509766681173482,0.036444323135242485,2172,2091,81,25.814814814814813,0.0
3168,148.62124173763777,2.1539310396759097,3.786002878401645,0.05486960693335718,3.786002878401645,0.05486960693335718,5.038632101477788,139.7966067577603,8.824634979879432,0.1278932605779628,140.38411294073444,0.5875061829741526,0.0002461274331688951,0.11937867821599035,0.47644827359522424,2456,2387,69,34.594202898550726,0.0
3169,206.41564964075258,0.942537212971473,10.770614196908765,0.04918088674387564,10.770614196908765,0.04918088674387564,8.620334734740936,187.0247007091035,19.390948931649703,0.08854314580661965,187.60336372903168,0.5786630199281717,0.0002470807087652313,0.08590084891196755,0.5286793017229456,2561,2342,219,10.69406392694064,0.0
3170,157.7066541966119,1.3364970694628129,6.296324612447645,0.053358683156335976,6.296324612447645,0.053358683156335976,3.68089240464883,147.72943717951432,9.977217017096475,0.08455268658556335,148.5337057008686,0.8042685213542882,0.00024475609292583326,0.07773685165884152,0.007343855789031295,3404,3286,118,27.847457627118644,0.0
3171,178.5688100500057,1.0757157231928054,10.441745385382344,0.0629020806348334,10.441745385382344,0.0629020806348334,7.395323199602217,160.73174146502026,17.83706858498456,0.10745222039147326,161.42808492248525,0.6963434574649909,0.00023888283274956808,0.1032573802862678,0.053534631765614904,3081,2887,194,14.881443298969073,1.0
3172,152.11622169274824,1.1351956842742406,6.927875255734915,0.05170056160996205,6.927875255734915,0.05170056160996205,5.841126783593836,139.34721965342158,12.76900203932875,0.09529105999499067,140.03800144987292,0.690781796451347,0.00024153209666131012,0.0901359719617561,0.4473354980352724,2994,2860,134,21.34328358208955,0.0
3173,203.7494732120225,1.0290377434950633,9.730745400534156,0.049145178790576546,9.730745400534156,0.049145178790576546,7.377043569609896,186.6416842418779,17.10778897014405,0.08640297459668712,187.16830520243116,0.5266209605532595,0.000598432909719613,0.0837432727757139,0.4534655015638691,1078,880,198,4.444444444444445,0.0
3174,171.3057398697,0.6614121230490347,12.7658136824274,0.049288855916708105,12.7658136824274,0.049288855916708105,11.032306780703038,147.5076194065682,23.798120463130438,0.09188463499278161,148.11783551779433,0.6102161112261228,0.00024186132034329086,0.08952858823129603,0.07175066293564214,2782,2523,259,9.741312741312742,0.0
3175,178.92253353583158,1.2171600920804868,7.711731954800044,0.05246076159727921,7.711731954800044,0.05246076159727921,6.856093949392971,164.35470763163903,14.567825904193015,0.09910085649110895,165.19657030498774,0.8418626733487145,0.00024408891659864147,0.09337389952954987,0.1524077820436105,3596,3449,147,23.462585034013607,0.0
3176,142.0753144677651,4.43985357711766,1.934652910699036,0.060457903459344875,1.934652910699036,0.060457903459344875,0.9352441189325873,139.20541743813476,2.8698970296316233,0.08968428217598823,139.67852007611998,0.473102637985221,0.00024027559064764906,0.07489982473891033,0.6253537494800412,2001,1969,32,61.53125,0.0
3177,212.9045572388868,0.663254072395286,15.520647173246449,0.048350925773353426,15.520647173246449,0.048350925773353426,11.896622975274795,185.48728709036448,27.417270148521244,0.08541205653744936,186.01390805091773,0.5266209605532595,0.0004130360474927525,0.08377149279741145,0.3048849570541279,1596,1275,321,3.97196261682243,0.0
3178,173.83921413453413,0.7066634720916022,12.508940633963519,0.05084935217058341,12.508940633963519,0.05084935217058341,11.775239792386287,149.55503370818178,24.284180426349806,0.09871618059491791,150.46649524857298,0.9114615403912012,0.00024312124310248097,0.0950110523819559,0.08004356770015875,3995,3749,246,15.239837398373984,0.0
3179,181.20635133538428,0.995639293051562,9.391363182486819,0.05160089660707043,9.391363182486819,0.05160089660707043,7.968724616906343,163.84626353599162,17.360087799393163,0.09538509779886353,164.7092206931262,0.8629571571345878,0.00024384209017648707,0.09064357495746193,0.4336175125520185,3721,3539,182,19.445054945054945,0.0
3180,163.64259550620181,0.768275096273248,10.900723568898373,0.051177105957269355,10.900723568898373,0.051177105957269355,12.881776900757131,139.86009503654816,23.782500469655503,0.1116549317824202,140.79533915548075,0.9352441189325873,0.00024204040345046255,0.10726411432263412,0.17586321297801533,4077,3864,213,18.140845070422536,0.0
3181,197.31776729030116,1.3798445265056025,7.254297335750963,0.05072935199825848,7.254297335750963,0.05072935199825848,4.8982134995286515,185.16525645502054,12.152510835279614,0.0849825932537036,185.80253617702772,0.6372797220071789,0.0002423116813715509,0.0805260917012129,0.2522453301908172,2773,2630,143,18.39160839160839,0.0
3182,174.86256072062906,0.7347166416833154,12.069022525016385,0.05071017867653943,12.069022525016385,0.05071017867653943,12.232325969602243,150.5612122260094,24.30134849461863,0.1021065062799102,151.41074791611993,0.8495356901105424,0.00024362939205923212,0.0985370285903745,0.03306101508121628,3725,3487,238,14.65126050420168,0.0
3183,173.62188083442118,1.7537563720648603,5.201193580697567,0.052537308895935025,5.201193580697567,0.052537308895935025,3.0937045298187513,165.32698272390473,8.294898110516318,0.08378684960117493,165.91546234687894,0.5884796229742051,0.0002456091915585163,0.07784261098527512,0.007759996701906857,2495,2396,99,24.2020202020202,0.0
3184,153.31296126261657,1.1884725679272603,6.3611872679905295,0.04931152920922891,6.3611872679905295,0.04931152920922891,6.280424779048417,140.6713492155783,12.641612047038947,0.09799699261270502,141.0341452219335,0.3627960063552109,0.0002484904153117883,0.09518462047041139,0.1164896599285612,1589,1460,129,11.317829457364342,0.0
3185,206.83289385752983,1.0040431740656788,10.3474249917953,0.0502302184067733,10.3474249917953,0.0502302184067733,8.609686125583039,187.8757827401521,18.95711111737834,0.09202481124940941,188.6027055738714,0.7269228337192999,0.0002401462945884704,0.08849605962940989,0.22537737454501894,3233,3027,206,14.694174757281553,0.0
3186,164.76568346364672,1.3287555118036025,6.489412220741928,0.05233396952211232,6.489412220741928,0.05233396952211232,6.170467543437553,152.10580369946604,12.65987976417948,0.10209580454983452,152.76906276076636,0.6632590613003231,0.00024048551896313383,0.096746941152261,0.04887713933555915,2882,2758,124,22.241935483870968,0.0
3187,168.75145157008706,3.7500322571130456,3.0411250039492606,0.0675805556433169,3.0411250039492606,0.0675805556433169,0.18182827758994335,165.52849828854846,3.222953281539204,0.07162118403420453,166.48983313882638,0.9613348502779218,0.00024063450570160745,0.05025818736134827,0.5109814823675833,4040,3995,45,88.77777777777777,0.0
3188,153.92012999702217,1.1401491110890531,7.21251412969329,0.05342603059032067,7.21251412969329,0.05342603059032067,6.2541368679991365,140.4534789993304,13.466650997692426,0.09975297035327722,141.39122845077088,0.9377494514404816,0.00024094281897237452,0.09280667812037993,0.2210044431641336,4027,3892,135,28.82962962962963,0.0
3189,197.50983051120977,2.015406433787855,5.442380278992784,0.05553449264278351,5.442380278992784,0.05553449264278351,3.935310835908922,188.13213939630793,9.377691114901706,0.0956907256622623,189.0313782875087,0.8992388912007527,0.00024323475553171564,0.08651481860919473,0.10760340055298911,3795,3697,98,37.724489795918366,0.0
3190,163.88145787899657,1.4250561554695353,6.0442240680623485,0.0525584701570639,6.0442240680623485,0.0525584701570639,5.524047541816913,152.31318626911627,11.568271609879261,0.10059366617286314,152.9596062707369,0.6464200016206405,0.00024310643159858612,0.09497262268051876,0.04463625856544695,2774,2659,115,23.121739130434783,0.0
3191,175.1251449750498,2.3665560131763486,3.6038857506494764,0.04870115879256049,3.6038857506494764,0.04870115879256049,4.261494041416313,167.25976518298364,7.86537979206579,0.10628891610899716,167.44159346057359,0.18182827758994335,0.00026200039998550915,0.10383177722265163,0.5622419360699951,768,694,74,9.378378378378379,0.0
3192,170.46008421517627,0.57783079394975,14.447294717177739,0.04897388039721268,14.447294717177739,0.04897388039721268,15.633985176039573,140.3788043219622,30.081279893217314,0.1019704403159909,140.99501676707246,0.61621244511025,0.0002419365705183549,0.09988158456984342,0.34553687728691784,2842,2547,295,8.633898305084745,0.0
3193,205.289231186008,1.1664160862841364,9.055458221495234,0.051451467167586556,9.055458221495234,0.051451467167586556,7.326572626370307,188.90720033814318,16.382030847865543,0.09307972072650877,189.73899510864123,0.8317947704980497,0.0002450780113429728,0.08835361407594759,0.29187047395089394,3570,3394,176,19.28409090909091,0.0
3194,159.7166955119725,2.281667078742464,4.14602841472804,0.05922897735325771,4.14602841472804,0.05922897735325771,3.5138478072254884,152.0568192900189,7.659876221953528,0.10942680317076468,152.94625115206645,0.8894318620475588,0.00024388041185839285,0.09672063371294339,0.08389244274360408,3717,3647,70,52.1,0.0
3195,179.4270457708808,1.5878499625741664,6.053527333499113,0.05357103834954967,6.053527333499113,0.05357103834954967,6.4010232154613504,166.97249522191976,12.454550548960462,0.11021726149522533,167.75273214668755,0.7802369247677916,0.0002452033075951576,0.1033125099486128,0.12217051583331795,3295,3182,113,28.15929203539823,0.0
3196,149.4347608556859,1.6242908788661512,4.474427417062153,0.04863508062024079,4.474427417062153,0.04863508062024079,4.507705251100788,140.45262818752303,8.98213266816294,0.09763187682785804,140.67138581891993,0.21875763139689752,0.00024915447767300404,0.09525407648658672,0.044455147021608354,970,878,92,9.543478260869565,0.0
3197,211.59317401520025,0.8297771530007853,12.68119369953567,0.04973017137072812,12.68119369953567,0.04973017137072812,9.07180667614523,189.84017363951887,21.753000375680898,0.0853058838261996,190.56297427851894,0.7228006390000701,0.00023989400564224033,0.0824713715163973,0.21230880288862863,3268,3013,255,11.815686274509805,0.0
3198,189.85055192832317,0.5009249391248632,18.573607385818566,0.049006879645959275,18.573607385818566,0.049006879645959275,18.516517165336722,152.7604273771692,37.090124551155284,0.09786312546478967,153.58390069595293,0.8234733187837264,0.0002460332592721023,0.09569037264477635,0.75,3726,3347,379,8.831134564643799,0.0
3199,179.27083481115665,1.615052565866276,5.965987181232666,0.05374763226335735,5.965987181232666,0.05374763226335735,6.483743447828147,166.8211041820955,12.449730629060813,0.11215973539694427,167.6013411068633,0.7802369247677916,0.0002455119335329741,0.10513057391255279,0.48642212142317476,3289,3178,111,28.63063063063063,0.0
3200,155.27769193745814,0.9704855746091134,8.263027483343864,0.051643921770899145,8.263027483343864,0.051643921770899145,7.958487770193528,139.05617668392165,16.22151525353739,0.10138447033460869,139.86016469772744,0.8039880138057924,0.0004607381167941504,0.09635954524831689,0.26059099554356635,1905,1745,160,10.90625,0.0
3201,197.22423749800373,2.2411845170227696,4.871109280732053,0.05535351455377333,4.871109280732053,0.05535351455377333,2.781684405736769,189.57144381153614,7.652793686468822,0.08696356461896389,190.34876611898392,0.7773223074477755,0.0002456770883210416,0.07813035657977062,0.2830644350797229,3252,3164,88,35.95454545454545,0.0
3202,169.10328918455173,1.0374434919297653,8.329221872323275,0.05109952068909985,8.329221872323275,0.05109952068909985,8.017829155274057,152.7562381569536,16.34705102759733,0.10028865661102657,153.41588105063488,0.6596428936812799,0.00024056998310768778,0.0962417676927414,0.07836404032354949,2905,2742,163,16.822085889570552,0.0
3203,184.0369522345926,1.0699822804336778,8.43789565453056,0.049057532875177674,8.43789565453056,0.049057532875177674,8.751434401781353,166.8476221782812,17.189330056311913,0.09993796544367392,167.2376897306965,0.390067552415303,0.00024797682925321233,0.09767013083660525,0.13169945763524993,1745,1573,172,9.145348837209303,0.0
3204,153.3989694559674,1.0295232849393785,7.745594430629757,0.05198385523912589,7.745594430629757,0.05198385523912589,7.095390308145966,138.55798471719197,14.840984738775724,0.09960392442131358,139.36197273099776,0.8039880138057924,0.000495982735228743,0.09420803171120563,0.0050640336911556005,1770,1621,149,10.879194630872483,0.0
3205,198.79837675870158,2.2590724631670636,5.0336486469470385,0.057200552806216345,5.0336486469470385,0.057200552806216345,3.2570644901169317,190.5076636216396,8.290713137063971,0.09421264928481786,191.4477976793023,0.9401340576627035,0.0002426152406871493,0.08352930772044621,0.3788772445510631,3963,3875,88,44.03409090909091,0.0
3206,209.99969180293886,0.3349277381227095,30.276968155112144,0.04828862544674983,30.276968155112144,0.04828862544674983,26.76610923133171,152.95661441649747,57.043077386443855,0.0909777948747111,153.78329587030328,0.8266814538058043,0.0002453060693785769,0.08965932365651608,0.36479447831595735,3997,3370,627,5.374800637958533,0.0
3207,187.22925778373872,0.9504023237753234,10.170207917915299,0.051625420903123345,10.170207917915299,0.051625420903123345,9.115726244611096,167.9433236212143,19.285934162526395,0.09789814295698678,168.86973736368475,0.9264137424704586,0.0002423897808661587,0.0931955351271775,0.0022344523891888457,4019,3822,197,19.401015228426395,0.0
3208,145.12823194877626,2.015669888177448,4.035751773600847,0.05605210796667843,4.035751773600847,0.05605210796667843,2.3833740222024744,138.70910615297294,6.419125795803321,0.08915452494171279,139.42374149614636,0.7146353431734269,0.00024021356073056368,0.07922903406430414,0.606231795863664,3047,2975,72,41.31944444444444,0.0
3209,223.83187088579928,0.6487880315530414,16.90165241722956,0.04899029686153496,16.90165241722956,0.04899029686153496,16.198646283567086,190.7315721850017,33.10029870079664,0.0959428947849178,191.39483124630203,0.6632590613003231,0.00024039835494756183,0.09402040475216593,0.2605850844457791,3104,2759,345,7.9971014492753625,0.0
3210,171.51486689022101,0.88867806678871,9.664683402228622,0.05007607980429338,9.664683402228622,0.05007607980429338,8.88494731977687,152.9652361682147,18.549630722005492,0.0961120762798212,153.56790411794327,0.6026679497285841,0.000241453505500234,0.09298944441594685,0.22978742276063713,2689,2496,193,12.932642487046632,0.0
3211,182.85670769311696,1.4628536615449357,6.679136508922358,0.05343309207137886,6.679136508922358,0.05343309207137886,7.423836373744621,168.7537348104512,14.102972882666979,0.11282378306133584,169.5875103809493,0.8337755704981191,0.0002446524561320772,0.10615357849734118,0.002124936960854029,3533,3408,125,27.264,0.0
3212,155.13219308457963,0.9459280066132904,8.011857477685819,0.04885278949808426,8.011857477685819,0.04885278949808426,8.261810159344805,138.85852544755016,16.273667637030623,0.09922968071360136,139.21076212103128,0.35223667348111576,0.0002492828545513912,0.09708189611919724,0.0727186044289283,1577,1413,164,8.615853658536585,0.0
3213,208.5891014021105,1.027532519222219,10.11619342458998,0.04983346514576345,10.11619342458998,0.04983346514576345,6.991547682361329,191.48136029515842,17.10774110695131,0.0842745867337503,192.06983991813263,0.5884796229742051,0.0002459171011175115,0.0813756723348663,0.4087986582784424,2596,2393,203,11.788177339901479,0.0
3214,491.17171750307523,0.14429251395507497,161.9317003260834,0.047571004796146704,161.9317003260834,0.047571004796146704,175.72578156131704,153.51423561573392,337.6574818874004,0.09919432487878978,154.11561780696002,0.6013821912260937,0.0009237821677820179,0.09901765560990458,0.09112627219690239,4055,651,3404,0.19124559341950648,0.0
3215,199.9934849800336,0.6134769477915141,15.917305052270168,0.048826089117393154,15.917305052270168,0.048826089117393154,15.811313081721892,168.26486684604504,31.728618133992057,0.09732704949077318,168.8156301725419,0.550763326496849,0.00024708987281150697,0.09563759143402366,0.75,2555,2229,326,6.837423312883436,0.0
3216,148.7417498058495,1.2395145817154125,6.0082920238326105,0.05006910019860509,6.0082920238326105,0.05006910019860509,4.797845308224282,137.93561247379319,10.806137332056892,0.09005114443380743,138.36201693570604,0.42640446191285264,0.000239015953987025,0.08649777391786226,0.2573230855721249,1904,1784,120,14.866666666666667,0.0
3217,209.71267460429362,1.1095908709221884,9.459454713853313,0.05005002494102282,9.459454713853313,0.05005002494102282,8.384416761398597,191.86880312904054,17.84387147525191,0.09441201838757624,192.45861479284008,0.5898116637995372,0.00024504015945140724,0.09129132175372245,0.1378280647510337,2596,2407,189,12.735449735449736,0.0
3218,159.96877866350871,2.104852350835641,4.159435166034427,0.05472941007940036,4.159435166034427,0.05472941007940036,3.558350818007284,152.25099267946564,7.717785984041711,0.1015498155794962,152.85237487069173,0.6013821912260937,0.0003224569389952245,0.09363689201074976,0.1180917859451256,1941,1865,76,24.539473684210527,0.0
3219,191.15697161712296,0.8728628840964519,11.136152697953488,0.05085001231942232,11.136152697953488,0.05085001231942232,11.73148740899012,168.28933151018123,22.867640106943607,0.10441844797691145,169.12744727909228,0.8381157689110523,0.0002445625237557783,0.10059143533347344,0.10719975950166827,3646,3427,219,15.648401826484019,0.0
3220,161.46288032987752,0.8280147709224488,10.065258172995097,0.05161670857946204,10.065258172995097,0.05161670857946204,10.664814080191945,140.73280807669357,20.730072253187043,0.10630806283685663,141.6411975060371,0.9083894293435151,0.00024262538176910125,0.10164965550687402,0.07258764386119765,3939,3744,195,19.2,0.0
3221,215.58047982302787,0.8487420465473539,12.66444755409233,0.049860029740520985,12.66444755409233,0.049860029740520985,9.92439845245383,192.9916338164794,22.58884600654616,0.08893246459270142,193.7083040210572,0.7166702045777811,0.0002399297638358825,0.08611092835421529,0.15716686005180236,3241,2987,254,11.759842519685039,0.0
3222,177.93869509161289,0.6541863790132827,13.306608932451763,0.04892135636930795,13.306608932451763,0.04892135636930795,11.589683955392161,153.04240220376948,24.896292887843924,0.09153048855824972,153.63221386756902,0.5898116637995372,0.0002455502347208731,0.08936206332369068,0.2826776088886618,2674,2402,272,8.830882352941176,0.0
3223,184.34219550086266,1.1038454820410937,8.526272580090028,0.05105552443167682,8.526272580090028,0.05105552443167682,7.067497179388283,168.7484257413861,15.593769759478311,0.09337586682322342,169.43920753783743,0.690781796451347,0.00024161657798228296,0.08923944888039056,0.434759719074691,3026,2859,167,17.119760479041915,0.0
3224,152.70764332756858,1.542501447753218,5.318443400289839,0.05372165050797817,5.318443400289839,0.05372165050797817,6.655016595076063,140.73418333220366,11.973459995365902,0.12094404035723133,141.43052678966865,0.6963434574649909,0.0002414505747104684,0.11391026805959524,0.12652277067536488,2983,2884,99,29.13131313131313,0.0
3225,208.29328899656832,1.370350585503739,7.828474502919574,0.05150312172973404,7.828474502919574,0.05150312172973404,6.968902619355731,193.49591187429053,14.797377122275305,0.09735116527812701,194.1947558117556,0.6988439374650852,0.0002416472812811498,0.09275350779482046,0.026983206126942605,3044,2892,152,19.026315789473685,0.0
3226,169.4535000770138,1.2368868618760132,6.919534256303514,0.05050754931608405,6.919534256303514,0.05050754931608405,7.955732249190305,154.57823357152017,14.87526650549382,0.10857858763134175,155.1091897802645,0.5309562087443283,0.00027439597351128073,0.1047029948667833,0.17911097217211136,2072,1935,137,14.124087591240876,0.0
3227,175.5086783497727,2.37173889661855,3.885418742725019,0.05250565868547323,3.885418742725019,0.05250565868547323,2.5984479583491975,169.02481164869914,6.483866701074216,0.08761982028478671,169.4715019079847,0.4466902592855604,0.00024041456366284198,0.08158346542956765,0.2714403928870297,1932,1858,74,25.10810810810811,0.0
3228,170.38620160709422,0.5641927205532922,14.795778181446359,0.04899264298492172,14.795778181446359,0.04899264298492172,14.912354253053763,140.67806917259782,29.708132434500122,0.09837129945198717,141.2837770445169,0.605707871919094,0.00024228314876763762,0.09636564424694474,0.4633299275991476,2802,2500,302,8.278145695364238,0.0
3229,202.9536499531231,1.598060235851363,6.524112254116651,0.05137096263083977,6.524112254116651,0.05137096263083977,3.1717774453145466,193.25776025368953,9.695889699431198,0.07634558818449763,193.8364232736177,0.5786630199281717,0.0002476093367257902,0.07178918645279837,0.11719300226479845,2464,2337,127,18.401574803149607,0.0
3230,409.74187972073275,0.160305899734246,121.80424518578882,0.04765424303043381,121.80424518578882,0.04765424303043381,134.47192850388274,153.46570603110433,256.27617368967157,0.1002645436970546,153.99666223984866,0.5309562087443283,0.002565005839344581,0.10005681435089361,0.2605642176648644,2763,207,2556,0.08098591549295775,0.0
3231,183.92958311743314,1.2180767093869744,8.0218373109101,0.05312475040337815,8.0218373109101,0.05312475040337815,6.5178269992865125,169.38991880723813,14.539664310196613,0.09628916761719611,170.334097081403,0.9441782741648694,0.00024067761258344874,0.090036331364438,0.23479396801553776,4074,3923,151,25.980132450331126,0.0
3232,162.72793980970584,0.8431499472005484,9.966065253621434,0.051637643801147326,9.966065253621434,0.051637643801147326,10.768551622361315,141.99332293372606,20.73461687598275,0.10743324806208678,142.90478447411726,0.9114615403912012,0.00024299161300751833,0.10271064940719472,0.08862501562487068,3944,3751,193,19.435233160621763,0.0
3233,198.69616507759156,2.547386731763994,4.227324678727345,0.05419647024009416,4.227324678727345,0.05419647024009416,1.2450019115570967,193.22383848730635,5.472326590284442,0.0701580332087749,193.82650643703494,0.6026679497285841,0.00024213256316937888,0.06243152103277721,0.028601585006072128,2567,2489,78,31.91025641025641,0.0
3234,178.37428101003434,0.6756601553410392,12.968187958049635,0.04912192408352134,12.968187958049635,0.04912192408352134,11.73088642084133,153.6752066311459,24.699074378890963,0.09355709992004152,154.322822174953,0.6476155438070919,0.00024110779739653458,0.0911040107389445,0.016491432484826873,2950,2686,264,10.174242424242424,0.0
3235,189.93695304294283,0.9265217221606967,10.499214161645204,0.05121567883729368,10.499214161645204,0.05121567883729368,9.561232112385596,169.87650676891485,20.060446274030802,0.09785583548307708,170.73946392604944,0.8629571571345878,0.00024384209017648707,0.09364628837508973,0.75,3744,3539,205,17.26341463414634,0.0
3236,167.61764376511417,0.6677993775502556,12.257210954038188,0.04883350977704457,12.257210954038188,0.04883350977704457,12.804619892240225,142.55581291883846,25.06183084627841,0.09984793165847973,143.02011546864105,0.46430254980259633,0.00024044668555287226,0.09799812070308014,0.2558261712146077,2182,1931,251,7.693227091633466,0.0
3237,209.14895641240275,1.422782016410903,7.359145391873857,0.05006221355016229,7.359145391873857,0.05006221355016229,7.596303382845917,194.19350763768068,14.955448774719773,0.10173774676680118,194.64142780016675,0.4479201624860707,0.00023889075332590438,0.09869067083153742,0.4942060767981502,2022,1875,147,12.755102040816327,0.0
3238,158.40516312719842,2.4750806738624753,3.3259791413407305,0.051968424083448914,3.3259791413407305,0.051968424083448914,2.3320581015823336,152.7471258842753,5.658037242923064,0.08840683192067288,153.0939712399504,0.3468453556751001,0.00024863466356638003,0.08298737323825023,0.07566404266492555,1459,1395,64,21.796875,0.0
3239,183.43557801235454,1.2564080685777708,7.475565774458639,0.051202505304511224,7.475565774458639,0.051202505304511224,5.882639929668926,170.07737230822818,13.358205704127565,0.0914945596173121,170.71255937784576,0.6351870696175865,0.00024206824299450707,0.0871439632500601,0.31041328161825277,2770,2624,146,17.972602739726028,0.0
3240,169.34918942500246,0.6158152342727362,13.609026806984025,0.04948737020721464,13.609026806984025,0.04948737020721464,14.157603336692432,141.58255928132894,27.76663014367646,0.10096956415882348,142.26193006373717,0.6793707824082276,0.00024048523271087702,0.09849912495005562,0.5572727862307829,3100,2825,275,10.272727272727273,0.0
3241,219.32137901224996,0.8600838392637253,12.78340665290639,0.05013100648198584,12.78340665290639,0.05013100648198584,12.787462855025296,193.75050950431682,25.570869507931686,0.10027791963894779,194.54759125338785,0.797081749071026,0.00024480397698741586,0.09715210885828279,0.08873736262160037,3511,3256,255,12.768627450980393,0.0
3242,163.4655691694379,1.373660245121327,6.11691035549117,0.05140260802933756,6.11691035549117,0.05140260802933756,5.251719942516729,152.09693887143044,11.368630298007899,0.095534708386621,152.65681493374314,0.5598760623126964,0.00024491516286644636,0.09082986752684687,0.0406089380493313,2405,2286,119,19.210084033613445,0.0
3243,509.78953437844314,0.15020316275145643,160.66310371995533,0.04733739060694028,160.66310371995533,0.04733739060694028,179.46303798728616,169.66339267125943,340.12614170724146,0.10021394864680067,169.81951812869158,0.15612545743215378,0.00027584003079885827,0.10016794821736934,0.36254761968461935,3960,566,3394,0.16676487919858574,0.0
3244,155.97589328759943,1.1221287286877657,7.054867358958837,0.050754441431358537,7.054867358958837,0.050754441431358537,7.392694486421419,141.528331442222,14.447561845380257,0.10393929385165653,142.06060111911665,0.5322696768946571,0.0002507158157770406,0.10011001560059553,0.5748651068263371,2262,2123,139,15.273381294964029,0.0
3245,200.5406983866576,2.906386933139965,3.8982501073402336,0.056496378367249765,3.8982501073402336,0.056496378367249765,1.8821566128968925,194.76029166641877,5.780406720237126,0.08377401043821922,195.43802404882695,0.6777323824081805,0.0002400752328757281,0.07395180199754564,0.40924059297935855,2892,2823,69,40.91304347826087,0.0
3246,165.47797513926446,1.199115761878728,7.310940190322837,0.05297782746610751,7.310940190322837,0.05297782746610751,6.556874410012483,151.61016053892877,13.86781460033532,0.1004914101473574,152.4934065225973,0.8832459836685302,0.00024466647747050697,0.09409107693237073,0.4053317577522648,3748,3610,138,26.159420289855074,0.0
3247,198.17261474975862,0.7102961102141886,13.692332136158193,0.049076459269384205,13.692332136158193,0.049076459269384205,14.735010645982584,169.74527196762142,28.427342782140776,0.10189011749871246,170.26895850083906,0.5236865332176421,0.0002498504452374247,0.10001310483483714,0.22909349705093973,2375,2096,279,7.512544802867383,0.0
3248,185.34036702016567,0.4310241093492225,21.01418245501828,0.04887019175585646,21.01418245501828,0.04887019175585646,23.532302589043866,140.7938819761074,44.546485044062145,0.10359647684665615,141.5981504974617,0.8042685213542882,0.000244979750640965,0.1017260849365209,0.27009266365519125,3713,3283,430,7.634883720930232,0.0
3249,200.9129245652872,6.088270441372339,2.1648268890294613,0.06560081481907458,2.1648268890294613,0.06560081481907458,2.7503808637995917,195.99771681245772,4.915207752829053,0.14894568947966827,196.6440920140784,0.6463752016206854,0.00024236040555706238,0.12935856215784208,0.28544969910205964,2700,2667,33,80.81818181818181,0.0
3250,185.29134429124485,0.5249046580488522,17.416609538411404,0.04933883721929576,17.416609538411404,0.04933883721929576,15.544192373927103,152.33054237890906,32.96080191233851,0.09337337652220541,153.21947843451017,0.888936055601107,0.00024535911001962655,0.09085514407006993,0.3193897644506478,3976,3623,353,10.263456090651559,0.0
3251,181.0817976909657,1.460337078152949,6.487295979884208,0.052316903063582325,6.487295979884208,0.052316903063582325,5.372073041003773,169.22242867007867,11.859369020887982,0.09564007274909662,169.89245133700513,0.6700226669264566,0.00023980768322349915,0.09023666414484321,0.2663431525808164,2918,2794,124,22.532258064516128,0.0
3252,150.76021452564692,1.4496174473619896,5.721558041493201,0.05501498116820385,5.721558041493201,0.05501498116820385,4.633339509828829,140.40531697432823,10.35489755132203,0.09956632260886566,141.2684144363758,0.8630974620475627,0.0004873503455943324,0.09126730855068388,0.75,1875,1771,104,17.028846153846153,0.0
3253,205.34553285690026,2.3602934811137963,4.4128554632898895,0.05072247658953896,4.4128554632898895,0.05072247658953896,5.1282686940709254,195.80440869953873,9.541124157360816,0.109668093762768,196.15125405521383,0.3468453556751001,0.00024810111278619464,0.10568136553662572,0.07508252150830685,1485,1398,87,16.06896551724138,0.0
3254,159.38256847556465,3.187651369511293,3.0625799506154525,0.06125159901230905,3.0625799506154525,0.06125159901230905,2.714079406773749,153.60590911817587,5.776659357389201,0.11553318714778403,154.37136761464922,0.7654584964733431,0.000394362955421609,0.10022401721830874,0.13556431828271798,1991,1941,50,38.82,0.0
3255,180.6976987566934,1.557738782385288,6.117291067828532,0.05273526782610803,6.117291067828532,0.05273526782610803,5.256709672487091,169.32369801637856,11.374000740315623,0.09805173051996227,169.99643479555323,0.6727367791746701,0.00023932293816245824,0.09225227552707044,0.1228680786817904,2927,2811,116,24.232758620689655,0.0
3256,179.16131935950295,0.4617559777306777,19.079710690942573,0.04917451209005818,19.079710690942573,0.04917451209005818,20.018796064520302,140.0628126040442,39.09850675546288,0.10076934730789401,140.92591006609177,0.8630974620475627,0.0004613027589778528,0.09854486931291541,0.008989451811203253,2259,1871,388,4.822164948453608,0.0
3257,217.32447157501736,1.0812162764926236,10.298908531723018,0.05123835090409462,10.298908531723018,0.05123835090409462,11.071560380425353,195.954002662868,21.37046891214837,0.10632074085645957,196.8429387184691,0.888936055601107,0.0002456981911556404,0.10189817341566297,0.3078094167126437,3819,3618,201,18.0,0.0
3258,163.26064339142988,1.8765591194417228,4.776493619805336,0.054902225515003865,4.776493619805336,0.054902225515003865,5.530090408969386,152.9540593626549,10.306584028774722,0.11846648308936462,153.71951785912825,0.7654584964733431,0.0006089566399947042,0.10966810956668546,0.2121828083153332,1344,1257,87,14.448275862068966,0.0
3259,187.79286658595765,0.9936130507193527,9.338380253596673,0.04940941933119933,9.338380253596673,0.04940941933119933,8.33140128255502,170.12308504980842,17.669781536151696,0.09349090759868622,170.55567633474027,0.4325912849318456,0.0002405958203180454,0.09120206482125601,0.052654074141855745,1987,1798,189,9.513227513227513,0.0
3260,156.92605991457947,0.8967203423690255,8.727513519267127,0.049871505824383586,8.727513519267127,0.049871505824383586,7.652008585141857,140.54653781017328,16.379522104408984,0.09359726916805133,141.077464447068,0.5309266368947192,0.0002512667472289253,0.09056340267149413,0.32415900946216425,2288,2113,175,12.074285714285715,0.0
3261,212.3279332227503,1.6851423271646848,6.754375990110086,0.053606158651667346,6.754375990110086,0.053606158651667346,8.860742983016735,196.71281424962297,15.61511897312682,0.12392951565973667,197.55467692297168,0.8418626733487145,0.00024394745678027078,0.1172480658712588,0.06287392352669485,3577,3451,126,27.38888888888889,0.0
3262,173.10552807323677,0.8282561151829511,10.481506645797454,0.050150749501423224,10.481506645797454,0.050150749501423224,9.107074845761645,153.51694658167992,19.588581491559097,0.09372527029454114,154.29129877211176,0.7743521904318413,0.00024645200204705326,0.09002023589055029,0.1912333633176786,3351,3142,209,15.033492822966506,0.0
3263,205.30215102895409,0.639570563953128,18.804082444377244,0.058579696088402626,18.804082444377244,0.058579696088402626,16.667954561796932,169.83011402278646,35.472037006174176,0.11050478818122797,170.68822832315482,0.8581143003683565,0.00024158623321181207,0.107831534909032,0.38415963821807964,3873,3512,361,9.728531855955678,1.0
3264,175.3071075561404,0.5110994389391849,16.932126500789487,0.0493648002938469,16.932126500789487,0.0493648002938469,17.771233177640397,140.60374787771354,34.703359678429884,0.10117597573886264,141.44301564662464,0.8392677689110997,0.00024439946677667435,0.09872913093153284,0.5925193410533893,3777,3434,343,10.011661807580175,0.0
3265,208.29186689902917,1.7214203875952825,6.349120866298339,0.05247207327519288,6.349120866298339,0.05247207327519288,5.834566643110975,196.1081793896194,12.183687509409314,0.10069163230916789,196.78091616879408,0.6727367791746701,0.00023889800396827775,0.09513182421681897,0.27858519076312405,2937,2816,121,23.272727272727273,0.0
3266,162.6342604132367,1.5488977182213017,5.36357103613109,0.051081628915534194,5.36357103613109,0.051081628915534194,4.223468541642887,153.04722083546335,9.587039577773979,0.09130513883594266,153.579490512358,0.5322696768946571,0.00025059777631575194,0.08623590381789221,0.1769712403278163,2229,2124,105,20.228571428571428,0.0
3267,188.0534723882398,1.2132482089563859,8.136266204531521,0.052492040029235625,8.136266204531521,0.052492040029235625,7.226161719828383,172.6910444638819,15.362427924359904,0.0991124382216768,173.53224281723055,0.8411983533486591,0.0002441794929894511,0.09368535207102748,0.4667596570565138,3600,3445,155,22.225806451612904,0.0
3268,145.88872749964946,1.9984757191732803,3.8179242397559014,0.0523003320514507,3.8179242397559014,0.0523003320514507,1.866465993829138,140.204337266067,5.68439023358504,0.07786835936417863,140.62868105051962,0.424343784452617,0.00023974225110317345,0.07205543080999788,0.45914532341021186,1843,1770,73,24.246575342465754,0.0
3269,205.95294527402075,1.775456424776041,5.907380135713712,0.050925690825118206,5.907380135713712,0.050925690825118206,4.842798819579912,195.20276631872662,10.750178955293624,0.09267395651115193,195.67084760904004,0.46808129031342105,0.0002400416873402159,0.08863877297397164,0.5228679729395935,2066,1950,116,16.810344827586206,0.0
3270,173.29747068515098,0.8174408994582594,10.710650058965259,0.05052193424040216,10.710650058965259,0.05052193424040216,10.082708024237604,152.5041126019497,20.79335808320286,0.09808187775095689,153.3670697590843,0.8629571571345878,0.00024397997091732762,0.09401132512295604,0.049959272858473014,3749,3537,212,16.683962264150942,0.0
3271,184.3526525036956,1.5235756405264098,6.548005658835491,0.05411574924657431,6.548005658835491,0.05411574924657431,4.903924074568863,172.9007227702932,11.451929733404354,0.09464404738350705,173.7636799274278,0.8629571571345878,0.00024384209017648707,0.08751217005179994,0.025675198356680085,3660,3539,121,29.24793388429752,0.0
3272,157.26797445239117,0.8148599712559128,9.235004740900546,0.04784976549689402,9.235004740900546,0.04784976549689402,7.941827867080519,140.0911418444124,17.176832607981066,0.08899913268383972,140.28038923660893,0.18924739219653475,0.0002624790460423506,0.0880185762475764,0.03422544928582738,914,721,193,3.7357512953367875,0.0
3273,206.52878907762715,1.7804205954967858,6.33286346180307,0.05459365053278509,6.33286346180307,0.05459365053278509,4.47357987436601,195.72234574145784,10.80644333616908,0.09315899427731965,196.6152512198894,0.892905478431544,0.0002440966316105916,0.08546153325636005,0.07482123168108501,3774,3658,116,31.53448275862069,0.0
3274,513.1173815675422,0.13981400042712322,174.5225692150895,0.04755383357359387,174.5225692150895,0.04755383357359387,185.77547759720414,152.81933475531002,360.29804681229365,0.09817385471724623,153.3638351376227,0.5445003823126626,0.0014179697456058922,0.09802548949044129,0.4130131244506856,4054,384,3670,0.10463215258855586,0.0
3275,192.39035974748515,0.9766008109009399,10.152796875975008,0.05153703997956857,10.152796875975008,0.05153703997956857,8.692914938052354,173.54464793346187,18.84571181402736,0.09566351174633178,174.38391570237297,0.8392677689110997,0.00024404413169848785,0.09140326926452881,0.35983753174684807,3636,3439,197,17.456852791878173,0.0
3276,144.21768337394633,2.6706978402582653,3.2748523400024405,0.0606454137037489,3.2748523400024405,0.0606454137037489,0.9021124912006826,140.04071854274514,4.176964831203123,0.07735120057783561,140.81582465317706,0.7751061104319206,0.0002461435726998795,0.06299738371794943,0.050549963984167334,3203,3149,54,58.31481481481482,0.0
3277,203.06278306077604,1.933931267245486,5.4005813272484975,0.051434107878557116,5.4005813272484975,0.051434107878557116,2.1549850940542683,195.50721663947286,7.555566421302766,0.07195777544097873,195.98888955300583,0.48167291353297514,0.00023845193739256194,0.06737041435971627,0.284633960234828,2125,2020,105,19.238095238095237,0.0
3278,170.82028168737236,0.8292246683853027,10.10810813705834,0.04906848610222495,10.10810813705834,0.04906848610222495,8.69009019181442,152.02208335850128,18.798198328872758,0.09125338994598427,152.56658374081394,0.5445003823126626,0.0007604753942914282,0.08861018420659426,0.10222994084290349,922,716,206,3.4757281553398056,0.0
3279,181.77614198431593,2.164001690289475,4.489954873334488,0.05345184373017248,4.489954873334488,0.05345184373017248,2.747145810232041,174.53904130075114,7.2371006835665295,0.08615596051864916,175.09641471140912,0.5573734106579877,0.0002465163249261334,0.07952056277270003,0.02338538724393402,2345,2261,84,26.916666666666668,0.0
3280,153.71148004950328,1.3847881085540836,6.087624818907505,0.05484346683700455,6.087624818907505,0.05484346683700455,5.399401868313362,142.2244533622818,11.487026687220867,0.10348672691189971,143.12656585348248,0.9021124912006826,0.0002430914824038487,0.09535958735153878,0.10973610814210133,3822,3711,111,33.432432432432435,0.0
3281,202.53392959720838,1.9856267607569449,5.657952067231621,0.05547011830619236,5.657952067231621,0.05547011830619236,1.2729115903857746,195.6030659395907,6.930863657617396,0.06794964370213133,196.4851394432592,0.8820735036684937,0.00024454491368685715,0.05930186425440391,0.340849551852898,3709,3607,102,35.36274509803921,0.0
3282,162.15741019616632,1.2668547671575494,6.448339126072542,0.05037764942244173,6.448339126072542,0.05037764942244173,4.252670842336215,151.45640022775774,10.701009968408757,0.08360164037819341,152.0009006100704,0.5445003823126626,0.0004614410019598836,0.07934773114137439,0.09171208350460347,1308,1180,128,9.21875,0.0
3283,188.19525082391522,1.3253186677740507,7.554890102453902,0.0532034514257317,7.554890102453902,0.0532034514257317,6.332100101021638,174.30826062044207,13.88699020347554,0.09779570565827844,175.18067236354022,0.8724117430981551,0.00024382664703693544,0.09165196098855628,0.3878989210099917,3720,3578,142,25.197183098591548,0.0
3284,162.800011969485,0.8705882993020589,9.664781313603834,0.051683322532640824,9.664781313603834,0.051683322532640824,10.218510198752483,142.91672045712892,19.883291512356315,0.10632776209816211,143.81595934832967,0.8992388912007527,0.0002430375381623656,0.10151899797409274,0.1006113443859249,3887,3700,187,19.78609625668449,0.0
3285,216.051916363215,1.3094055537164546,8.379312714730995,0.05078371342261209,8.379312714730995,0.05078371342261209,7.967329831833922,199.70527381665102,16.346642546564915,0.09907056088827221,200.42560320053997,0.7203293838889522,0.00023986992470494578,0.09470492825863665,0.07546527550198334,3168,3003,165,18.2,0.0
3286,160.2828949297508,1.8637545922064047,4.296561277455821,0.04996001485413745,4.296561277455821,0.04996001485413745,3.379201125146892,152.60713252714856,7.675762402602713,0.0892530511930548,152.96387287884386,0.3567403516952936,0.00029802869815814,0.08510490756868533,0.0870531135950614,1283,1197,86,13.918604651162791,0.0
3287,185.1346978868387,1.4810775830947096,6.648519435522838,0.0531881554841827,6.648519435522838,0.0531881554841827,3.997531832002892,174.48864661931475,10.64605126752573,0.08516841014020583,175.2629988097466,0.7743521904318413,0.0002468448168415178,0.07897359261673682,0.4763113739232949,3262,3137,125,25.096,0.0
3288,263.9501762120532,0.2108228244505217,59.08114870059483,0.047189415895043794,59.08114870059483,0.047189415895043794,61.8508707204378,143.0181567910388,120.93201942103263,0.09659106982510594,143.0912532255793,0.07309643454050274,0.00030712787622059974,0.09653268609143281,0.15897279427053945,1490,238,1252,0.1900958466453674,0.0
3289,219.7630097607007,1.026929952152807,10.51862964557614,0.04915247497932776,10.51862964557614,0.04915247497932776,10.044328044140002,199.20005207098575,20.562957689716143,0.09608858733512217,199.75263427748257,0.5525822064968224,0.000247461803178156,0.09350642749167348,0.5032138477653234,2447,2233,214,10.434579439252337,0.0
3290,474.2627465783131,0.14660363109066865,153.70109958502232,0.04751193186554013,153.70109958502232,0.04751193186554013,169.31202448027932,151.24962251307147,323.01312406530167,0.09984949739267439,151.60636286476677,0.3567403516952936,0.0014926374547920235,0.0997392221680205,0.21901199811793504,3474,239,3235,0.07387944358578052,0.0
3291,197.40138801936712,0.8620147948443979,11.552205629925727,0.05044631279443549,11.552205629925727,0.05044631279443549,10.672852861636215,175.17632952781014,22.225058491561942,0.09705265716839276,175.85570031021837,0.6793707824082276,0.00023997555012653747,0.09408597252903385,0.721948199568601,3060,2831,229,12.362445414847162,0.0
3292,151.96630136900558,1.420245807186968,5.472476311720991,0.05114463842729898,5.472476311720991,0.05114463842729898,4.817621231626163,141.67620382565792,10.290097543347153,0.09616913591913227,142.15085653373842,0.4746527080804981,0.0002393609218761967,0.09173312930156223,0.018469698136186707,2090,1983,107,18.53271028037383,0.0
3293,237.61797035393306,0.6092768470613669,18.82388212032743,0.04826636441109597,18.82388212032743,0.04826636441109597,19.651344999881758,199.14274323372263,38.47522712020918,0.09865442851335689,199.69350656021948,0.550763326496849,0.0002472007749088191,0.09724221485567586,0.5505177137063129,2618,2228,390,5.712820512820513,0.0
3294,181.89254270203526,0.5413468532798669,16.533073062598508,0.04920557459106699,16.533073062598508,0.04920557459106699,14.803798762629299,150.55567087681072,31.336871825227806,0.09326449947984466,151.34860586999412,0.792934993183394,0.0002461002461773414,0.09090457390488435,0.17352559640210075,3558,3222,336,9.589285714285714,0.0
3295,213.13997470074708,0.6177970281181074,19.66961361773313,0.05701337280502357,19.66961361773313,0.05701337280502357,18.86246270305412,174.6078983799673,38.532076320787255,0.11168717774141233,175.02890947426113,0.4210110942938172,0.00023428552826589718,0.11046685572894478,0.5052889220064571,2142,1752,390,4.492307692307692,1.0
3296,158.20034098408576,0.994970698013118,8.053428423933271,0.050650493232284724,8.053428423933271,0.050650493232284724,8.25090128461693,141.89601127553635,16.3043297085502,0.10254295414182515,142.5133475606466,0.6173362851102411,0.00024114698637118793,0.09866033599647271,0.12018293042069672,2719,2560,159,16.10062893081761,0.0
3297,218.14767693724662,1.112998351720646,9.876057224040887,0.05038804706143309,9.876057224040887,0.05038804706143309,9.465692795623454,198.80592691758318,19.34175001966434,0.09868239805951193,199.56839892464745,0.7624720070642752,0.00024659508637266337,0.09479223475815898,0.08858219380704213,3288,3092,196,15.775510204081632,0.0
3298,160.1214477090001,1.4296557831160723,5.771210164512063,0.05152866218314341,5.771210164512063,0.05152866218314341,3.3588621336733695,150.99137541081643,9.130072298185432,0.08151850266236993,151.58218035461596,0.590804943799526,0.0002445384701156978,0.07624345852128707,0.013894555038746148,2528,2416,112,21.571428571428573,0.0
3299,182.43202901123402,3.8006672710673755,2.985875852933956,0.06220574693612408,2.985875852933956,0.06220574693612408,2.894705462715706,176.55144769558444,5.880581315649662,0.1225121107427013,177.31158478035218,0.7601370847677344,0.0005504251156898874,0.10667592147670509,0.48144806757568404,1429,1381,48,28.770833333333332,0.0
3300,153.14809862743618,1.3202422295468637,6.3423522375560974,0.054675450323759464,6.3423522375560974,0.054675450323759464,4.538997128256256,142.26674926162434,10.881349365812353,0.09380473591217546,143.19417251924813,0.9274232576237864,0.00024157938463761043,0.08580970782920738,0.03694098025732728,3955,3839,116,33.0948275862069,0.0
3301,232.8969608613453,0.6750636546705661,16.673409771144772,0.048328723974332674,16.673409771144772,0.048328723974332674,17.006450735491057,199.21710035470937,33.67986050663583,0.09762278407720532,199.74078688792702,0.5236865332176421,0.00025020856818807556,0.09610485209686458,0.05587858963713188,2438,2093,345,6.066666666666666,0.0
3302,160.54726788549715,1.4334577489776532,5.635050348531918,0.05031294954046355,5.635050348531918,0.05031294954046355,3.38404460917252,151.52817292779548,9.019094957704437,0.08052763355093248,151.97609309028155,0.4479201624860707,0.00023838220462270925,0.07652834638585355,0.13156598201703673,1991,1879,112,16.776785714285715,0.0
3303,191.41126191794376,1.4723943224457212,6.769416996723764,0.052072438436336646,6.769416996723764,0.052072438436336646,7.2916148542866495,177.35023006693632,14.061031851010412,0.10816178346931087,177.95706881885542,0.6068387519190992,0.00024225099877009948,0.10349379306991033,0.21064600664601585,2635,2505,130,19.26923076923077,0.0
3304,161.5519156602212,0.811818671659403,10.078678677533704,0.05064662652026987,10.078678677533704,0.05064662652026987,8.801961977051747,142.6712750056363,18.88064065458545,0.0948775912290726,143.44376587484692,0.7724908692106283,0.0002468810703773181,0.09099572756469487,0.5927720242627856,3328,3129,199,15.72361809045226,0.0
3305,216.47160601279097,1.1638258387784461,9.432818165018237,0.050714076156012027,9.432818165018237,0.050714076156012027,8.149071269222418,198.8897165785511,17.581889434240654,0.09452628728086374,199.68265157173448,0.792934993183394,0.0002464827457828393,0.09026319591965855,0.1529247190209162,3403,3217,186,17.295698924731184,0.0
3306,164.39107922629455,1.1183066614033643,7.4526621873301595,0.050698382226735776,7.4526621873301595,0.050698382226735776,5.874079189618783,151.06433784934802,13.326741376948942,0.09065810460509484,151.69194840037937,0.6276105510313528,0.0002423206760738814,0.0863886450742529,0.09508953228953487,2737,2590,147,17.61904761904762,0.0
3307,186.28013324915185,2.2176206339184743,4.818520517168011,0.057363339490095366,4.818520517168011,0.057363339490095366,3.902173374889344,177.55943935709695,8.720693892057355,0.10381778442925423,178.41188109330278,0.852441736205833,0.00024411275378173912,0.09366966852201267,0.31440357841211153,3576,3492,84,41.57142857142857,0.0
3308,192.46215863817395,0.3856957086937354,24.19176213608859,0.04848048524266251,24.19176213608859,0.04848048524266251,25.017635926494677,143.25276057559063,49.20939806258327,0.09861602818152959,144.01045316777322,0.7576925921825932,0.0002453667720798553,0.09709760615310767,0.37733161185553854,3587,3088,499,6.188376753507014,0.0
3309,204.72981143709228,3.0556688274192876,3.548196267774478,0.05295815325036535,3.548196267774478,0.05295815325036535,2.452941402193801,198.72867376712372,6.001137669968279,0.08956921895475044,199.20519165653752,0.4765178894137989,0.0002400593901328962,0.08245701165007102,0.1671530820535736,2052,1985,67,29.62686567164179,0.0
3310,167.76025801471724,1.0355571482389954,8.491466374902293,0.05241645910433514,8.491466374902293,0.05241645910433514,7.110297499006947,152.15849414081003,15.60176387390924,0.09630718440684716,153.07842461545658,0.9199304746465486,0.00024164183731193817,0.09062860123000403,0.24926186315144605,3969,3807,162,23.5,0.0
3311,205.04835064077247,0.7349403248773206,13.954901687062952,0.05001756877083495,13.954901687062952,0.05001756877083495,13.097629574153416,177.99581937956225,27.052531261216366,0.09696247763876834,178.67355176197043,0.6777323824081805,0.00024033063205963846,0.09453332931470265,0.04864639330742193,3099,2820,279,10.10752688172043,0.0
3312,167.53778550153504,0.754674709466374,10.970198616178525,0.049415309081885246,10.970198616178525,0.049415309081885246,12.103903878573874,144.46368300678353,23.0741024947524,0.10393739862501081,145.03293521024148,0.5692522034579497,0.00024579110684712856,0.10137319951033137,0.2516215448550838,2538,2316,222,10.432432432432432,0.0
3313,220.6590038722245,0.8721699757795435,12.225865132258031,0.04832357759785783,12.225865132258031,0.04832357759785783,9.685065028201734,198.74807371176314,21.910930160459763,0.08660446703739037,199.17241749621576,0.424343784452617,0.00023920168232954736,0.08492721887750491,0.0011811612506562597,2027,1774,253,7.011857707509882,0.0
3314,159.82113363031397,2.0755991380560257,4.087714971691047,0.05308720742455905,4.087714971691047,0.05308720742455905,2.2471974756243753,153.48622118299966,6.334912447315422,0.08227159022487561,154.0029505484937,0.5167293654940295,0.00025011101911618077,0.07556081924441922,0.07988878699563884,2143,2066,77,26.83116883116883,0.0
3315,199.0727818123853,1.005418089961542,10.194215794998804,0.05148593835857982,10.194215794998804,0.05148593835857982,10.422255693940883,178.45631032344988,20.616471488939688,0.10412359337848327,179.21400291563248,0.7576925921825932,0.0002453667720798553,0.10029686311491326,0.3580251905609657,3286,3088,198,15.595959595959595,0.0
3316,152.24047927733898,1.9771490815238828,3.90249188488115,0.05068171279066429,3.90249188488115,0.05068171279066429,3.790310115061061,144.5476772773966,7.692801999942211,0.09990651947976897,144.855895904303,0.30821862690640955,0.00025770788202877053,0.09590368016929844,0.046162794037627464,1273,1196,77,15.532467532467532,0.0
3317,220.74213095227185,0.8361444354252722,12.978597294200865,0.04916135338712449,12.978597294200865,0.04916135338712449,9.436686760188081,198.32684689788198,22.415284054388948,0.08490637899389752,198.98648979156326,0.6596428936812799,0.00024056998310768778,0.08240773166935073,0.36149382673954733,3006,2742,264,10.386363636363637,0.0
3318,180.58220489304256,0.6248519200451299,14.424337990722837,0.049911204120148225,14.424337990722837,0.049911204120148225,11.629237795588324,154.52862910673298,26.05357578631116,0.09015078126751266,155.37530068674835,0.8466715800153679,0.00024491512294340986,0.08722112182108724,0.16812891570737065,3746,3457,289,11.961937716262975,0.0
3319,190.15703478290868,1.5459921527065748,6.649814408752679,0.054063531778477066,6.649814408752679,0.054063531778477066,5.134832839773367,178.37238753438646,11.784647248526046,0.09581014023191907,179.17491102079077,0.8025234864043114,0.0002450453393600951,0.08928555904160901,0.36052489378982955,3398,3275,123,26.6260162601626,0.0
3320,152.85402890235127,1.7773724290971078,4.875684942859587,0.056694010963483574,4.875684942859587,0.056694010963483574,3.464503723176904,144.51384023631522,8.340188666036491,0.0969789379771685,145.37904763344977,0.8652073971345544,0.00024406414587716628,0.08691838684769188,0.02304015575111862,3631,3545,86,41.22093023255814,0.0
3321,445.5828454529884,0.17317638766148014,121.64152008119618,0.04727614460987026,121.64152008119618,0.04727614460987026,125.64963124034125,198.29169413141597,247.29115132153743,0.09611004715178291,198.39628915412766,0.10459502271169185,0.0013583769183336605,0.09606939615190857,0.23829038223232146,2650,77,2573,0.029926156237854645,0.0
3322,196.1999167527515,0.46714265893512263,20.224839133544386,0.04815437888939139,20.224839133544386,0.04815437888939139,20.90698068333279,155.06809693587377,41.131819816877176,0.09793290432589803,155.541199573859,0.473102637985221,0.00023991005983023378,0.0968064694735536,0.250930690719656,2392,1972,420,4.695238095238095,0.0
3323,194.048944549103,1.3762336492844185,7.63754013754469,0.054166951330104185,7.63754013754469,0.054166951330104185,7.211678287177506,179.19972612438448,14.849218424722196,0.10531360584909359,180.13075580765906,0.9310296832745735,0.0002416376027185501,0.09871055844995703,0.12912436975818764,3994,3853,141,27.326241134751772,0.0
3324,160.3280285025345,1.2054738985152968,6.927209963633577,0.05208428544085396,6.927209963633577,0.05208428544085396,7.690908870107592,145.709909668794,14.618118833741168,0.10991066792286593,146.44187993941375,0.7319702706197404,0.00024038432532667994,0.10440713205353941,0.75,3178,3045,133,22.894736842105264,0.0
3325,534.2700449811387,0.1513512875300676,166.38792425809348,0.04713538930824178,166.38792425809348,0.04713538930824178,170.84133145779742,197.04078926518469,337.2292557158909,0.09553236705832603,197.14538428789638,0.10459502271169185,0.0004200603321754693,0.09550273674029526,0.12084980575343707,3779,249,3530,0.07053824362606233,0.0
3326,172.24331273097607,0.9463918281921763,9.46109423983217,0.05198403428479214,9.46109423983217,0.05198403428479214,7.4519613887347305,155.33025710241066,16.9130556285669,0.09292887708003793,156.25768036003444,0.9274232576237864,0.0002415164733395277,0.08783314489528368,0.009613834335482352,4022,3840,182,21.0989010989011,0.0
3327,192.0592476489627,1.959788241315946,5.3745752911612925,0.054842605011849926,5.3745752911612925,0.054842605011849926,5.616899775070237,181.06777258273337,10.99147506623153,0.11215790883909725,181.80096781335305,0.7331952306196854,0.0002404707217512907,0.10467632485315961,0.05560290831670045,3147,3049,98,31.112244897959183,0.0
3328,171.3357481191507,0.7932210561071792,10.660604893515023,0.04935465228479177,10.660604893515023,0.04935465228479177,14.251580276185905,146.42356294944955,24.912185169700926,0.11533419060046725,146.95772811819393,0.53416516874438,0.0002508995625854298,0.11286120370813324,0.11674262064332197,2345,2129,216,9.856481481481481,0.0
3329,203.52097576480787,2.7136130101974385,3.8616771310228253,0.05148902841363767,3.8616771310228253,0.05148902841363767,2.699417994472469,196.95988063931213,6.561095125495294,0.08748126833993726,197.38025381995521,0.4203731806430824,0.00023898418456116111,0.08187629259803543,0.0035442852887399567,1834,1759,75,23.453333333333333,0.0
3330,181.62337306106258,0.6509798317600809,13.7715272125843,0.04936031258990788,13.7715272125843,0.04936031258990788,11.12001749109254,156.73182835738714,24.89154470367684,0.0892170061063686,157.3993076688463,0.6674793114591466,0.00023984164982362438,0.08682460714056017,0.09723059929251576,3062,2783,279,9.974910394265233,0.0
3331,218.0437235012531,0.5783653143269313,18.47853312060753,0.04901467671248682,18.47853312060753,0.04901467671248682,17.99722976432986,181.56796061632133,36.47576288493739,0.09675268669744666,182.17817672754745,0.6102161112261228,0.00024195722094612324,0.09513407632282668,0.44778291643433477,2899,2522,377,6.689655172413793,0.0
3332,167.8689033087926,0.8976946701004952,9.514890737458828,0.050881768649512445,9.514890737458828,0.050881768649512445,11.524225327133877,146.82978724420013,21.039116064592704,0.11250864205664547,147.59600603169645,0.7662187874963138,0.00024637260048112985,0.10841121538554091,0.05285831812000197,3297,3110,187,16.63101604278075,0.0
3333,201.65675962778016,4.9184575518970775,2.501375224482785,0.0610091518166533,2.501375224482785,0.0610091518166533,1.4020021037363222,197.75338229956037,3.9033773282191073,0.09520432507851481,198.39269786156763,0.6393155620072548,0.00024216498560880863,0.07961126259054964,0.28233087811861424,2681,2640,41,64.39024390243902,0.0
3334,169.90212074291367,1.1177771101507479,7.863221717402888,0.051731721825019,7.863221717402888,0.051731721825019,5.3413223765888915,156.6975766489237,13.204544093991778,0.08687200061836696,157.42954691954344,0.7319702706197404,0.00024054231699629984,0.08205640673269886,0.24633446951543192,3195,3043,152,20.019736842105264,0.0
3335,184.18040241910944,7.367216096764378,1.797163590151309,0.07188654360605236,1.797163590151309,0.07188654360605236,0.8581143003683565,181.52512452859014,2.6552778905196655,0.10621111562078661,182.17154453021078,0.6464200016206405,0.0002426501507584987,0.08035431555594641,0.07152853320326358,2689,2664,25,106.56,0.0
3336,157.3864568025573,1.573864568025573,5.461441931401241,0.05461441931401241,5.461441931401241,0.05461441931401241,4.8460770911942745,147.0789377799622,10.307519022595516,0.10307519022595515,147.90305621874586,0.8241184387836711,0.00024556568497725596,0.09483400583811431,0.29565456701038784,3456,3356,100,33.56,0.0
3337,209.18367656424084,1.4230182079200058,7.025016335933609,0.04778922677505856,7.025016335933609,0.04778922677505856,4.485011892570242,197.6736483357372,11.51002822850385,0.0782995117585296,197.87831929443507,0.204670958697875,0.00025940552433190747,0.07690719231160387,0.1055319561013448,936,789,147,5.36734693877551,0.0
3338,190.0871501693133,0.5354567610403191,17.49355694226205,0.04927762518947056,17.49355694226205,0.04927762518947056,15.390490774668706,157.20310245238215,32.88404771693075,0.0926311203293824,157.9938747441571,0.7907722917749425,0.00024588690664643735,0.09040359274691889,0.034508464216969514,3571,3216,355,9.059154929577465,0.0
3339,213.42722347199003,0.6840616136922757,15.644558659380852,0.05014281621596427,15.644558659380852,0.05014281621596427,15.401360910718154,182.38130390189497,31.045919570099006,0.09950615246826604,183.23941820226332,0.8581143003683565,0.00024482576330052966,0.09675578612091894,0.12094470883255326,3817,3505,312,11.23397435897436,0.0
3340,463.15391668641826,0.15120924475560504,145.287484167687,0.04743306698259452,145.287484167687,0.04743306698259452,170.446451714178,147.4199808046004,315.733935881865,0.10307996600779139,147.48861085688281,0.06863005228240127,0.0003537631560948519,0.10305755985293354,0.22209028499457872,3257,194,3063,0.06333659810643161,0.0
3341,215.56455824787338,1.1527516483843496,9.310613707639478,0.04978937811571913,9.310613707639478,0.04978937811571913,7.076472550532344,199.17747198970028,16.38708625817182,0.08763147731642684,199.75746684962849,0.5799948599282061,0.00024680632337370473,0.08452990052537376,0.04568646788118258,2537,2350,187,12.566844919786096,0.0
3342,167.8441839645153,1.225140028938068,7.276319232228769,0.05311181921334868,7.276319232228769,0.05311181921334868,3.114926451729275,157.452938280559,10.391245683958044,0.07584850864202952,158.30105573066953,0.8481174501105215,0.00024378196323958653,0.06965787032004217,0.43409608649858455,3616,3479,137,25.394160583941606,0.0
3343,207.57493917368492,0.8108396061472067,12.549670998019165,0.04902215233601236,12.549670998019165,0.04902215233601236,12.19190579881024,182.8333623768592,24.741576796829406,0.09664678436261487,183.25561170683557,0.4222493299763528,0.00023896396716262182,0.09499737291738031,0.08852750671462672,2023,1767,256,6.90234375,0.0
3344,155.40706011076634,1.6710436571050145,4.847420288744913,0.05212279880370874,4.847420288744913,0.05212279880370874,3.538067213927434,147.0215726080943,8.385487502672348,0.09016653228679944,147.5609736133447,0.5394010052503972,0.0002483430042589306,0.08436652147765217,0.08591422327458531,2265,2172,93,23.35483870967742,0.0
3345,204.6484520508982,2.8423396118180304,3.9265340862043767,0.05453519564172746,3.9265340862043767,0.05453519564172746,1.898322789286567,198.82359517540806,5.824856875490944,0.08090078993737422,199.4409314605183,0.6173362851102411,0.00024161889828189475,0.0723266748663873,0.32533385773263035,2627,2555,72,35.486111111111114,0.0
3346,170.81518642297192,1.0811087748289363,8.143492567012617,0.05154109219628238,8.143492567012617,0.05154109219628238,4.907837730109577,157.76385612585125,13.051330297122194,0.08260335631089996,158.48665676485132,0.7228006390000701,0.00024005335071407177,0.07802866872228229,0.22681411515316086,3169,3011,158,19.056962025316455,0.0
3347,191.6115848514297,2.281090295850354,4.808587268349486,0.05724508652797007,4.808587268349486,0.05724508652797007,4.000312773757059,182.80268480932443,8.808900042106545,0.10486785764412554,183.64080057823548,0.8381157689110523,0.00024463390803007947,0.09489028896659793,0.10306018443554876,3510,3426,84,40.785714285714285,0.0
3348,174.37565988353447,0.6555475935471221,13.056006147558344,0.04908272987803889,13.056006147558344,0.04908272987803889,13.97380803897147,147.34584569700257,27.029814186529812,0.10161584280650306,147.93195831192668,0.5861126149241045,0.0002458526069312519,0.09941241192333755,0.5472561707705381,2650,2384,266,8.962406015037594,0.0
3349,204.2477925885902,2.490826738885246,4.439840248775248,0.05414439327774692,4.439840248775248,0.05414439327774692,1.8544743083709818,197.95347803144477,6.29431455714623,0.07675993362373451,198.61157836017367,0.6581003287288922,0.00024177087756388399,0.06873431985873805,0.75,2804,2722,82,33.19512195121951,0.0
3350,181.91152223539223,0.7276460889415689,14.958606757422443,0.05983442702968977,14.958606757422443,0.05983442702968977,9.971491244774484,156.98142423319598,24.930098002196928,0.09972039200878771,157.5666549281201,0.585230694924121,0.00024243193658828545,0.0973794692290885,0.104916176449251,2664,2370,294,8.061224489795919,1.0
3351,188.6694213303067,2.9479597082860423,3.10510261150292,0.04851722830473312,3.10510261150292,0.04851722830473312,3.9048203599804765,181.65949835882464,7.009922971483396,0.10953004642942807,181.75499077260122,0.09549241377658291,0.00029841379305182156,0.10803797746414823,0.5791298721910607,384,320,64,5.0,0.0
3352,168.24357000775444,0.7647435000352475,11.098768159898375,0.05044894618135625,11.098768159898375,0.05044894618135625,10.664575891044706,146.48022595681016,21.763344050943083,0.09892429114065038,147.28274944321447,0.8025234864043114,0.0002447464124441328,0.09527645711154532,0.11127932426643383,3499,3279,220,14.904545454545454,0.0
3353,208.5020881440646,3.7232515740011536,3.4450719064430237,0.061519141186482565,3.4450719064430237,0.061519141186482565,4.311906026791917,200.7451102108298,7.756977933234941,0.1385174630934811,201.59755194703564,0.852441736205833,0.00024432265296813784,0.12329528923266,0.052194937197100444,3545,3489,56,62.30357142857143,0.0
3354,194.0441171728254,0.4744354943100865,19.878314400522868,0.04860223569809992,19.878314400522868,0.04860223569809992,15.358690758294415,158.80711201400845,35.23700515881728,0.08615404684307404,159.4347225650398,0.6276105510313528,0.00024250794089310384,0.08461954671830217,0.7395337660605037,2997,2588,409,6.32762836185819,0.0
3355,201.85334361586433,0.9943514463835681,10.26242521478551,0.05055381879204685,10.26242521478551,0.05055381879204685,9.928047095514899,181.66287130556566,20.190472310300407,0.09946045473054388,182.32251419924694,0.6596428936812799,0.0002403946405544023,0.09621098234786893,0.6258860400788535,2947,2744,203,13.517241379310345,0.0
3356,157.18327020251718,1.35502819140101,5.9541216973729245,0.051328635322180384,5.9541216973729245,0.051328635322180384,5.305951370137677,145.92319713500717,11.260073067510602,0.09706959540957415,146.47915066944051,0.5559535344333426,0.00024698069055235125,0.09227689252652296,0.1291236004512939,2367,2251,116,19.405172413793103,0.0
3357,218.77811890472037,1.127722262395466,9.49190303944395,0.048927335254865714,9.49190303944395,0.048927335254865714,9.248035498712284,200.03818036656241,18.73993853815623,0.09659762133070222,200.42596109091426,0.38778072435184185,0.000248418145004383,0.09459875161755729,0.06482817388257445,1755,1561,194,8.04639175257732,0.0
3358,177.03021086342994,0.8677951512913232,10.15681604442512,0.049788313943260394,10.15681604442512,0.049788313943260394,6.68832661110514,160.185068207899,16.84514265553026,0.08257422870357971,160.7735478308732,0.5884796229742051,0.00024581437885305143,0.07968952466939573,0.3247255232945463,2598,2394,204,11.735294117647058,0.0
3359,197.12842202519266,1.3501946714054291,7.808949133565527,0.053485952969626896,7.808949133565527,0.053485952969626896,6.264840434101075,183.05463245752867,14.073789567666601,0.09639581895662055,183.9612865531103,0.9066540955816436,0.00024359325512671778,0.09018585939782432,0.035162244638854645,3868,3722,146,25.493150684931507,0.0
3360,157.89382586845193,2.2556260838350277,4.143087151090966,0.05918695930129951,4.143087151090966,0.05918695930129951,5.5490950416590294,148.2016436757027,9.692182192749996,0.13845974561071422,149.0941414741343,0.8924977984315774,0.0002445199447757746,0.12570977706168054,0.33113676355424104,3720,3650,70,52.142857142857146,0.0
3361,228.57419643861056,0.7543702852759424,14.860715331606528,0.04904526512081362,14.860715331606528,0.04904526512081362,14.01278825262034,199.70069285438296,28.873503584226867,0.09529209103705237,200.31494470219627,0.614251847813307,0.00024202200465457327,0.09326485721588873,0.2227123040912602,2841,2538,303,8.376237623762377,0.0
3362,261.5493456549035,0.25294907703569003,49.738355442069256,0.04810285826118883,49.738355442069256,0.04810285826118883,49.460617813353224,162.3503723994902,99.19897325542249,0.09593711146559235,162.93787858246435,0.5875061829741526,0.0002458184866000638,0.09536892366773612,0.0462767807880482,3424,2390,1034,2.3114119922630563,0.0
3363,191.46415076647452,2.1040016567744453,4.875530341632473,0.05357725650145575,4.875530341632473,0.05357725650145575,3.341619632315883,183.24700079252682,8.217149973948356,0.09029835136206985,183.82699565245503,0.5799948599282061,0.00024712179800946146,0.08392478147274167,0.11415991214994392,2438,2347,91,25.791208791208792,0.0
3364,159.9058929660423,1.796695426584745,4.856937178355136,0.054572327846686926,4.856937178355136,0.054572327846686926,6.554008616889973,148.49494717079745,11.410945795245109,0.12821287410387763,149.19592695053154,0.700979779734098,0.00024113511514760853,0.12033669680349167,0.2628418152027052,2996,2907,89,32.662921348314605,0.0
3365,219.34654060028333,1.1544554768435964,9.69726713390502,0.05103824807318432,9.69726713390502,0.05103824807318432,9.154907944479305,200.49436552189854,18.852175078384327,0.09922197409675962,201.26947163233046,0.7751061104319206,0.000245987340663891,0.09514246825238352,0.009519832394971672,3341,3151,190,16.58421052631579,0.0
3366,175.48543331654434,1.1395158007567814,7.9270236631424735,0.051474179630795286,7.9270236631424735,0.051474179630795286,5.389630998064035,162.1687786553365,13.31665466120651,0.08647178351432798,162.87996808540345,0.7111894300669519,0.0002409178286134661,0.08185367033208375,0.5229678940655731,3106,2952,154,19.16883116883117,0.0
3367,195.54494899396832,1.348585855130816,7.716462956290579,0.05321698590545227,7.716462956290579,0.05321698590545227,4.8232622926852855,183.00522374499496,12.539725248975865,0.08648086378604045,183.86680702648255,0.861583281487583,0.00024414374652524315,0.08053891012059153,0.07385772897760035,3674,3529,145,24.337931034482757,0.0
3368,170.7307266808042,0.801552707421616,10.69152664073612,0.05019496075462967,10.69152664073612,0.05019496075462967,11.126143141588386,148.91305689847786,21.817669782324508,0.1024303745649038,149.6130357182119,0.6999788197340422,0.0002412888037690597,0.09914408902625489,0.19128619446178163,3114,2901,213,13.619718309859154,0.0
3369,213.19842568501008,1.8379174628018111,6.16751660747125,0.05316824661613147,6.16751660747125,0.05316824661613147,5.055624661415777,201.9752844161212,11.223141268887026,0.09675121783523298,202.7098845011658,0.7346000850445762,0.0002397519859806058,0.0904184584814163,0.012451747655745748,3180,3064,116,26.413793103448278,0.0
3370,192.8007716959877,0.6025024115499615,15.612949061407635,0.04879046581689886,15.612949061407635,0.04879046581689886,15.007874658004766,162.1799479765741,30.6208237194124,0.09569007412316374,162.7373213872321,0.5573734106579877,0.0002462984580901404,0.09394828221486122,0.75,2583,2263,320,7.071875,0.0
3371,190.36151309438776,1.8129667913751215,5.853910178013958,0.05575152550489484,5.853910178013958,0.05575152550489484,1.673641857028997,182.83396105934628,7.527552035042955,0.07169097176231386,183.73090628864804,0.8969452293017639,0.0002439339758775534,0.06314863624514017,0.2711550952658399,3782,3677,105,35.01904761904762,0.0
3372,159.97675448606185,1.7201801557641059,5.071624112787032,0.054533592610613246,5.071624112787032,0.054533592610613246,6.4486002310155754,148.45653014225888,11.520224343802607,0.12387338004088824,149.17685952614784,0.7203293838889522,0.000239949828077599,0.11612790279477433,0.2650169065739192,3095,3002,93,32.27956989247312,0.0
3373,212.61937829544343,1.7427817893069133,6.654731815422689,0.0545469820936286,6.654731815422689,0.0545469820936286,4.498324446644574,201.4663220333748,11.153056262067263,0.09141849395137101,202.4064560910375,0.9401340576627035,0.00024236505740208908,0.08371247708529438,0.004984809617894825,4001,3879,122,31.795081967213115,0.0
3374,165.97912706839486,4.149478176709872,2.5158222966806845,0.0628955574170171,2.5158222966806845,0.0628955574170171,1.5597342069053184,161.90357056480798,4.075556503586003,0.10188891258965008,162.56321345848926,0.6596428936812799,0.00024056998310768778,0.08539784024764004,0.292594010966468,2782,2742,40,68.55,0.0
3375,200.78068411557297,1.0911993701933314,9.24850295658756,0.050263603024932386,9.24850295658756,0.050263603024932386,7.49038973293716,184.04179142605142,16.738892689524718,0.09097224287785173,184.62187043383415,0.5800790077827287,0.0002463180500138975,0.0878196395746675,0.13479580033128968,2539,2355,184,12.798913043478262,0.0
3376,175.68084824628158,0.6142687001618238,14.212732323529687,0.049694868264089816,14.212732323529687,0.049694868264089816,12.422073732405806,149.04604219034525,26.634806055935492,0.09312869250327095,149.83897718352864,0.792934993183394,0.0002459475785308294,0.09035619252710819,0.11961129494295619,3510,3224,286,11.272727272727273,0.0
3377,213.04469647184783,1.6775172950539199,6.809827801390285,0.053620691349529806,6.809827801390285,0.053620691349529806,4.573535364089594,201.66133330636683,11.383363165479878,0.08963278083055022,202.5213665078544,0.8600332014875676,0.00024377358318808604,0.082860865858216,0.19812167842997042,3655,3528,127,27.77952755905512,0.0
3378,178.52832882257053,0.9973649654892208,9.171896776425386,0.05123964679567255,9.171896776425386,0.05123964679567255,6.692634167653978,162.66379787848916,15.864530944079364,0.08862866449206348,163.44842597496256,0.7846280964733978,0.0002457338228854988,0.08424526730507245,0.1608019612959879,3372,3193,179,17.837988826815643,0.0
3379,191.792435732601,2.2832432825309645,4.8501015536823795,0.057739304210504515,4.8501015536823795,0.057739304210504515,1.879709510288535,185.06262466863268,6.7298110639709146,0.08011679838060612,185.97657100744811,0.9139463388154354,0.00024261915020319495,0.0692364848232487,0.04155116310175799,3851,3767,84,44.845238095238095,0.0
3380,183.33090919935182,0.522310282619236,17.379706846365604,0.04951483432012992,17.379706846365604,0.04951483432012992,16.621956047252752,149.32924630573507,34.00166289361836,0.09687083445475315,150.20661478680915,0.877368481074086,0.00024412033418867168,0.09437120915254321,0.2970183261653574,3945,3594,351,10.239316239316238,0.0
3381,207.83933837598056,2.41673649274396,4.603217768043231,0.05352578800050268,4.603217768043231,0.05352578800050268,1.2249273541789307,202.01119325375726,5.828145122222161,0.06776912932816467,202.60932480937333,0.598131555616078,0.00024343978657553032,0.06081411123961891,0.2487735218674061,2543,2457,86,28.569767441860463,0.0
3382,175.88094001939533,1.1647744372145385,7.842048748670034,0.05193409767331148,7.842048748670034,0.05193409767331148,5.124593064038663,162.91429820668577,12.966641812708698,0.08587180008416356,163.6894043171177,0.7751061104319206,0.0002461435726998795,0.08073864703495122,0.08956778814228983,3300,3149,151,20.85430463576159,0.0
3383,540.5855431986986,0.1522776178024503,167.78192799114817,0.04726251492708399,167.78192799114817,0.04726251492708399,187.73333321062285,185.07028199698527,355.515261201771,0.10014514400049887,185.15934777191364,0.08906577492837187,0.0032987324047545137,0.10012005504979858,0.27092937428778896,3577,27,3550,0.007605633802816901,0.0
3384,169.33818910559705,0.8180588845681017,10.323411431818045,0.04987155281071519,10.323411431818045,0.04987155281071519,8.839716648350532,150.17506102542654,19.163128080168576,0.09257549797182887,150.79692313951807,0.6218621140915275,0.00024159367291823135,0.08957133316946368,0.2715348246257463,2781,2574,207,12.434782608695652,0.0
3385,568.219697206396,0.1520116899963606,179.51768875805905,0.04802506387321002,179.51768875805905,0.04802506387321002,186.803385486798,201.89862296148613,366.3210742448571,0.09799921729396925,201.9371795795655,0.03855661807938304,0.0003352749398207221,0.0979889025218915,0.07866986083138272,3853,55,3798,0.014481305950500263,1.0
3386,180.4548722112845,1.2889633729377465,7.457899670337991,0.05327071193098565,7.457899670337991,0.05327071193098565,7.338252131393119,165.65872040955196,14.79615180173111,0.10568679858379364,166.5653745051336,0.9066540955816436,0.00024359325512671778,0.0992106979010779,0.23261918030254947,3862,3722,140,26.585714285714285,0.0
3387,545.666588390256,0.15392569489146857,169.4845996731167,0.04780947804601317,169.4845996731167,0.04780947804601317,191.73141310793812,184.4505756092584,361.2160127810548,0.1018945029001565,184.53964138418678,0.08906577492837187,0.00030191788111312497,0.10186937856306608,0.03688252196718622,3840,254,3586,0.07083100948131622,1.0
3388,172.01578495947456,0.7414473489632524,11.082285440608892,0.04776847172676247,11.082285440608892,0.04776847172676247,10.170735291230358,150.76276422763374,21.25302073183925,0.09160784798206573,150.9781973530903,0.21543312545657045,0.0002546490844640313,0.09067925692407004,0.4439509410098026,1078,846,232,3.646551724137931,0.0
3389,221.49843952902881,1.2803378007458313,8.534359429416643,0.049331557395471924,8.534359429416643,0.049331557395471924,8.750802623048799,204.21327747656437,17.28516205246544,0.09991423151714128,204.624542102232,0.4112646256676271,0.00026012942799976416,0.09753697934564634,0.027708935151395053,1754,1581,173,9.138728323699421,0.0
3390,177.12287076080577,1.9464051731956677,4.905713469350942,0.05390893922363672,4.905713469350942,0.05390893922363672,4.933182644483281,167.2839746469699,9.838896113834224,0.1081197375146618,167.93610545396064,0.6521308069907263,0.00024144050610541516,0.10095346491038606,0.3171422535740476,2792,2701,91,29.681318681318682,0.0
3391,198.61540239729482,1.928304877643639,5.637932840626233,0.054737212044914885,5.637932840626233,0.054737212044914885,6.17954719682632,186.79792235984394,11.817480037452553,0.1147328158975976,187.6220407986276,0.8241184387836711,0.0002453463646274698,0.10673166600647774,0.03131558135862633,3462,3359,103,32.61165048543689,0.0
3392,174.08787161790224,0.6908248873726279,12.579945771357202,0.04992041972760795,12.579945771357202,0.04992041972760795,10.79576886092525,150.71215698561844,23.375714632282452,0.09276077235032719,151.47623987268264,0.7640828870642054,0.0002467171091586068,0.08972869740166507,0.030263124073144354,3349,3097,252,12.28968253968254,0.0
3393,207.77425740516026,6.925808580172008,2.14979232438378,0.071659744146126,2.14979232438378,0.071659744146126,0.8892970156010733,204.73516806517546,3.0390893399848533,0.10130297799949511,205.51027417560738,0.7751061104319206,0.0002463782932078578,0.07546610765176259,0.028086130764222617,3176,3146,30,104.86666666666666,0.0
3394,179.29600192274359,1.7752079398291445,5.437715559779619,0.053838767918610086,5.437715559779619,0.053838767918610086,5.97361605433548,167.88467030862637,11.411331614115099,0.11298348132787227,168.59717557869328,0.712505270066913,0.00024111853470961523,0.10592897370346835,0.0553633269285001,3056,2955,101,29.257425742574256,0.0
3395,195.27556015812934,2.789650859401848,4.134481846756005,0.05906402638222864,4.134481846756005,0.05906402638222864,3.3091347723290028,187.83194353904423,7.443616619085008,0.10633738027264297,188.70791810011826,0.875974561074031,0.000244208129655431,0.09382345797158678,0.055707583263824745,3657,3587,70,51.24285714285714,0.0
3396,487.67894996127734,0.1489096030416114,155.45563903674514,0.04746737069824279,155.45563903674514,0.04746737069824279,180.96251787566564,151.26079304892244,336.4181569124108,0.102723101347301,151.4169185063546,0.15612545743215378,0.0002773098711050689,0.1026754294518848,0.07628978280365573,3838,563,3275,0.17190839694656487,0.0
3397,222.4656448848965,1.3086214404993912,8.86691513046281,0.052158324296840065,8.86691513046281,0.052158324296840065,7.990558872597489,205.60817088183626,16.8574740030603,0.09916161178270765,206.49746789743733,0.8892970156010733,0.00024491793324182685,0.09393045286740691,0.18513628506013902,3801,3631,170,21.358823529411765,0.0
3398,189.25410198864734,0.9098754903300352,10.126317144014715,0.04868421703853228,10.126317144014715,0.04868421703853228,10.90405222431798,168.22373262031408,21.030369368332693,0.10110754504006102,168.56532293449425,0.3415903141801664,0.0002509848010140826,0.09946528391419754,0.05630930725158123,1569,1361,208,6.543269230769231,0.0
3399,217.8687591034311,0.6724344416772565,15.820902746136241,0.048829946747334076,15.820902746136241,0.048829946747334076,13.392562964636227,188.6552933926639,29.213465710772468,0.09016501762584095,189.20787559916073,0.5525822064968224,0.0002469089394534506,0.0884595169884888,0.30387369050845336,2562,2238,324,6.907407407407407,0.0
3400,162.58402557312695,1.2701876997900543,6.886103625404589,0.05379768457347335,6.886103625404589,0.05379768457347335,4.723459288953677,150.97446265876636,11.609562914358266,0.09069971026842395,151.8673681371979,0.892905478431544,0.0002440966316105916,0.08372388621819571,0.08751393943475705,3786,3658,128,28.578125,0.0
3401,218.200453771865,2.001839025429954,5.637190067153401,0.05171734006562754,5.637190067153401,0.05171734006562754,5.619250997675977,206.94401270703383,11.256441064829378,0.10327010151219612,207.48711418390326,0.543101476869424,0.0002494724285114488,0.0982875191556123,0.010050782875509867,2286,2177,109,19.972477064220183,0.0
3402,209.9859339640998,0.49877894053230354,20.40553369899738,0.04846920118526694,20.40553369899738,0.04846920118526694,20.017373166191987,169.56302709891156,40.42290686518937,0.0960164058555567,170.11560930540838,0.5525822064968224,0.00024701931448226305,0.09470385904677292,0.171470763764205,2658,2237,421,5.31353919239905,0.0
3403,210.0480836460506,1.0347196238721705,10.17185101790009,0.05010764048226646,10.17185101790009,0.05010764048226646,10.238034017411792,189.6381986107383,20.40988503531188,0.10054130559266937,190.2733856803559,0.6351870696175865,0.00024216052978177146,0.09741230524972765,0.05820189457483593,2826,2623,203,12.921182266009852,0.0
3404,160.10330818040495,1.6172051331354036,5.432055053822048,0.054869242967899474,5.432055053822048,0.054869242967899474,3.243617380961041,151.4276357456199,8.675672434783088,0.08763305489679887,152.2406236221534,0.8129878765334979,0.0002446547928177845,0.07942105614395499,0.6762300685539913,3422,3323,99,33.56565656565657,0.0
3405,232.6643436194595,0.9306573744778379,12.132641205370929,0.04853056482148371,12.132641205370929,0.04853056482148371,13.812863961837365,206.71883845225216,25.945505167208296,0.10378202066883319,207.10167229514366,0.38283384289150035,0.0002474685474411767,0.10225068529726332,0.10034472309143894,1797,1547,250,6.188,0.0
3406,200.37298244778367,0.6090364208139322,15.860551025153669,0.04820836177858258,15.860551025153669,0.04820836177858258,15.232284241999082,169.2801471806299,31.09283526715275,0.09450709807645213,169.63238385411103,0.35223667348111576,0.0002492828545513912,0.0934364698895825,0.0006854385582073519,1742,1413,329,4.2948328267477205,0.0
3407,197.85394344245537,2.5365890184930175,3.9892883135730486,0.05114472196888524,3.9892883135730486,0.05114472196888524,4.646935627998005,189.21771950088475,8.636223941571053,0.11072081976373145,189.57552328812574,0.3578037872409823,0.00025021243863005755,0.10613359172217485,0.2784059492674942,1508,1430,78,18.333333333333332,0.0
3408,166.83766305719746,0.953358074612557,9.075146668814211,0.051857980964652634,9.075146668814211,0.051857980964652634,5.785361499080636,151.97715488930135,14.860508167894848,0.0849171895308277,152.8763937805021,0.8992388912007527,0.00024290623749345023,0.07977868158111635,0.5934666926012824,3877,3702,175,21.154285714285713,0.0
3409,214.91276364835744,2.286305996259122,5.3209673065977325,0.056606035176571624,5.3209673065977325,0.056606035176571624,3.484211012572814,206.10758532918499,8.805178319170547,0.09367210977841008,207.04282944811757,0.9352441189325873,0.00024241682709502004,0.08372270425787094,0.4508044645311884,3952,3858,94,41.04255319148936,0.0
3410,184.59642528159202,1.098788245723762,8.436185337494148,0.050215388913655644,8.436185337494148,0.050215388913655644,7.891762144517315,168.26847779958052,16.327947482011464,0.09719016358340157,168.81924112607737,0.550763326496849,0.00024742287803092945,0.09391181044949194,0.2764257902730378,2394,2226,168,13.25,0.0
3411,221.16777803150308,0.5913576952713986,18.251258339664705,0.048800155988408304,18.251258339664705,0.048800155988408304,14.702071590235391,188.2144481016095,32.95332992990009,0.08811050783395746,188.83178438671973,0.6173362851102411,0.00024114698637118793,0.08645987605557044,0.04037823911073701,2934,2560,374,6.8449197860962565,0.0
3412,159.52958831134367,1.6792588243299333,4.848831813503559,0.051040334878984836,4.848831813503559,0.051040334878984836,2.5955715946715827,152.0851849031667,7.444403408175142,0.07836214113868571,152.50084582971454,0.4156609265478437,0.00024250929203491463,0.07398676296451724,0.023600383420443904,1809,1714,95,18.042105263157893,0.0
3413,217.13197550805228,1.9739270500732025,5.898717468990403,0.05362470426354912,5.898717468990403,0.05362470426354912,4.474845226139678,206.7584128129215,10.373562695130081,0.09430511541027346,207.50878764510412,0.7503748321826151,0.00024362819226708284,0.08748352602680143,0.17920906453434782,3190,3080,110,28.0,0.0
3414,186.85566467175727,1.0616799129077117,8.77988235927145,0.04988569522313324,8.77988235927145,0.04988569522313324,9.821172514396721,168.25460979808918,18.601054873668172,0.10568781178220553,168.7713391635832,0.5167293654940295,0.00024999001717176077,0.10275184947826171,0.3214436409226664,2243,2067,176,11.744318181818182,0.0
3415,203.5756665249918,1.1975039207352458,8.429042761425647,0.04958260447897439,8.429042761425647,0.04958260447897439,6.8657913181571075,188.28083244540994,15.294834079582754,0.08996961223283974,188.7275227046955,0.4466902592855604,0.00023964069704160966,0.0873420224723311,0.026698852432332387,2034,1864,170,10.964705882352941,0.0
3416,171.61732738577507,0.8095156952159202,10.562035245939077,0.04982092097141074,10.562035245939077,0.04982092097141074,8.536963708213534,152.51832843162208,19.098998954152613,0.09008961770826704,153.1645647754292,0.6462363438071179,0.0002412229726790287,0.0870413330676692,0.073892307869869,2891,2679,212,12.63679245283019,0.0
3417,220.40861073746157,1.7919399246948096,6.697145262096577,0.05444833546419982,6.697145262096577,0.05444833546419982,5.890761559743623,207.82070391562263,12.5879068218402,0.10234070586861951,208.7610709332854,0.9403670176627656,0.00024217538440967438,0.09469544556240794,0.0657181915429419,4006,3883,123,31.56910569105691,0.0
3418,192.69385767744996,0.7586372349505903,12.506828633936601,0.04923948281077402,12.506828633936601,0.04923948281077402,12.28489751134623,167.90213153216666,24.79172614528283,0.09760522104442058,168.44153253741706,0.5394010052503972,0.0002483430042589306,0.09548159503949959,0.75,2426,2172,254,8.551181102362206,0.0
3419,226.9358629865518,0.5054250846025653,21.850326869258595,0.04866442509857148,21.850326869258595,0.04866442509857148,17.192592987810713,187.89294312949016,39.04291985706931,0.08695527807810537,188.59247829406797,0.6995351645778101,0.00041149127328106476,0.08539729330174571,0.08775210679254997,2149,1700,449,3.7861915367483294,0.0
3420,175.30253658083836,0.8115858175038814,10.96861195786708,0.0507806109160513,10.96861195786708,0.0507806109160513,9.653122906122576,154.68080171685165,20.62173486398966,0.09547099474069286,155.5125964873497,0.8317947704980497,0.0002446455207347205,0.09162009302541049,0.15603467734217702,3616,3400,216,15.74074074074074,0.0
3421,253.04015329901767,0.5406840882457643,22.297503021746042,0.04764423722595308,22.297503021746042,0.04764423722595308,22.47811540317889,208.26453487408503,44.77561842492493,0.09567439834385669,208.6203982604345,0.35586338634948333,0.0002507846274485436,0.09491400649269906,0.02628705539780185,1887,1419,468,3.032051282051282,0.0
3422,181.96916013581483,1.2295213522690192,7.735388661895267,0.05226613960740045,7.735388661895267,0.05226613960740045,5.357231813740668,168.876539660179,13.092620475635936,0.08846365186240497,169.66947465336239,0.792934993183394,0.0002464061507717197,0.08310598298954355,0.04800262856247173,3366,3218,148,21.743243243243242,0.0
3423,210.17382566059325,0.8146272312426095,12.843343485002231,0.04978040110465981,12.843343485002231,0.04978040110465981,9.677924291612271,187.6525578839811,22.5212677766145,0.08729173556827326,188.3520930485589,0.6995351645778101,0.0005443853420838988,0.0845803589613734,0.010060884206609444,1543,1285,258,4.98062015503876,0.0
3424,171.6231075874174,1.0215661165917702,8.31156620359597,0.049473608354737915,8.31156620359597,0.049473608354737915,7.9691178319816345,155.34242355184028,16.280684035577604,0.09690883354510478,155.79311000074756,0.4506864489072768,0.00023795483046846718,0.09422617611112996,0.08582236734253001,2062,1894,168,11.273809523809524,0.0
3425,226.52846289818876,1.1214280341494494,10.064822689882034,0.04982585490040611,10.064822689882034,0.04982585490040611,8.29630175080706,208.16733845749923,18.361124440689096,0.09089665564697573,208.74796146528206,0.5806230077828332,0.0002457143494637466,0.08802228432132031,0.4043626101567952,2565,2363,202,11.698019801980198,0.0
3426,182.20341358662859,1.4460588379891157,6.482133178831546,0.05144550141929798,6.482133178831546,0.05144550141929798,5.468257290755901,170.2530231170423,11.950390469587447,0.09484436880624958,170.82746260687588,0.574439489833594,0.00024622352757547967,0.09028532523613256,0.09374868532916025,2459,2333,126,18.515873015873016,0.0
3427,205.2255763548592,1.2215808116360667,8.557545250495176,0.05093776934818557,8.557545250495176,0.05093776934818557,7.446060894270772,189.22197021009345,16.003606144765946,0.09525956038551159,189.89257783701987,0.6706076269264258,0.0002404473384461907,0.0912678483204721,0.3353686799226807,2957,2789,168,16.601190476190474,0.0
3428,179.0245752692599,0.7490568002897904,11.884634793254424,0.049726505411106375,11.884634793254424,0.049726505411106375,11.490100390072712,155.64984008593592,23.374735183327136,0.09780223926078299,156.31669411739506,0.6668540314591382,0.00024022119288873855,0.09501205502872323,0.02495466126026713,3015,2776,239,11.615062761506277,0.0
3429,238.6679302138216,0.7748958773176026,16.953742829787267,0.055044619577231384,16.953742829787267,0.055044619577231384,13.775213171147925,207.93897421288057,30.72895600093519,0.099769337665374,208.36122354285703,0.42224932997646647,0.00023445270959270766,0.09839839828235246,0.3549152258893855,2109,1765,344,5.130813953488372,1.0
3430,199.8254303941984,0.6186545832637722,16.085833192307952,0.0498013411526562,16.085833192307952,0.0498013411526562,13.262665861004962,170.47693134088604,29.348499053312914,0.09086222617124741,171.3369645423736,0.8600332014875676,0.0002441195576178165,0.08819958468057214,0.011743838345864788,3846,3523,323,10.907120743034056,0.0
3431,220.58700729806026,0.6127416869390563,17.69200030554996,0.04914444529319433,17.69200030554996,0.04914444529319433,13.589440268144699,189.30556672437194,31.28144057369466,0.08689289048248516,190.0225582089497,0.7169914845777612,0.00024068193507142033,0.08490124746975154,0.4776335977234112,3339,2979,360,8.275,0.0
3432,172.19036013532263,0.9839449150589865,8.749208482410072,0.04999547704234327,8.749208482410072,0.04999547704234327,7.3430219454805865,156.09812970743508,16.09223042789066,0.09195560244508948,156.65550311809307,0.5573734106579877,0.0002465163249261334,0.08877061152702612,0.2721815994956387,2436,2261,175,12.92,0.0
3433,229.50354722544876,1.2338900388464986,9.545800746521444,0.05132150938990023,9.545800746521444,0.05132150938990023,9.237954660734204,210.71979181819188,18.783755407255647,0.10098793229707337,211.53675384147095,0.8169620232790749,0.0002449661239217616,0.09659566335471936,0.04673674229184144,3521,3335,186,17.93010752688172,0.0
3434,176.07536365470912,2.551816864561002,4.092517811573351,0.05931185234164276,4.092517811573351,0.05931185234164276,1.5059392987549245,170.47690654438316,5.598457110328275,0.08113705956997501,171.3698120228147,0.892905478431544,0.0002438300050331906,0.06819640046223802,0.11060777890816098,3731,3662,69,53.072463768115945,0.0
3435,201.72580674522544,1.6138064539618036,6.470210605059919,0.051761684840479355,6.470210605059919,0.051761684840479355,5.0068311838286945,190.24876495633634,11.477041788888613,0.0918163343111089,190.85560370825544,0.6068387519190992,0.00024225099877009948,0.08696162429575997,0.14393639520221768,2630,2505,125,20.04,0.0
3436,175.90316379884814,0.9161623114523341,9.80045997765684,0.05104406238362938,9.80045997765684,0.05104406238362938,9.52458803145305,156.57811578974236,19.325048009109892,0.10065129171411402,157.38238431109664,0.8042685213542882,0.000244979750640965,0.09646239316537238,0.24308767994773461,3475,3283,192,17.098958333333332,0.0
3437,216.94399448317313,4.093282914776852,3.3770075530959143,0.06371712364331913,3.3770075530959143,0.06371712364331913,2.9136567619248126,210.65333016815498,6.290664315020727,0.11869177952869296,211.57737719062538,0.924047022470404,0.00024259570030727332,0.10125693004807064,0.5269099245437019,3862,3809,53,71.86792452830188,0.0
3438,184.3266865771251,1.3166191898366078,7.383872510207851,0.05274194650148465,7.383872510207851,0.05274194650148465,5.805049433827662,171.13776463309148,13.188921944035513,0.09420658531453938,171.94485999438132,0.8070953612898393,0.0002443522135300755,0.08844161844816978,0.02438978845816564,3443,3303,140,23.59285714285714,0.0
3439,207.34436861734775,0.9826747327836386,10.81632480334862,0.05126220285947213,10.81632480334862,0.05126220285947213,6.794550372587878,189.7334934414131,17.6108751759365,0.08346386339306398,190.6224294970142,0.888936055601107,0.0002456981911556404,0.07925089630489839,0.4218016107497533,3829,3618,211,17.14691943127962,0.0
3440,189.55247180056915,0.5462607256500552,17.053830699235185,0.049146486164942896,17.053830699235185,0.049146486164942896,15.297510046036109,157.20113105530118,32.351340745271294,0.09323152952527751,157.92719953430128,0.7260684790001051,0.0002404200261589752,0.09113911315927341,0.05048909215588537,3367,3020,347,8.703170028818445,0.0
3441,222.48528992096396,1.968896370981982,6.190065917311486,0.0547793444009866,6.190065917311486,0.0547793444009866,4.205670937906689,212.08955306574614,10.395736855218175,0.09199767128511659,212.99371244132783,0.9041593755816848,0.0002434462508297482,0.0839962608817357,0.1280305803123838,3827,3714,113,32.86725663716814,0.0
3442,183.63923063710558,1.1924625366045818,7.938486429581433,0.051548613179100214,7.938486429581433,0.051548613179100214,5.106205496362577,170.5945387111633,13.04469192594401,0.08470579172690916,171.29338264862838,0.6988439374650852,0.0002418145112335935,0.0801678440810208,0.75,3044,2890,154,18.766233766233768,0.0
3443,209.45765332824988,0.8989598855289694,11.548903798247357,0.04956611072209166,11.548903798247357,0.04956611072209166,7.770608171657273,190.13814135835025,19.31951196990463,0.08291636038585679,190.71258084818385,0.574439489833594,0.0002459073158534221,0.08045095485006878,0.07930624652908591,2569,2336,233,10.025751072961373,0.0
3444,161.91255122198834,3.37317815045809,2.894177335586493,0.06029536115805193,2.894177335586493,0.06029536115805193,0.8600332014875676,158.15834068491517,3.7542105370740604,0.07821271952237625,158.844759251764,0.686418566848829,0.00024144163448780478,0.06391233271300696,0.12182427160780662,2891,2843,48,59.229166666666664,0.0
3445,239.26876098161733,0.8927938842597661,13.476605332287312,0.050285840792116836,13.476605332287312,0.050285840792116836,13.382625484123082,212.4095301651996,26.859230816410395,0.10022101050899401,213.3240089840151,0.9144788188154962,0.00024231023286049185,0.09680877611045606,0.47540180610349125,4042,3774,268,14.082089552238806,0.0
3446,184.96842757011063,1.5038083542285416,6.738828851755086,0.05478722643703322,6.738828851755086,0.05478722643703322,5.521645840356314,172.70795287799797,12.2604746921114,0.09967865603342602,173.6518723633028,0.943919485304832,0.00024098021069819556,0.09200451387648646,0.40223338110092755,4040,3917,123,31.84552845528455,0.0
3447,210.66669574196032,0.8598640642528993,12.218194809107533,0.04987018289431646,12.218194809107533,0.04987018289431646,8.139620099490685,190.30888083336913,20.35781490859822,0.08309312207591109,190.9866132157773,0.6777323824081805,0.0002405865752247712,0.08032686745380822,0.2616329458121527,3062,2817,245,11.49795918367347,0.0
3448,178.53810355766097,0.8304097839891208,10.985792896624202,0.051096711147089316,10.985792896624202,0.051096711147089316,9.496601366799723,158.0557092942405,20.482394263423927,0.09526695006243688,158.91574249572807,0.8600332014875676,0.0002441195576178165,0.09126679563689724,0.39852596682874264,3738,3523,215,16.386046511627907,0.0
3449,236.8009154742656,0.9322870687963213,12.44098217634154,0.04898024478874622,12.44098217634154,0.04898024478874622,12.128310122675657,212.23162317524248,24.5692922990172,0.0967294972402252,212.769268332112,0.5376451568695302,0.0011612206411868902,0.09461278402422672,0.02999351503081016,717,463,254,1.8228346456692914,0.0
3450,188.39581293928472,1.345684378137748,7.177734550644165,0.05126953250460118,7.177734550644165,0.05126953250460118,6.602811994735589,174.6152663939032,13.780546545379753,0.0984324753241411,175.1952612538314,0.5799948599282061,0.00024670134407835223,0.09428965489609514,0.29782163206152745,2491,2351,140,16.792857142857144,0.0
3451,195.8164053338661,3.1081969100613667,3.3354076799753924,0.05294297904722845,3.3354076799753924,0.05294297904722845,1.617108193098602,190.8638894607933,4.952515873073994,0.07861136306466658,191.27749163000783,0.41360216921452775,0.00024173125027149487,0.0720462492675916,0.01510910872968907,1774,1711,63,27.158730158730158,0.0
3452,170.19818058349688,1.8106189423776264,4.93560437637145,0.05250642953586649,4.93560437637145,0.05250642953586649,5.944592434352671,159.31798377277528,10.880196810724122,0.11574677458217152,159.85465849332854,0.5366747205532647,0.00024973230365438095,0.11003746904434399,0.7138490935457185,2243,2149,94,22.861702127659573,0.0
3453,244.05872902089573,0.7418198450483153,15.954076920483166,0.04849263501666616,15.954076920483166,0.04849263501666616,16.94321722978475,211.16143487061822,32.89729415026792,0.09999177553272923,211.69908002748775,0.5376451568695302,0.00031222134545268887,0.0983575957246443,0.04340847028731787,2051,1722,329,5.23404255319149,0.0
3454,187.1620839398064,1.450868867750437,6.765940395299009,0.05244915035115511,6.765940395299009,0.05244915035115511,5.917347027886763,174.47879651661924,12.68328742318577,0.09832005754407575,175.16426148346807,0.6854649668488264,0.00024161613212859585,0.09300637563052966,0.13447543931613382,2966,2837,129,21.992248062015506,0.0
3455,197.1146892263905,3.864993906399814,3.019456987490038,0.059205038970392906,3.019456987490038,0.059205038970392906,2.236083947957013,191.85914829094213,5.255540935447051,0.10304982226366767,192.52310559224247,0.6639573013003428,0.0002401292228934332,0.09003105164996152,0.22335745077157299,2816,2765,51,54.21568627450981,0.0
3456,191.91925637692407,0.5467785081963649,17.371199244331155,0.049490596137695596,17.371199244331155,0.049490596137695596,15.02637136360454,159.52168576899055,32.39757060793569,0.09230077096277975,160.37412750519638,0.852441736205833,0.0002441826800933351,0.0898721620277142,0.40520660910476636,3842,3491,351,9.945868945868947,0.0
3457,224.01265535295306,1.6000903953782362,7.112216584957343,0.050801547035409594,7.112216584957343,0.050801547035409594,5.9624385275467375,210.9380002404455,13.07465511250408,0.09339039366074343,211.4953736511036,0.5573734106581014,0.00024629845809019066,0.08940915501321049,0.28360634984915123,2403,2263,140,16.164285714285715,0.0
3458,199.34913132077259,0.7302165982445882,13.71297103225954,0.05023066312182982,13.71297103225954,0.05023066312182982,11.291283531391855,174.34487675712205,25.004254563651394,0.09159067605733111,175.17314947672867,0.8282727196066162,0.00024519618697649976,0.08855671005144292,0.04999734762054686,3651,3378,273,12.373626373626374,0.0
3459,200.70904434301292,1.9115147080286945,5.450509734010628,0.05190961651438693,5.450509734010628,0.05190961651438693,3.3080817394705946,191.95045286953234,8.758591473481221,0.08341515689029734,192.48985387478274,0.5394010052503972,0.0002483430042589306,0.07827800445933505,0.11940847813571054,2277,2172,105,20.685714285714287,0.0
3460,196.2369784740464,0.528940642787187,18.24423578152291,0.04917583768604558,18.24423578152291,0.04917583768604558,17.85121976629739,160.14152292622953,36.0954555478203,0.09729233301299273,160.92615102270292,0.7846280964733978,0.0002457338228854988,0.09517743248340559,0.11102507496070757,3564,3193,371,8.606469002695418,0.0
3461,227.1804801873576,1.195686737828198,9.683760218158973,0.05096715904294196,9.683760218158973,0.05096715904294196,6.100929637505942,211.39579033168604,15.784689855664915,0.08307731502981534,212.170142522118,0.774352190431955,0.0002464520020470894,0.07900177718547159,0.007309892415037211,3332,3142,190,16.53684210526316,0.0
3462,213.12386421467204,0.5074377719396953,20.63500074454926,0.04913095415368871,20.63500074454926,0.04913095415368871,17.795130042518508,174.69373342761003,38.43013078706777,0.09150031139778039,175.4221685813293,0.7284351537192606,0.00023985352443834724,0.0897659419841494,0.2883707304071095,3457,3037,420,7.230952380952381,0.0
3463,251.9952266069057,0.37003704347563243,32.622930541976515,0.047904450135060964,32.622930541976515,0.047904450135060964,27.745016893641605,191.62727917129916,60.36794743561812,0.08864603147667859,192.04102905784703,0.41374988654786193,0.00025956705555072894,0.08803846923503476,0.45586900570071975,2275,1594,681,2.340675477239354,0.0
3464,177.9401246110791,0.9464900245270166,9.629700977661887,0.051221813710967484,9.629700977661887,0.051221813710967484,8.83847471472609,159.47194891869424,18.468175692387977,0.09823497708717009,160.25167064346203,0.7797217247677963,0.00024573644020415897,0.09408752110434616,0.75,3361,3173,188,16.877659574468087,0.0
3465,227.45704147608456,1.1204780368280027,10.362702106646998,0.05104779362880294,10.362702106646998,0.05104779362880294,6.453440484301154,210.64089888512888,16.816142590948154,0.08283814084210914,211.48209723847765,0.8411983533487728,0.00024439231648715074,0.07869430658919657,0.03500390088129279,3645,3442,203,16.95566502463054,0.0
3466,186.4067501211257,1.1578059013734516,8.467717871970018,0.052594520943913155,8.467717871970018,0.052594520943913155,4.343619035611482,173.59541321354288,12.8113369075815,0.07957352116510248,174.48484507559044,0.8894318620475588,0.00024388041185839285,0.07404909966170965,0.632678970099505,3808,3647,161,22.652173913043477,0.0
3467,209.9077558138166,0.870986538646542,11.758534594199594,0.04879059997593192,11.758534594199594,0.04879059997593192,7.969584872720816,190.1796363469008,19.72811946692041,0.08185941687518843,190.59338623344865,0.41374988654786193,0.0034768898029232096,0.080142612366672,0.02995995341757407,360,119,241,0.49377593360995853,0.0
3468,174.58760554052083,0.9863706527713041,9.04624986726782,0.051108756312247566,9.04624986726782,0.051108756312247566,6.072433287871718,159.46892238538487,15.118683155139538,0.08541628901208778,160.1835577285583,0.7146353431734269,0.0002405369717850646,0.08137880119752841,0.13245295819297098,3148,2971,177,16.785310734463277,0.0
3469,225.60334751428968,2.032462590218826,7.615706114294426,0.06860996499364348,7.615706114294426,0.06860996499364348,6.747181047805952,211.24046035218112,14.362887162100378,0.12939537983874214,211.82108335996395,0.5806230077828332,0.00024253258470460868,0.12416454193086243,0.011765649729682082,2505,2366,139,17.02158273381295,1.0
3470,180.34229150214787,2.4704423493444914,3.868902398578165,0.052998662994221436,3.868902398578165,0.052998662994221436,1.9543079976765512,174.51908110589284,5.823210396254716,0.07977000542814679,174.96976755480011,0.4506864489072768,0.00023820636834422665,0.07359621845681862,0.07582175544234815,1965,1892,73,25.91780821917808,0.0
3471,218.08833723769442,0.6836624991777255,15.851818341809107,0.04969222050723858,15.851818341809107,0.04969222050723858,11.017986834364592,191.21853206152764,26.8698051761737,0.08423136418863228,192.05354495520032,0.8350128936726833,0.00024394183279949849,0.0816137689106398,0.09430614246059577,3742,3423,319,10.730407523510971,0.0
3472,183.86600207475794,0.7099073439179844,12.787909629910168,0.04937416845525161,12.787909629910168,0.04937416845525161,10.860434790374256,160.21765765447526,23.648344420284424,0.09130634911306727,160.81578921009134,0.598131555616078,0.00024304411036817474,0.08899696086743863,0.30482929610639076,2720,2461,259,9.501930501930502,0.0
3473,229.53366563750137,1.4904783482954636,8.043991101751157,0.05223370845292959,8.043991101751157,0.05223370845292959,6.245544714246989,215.24412982149738,14.289535815998146,0.09278919361037757,216.10933721863194,0.8652073971345544,0.00024365175926064614,0.08717096375889244,0.28324575390604423,3705,3551,154,23.058441558441558,0.0
3474,189.94131200211564,1.2175725128340746,8.238935969266572,0.05281369211068316,8.238935969266572,0.05281369211068316,5.6956897371752575,176.0066862956728,13.93462570644183,0.0893245237592425,176.918147836064,0.9114615403912012,0.00024299161300751833,0.08348182157725403,0.3647471452776472,3907,3751,156,24.044871794871796,0.0
3475,205.6287487900173,1.3181330050642135,7.7884265247582665,0.04992581105614274,7.7884265247582665,0.04992581105614274,6.1066569566339695,191.73366530863177,13.895083481392236,0.08907104795764254,192.18158547111784,0.4479201624860707,0.00023889075332590438,0.0861997648647402,0.21488841899326871,2031,1875,156,12.01923076923077,0.0
3476,178.570189164162,0.9865756307412266,9.138398237640734,0.05048838805326372,9.138398237640734,0.05048838805326372,7.742962482524831,161.68882844399752,16.881360720165567,0.09326718629925727,162.3240155136151,0.6351870696175865,0.00024216052978177146,0.08975786547263477,0.20810933832922274,2804,2623,181,14.491712707182321,0.0
3477,229.95251707823797,1.4646657138741273,8.03739497474361,0.05119359856524592,8.03739497474361,0.05119359856524592,7.200746756456283,214.71437534703148,15.238141731199892,0.09705822758726046,215.43470473092054,0.7203293838890659,0.00023979007453031487,0.09247014233960148,0.75,3161,3004,157,19.133757961783438,0.0
3478,201.50887787794875,0.6628581509143051,14.819362846071018,0.04874790409891782,14.819362846071018,0.04874790409891782,11.221412726623498,175.46810230525784,26.040775572694514,0.0856604459628109,175.9160005941652,0.4478982889073677,0.0024609796093811413,0.08418709632823532,0.27704777348367315,486,182,304,0.5986842105263158,0.0
3479,222.6481962338686,0.5859163058786016,18.58121685168177,0.04889793908337308,18.58121685168177,0.04889793908337308,12.941176692280806,191.12580268991587,31.522393543962576,0.08295366722095415,191.79328200137502,0.6674793114591466,0.00023975549980572794,0.08119714271708835,0.10323599196067335,3164,2784,380,7.326315789473684,0.0
3480,170.13101994809028,1.6517574752241775,5.540104139682448,0.05378741883186843,5.540104139682448,0.05378741883186843,3.2503902959100515,161.3405255124984,8.7904944355925,0.08534460617080097,162.05303078256532,0.712505270066913,0.00024095545149371424,0.07842707927694144,0.18511377793788597,3060,2957,103,28.70873786407767,0.0
3481,420.2494430157842,0.19804403535145346,100.66485498561224,0.04743866870198503,100.66485498561224,0.04743866870198503,105.01675799871555,214.56783003141936,205.68161298432778,0.09692818708026757,214.93638309851576,0.3685530670963999,0.000504176562375376,0.09675450514480134,0.3014771561189491,2853,731,2122,0.34448633364750236,0.0
3482,185.43294754943213,1.3634775555105303,6.827813595499228,0.050204511731611966,6.827813595499228,0.050204511731611966,3.751880556536662,174.85325339739484,10.57969415203589,0.07779186876496978,175.3011516863022,0.4478982889073677,0.00026192882392243725,0.07449849899360238,0.025021981845497976,1846,1710,136,12.573529411764707,0.0
3483,201.08371229356567,1.6216428410771424,6.778043721863272,0.05466164291825219,6.778043721863272,0.05466164291825219,2.635914864326651,191.66975370738373,9.413958586189922,0.07591902085637034,192.61367319268857,0.943919485304832,0.0002410417480349418,0.06830676694255727,0.27096535208909245,4040,3916,124,31.580645161290324,0.0
3484,167.03107036364304,2.530773793388531,3.9331568875334977,0.05959328617474997,3.9331568875334977,0.05959328617474997,1.6663784529006307,161.43153502321024,5.599535340434128,0.08484144455203224,162.29887666164188,0.8673416384316397,0.0005288668527022193,0.07169990457577508,0.07144663248232064,1706,1640,66,24.848484848484848,0.0
3485,231.15283773287956,1.2700705369938436,8.862028468664908,0.04869246411354345,8.862028468664908,0.04869246411354345,8.196479437744983,214.09432982646058,17.058507906409893,0.09372806541983458,214.46288289355698,0.3685530670963999,0.000458399337184577,0.09170304856770649,0.10606623854187092,986,804,182,4.417582417582418,0.0
3486,197.64112127259557,0.7572456753739294,12.916174980363385,0.04948726046116239,12.916174980363385,0.04948726046116239,9.105651126888688,175.61929516534724,22.021826107252075,0.08437481267146389,176.21424333372522,0.5949481683779823,0.0002439311883468562,0.08209531777344961,0.2819811068894751,2700,2439,261,9.344827586206897,0.0
3487,209.92567790599014,1.0990873188795296,9.582310169100559,0.05016916318900816,9.582310169100559,0.05016916318900816,6.128546493850536,194.21482124304475,15.710856662951095,0.08225579404686437,194.832157528155,0.6173362851102411,0.0002418081806150572,0.07902366689966046,0.12148310229861181,2744,2553,191,13.366492146596858,0.0
3488,178.44119688158946,0.9012181660686337,10.168546271721855,0.05135629430162553,10.168546271721855,0.05135629430162553,7.807285043347065,160.4653655665203,17.97583131506892,0.09078702684378243,161.33270720495193,0.8673416384316397,0.0004312986764950968,0.08640651351837138,0.4566390089599963,2209,2011,198,10.156565656565656,0.0
3489,225.4971815916674,1.7616967311849017,6.61658207477451,0.05169204745917586,6.61658207477451,0.05169204745917586,4.495154409580209,214.38544510730844,11.111736484354719,0.08681044128402124,215.04695296098976,0.6615078536813144,0.00024054831042956887,0.0816424111771692,0.20430612910183754,2878,2750,128,21.484375,0.0
3490,191.1324242825499,1.0112826681616396,9.494752613761301,0.050236786316197365,9.494752613761301,0.050236786316197365,6.67029051342513,174.96738115536482,16.16504312718643,0.08552932871527211,175.5655127109809,0.598131555616078,0.00024304411036817474,0.08236461148978304,0.75,2650,2461,189,13.02116402116402,0.0
3491,225.09479567848803,0.6067245166536065,18.052703536082582,0.04865957826437354,18.052703536082582,0.04865957826437354,12.60059737787924,194.44149476453072,30.65330091396182,0.08262345259827984,194.95970303308172,0.5182082685510068,0.00024961862646965643,0.08122666481241592,0.014027829883616505,2447,2076,371,5.595687331536388,0.0
3492,190.94532673930973,0.6023511884520811,15.678535903468187,0.049459103796429614,15.678535903468187,0.049459103796429614,14.505050708957015,160.76174012688602,30.183586612425202,0.0952163615533918,161.53254075609664,0.770800629210612,0.00024665620134739583,0.09278481382717066,0.25778424361203633,3442,3125,317,9.858044164037855,0.0
3493,237.71659913366352,1.0518433589985112,11.088883766743885,0.049065857374972946,11.088883766743885,0.049065857374972946,11.798234958711419,214.82948040820384,22.887118725455302,0.1012704368382978,215.3916680594116,0.5621876512077506,0.0002453896338750548,0.09878288085952183,0.04267554300611209,2517,2291,226,10.13716814159292,0.0
3494,183.40856604001385,1.6826473948625125,5.559649116304964,0.051005955195458384,5.559649116304964,0.051005955195458384,2.737094743849866,175.11182217985856,8.29674386015483,0.07611691614820945,175.57990347017198,0.46808129031342105,0.00024016484880113958,0.07182259238387034,0.4723633202872861,2058,1949,109,17.880733944954127,0.0
3495,203.32931502384224,1.6804075621805143,6.120022666581174,0.050578699723811356,6.120022666581174,0.050578699723811356,3.499830627496067,193.70946172976835,9.619853294077242,0.07950291978576232,194.14933956840912,0.43987783864076846,0.000239194039500146,0.07586756574738118,0.4774181964079389,1960,1839,121,15.198347107438016,0.0
3496,178.3389241216853,0.853296287663566,10.396409020877812,0.04974358383195125,10.396409020877812,0.04974358383195125,7.674501727598113,160.26801337320785,18.070910748475924,0.08646368779175083,160.84245286304144,0.574439489833594,0.0002464347875733994,0.08371517348633421,0.5089339457582582,2540,2331,209,11.15311004784689,0.0
3497,228.85535240089723,1.486073716888943,8.094033990849027,0.05255866227824044,8.094033990849027,0.05255866227824044,6.615894166897988,214.14542424314357,14.709928157747015,0.09551901401134426,215.05826754353473,0.9128433003911596,0.00024277747350828711,0.08959146011274355,0.019453967067988742,3914,3760,154,24.415584415584416,0.0
3498,191.29080856412122,1.250266722641315,8.06867198144316,0.052736418179367056,8.06867198144316,0.052736418179367056,6.681712545194046,176.54042403748667,14.750384526637205,0.09640774200416474,177.41283578058483,0.8724117430981551,0.00024389481216051303,0.09070570446755813,0.16914527038420601,3730,3577,153,23.37908496732026,0.0
3499,225.3857172195294,0.6091505870798092,18.0974972860935,0.04891215482727973,18.0974972860935,0.04891215482727973,12.42989163901484,194.85832829442506,30.52738892510834,0.08250645655434687,195.45073947613628,0.5924111817112134,0.00024389097641466177,0.08090534525241383,0.06890274443696853,2799,2429,370,6.564864864864865,0.0
3500,222.05714255586736,0.3354337500843918,31.267485719176804,0.047231851539542,31.267485719176804,0.047231851539542,30.954705955555596,159.83495088115228,62.2221916747324,0.09399122609476193,159.86438181792607,0.029430936773792382,0.029430936773792382,0.09394676848631614,0.75,663,1,662,0.0015105740181268882,0.0
3501,232.793719429956,1.6166230515969167,7.206817750056646,0.05004734548650449,7.206817750056646,0.05004734548650449,8.98687545797111,216.6000262219253,16.193693208027756,0.11245620283352609,217.12371275514295,0.5236865332176421,0.0002506876654943237,0.10881949079731296,0.012915633933630488,2233,2089,144,14.506944444444445,0.0
3502,185.14196156530545,2.404441059289681,4.357198991144981,0.056586999884999746,4.357198991144981,0.056586999884999746,2.859528135096866,177.9252344390651,7.216727126241847,0.09372372891223178,178.6960350682757,0.770800629210612,0.0002468932188374798,0.08371333113025643,0.06298432371693252,3199,3122,77,40.54545454545455,0.0
3503,236.39036862566957,0.4966184214824991,22.99678488077003,0.048312573278928635,22.99678488077003,0.048312573278928635,18.931282721459866,194.46230102344578,41.928067602229895,0.08808417563493676,194.9303823137592,0.46808129031342105,0.0002406587610865918,0.08710081157964364,0.2577271823730598,2421,1945,476,4.086134453781512,0.0
3504,177.38615249025918,0.8781492697537583,9.774411794841274,0.048388177202184524,9.774411794841274,0.048388177202184524,7.353363393741688,160.25837730167575,17.127775188582962,0.08479096628011368,160.55008469875838,0.29170739708263227,0.00026303642658488034,0.08334687025495444,0.1290755622268307,1311,1109,202,5.49009900990099,0.0
3505,228.5286077372998,2.197390459012498,5.492240191956542,0.052810001845735983,5.492240191956542,0.052810001845735983,6.194129757657038,216.84223778768342,11.68636994961358,0.1123689418232075,217.51226045460976,0.6700226669263429,0.00023937930222448837,0.105926416179712,0.06696986128599747,2903,2799,104,26.91346153846154,0.0
3506,193.26206198309978,1.03904334399516,9.224708498756977,0.049595206982564394,9.224708498756977,0.049595206982564394,5.948718738730008,178.08863474561872,15.173427237486985,0.08157756579294077,178.53614191553913,0.4475071699204136,0.00023930864701626398,0.07917161326645511,0.15362771677109777,2056,1870,186,10.053763440860216,0.0
3507,217.17340270546606,0.8756992044575245,12.236303165496775,0.049339932118938605,12.236303165496775,0.049339932118938605,9.71325588599575,195.22384365397602,21.949559051492525,0.08850628649795372,195.8025066739042,0.5786630199281717,0.0002473976143344043,0.08617296786920109,0.40394108016357677,2587,2339,248,9.431451612903226,0.0
3508,183.62025033589237,0.7619097524310886,12.028808994979947,0.049912070518588994,12.028808994979947,0.049912070518588994,10.497389445845215,161.09405189506685,22.526198440825162,0.09346970307396332,161.81072209964464,0.7166702045777811,0.00023984946605682097,0.09049596778526028,0.14859646146885552,3229,2988,241,12.398340248962656,0.0
3509,241.32773290344346,0.9653109316137738,12.283984294706537,0.049135937178826146,12.283984294706537,0.049135937178826146,12.346350201205041,216.6973984075256,24.630334495911576,0.0985213379836463,217.31926052161714,0.6218621140915275,0.00024140610019081035,0.0960338895273053,0.4855105521094174,2826,2576,250,10.304,0.0
3510,211.3841283599288,0.625396829467245,16.770731620646366,0.04961754917350996,16.770731620646366,0.04961754917350996,16.09352031199853,178.51987642729216,32.8642519326449,0.09723151459362396,179.16625162891285,0.6463752016206854,0.00024208809049463872,0.09531916192608272,0.1481301168829532,3008,2670,338,7.899408284023669,0.0
3511,204.68798284504874,1.8778714022481535,5.839521364323744,0.05357359049838297,5.839521364323744,0.05357359049838297,3.483468230815106,195.3649932499104,9.32298959513885,0.08553201463430138,196.12746525697457,0.7624720070641615,0.00024643568424827456,0.07853685860618498,0.03159124096146115,3203,3094,109,28.38532110091743,0.0
3512,203.92370811288788,0.48437935418738215,20.448718148646194,0.048571777075169104,20.448718148646194,0.048571777075169104,20.78710842401813,162.6878815402349,41.23582657266432,0.09794733152651858,163.3201670946503,0.6322855544153754,0.00024253377614705615,0.09644546560151447,0.17197690678949584,3028,2607,421,6.192399049881235,0.0
3513,248.37288126689498,0.7326633665690118,16.140542553056953,0.04761221992052198,16.140542553056953,0.04761221992052198,15.529652960392013,216.70268575343505,31.670195513448967,0.09342240564439223,216.9895969437356,0.28691119030054324,0.0002651674586881176,0.09257605995032267,0.26487650354818015,1421,1082,339,3.191740412979351,0.0
3514,197.29381195425026,1.0550471227500013,9.722637767578535,0.05199271533464457,9.722637767578535,0.05199271533464457,8.047578601069176,179.52359558560772,17.77021636864771,0.09502789501950647,180.37313127571826,0.8495356901105424,0.00024376920806615278,0.09048492341460959,0.027075465260736564,3672,3485,187,18.636363636363637,0.0
3515,225.71406570301906,0.6269835158417196,17.564914505169998,0.04879142918102777,17.564914505169998,0.04879142918102777,12.618515881039457,195.53063531681346,30.183430386209455,0.08384286218391515,196.04884358536447,0.5182082685510068,0.00024997986905499604,0.08240339477126277,0.13290106456270223,2433,2073,360,5.758333333333334,0.0
3516,184.44976453036372,0.8579058815365754,10.312721279600652,0.04796614548651466,10.312721279600652,0.04796614548651466,11.302566480854807,162.8344767699084,21.61528776045546,0.1005362221416533,163.07841031215412,0.2439335422457134,0.00024689629781954797,0.0994016475265563,0.20362032237028416,1203,988,215,4.595348837209302,0.0
3517,235.3065364245715,1.4347959538083628,8.551777853648975,0.05214498691249375,8.551777853648975,0.05214498691249375,8.736970823437105,218.01778774748163,17.28874867708608,0.10541919925052487,218.93542870092688,0.9176409534452432,0.00024237743091527818,0.09982382758319895,4.2432470422681945e-05,3950,3786,164,23.085365853658537,0.0
3518,192.12434933845066,1.343526918450704,7.671904718648502,0.05364968334719232,7.671904718648502,0.05364968334719232,4.345005934843471,180.10743868496377,12.016910653491973,0.0840343402342096,181.023548758409,0.9161100734452248,0.0002425496620188575,0.07762797608420743,0.02382382037944808,3920,3777,143,26.412587412587413,0.0
3519,202.01585549983156,2.8859407928547367,3.8184789609983283,0.05454969944283326,3.8184789609983283,0.05454969944283326,1.0031504477035469,197.19422609113076,4.821629408701876,0.0688804201243125,197.77422095105885,0.5799948599280924,0.0002473325628691226,0.06059477926818155,0.23171363072788154,2415,2345,70,33.5,0.0
3520,189.9685560385982,0.6958555166249019,13.645920940153228,0.04998505838883967,13.645920940153228,0.04998505838883967,13.176614636432532,163.14602046201549,26.82253557658576,0.0982510460680797,163.97781523251354,0.8317947704980497,0.0002449336780029593,0.09520417877686688,0.24128238770288135,3669,3396,273,12.43956043956044,0.0
3521,238.77422593668052,1.1590981841586434,10.510808726737075,0.05102334333367512,10.510808726737075,0.05102334333367512,9.492184334076,218.7712328758605,20.002993060813075,0.0971019080621994,219.67047176706114,0.899238891200639,0.00024297187008933777,0.09273667072630766,0.09081628078058657,3907,3701,206,17.966019417475728,0.0
3522,197.80453459699186,1.1774079440297134,8.784168743436314,0.05228671871093044,8.784168743436314,0.05228671871093044,7.26919369266011,181.75117216090007,16.053362436096425,0.09555572878628824,182.55369564730438,0.8025234864043114,0.0002448957846824264,0.09077880327194927,0.17749081556951296,3445,3277,168,19.50595238095238,0.0
3523,214.83208374124138,1.1612545067094129,9.532447733671049,0.05152674450632999,9.532447733671049,0.05152674450632999,7.011382397103716,198.28825361047052,16.543830130774765,0.08942610881499873,199.1294519638193,0.8411983533487728,0.000244321334112336,0.08487909068876802,0.05793612366835532,3628,3443,185,18.61081081081081,0.0
3524,176.97746031042902,1.0661292789784882,8.621048464890903,0.05193402689693315,8.621048464890903,0.05193402689693315,4.983124939332583,163.37328690620416,13.604173404223486,0.0819528518326716,164.23332010769172,0.8600332014875676,0.00024405028419056967,0.0767719289321524,0.27828510629092307,3690,3524,166,21.228915662650603,0.0
3525,257.4577755715484,0.6159276927549004,20.377754679446475,0.048750609280972426,20.377754679446475,0.048750609280972426,18.673261170556316,218.40675972153235,39.05101585000279,0.09342348289474352,219.18305225643007,0.7762925348977205,0.00042007171801824707,0.09156632372037873,0.75,2266,1848,418,4.421052631578948,0.0
3526,194.18699896095177,1.3675140771898011,7.637441382298475,0.05378479846689067,7.637441382298475,0.05378479846689067,4.720810381850924,181.82874719680603,12.358251764149399,0.0870299420010521,182.7256924261078,0.8969452293017639,0.00024386765342625447,0.0807134263017181,0.11288085234696155,3820,3678,142,25.901408450704224,0.0
3527,372.2678841518057,0.21419325900564193,82.30817015377082,0.047357980525759964,82.30817015377082,0.047357980525759964,91.5116516666069,198.44806233146983,173.8198218203777,0.10001140495994115,198.6100144258246,0.1619520943547741,0.0002773152300595447,0.09991822193669797,0.013950918853197436,2322,584,1738,0.33601841196777904,0.0
3528,174.30610532328717,1.351210118785172,6.389122545978942,0.04952808175177474,6.389122545978942,0.04952808175177474,4.623546827637256,163.29343594966906,11.012669373616198,0.08536953002803255,163.6530140613644,0.3595781116953276,0.0002497070220106442,0.08258210280560296,0.06305238682250547,1569,1440,129,11.162790697674419,0.0
3529,252.9835738851948,0.6486758304748584,19.06077320344691,0.048873777444735665,19.06077320344691,0.048873777444735665,15.857419897548198,218.06538078418816,34.91819310099511,0.08953382846409003,218.84167331908588,0.7762925348977205,0.0005572810731498353,0.08754333478489465,0.15149477932152422,1783,1393,390,3.571794871794872,0.0
3530,203.60604427025737,0.9836040786002772,10.48965050918724,0.050674640141001155,10.48965050918724,0.050674640141001155,9.672164606833348,183.4442291542441,20.161815116020588,0.09740007302425405,184.0815088762513,0.6372797220071789,0.0002423116813715509,0.09432142702418396,0.20533086015893787,2837,2630,207,12.705314009661835,0.0
3531,227.55741528408498,0.7485441292239637,15.104661734127076,0.04968638728331275,15.104661734127076,0.04968638728331275,12.821155388422312,199.63159816153916,27.92581712254939,0.09186124053470195,200.2990774729983,0.6674793114591466,0.00024001413572784849,0.08966558490489038,0.24173682677701436,3085,2781,304,9.148026315789474,0.0
3532,177.04540818558826,1.500384815132104,8.435737354549246,0.07148929961482413,8.435737354549246,0.07148929961482413,5.244404138377831,163.3652666926596,13.680141492927078,0.11593340248243286,164.21770842886542,0.852441736205833,0.0002423086231398047,0.10870931997222742,0.16020210673332258,3636,3491,145,24.075862068965517,1.0
3533,224.78361191014528,3.567993839843576,3.6225082551482246,0.0575001310340988,3.6225082551482246,0.0575001310340988,2.913263320584065,218.24784033440983,6.535771575732289,0.10374240596400458,218.96451053898772,0.7166702045778948,0.00024009052079661467,0.09236668843107235,0.26762810824516237,3048,2985,63,47.38095238095238,0.0
3534,191.09650308946686,1.9499643172394578,5.342530471641738,0.05451561705756876,5.342530471641738,0.05451561705756876,2.6566499110144832,183.097322706814,7.999180382656221,0.08162428961894104,183.8119580499873,0.7146353431733132,0.00024053697178502633,0.07433209223958728,0.31461912768179445,3069,2971,98,30.316326530612244,0.0
3535,218.6676864807731,0.9265579935625979,11.9105244148922,0.0504683237919161,11.9105244148922,0.0504683237919161,7.13720709089398,199.6199549749889,19.04773150578618,0.08071072671943297,200.3345903181622,0.7146353431733132,0.00024069900410013918,0.07768261085852077,0.03026617313935276,3205,2969,236,12.580508474576272,0.0
3536,177.48881368561786,1.33450235853848,6.455377001660171,0.04853666918541482,6.455377001660171,0.04853666918541482,4.761111290419308,166.27232539353872,11.216488292079479,0.0843344984366878,166.52123096193793,0.2489055683992092,0.00024402506705804822,0.08246302799759342,0.35607170634227714,1153,1020,133,7.669172932330827,0.0
3537,222.94303711590396,4.4588607423180795,2.9436972728063378,0.05887394545612676,2.9436972728063378,0.05887394545612676,1.327898325336264,218.67144151775915,4.271595598142602,0.08543191196285203,219.31905706156635,0.6476155438072055,0.0002412874604348754,0.07247960108675215,0.06267593835173102,2734,2684,50,53.68,0.0
3538,197.90634101094042,1.27681510329639,7.84232463615761,0.050595642813920066,7.84232463615761,0.050595642813920066,6.229324380671187,183.83469199411502,14.071649016828797,0.0907848323666374,184.320005986782,0.48531399266698827,0.0002381324792281591,0.08765377434940913,0.10439344878022894,2193,2038,155,13.148387096774194,0.0
3539,208.21600123348514,1.7207933986238442,6.354193705066065,0.05251399756252946,6.354193705066065,0.05251399756252946,2.3527872893996573,199.50902023902142,8.706980994465722,0.07195852061541919,200.18050709819602,0.6714868591745926,0.00023973111716336758,0.066409042440406,0.4428185123518915,2922,2801,121,23.14876033057851,0.0
3540,186.32871059305273,0.9410540939043067,9.820730721304832,0.04959965010760016,9.820730721304832,0.04959965010760016,10.404602400726276,166.10337747102608,20.22533312203111,0.1021481470809652,166.64087139157937,0.5374939205532883,0.00024941713250732633,0.09943353132057256,0.75,2353,2155,198,10.883838383838384,0.0
3541,228.83928714846593,1.9727524754178096,5.928420662828304,0.051107074679554346,5.928420662828304,0.051107074679554346,4.269497491422271,218.64136899421464,10.197918154250576,0.0879130875366429,219.19732252864787,0.5559535344332289,0.00024720032655990617,0.08312038465360391,0.08632199264945939,2365,2249,116,19.387931034482758,0.0
3542,197.54515899557873,1.717783991265902,6.279663180213485,0.05460576678446509,6.279663180213485,0.05460576678446509,5.421016219381272,185.8444795959856,11.700679399594758,0.10174503825734572,186.65278775727552,0.808308161289915,0.00024412810670187707,0.09471627163741923,0.18452833685114456,3426,3311,115,28.791304347826088,0.0
3543,226.08119479394213,0.8435865477385901,15.85835144878189,0.05917295316709661,15.85835144878189,0.05917295316709661,11.17874658359051,199.0440967615732,27.0370980323724,0.10088469415064327,199.87075965537906,0.8266628938058602,0.00024335086658989113,0.0978001311140413,0.30274604270266536,3665,3365,300,11.216666666666667,1.0
3544,186.39717323471484,0.9004694359164969,10.539844382718357,0.050917122621827814,10.539844382718357,0.050917122621827814,9.566486631815224,166.29084222018685,20.10633101453358,0.09713203388663566,167.1289579890979,0.8381157689110523,0.00024427740277209334,0.09308316543776302,0.011714761331973023,3638,3431,207,16.57487922705314,0.0
3545,226.2993083811523,3.377601617629139,3.4746948579435823,0.05186111728274004,3.4746948579435823,0.05186111728274004,3.417480741017471,219.407132782193,6.892175598961053,0.10286829252180676,219.81534954874087,0.4082167665478664,0.000722507551412153,0.09677550496136444,0.04482813242668726,632,565,67,8.432835820895523,0.0
3546,198.8550733131624,1.6852124857047661,6.3280104533901955,0.0536272072321203,6.3280104533901955,0.0536272072321203,6.175335212188429,186.35172764758613,12.503345665578625,0.10596055648795445,187.06423291765304,0.712505270066913,0.0002407112398874706,0.09992237623313008,0.03783633425655353,3078,2960,118,25.084745762711865,0.0
3547,241.88716327715565,0.7093465198743567,18.915345863719033,0.05547022247424936,18.915345863719033,0.05547022247424936,20.926452627223853,202.0453647862173,39.841798490942885,0.116838118741768,202.73969441131294,0.6943296250956337,0.0002386832674787328,0.11480196148340971,0.3154500186687983,3250,2879,371,7.7601078167115904,1.0
3548,181.54886651910772,1.1637747853788956,7.67368792708165,0.04919030722488237,7.67368792708165,0.04919030722488237,6.898751801655749,166.97642679037494,14.572439728737399,0.09341307518421409,167.35076782475915,0.3743410343842015,0.0002459533734455989,0.09101345316890111,0.31963735851411457,1678,1522,156,9.756410256410257,0.0
3549,487.57421454710595,0.17425811813692135,132.2764792987506,0.04727536786946054,132.2764792987506,0.04727536786946054,136.59180757558443,218.70592767272512,268.868286874335,0.0960930260451519,219.114144439273,0.4082167665478664,0.0003543548320728007,0.09594713013146282,0.028281398028411786,3950,1152,2798,0.411722659042173,0.0
3550,222.8120653277149,0.6241234322905179,17.775778693702545,0.04979209718123962,17.775778693702545,0.04979209718123962,18.58317574450166,186.45311088951735,36.35895443820421,0.10184581075127229,187.10363337650801,0.650522486990667,0.00024174005462306464,0.10002361891094363,0.23594873600984556,3048,2691,357,7.53781512605042,0.0
3551,218.3134803023877,1.732646669066569,6.813325793583237,0.054074014234787596,6.813325793583237,0.054074014234787596,4.715312986683102,206.78484152212263,11.52863878026634,0.09149713317671698,207.59632667865617,0.8114851565335357,0.00024464430404990523,0.08505677479151999,0.05192319556090297,3443,3317,126,26.325396825396826,0.0
3552,187.00023082212635,1.0685727475550078,9.11045900138512,0.05205976572220069,9.11045900138512,0.05205976572220069,10.155753832035316,167.73401798871168,19.266212833420436,0.11009264476240249,168.64849680752707,0.9144788188153825,0.0002423102328604617,0.10486705151199593,0.6655885588762658,3949,3774,175,21.565714285714286,0.0
3553,244.3074236308148,0.8338137325283782,14.093684593556917,0.0481013126059963,14.093684593556917,0.0481013126059963,12.177819082211272,218.03591995504144,26.271503675768187,0.08966383507088119,218.3996479793966,0.3637280243551686,0.00024810915713176576,0.08842244249630787,0.12476399378454062,1759,1466,293,5.003412969283277,0.0
3554,218.76933374015732,0.6794078687582525,16.11710462748617,0.05005311996113718,16.11710462748617,0.05005311996113718,15.864203334951526,186.78802577772524,31.981307962437697,0.09932083218148353,187.45487980918426,0.6668540314590246,0.00024082846928819956,0.09724985692848775,0.15268267311478212,3091,2769,322,8.599378881987578,0.0
3555,228.44821222455164,0.9721200520193687,12.08006149598833,0.05140451700420566,12.08006149598833,0.05140451700420566,10.047595173859463,206.32055555470595,22.127656669847795,0.09416024114828848,207.25113211798055,0.9305765632745988,0.00024227455435423036,0.09020034087902593,0.3801512613554223,4076,3841,235,16.34468085106383,0.0
3556,185.268795334444,1.4251445794957232,6.65819409395032,0.051216877645771694,6.65819409395032,0.051216877645771694,8.918055280901399,169.6925459595974,15.57624937485172,0.11981730288347477,170.266985449431,0.574439489833594,0.0002465405535766498,0.11539853757702322,0.3153898107941586,2460,2330,130,17.923076923076923,0.0
3557,227.94708504564846,2.5049130224796534,5.147837207026356,0.05656963963765226,5.147837207026356,0.05656963963765226,4.439721930209089,218.3595259084134,9.587559137235445,0.10535779271687302,219.29727535985398,0.9377494514405953,0.0002411286838366149,0.09505285369004923,0.02850664143272752,3980,3889,91,42.73626373626374,0.0
3558,593.7642301468892,0.14929952983326356,189.03481105411709,0.04753201183156074,189.03481105411709,0.04753201183156074,218.1323966093646,186.59702248349492,407.1672076634817,0.10238048973182844,186.64241385769185,0.04539137419692452,0.0006217996465332125,0.10236907626079893,0.13380961210702935,4050,73,3977,0.01835554438018607,0.0
3559,214.97434255393614,1.8532270909822082,6.333505328055007,0.054599183862543164,6.333505328055007,0.054599183862543164,2.187317410343667,206.45351981553836,8.520822738398675,0.07345536843447133,207.26182797682827,0.808308161289915,0.0002442018614168928,0.06648719463024023,0.6530482150407124,3426,3310,116,28.53448275862069,0.0
3560,186.02212623896605,1.3986626033004967,7.041887180789728,0.052946520156313744,7.041887180789728,0.052946520156313744,9.982835459700937,168.99740359848067,17.024722640490666,0.12800543338714787,169.81324576739178,0.8158421689111037,0.0005673450409673878,0.12187128174115996,0.45421738236984766,1571,1438,133,10.81203007518797,0.0
3561,241.06005097910952,0.8928150036263316,13.509578761455463,0.05003547689427949,13.509578761455463,0.05003547689427949,9.577255314670992,217.9732169029778,23.086834076126458,0.08550679287454244,218.82275259308835,0.8495356901105424,0.00024362939205923212,0.08236036439267098,0.22217564464415318,3757,3487,270,12.914814814814815,0.0
3562,201.12081663633626,1.3145151414139624,8.020964293472211,0.05242460322530857,8.020964293472211,0.05242460322530857,7.196406020818813,185.90344632204688,15.217370314291024,0.09945993669471258,186.61463575211383,0.7111894300669519,0.00024124471847589957,0.09481163976615968,0.3697616448257577,3101,2948,153,19.26797385620915,0.0
3563,220.4981004521045,2.041649078260227,5.975713169663058,0.055330677496880164,5.975713169663058,0.055330677496880164,5.293301635906801,209.2290856465387,11.269014805569858,0.1043427296812024,210.09066892802628,0.861583281487583,0.00024372935827088628,0.09636510670442797,0.1496887177214603,3643,3535,108,32.73148148148148,0.0
3564,176.6605850582913,2.523722643689876,4.0793863428623585,0.05827694775517655,4.0793863428623585,0.05827694775517655,4.5939913240956685,167.98720739133626,8.673377666958027,0.12390539524225752,168.80304956024736,0.8158421689111037,0.00040771722584263055,0.1122505071149135,0.26857019995304654,2071,2001,70,28.585714285714285,0.0
3565,237.878248687182,0.9184488366300464,12.47194318284844,0.04815422078319861,12.47194318284844,0.04815422078319861,8.121573473739318,217.2847320305881,20.59351665658776,0.07951164732273266,217.62016992242468,0.335437891836591,0.0002533518820518059,0.07821652032724838,0.75,1583,1324,259,5.111969111969112,0.0
3566,196.73090981797122,1.6814607676749678,6.52243887119264,0.055747340779424275,6.52243887119264,0.055747340779424275,4.703414652978381,185.50505629380268,11.225853524171022,0.09594746601855575,186.44530494524315,0.94024865144047,0.00024121309682926373,0.08791115275835959,0.03615126699821758,4015,3898,117,33.31623931623932,0.0
3567,232.66493744057743,1.118581430002776,10.470212041458783,0.05033755789162876,10.470212041458783,0.05033755789162876,11.739422255355521,210.45530314376697,22.209634296814304,0.10677708796545339,211.1417217106159,0.6864185668489426,0.0002411871281970986,0.10347699870173808,0.17270180116133815,3054,2846,208,13.682692307692308,0.0
3568,206.86691137737796,0.5304279778907127,19.11686972274547,0.049017614673706335,19.11686972274547,0.049017614673706335,19.718479738232418,168.03156191641722,38.83534946097789,0.09957781913071254,168.7379620054279,0.7064000890106854,0.00024109218054972197,0.097766536851154,0.18894952309858581,3320,2930,390,7.512820512820513,0.0
3569,233.6106272476345,1.4072929352267138,8.702628859890943,0.052425475059584,8.702628859890943,0.052425475059584,5.701514175681041,219.20648421205306,14.404143035571984,0.08677194599742159,220.13751389532763,0.9310296832745735,0.0002417630961502398,0.08116333344763182,0.012447712650669018,4017,3851,166,23.198795180722893,0.0
3570,207.5026428461416,0.8982798391607862,11.945425570941856,0.0517117990084063,11.945425570941856,0.0517117990084063,8.97706800846413,186.58014926673775,20.922493579405987,0.0905735652788138,187.44018246822532,0.8600332014875676,0.0002441888703826143,0.08685047782647747,0.6845305184477866,3753,3522,231,15.246753246753247,0.0
3571,213.60422801568086,7.120140933856029,2.033798701475076,0.06779329004916919,2.033798701475076,0.06779329004916919,1.7709377068081267,209.79949160739864,3.8047364082832025,0.12682454694277343,210.43880716940578,0.6393155620071411,0.00024253245903154064,0.10551402820916943,0.45630234902023403,2666,2636,30,87.86666666666666,0.0
3572,185.20513017451594,1.1156935552681684,8.652853745845832,0.05212562497497489,8.652853745845832,0.05212562497497489,8.426899680579709,168.1253767480979,17.07975342642554,0.10289008088208157,168.97491243820843,0.8495356901105424,0.00024355954418306836,0.09777239600185246,0.16489520363882093,3654,3488,166,21.012048192771083,0.0
3573,228.29807129472465,2.1537553895728743,5.389885198760019,0.05084797357320772,5.389885198760019,0.05084797357320772,4.159775840788825,218.7484102551698,9.549661039548845,0.09009114188253627,219.19221023902674,0.443799983856934,0.00023976228193243326,0.0859043495820558,0.1774883539083021,1957,1851,106,17.462264150943398,0.0
3574,211.49020476018075,0.7862089396289247,13.74902136682944,0.05111160359416149,13.74902136682944,0.05111160359416149,11.54264754670703,186.19853584664804,25.29166891353647,0.09402107402801661,187.0328076203208,0.8342717736727536,0.0002445827539351374,0.09091969196973959,0.6350910370668998,3680,3411,269,12.680297397769516,0.0
3575,221.0599836888515,2.232929128170217,5.417038497592639,0.054717560581743825,5.417038497592639,0.054717560581743825,5.460335264046535,210.18260992721332,10.877373761639173,0.10987246223877953,210.97172077898824,0.7891108517749217,0.00024605888736355526,0.10190164555417434,0.04876127121769969,3306,3207,99,32.39393939393939,0.0
3576,175.76667420536353,2.1176707735585967,4.540073641133615,0.05469968242329657,4.540073641133615,0.05469968242329657,3.281450579255761,167.94514998497732,7.821524220389376,0.09423523157095634,168.60840904627764,0.6632590613003231,0.00024092228888497025,0.08624415854320344,0.216016134704887,2836,2753,83,33.16867469879518,0.0
3577,227.44046492883365,2.9537722718030346,4.453651897573135,0.05783963503341733,4.453651897573135,0.05783963503341733,3.4699014952807374,219.51691153597528,7.923553392853872,0.10290329081628405,220.38861415907343,0.8717026230981446,0.0002440376884373305,0.09158247752935353,0.3277917702062041,3649,3572,77,46.38961038961039,0.0
3578,209.42002788404216,0.978598261140384,11.202643447834234,0.0523488011581039,11.202643447834234,0.0523488011581039,9.844423659872746,188.37296077633937,21.04706710770698,0.09835078087713542,189.30038403396316,0.9274232576237864,0.000241768315334668,0.09401702733681776,0.03435094359986124,4050,3836,214,17.925233644859812,0.0
3579,236.28374215016606,0.9527570247990567,12.037229972727625,0.04853721763196623,12.037229972727625,0.04853721763196623,13.879377164812468,210.3671350126308,25.91660713754009,0.1045024481352423,210.76833885988117,0.40120384725037184,0.0002440412696170145,0.10288469068663264,0.1225130480174812,1892,1644,248,6.629032258064516,0.0
3580,185.03845464955816,1.0279914147197675,9.27794702835827,0.051544150157545945,9.27794702835827,0.051544150157545945,7.723385485485778,168.03712213572328,17.001332513844048,0.0944518472991336,168.8454302970132,0.808308161289915,0.00024427566071015864,0.08996124640302759,0.22941417973083844,3489,3309,180,18.383333333333333,0.0
3581,248.04539355180373,0.8159387945783018,15.11837265276049,0.049731488989343715,15.11837265276049,0.049731488989343715,13.079676477018893,219.84734442201648,28.198049129779385,0.09275674055848482,220.676727541623,0.8293831196065184,0.00024472797863868943,0.09002850661243662,0.5357463150412514,3693,3389,304,11.148026315789474,0.0
3582,211.57170429545033,0.9158948237898282,11.629255573535161,0.050343097720931436,11.629255573535161,0.050343097720931436,11.70508857867776,188.23736014324083,23.33434415221292,0.10101447684940658,188.77676114849112,0.5394010052502836,0.00024811453783361707,0.098679407562594,0.17535034793274917,2405,2174,231,9.41125541125541,0.0
3583,231.60078720460717,1.1242756660417823,10.252714386712343,0.04977045818792399,10.252714386712343,0.04977045818792399,11.593608371878872,209.75446444601846,21.846322758591214,0.10605011047859812,210.3350874538013,0.5806230077828332,0.00024581837755412075,0.10323155218837805,0.1213961516721156,2568,2362,206,11.466019417475728,0.0
3584,185.19837013348786,0.9306450760476777,9.583760305815167,0.04815959952670938,9.583760305815167,0.04815959952670938,8.351672345316501,167.26293748236708,17.93543265113167,0.09012780226699332,167.47276639144752,0.20982890908044283,0.00026163205621002847,0.08907338563839363,0.75,1001,802,199,4.030150753768845,0.0
3585,266.45865573706544,0.512420491802049,24.75503264764925,0.0476058320147101,24.75503264764925,0.0476058320147101,22.692609672244544,219.01101341716605,47.447642319893795,0.09124546599979576,219.18984635559184,0.17883293842578496,0.0002661204440859895,0.09090155650283385,0.6189676248520755,1192,672,520,1.2923076923076924,0.0
3586,214.2230474857705,0.8239347980221943,13.237828218453096,0.05091472391712729,13.237828218453096,0.05091472391712729,13.817871577831738,187.16734768949016,27.055699796284834,0.10406038383186475,187.94341431693795,0.7760666274477899,0.0002455907048885411,0.10107551218781755,0.35926500790424143,3420,3160,260,12.153846153846153,0.0
3587,218.95500159983135,2.1895500159983134,5.42439386537162,0.0542439386537162,5.42439386537162,0.0542439386537162,4.523339303235161,209.0072684312263,9.947733168606781,0.09947733168606782,209.7649610234089,0.7576925921825932,0.00024544625597103763,0.09190040576422462,0.079912194961139,3187,3087,100,30.87,0.0
3588,209.81173042925275,0.496008818981685,20.71569935937864,0.04897328453753815,20.71569935937864,0.04897328453753815,22.72242058354277,166.37361048634875,43.43811994292141,0.1026905908816109,167.08762758952207,0.7140171031733189,0.00024057180026055219,0.10100260718612453,0.75,3391,2968,423,7.016548463356974,0.0
3589,227.05115082255588,1.8459443156305357,6.390561148090891,0.051955781691795856,6.390561148090891,0.051955781691795856,3.362818801301728,217.29777087315506,9.753379949392619,0.07929577194628146,217.9440072169623,0.6462363438072316,0.00024140319156041524,0.07404181793165522,0.75,2800,2677,123,21.764227642276424,0.0
3590,193.74111264708813,4.725392991392393,4.825495474782135,0.11769501158005206,4.825495474782135,0.11769501158005206,2.1263543801408105,186.7892627921633,6.951849854922945,0.169557313534706,187.5554815796595,0.7662187874962001,0.00024409645985861743,0.15086905042508855,0.1507561108394384,3180,3110,70,44.42857142857143,1.0
3591,505.96847748768414,0.17709782201179003,134.88761040438294,0.047213024292748665,134.88761040438294,0.047213024292748665,163.00244848703483,208.07841859631185,297.89005889141777,0.10426673394869365,208.27248236731384,0.1940637710019928,0.0002546768648320115,0.10419880823254123,0.03578631625759954,3619,762,2857,0.26671333566678335,0.0
3592,204.66916718730045,0.5168413312810617,19.371209717889297,0.0489171962572962,19.371209717889297,0.0489171962572962,18.946786137920526,166.35117133150766,38.317995855809826,0.09676261579749956,166.9938136416381,0.6426423101304408,0.00024250653212469465,0.09513978168096553,0.13307423658329753,3046,2650,396,6.691919191919192,0.0
3593,240.88283559437934,1.0705903804194639,11.305849512813943,0.05024822005695086,11.305849512813943,0.05024822005695086,9.899829124291045,219.6771569572678,21.205678637104988,0.0942474606093555,220.42753178945043,0.7503748321826151,0.0002437864951860348,0.09091246135523963,0.3010051054458245,3303,3078,225,13.68,0.0
3594,194.8549853503904,2.8239852949331943,3.84799896200846,0.05576810089867333,3.84799896200846,0.05576810089867333,2.0792430229325873,188.92774336544983,5.927241984941047,0.0859020577527688,189.52430561382778,0.5965622483779498,0.00024409257298606783,0.07725622806612487,0.34500538499401046,2513,2444,69,35.42028985507246,0.0
3595,217.68750889806847,2.3407259021297686,5.253526777286531,0.05648953523964012,5.253526777286531,0.05648953523964012,4.555211719616409,207.878770401167,9.80873849690294,0.10547030641831118,208.79965515667323,0.9208847555062221,0.0004516354857803934,0.0955683197999489,0.08878087093160048,2132,2039,93,21.9247311827957,0.0
3596,195.40582823093894,0.6784924591352046,14.495905921712385,0.05033300667261245,14.495905921712385,0.05033300667261245,13.350255828062927,167.55966648117567,27.846161749775312,0.09668806163116428,168.4663205767573,0.9066540955816436,0.0002435278258344463,0.09353995713257508,0.30224157142981767,4011,3723,288,12.927083333333334,0.0
3597,234.54463784301015,1.2609926765753234,9.602739529109948,0.051627631876935205,9.602739529109948,0.051627631876935205,5.507907282518772,219.433991031377,15.11064681162872,0.0812400366216598,220.31723701504552,0.8832459836685302,0.00024426050433311124,0.07649140230088511,0.49279489286129774,3802,3616,186,19.440860215053764,0.0
3598,193.6600783573016,2.8066678022797333,3.4332649912205007,0.04975746364087682,3.4332649912205007,0.04975746364087682,1.8974147453425303,188.32939862073897,5.330679736563031,0.07725622806613089,188.51122689832903,0.18182827759005704,0.00026124752527307047,0.07462103563728345,0.31108965786609133,765,696,69,10.08695652173913,0.0
3599,229.98429300494718,0.9999317087171616,11.694788390204625,0.05084690604436794,11.694788390204625,0.05084690604436794,12.202179665786616,206.08732494896117,23.89696805599124,0.10389986111300539,207.0082097044674,0.9208847555062221,0.0004811310112362707,0.09989601434991212,0.6853193300486282,2144,1914,230,8.321739130434782,0.0
3600,187.16996396269337,0.8828771885032707,10.43023957186278,0.04919924326350368,10.43023957186278,0.04919924326350368,8.923925899282494,167.81579849155742,19.354165471145272,0.09129323335445882,168.2583279087478,0.44252941719037153,0.00024024398327381733,0.08920583044313955,0.25031465263054997,2054,1842,212,8.68867924528302,0.0
3601,243.4943091211145,0.9258338749852262,12.539754329173046,0.04767967425541082,12.539754329173046,0.04767967425541082,11.563291534565678,219.39126325737118,24.103045863738725,0.09164656221953887,219.57309153496124,0.18182827759005704,0.00026124752527307047,0.09095519994735081,0.056063880557871926,959,696,263,2.6463878326996197,0.0
3602,193.19067486389213,3.7880524483116105,3.2750620159467263,0.06421690227346522,3.2750620159467263,0.06421690227346522,1.0079828832949715,188.9076299646531,4.283044899241698,0.08398127253415094,189.79706182670066,0.8894318620475588,0.00024408119156080096,0.06654143210179356,0.24465298773122868,3695,3644,51,71.45098039215686,0.0
3603,285.8919556689316,0.3781639625250418,35.97024026197908,0.04757968288621571,35.97024026197908,0.04757968288621571,42.271300369801565,207.65041503717316,78.24154063178065,0.10349410136478922,207.97440371872494,0.32398868155178207,0.0002523276336073069,0.10306554490768075,0.0858267082569455,2040,1284,756,1.6984126984126984,0.0
3604,183.1059524116431,1.196770930795053,7.628610499744294,0.04986019934473395,7.628610499744294,0.04986019934473395,7.664653160544731,167.81268875136243,15.293263660289025,0.09995597163587598,168.2452800362944,0.4325912849319593,0.00024113226584836082,0.09712857761665826,0.1058920897344251,1947,1794,153,11.72549019607843,0.0
3605,229.4931309224712,1.9285137052308505,6.49233415906243,0.05455742990808765,6.49233415906243,0.05455742990808765,3.954821866762586,219.04597489664548,10.447156025825016,0.08779122710777325,219.9620849700907,0.9161100734452248,0.0002422289987956702,0.08009282312924798,0.27897042230779334,3901,3782,119,31.781512605042018,0.0
3606,212.03206990130957,0.9726241738592182,10.80506828764774,0.04956453342957679,10.80506828764774,0.04956453342957679,12.650629007265707,188.5763726064015,23.45569729491345,0.10759494171978647,188.9862239340805,0.4098513276790072,0.00024280291924111804,0.10571488975793152,0.75,1906,1688,218,7.743119266055046,0.0
3607,217.50972267615953,2.0328011465061637,5.776553238923929,0.053986478868447936,5.776553238923929,0.053986478868447936,4.781773403710986,206.95139603352618,10.558326642634915,0.09867594993116743,207.74549326670945,0.7940972331832654,0.00024600286034177985,0.09125448046215029,0.2625172443174506,3335,3228,107,30.16822429906542,0.0
3608,201.58789826090197,0.5826239834130115,16.875879747547913,0.04877421892354888,16.875879747547913,0.04877421892354888,18.508226143699403,166.20379236966915,35.384105891247316,0.10226620199782462,166.71541136774044,0.5116189980712988,0.0002481178458153729,0.1007875343732992,0.75,2408,2062,346,5.959537572254336,0.0
3609,240.00543551757164,1.194056893122247,10.069627035427954,0.05009764694242763,10.069627035427954,0.05009764694242763,9.368306282897947,220.5675021992447,19.437933318325904,0.09670613591206917,221.19876183366,0.6312596344153008,0.00024344760293686877,0.09356554071597831,0.17524113367335303,2794,2593,201,12.900497512437811,0.0
3610,207.92606297434884,1.082948244658067,9.758125819930582,0.05082357197880511,9.758125819930582,0.05082357197880511,10.377698547733416,187.7902386066902,20.135824367664,0.10487408524825,188.38837016230616,0.5981315556159643,0.00024314290878697738,0.10175881672938895,0.29629755477014896,2652,2460,192,12.8125,0.0
3611,221.2396794880175,1.5257908930208102,7.665470759233406,0.052865315580920044,7.665470759233406,0.052865315580920044,7.053953803325612,206.5202549254608,14.719424562559018,0.1015132728452346,207.40232842912917,0.88207350366838,0.00024481640401564805,0.09543000730267805,0.0972926705953796,3748,3603,145,24.848275862068967,0.0
3612,176.5510355978647,1.650009678484717,5.951537461473083,0.055621845434327875,5.951537461473083,0.055621845434327875,3.7822064215908995,166.8172917148072,9.733743883063983,0.09096956900059798,167.73670442945377,0.9194127146465689,0.00024207812391958107,0.08237692680757892,0.03065641275827602,3905,3798,107,35.495327102803735,0.0
3613,241.82912811126346,1.089320396897583,11.278591801826519,0.050804467575795126,11.278591801826519,0.050804467575795126,9.837522628744864,220.7130136806917,21.116114430571383,0.09511763257014136,221.5707836610601,0.8577699803684027,0.0002441702192907494,0.09125380382974489,0.10855790727316617,3735,3513,222,15.824324324324325,0.0
3614,195.53674997910673,3.1538185480501086,3.8598078040908295,0.062254964582110155,3.8598078040908295,0.062254964582110155,1.5911789822541778,190.08576319276096,5.450986786345007,0.08791914171524205,190.97519505480852,0.8894318620475588,0.00024414819161338425,0.07357346652093882,0.1636595274442243,3705,3643,62,58.75806451612903,0.0
3615,227.3474605875707,1.2772329246492737,8.938126025404134,0.05021419115395581,8.938126025404134,0.05021419115395581,10.164145058922031,208.24518950324898,19.102271084326166,0.10731612968722565,208.85089737516807,0.605707871919094,0.00024218627425793443,0.1039132764741721,0.21136383636280698,2679,2501,178,14.05056179775281,0.0
3616,179.89316693762476,1.266853288293132,6.976858880619606,0.04913280901844793,6.976858880619606,0.04913280901844793,5.9382061703540785,166.97810188665858,12.915065050973684,0.0909511623308006,167.27351716413136,0.2954152774727845,0.00025845606078108883,0.08887077305277037,0.2750212717149907,1285,1143,142,8.049295774647888,0.0
3617,240.17742960494945,1.4211682225144937,8.359857827370371,0.04946661436313829,8.359857827370371,0.04946661436313829,8.710644676416223,223.10692710116098,17.070502503786592,0.10100889055495026,223.5544342710815,0.4475071699205273,0.00023995022515845967,0.09836091913531331,0.13509705280341677,2034,1865,169,11.035502958579881,0.0
3618,204.34846393885675,2.688795578142852,6.297816367400692,0.08286600483421963,6.297816367400692,0.08286600483421963,8.041386024563735,190.00926154689466,14.339202391964427,0.18867371568374247,190.80335878007793,0.7940972331832654,0.00024396228362005083,0.17822506787866874,0.34445134703264557,3331,3231,100,32.31,1.0
3619,222.16480815710963,1.8062179524968263,6.552364036943148,0.053271252332871125,6.552364036943148,0.053271252332871125,7.551239957655298,208.06120416251304,14.103603994598446,0.11466344711055647,208.86372764891746,0.8025234864044251,0.0002450453393601298,0.10813886592026156,0.46032563049334385,3398,3275,123,26.6260162601626,0.0
3620,196.97653517984077,0.6233434657589898,15.622504041750988,0.04943830392959173,15.622504041750988,0.04943830392959173,14.775305288725576,166.57872584937786,30.397809330476562,0.09619559914707773,167.24198491067818,0.6632590613003231,0.00024092228888497025,0.0940966780669702,0.08419286342439136,3069,2753,316,8.712025316455696,0.0
3621,234.67906785676576,2.114225836547439,5.849533442188752,0.05269849947917795,5.849533442188752,0.05269849947917795,6.205542695010081,222.62399171956383,12.055076137198833,0.10860428952431381,223.2967284987384,0.6727367791745564,0.00023923783043191908,0.10254359782006636,0.4698218035663331,2923,2812,111,25.333333333333332,0.0
3622,208.7024462885637,1.6433263487288479,6.683389105108153,0.052625111063843724,6.683389105108153,0.052625111063843724,8.875543149883015,193.14351403357807,15.558932254991168,0.12251127759835566,193.83985749104306,0.6963434574649909,0.0002414505747104684,0.11702825824819393,0.4129621401307304,3011,2884,127,22.708661417322833,0.0
3623,213.02577815663085,4.532463365034699,2.597848024197618,0.055273362216970594,2.597848024197618,0.055273362216970594,2.0528793678402053,208.37505076459388,4.650727392037823,0.09895164663910262,208.81363993847276,0.4385891738788814,0.00023940457089458592,0.08961996208846996,0.18491822040039096,1879,1832,47,38.97872340425532,0.0
3624,176.70202136574324,1.4136161709259458,6.806223197417982,0.05444978557934385,6.806223197417982,0.05444978557934385,3.6327259759636945,166.26307219236867,10.438949173381676,0.08351159338705341,167.18948593483913,0.9264137424704586,0.00024245321708203576,0.07610028344723287,0.006399241545182122,3946,3821,125,30.568,0.0
3625,228.70336149324544,3.267190878474935,3.816725596464211,0.05452465137806015,3.816725596464211,0.05452465137806015,2.138257313267104,222.7483785835102,5.954982909731315,0.08507118442473308,223.32845759129304,0.5800790077828424,0.00024610904021334,0.07678434145646276,0.039259000485003526,2427,2357,70,33.67142857142857,0.0
3626,209.64051087523615,1.5191341367770734,7.052897953852275,0.051107956187335324,7.052897953852275,0.051107956187335324,9.25569018277497,193.33192273861357,16.308588136627243,0.11817817490309597,193.86941665916686,0.5374939205532883,0.0002489550349945754,0.11428329142079194,0.2773582899989151,2297,2159,138,15.644927536231885,0.0
3627,216.5144616240285,2.673018044741093,4.477637339858906,0.05527947333159143,4.477637339858906,0.05527947333159143,3.6019562728108667,208.4348680113602,8.079593612669772,0.09974806929221941,209.1430997803708,0.708231769010581,0.00024081325025861308,0.0910044672056509,0.05575539508345173,3022,2941,81,36.30864197530864,0.0
3628,185.5829856564285,0.8104060509014345,11.097007032780818,0.04845854599467606,11.097007032780818,0.04845854599467606,8.015624051833584,166.47035457182415,19.1126310846144,0.08346127111185327,166.761304115764,0.2909495439398597,0.0002647402583620198,0.08219074908587111,0.34675867744761035,1328,1099,229,4.799126637554585,0.0
3629,240.2153853241665,1.2914805662589597,8.93231474438668,0.048023197550466024,8.93231474438668,0.048023197550466024,8.678352244092594,222.60471833568488,17.610666988479274,0.0946810053144047,222.83791795389118,0.23319961820629942,0.00025156377368532837,0.09342724392621143,0.043866893078188696,1113,927,186,4.983870967741935,0.0
3630,311.70553369677225,0.2896891577107549,51.74653267333082,0.04809157311647846,51.74653267333082,0.04809157311647846,65.75562385855869,194.20337716491088,117.50215653188951,0.10920274770621702,194.80150872052684,0.5981315556159643,0.00024304411036812852,0.10864686336082287,0.08443370018562746,3537,2461,1076,2.287174721189591,0.0
3631,225.74184391009032,1.40212325409994,8.253507274272895,0.051264020337098724,8.253507274272895,0.051264020337098724,8.752309336336339,208.73602729948504,17.005816610609234,0.10562619012800767,209.46446245320442,0.7284351537193743,0.0002398535244383847,0.10110174817941556,0.07210759057375071,3198,3037,161,18.86335403726708,0.0
3632,185.20988833944602,1.040504990671045,9.152322457280482,0.05141754189483417,9.152322457280482,0.05141754189483417,7.247571024337276,168.80999485783536,16.39989348161776,0.0921342330427964,169.57804788533167,0.7680530274963075,0.0002463287451880396,0.08781932839390086,0.4571813122296362,3296,3118,178,17.51685393258427,0.0
3633,248.05728425749317,0.9187306824351599,13.230050302817885,0.049000186306732904,13.230050302817885,0.049000186306732904,12.802201743174919,222.02503221149982,26.032252045992806,0.09641574831849187,222.55730188839448,0.5322696768946571,0.00025059777631575194,0.09444437914480996,0.2932759242596603,2394,2124,270,7.866666666666666,0.0
3634,225.97866193882032,0.7106247230780514,16.046314808349067,0.050460109460217194,16.046314808349067,0.050460109460217194,15.848670196776766,194.0836769337077,31.894985005125832,0.10029869498467243,194.8544775629182,0.7708006292104983,0.0002464196384944048,0.09787479363491236,0.08743922009807648,3446,3128,318,9.836477987421384,0.0
3635,212.68217309918327,4.833685752254166,2.646397227410264,0.06014539153205145,2.646397227410264,0.06014539153205145,0.8234733187837264,209.2123025529895,3.4698705461939903,0.0788606942316816,209.82851499809976,0.61621244511025,0.00024174674190280502,0.06485586593371616,0.3501936215297974,2593,2549,44,57.93181818181818,0.0
3636,190.5299747214159,0.8903269846795135,10.938252841603857,0.05111333103553204,10.938252841603857,0.05111333103553204,9.896094512731452,169.69562736708724,20.834347354335307,0.09735676333801545,170.5337431359984,0.838115768911166,0.0002444911811292783,0.09344033451129669,0.008209938354980295,3642,3428,214,16.018691588785046,0.0
3637,228.99862832166275,2.662774747926311,4.4448089402591675,0.05168382488673451,4.4448089402591675,0.05168382488673451,2.815841273008118,221.73797810839085,7.260650213267286,0.08442616527054983,222.19312517311175,0.4551470647209044,0.00023767470742605974,0.07913375754129066,0.42053739244943245,2001,1915,86,22.267441860465116,0.0
3638,203.5835993724968,3.450569480889776,3.281038016024883,0.055610813830930216,3.281038016024883,0.055610813830930216,5.581598589142459,194.72096276733168,8.862636605167342,0.15021417974859902,195.26036377258197,0.5394010052502836,0.0002480004621840384,0.14107178982906482,0.027029970451735608,2234,2175,59,36.86440677966102,0.0
3639,230.15885653119108,1.2307960242309683,9.595447463998703,0.051312553283415524,9.595447463998703,0.051312553283415524,10.329657274887495,210.23375179230993,19.925104738886198,0.10655136224003314,211.05722511109366,0.8234733187837264,0.00024573957588293837,0.10214776160479903,0.5063053436349492,3538,3351,187,17.919786096256683,0.0
3640,180.84799967312324,1.494611567546473,6.5662330942929135,0.054266389209032345,6.5662330942929135,0.054266389209032345,3.993494980848027,170.2882715979856,10.55972807514094,0.08727047995984248,171.17720765358672,0.888936055601107,0.0002457661198786583,0.07992390098790512,0.33628088782666055,3738,3617,121,29.892561983471076,0.0
3641,243.108371656155,1.2661894357091406,9.93685819580352,0.05175446976981,9.93685819580352,0.05175446976981,9.770101113892451,223.4014123464608,19.70695930969597,0.10264041307133319,224.31905329990605,0.9176409534452432,0.0002419939223220578,0.09786103310546324,0.5003267514221079,3984,3792,192,19.75,0.0
3642,218.20156263291847,0.862456769300073,12.511657931202729,0.049453193403963355,12.511657931202729,0.049453193403963355,12.111553093650855,193.57835160807963,24.623211024853582,0.09732494476226712,193.96937196020917,0.39102035212954434,0.00024763796841643086,0.09577940977355452,0.3390991816186215,1832,1579,253,6.241106719367589,0.0
3643,220.98305517266385,2.4283852216776247,4.964576828704928,0.05455578932642778,4.964576828704928,0.05455578932642778,5.680062797854362,210.33841554610808,10.64463962655929,0.11697406183032186,211.07161077672777,0.7331952306196854,0.00023991990530748867,0.10891697138391304,0.20596808731670535,3147,3056,91,33.582417582417584,0.0
3644,178.2573369204921,1.8963546480903415,5.251180064252992,0.05586361770481906,5.251180064252992,0.05586361770481906,2.3806046133365726,170.62555224290497,7.631784677589565,0.08118919869776133,171.47222382292023,0.8466715800152542,0.00024484429728607697,0.07218205422948794,0.06781949706567048,3552,3458,94,36.787234042553195,0.0
3645,256.86819900016746,0.783134753049291,16.537371178572936,0.05041881456881993,16.537371178572936,0.05041881456881993,16.49088899799517,223.83993882360448,33.02826017656811,0.10069591517246375,224.73284430203614,0.8929054784316577,0.00024389660705590214,0.0979736423723516,0.3834749950153764,3989,3661,328,11.161585365853659,0.0
3646,201.17486631010433,3.1433572860953802,3.6770828934770763,0.05745442021057932,3.6770828934770763,0.05745442021057932,4.491734299547943,193.00604911708137,8.168817193025019,0.12763776864101592,193.70489305454635,0.6988439374649715,0.0002416472812811105,0.11671833211809357,0.4008909900916251,2956,2892,64,45.1875,0.0
3647,230.55667606452562,1.356215741556033,8.663864406100409,0.05096390827117887,8.663864406100409,0.05096390827117887,11.14177913967228,210.7510325187568,19.80564354577269,0.11650378556336875,211.45167264333463,0.7006401245778306,0.0003730778086143933,0.11238237306582934,0.08479249714855541,2048,1878,170,11.047058823529412,0.0
3648,438.3670868690501,0.17354199796874512,120.6672557939553,0.047770093346775656,120.6672557939553,0.047770093346775656,146.6592034050425,171.04062767009418,267.3264591989978,0.10582995217695874,171.75643506071378,0.7158073906196023,0.0007194044126830174,0.10554657632950766,0.2730285382829152,3521,995,2526,0.3939034045922407,0.0
3649,235.70606961308567,1.7459708860228569,6.979215664396872,0.0516978938103472,6.979215664396872,0.0516978938103472,5.217130009299808,223.5097239393906,12.19634567369668,0.09034330128664207,224.17298300069092,0.6632590613003231,0.00024083480802480868,0.08543027120292411,0.6525658108369043,2889,2754,135,20.4,0.0
3650,211.70028350928908,1.0638205201471813,10.120286449774918,0.05085571080288903,10.120286449774918,0.05085571080288903,8.960717217437377,192.61927984208808,19.081003667212293,0.09588444053875524,193.27371034524924,0.6544305031611657,0.0002413981937149265,0.09259584504542631,0.12257389070407498,2910,2711,199,13.623115577889447,0.0
3651,230.3874119784101,1.24533736204546,9.377779561100171,0.0506907003302712,9.377779561100171,0.0506907003302712,12.056768138382267,208.9528642789329,21.434547699482437,0.11586241999720236,209.65350440351074,0.7006401245778306,0.0006346377940016582,0.11207517608053717,0.75,1289,1104,185,5.967567567567568,0.0
3652,184.2289550824081,1.1885739037574716,8.018787627364844,0.05173411372493448,8.018787627364844,0.05173411372493448,7.444679486495488,168.7654879685532,15.463467113860332,0.09976430396038924,169.4812953591728,0.7158073906196023,0.0003495153274509777,0.09514619176280839,0.75,2203,2048,155,13.212903225806452,0.0
3653,237.50310225209967,1.4481896478786564,8.032291689838498,0.04897738835267377,8.032291689838498,0.04897738835267377,7.014130813961174,222.45667974830246,15.046422503799672,0.09174647868170532,222.79871552813336,0.34203577983089417,0.00024984352069459034,0.08966089465833114,0.09372936168438173,1533,1369,164,8.347560975609756,0.0
3654,209.8564657572382,1.140524270419773,9.451606460366182,0.0513674264150336,9.451606460366182,0.0513674264150336,8.261873279972406,192.14298601691019,17.713479740338588,0.09626891163227494,192.84182995437516,0.6988439374649715,0.00024131351431801504,0.09247084675469043,0.20081005118572648,3080,2896,184,15.73913043478261,0.0
3655,222.37278214213768,1.599804188072933,7.390970927739214,0.0531724527175483,7.390970927739214,0.0531724527175483,6.32931221986064,208.65249899454045,13.720283147599854,0.0987070730043155,209.54944422384222,0.8969452293017639,0.00024413315985350134,0.09225422962802493,0.0032625049952912377,3813,3674,139,26.431654676258994,0.0
3656,186.32243024467618,1.4905794419574094,10.08049135182096,0.08064393081456768,10.08049135182096,0.08064393081456768,6.753643530763156,169.48829536209757,16.834134882584117,0.13467307906067294,170.31497681590338,0.8266814538058043,0.00024101500110956393,0.12805962743018245,0.07236796107531518,3555,3376,179,18.860335195530727,1.0
3657,236.38809638028874,1.5972168674343834,7.629715980160692,0.051552135001085755,7.629715980160692,0.051552135001085755,5.772344215361272,222.98603618477,13.402060195521965,0.09055446078055382,223.67887076986563,0.6928345850956248,0.00024157412311562928,0.08587314601637241,0.24226581653613266,3016,2868,148,19.37837837837838,0.0
3658,229.72621760365325,0.5936077974254607,19.50654896758132,0.05040451929607576,19.50654896758132,0.05040451929607576,17.79082794849819,192.42884068758906,37.297376916079514,0.0963756509459419,193.3271361515575,0.8982954639684522,0.0002432427468097623,0.09405447403642311,0.3795851632640961,4080,3693,387,9.542635658914728,0.0
3659,222.5411332007037,1.6010153467676527,7.163539159726316,0.051536252947671335,7.163539159726316,0.051536252947671335,6.464178474805976,208.9134155661751,13.627717634532292,0.0980411340613834,209.58026959763413,0.6668540314590246,0.0002402211928886976,0.09324362304366607,0.5102824109615085,2915,2776,139,19.971223021582734,0.0
3660,196.06487539950137,1.1014880640421425,9.163548613348782,0.051480610187352706,9.163548613348782,0.051480610187352706,14.006584777864646,172.89474200828965,23.170133391213426,0.13016928871468217,173.66096079578585,0.7662187874962001,0.00024676933574756845,0.12586468878491866,0.44296492042053615,3283,3105,178,17.4438202247191,0.0
3661,248.92734598144068,0.858370158556692,14.718010193397498,0.05075175928757758,14.718010193397498,0.05075175928757758,12.280179790499687,221.92915599754872,26.998189983897184,0.09309720684102478,222.82532746685035,0.8961714693016347,0.00024438818361102667,0.09000696039513906,0.6061497018611135,3957,3667,290,12.644827586206896,0.0
3662,210.56559433879727,0.9614867321406267,11.144591732237815,0.050888546722547105,11.144591732237815,0.050888546722547105,7.483990686179368,191.93701192039327,18.62858241841718,0.08506202017542092,192.57429164240045,0.6372797220071789,0.00024258839817555342,0.08215206710683477,0.30488082972897246,2846,2627,219,11.995433789954339,0.0
3663,222.73362497637004,1.5467612845581253,7.192440275169332,0.04994750191089814,7.192440275169332,0.04994750191089814,7.388494592279585,208.1526901089253,14.580934867448917,0.10125649213506192,208.6078371736462,0.4551470647209044,0.00023705576287547103,0.09809574863002662,0.26077007227866034,2064,1920,144,13.333333333333334,0.0
3664,191.20575766042123,1.4485284671244032,6.8115393637787465,0.05160257093771778,6.8115393637787465,0.05160257093771778,11.545561851564116,172.84865644508102,18.357101215342862,0.1390689486010823,173.43388714000514,0.585230694924121,0.00024682863556479165,0.1346353827304249,0.3517341945479302,2503,2371,132,17.96212121212121,0.0
3665,236.42474514130197,1.6083315996006937,7.6023171555596525,0.05171644323509968,7.6023171555596525,0.05171644323509968,6.350729598369526,222.4716983873751,13.95304675392918,0.09491868540087876,223.1799301563857,0.708231769010581,0.0002408951595274085,0.0901007822103148,0.19775348158464112,3087,2940,147,20.0,0.0
3666,204.86398898805805,1.347789401237224,7.747090170212706,0.05096769848824149,7.747090170212706,0.05096769848824149,5.394402028031209,191.7224967898244,13.141492198243915,0.0864571855147626,192.25476646671905,0.5322696768946571,0.00025059777631575194,0.08295541132459873,0.23119855688798907,2276,2124,152,13.973684210526315,0.0
3667,229.08114753153905,1.1013516708247069,10.543132250794852,0.05068813582112909,10.543132250794852,0.05068813582112909,10.89786944303546,207.6401458377161,21.441001693830312,0.10308173891264573,208.42366225418937,0.783516416473276,0.00024561643149632477,0.09931483306418115,0.37419113849000496,3398,3190,208,15.336538461538462,0.0
3668,213.66242475943795,0.5578653387974881,18.723156426654914,0.04888552591815904,18.723156426654914,0.04888552591815904,23.05852436975192,171.8807439630425,41.78168079640683,0.10909055038226327,172.47569213142037,0.5949481683778686,0.00024413137807873146,0.10753716090866208,0.75,2820,2437,383,6.362924281984334,0.0
3669,236.921866429769,1.509056474074962,7.855834103084374,0.050037159892257155,7.855834103084374,0.050037159892257155,6.757457692624257,222.30857463406153,14.61329179570863,0.09307829169241165,222.78509252347533,0.4765178894137989,0.00023945622583607985,0.09004314589995976,0.08709795094489436,2147,1990,157,12.67515923566879,0.0
3670,203.7499127151175,1.3145155659039838,7.604796028902468,0.04906320018646754,7.604796028902468,0.04906320018646754,5.150468485785495,190.99464820043977,12.755264514687964,0.08229202912701912,191.23858174268548,0.2439335422457134,0.00024764826623930295,0.080718264338271,0.04882917684437871,1140,985,155,6.354838709677419,0.0
3671,225.11057168824948,1.339943879096723,8.350740519091651,0.049706788804116976,8.350740519091651,0.049706788804116976,9.134668448145703,207.62516272101823,17.485408967237355,0.10407981528117473,208.0916450249748,0.46648230395658175,0.0002404547958539081,0.10130313490044446,0.28694447654277155,2108,1940,168,11.547619047619047,0.0
3672,187.78004278083802,1.5266670144783578,6.146468002530366,0.04997128457341761,6.146468002530366,0.04997128457341761,9.395639469862545,172.23793530844762,15.54210747239291,0.12635859733652774,172.5847806641226,0.3468453556749864,0.0002481011127861133,0.12353871639606026,0.0517488412115199,1521,1398,123,11.365853658536585,0.0
3673,251.48024975849194,0.8793015725821396,14.345436531587271,0.05015886899156389,14.345436531587271,0.05015886899156389,13.89122332584384,223.24358990106384,28.23665985743111,0.0987295799210878,223.89120544487105,0.6476155438072055,0.00024137739239925662,0.09646518990776534,0.047728127956474964,2969,2683,286,9.381118881118882,0.0
3674,238.8962866881725,0.4855615583092937,24.44731736626439,0.04968966944362681,24.44731736626439,0.04968966944362681,23.16876230605976,191.28020701586797,47.61607967232415,0.09678064974049623,192.10688846967378,0.8266814538058043,0.00024487009887612686,0.09510040288312747,0.18030789674321568,3868,3376,492,6.861788617886178,0.0
3675,220.53126664438616,2.120492948503713,5.644497040291243,0.05427401000280041,5.644497040291243,0.05427401000280041,5.838947133815736,209.04782247028095,11.483444174106978,0.11041773244333633,209.82388909772874,0.7760666274477899,0.00024613594273637483,0.10295555333324448,0.1183817480724656,3257,3153,104,30.317307692307693,0.0
3676,184.94295045971228,2.054921671774581,5.095509119891342,0.056616767998792686,5.095509119891342,0.056616767998792686,7.1802260396373185,172.66721530018697,12.275735159528661,0.13639705732809623,173.5196570363927,0.8524417362057193,0.0002441826800933026,0.1269254824813288,0.13987611733318772,3581,3491,90,38.78888888888889,0.0
3677,240.1567473232028,1.3802111915126598,8.938424194364051,0.051370253990598,8.938424194364051,0.051370253990598,7.126678636534734,224.09164449230684,16.065102830898788,0.09232817718907349,224.77101527471496,0.6793707824081139,0.00024048523271083676,0.0884237474051026,0.20331996770835303,2999,2825,174,16.235632183908045,0.0
3678,216.29267388981918,0.7865188141447971,14.128370375945478,0.051375892276165375,14.128370375945478,0.051375892276165375,9.843413045027546,192.3208904688587,23.971783420973026,0.087170121530811,193.1690079189692,0.8481174501105215,0.00024392218870017876,0.08408605807581808,0.034834635413631077,3752,3477,275,12.643636363636364,0.0
3679,234.53774136490324,0.9651758903905483,11.991359395978499,0.04934715800814197,11.991359395978499,0.04934715800814197,13.179393191001054,209.366988777934,25.170752586979553,0.10358334397933973,209.93482146139195,0.5678326834579366,0.0002459214739965078,0.10124658396506704,0.2192591260248946,2552,2309,243,9.502057613168724,0.0
3680,182.85473223779172,2.3146168637695155,4.497968035299384,0.056936304244296,4.497968035299384,0.056936304244296,5.131042263391009,173.225721939104,9.629010298690392,0.12188620631253662,174.00007412953596,0.774352190431955,0.0002464520020470894,0.11208427985133876,0.0735981840457498,3221,3142,79,39.77215189873418,0.0
3681,236.5035955616206,1.954575169930749,6.470624916513757,0.05347623897945254,6.470624916513757,0.05347623897945254,5.502790755992237,224.53017988911665,11.973415672505993,0.09895384853310739,225.3045320795486,0.774352190431955,0.0002462952259643623,0.09255424365348765,0.1003294756944797,3265,3144,121,25.983471074380166,0.0
3682,207.98127226548456,1.216264750090553,9.174863157403715,0.05365417051113284,9.174863157403715,0.05365417051113284,5.155216453082176,193.65119265500982,14.33007961048589,0.0838016351490403,194.56883360845507,0.9176409534452432,0.00024244146722463494,0.07843531378379823,0.30920088437994764,3956,3785,171,22.13450292397661,0.0
3683,222.12608688409534,2.0567230267045864,5.427140206704196,0.05025129821022403,5.427140206704196,0.05025129821022403,6.626659016198346,210.072287661195,12.05379922290254,0.11160925206391241,210.43886597765425,0.366578316459254,0.0002488651164013944,0.10821500839297313,0.04204718365599547,1581,1473,108,13.63888888888889,0.0
3684,189.49774444494972,1.605913088516523,6.356580805186081,0.053869328857509155,6.356580805186081,0.053869328857509155,9.160234764747429,173.9809288750165,15.51681556993351,0.13149843703333483,174.7805552640874,0.7996263890709088,0.000244983575082999,0.1247219422106975,0.04172134259692939,3382,3264,118,27.661016949152543,0.0
3685,242.0519645362548,1.4759266130259439,8.591085075248428,0.05238466509297822,8.591085075248428,0.05238466509297822,6.481939456970622,226.97894000403778,15.07302453221905,0.09190868617206738,227.71091027465752,0.7319702706197404,0.00024038432532667994,0.08744545281461746,0.09738441767262884,3209,3045,164,18.567073170731707,0.0
3686,211.81085266381228,1.0643761440392576,10.550882875956457,0.05301951193947969,10.550882875956457,0.05301951193947969,6.356979278796416,194.90299050906992,16.907862154752873,0.08496413143091897,195.82855264669365,0.9255621376237286,0.00024191378401038386,0.08031306541265644,0.013048541116290835,4025,3826,199,19.22613065326633,0.0
3687,224.0273292605334,1.5239954371464857,7.795669057448515,0.05303176229556813,7.795669057448515,0.05303176229556813,6.5248252768124075,209.70683492627677,14.320494334260921,0.09741832880449607,210.60620047024508,0.8993655439683153,0.00024392881583084223,0.09130019585230151,0.6734697677818531,3834,3687,147,25.081632653061224,0.0
3688,203.98386539205603,0.7815473769810576,12.878186080999633,0.04934170912260396,12.878186080999633,0.04934170912260396,16.54198914262747,174.5636901684304,29.420175223627105,0.11272097786830308,175.1436850283585,0.5799948599280924,0.0002469113920511249,0.11049877533983726,0.23902354315964658,2610,2349,261,9.0,0.0
3689,252.29007023081624,0.9778684892667296,13.318140282067402,0.05162069876770311,13.318140282067402,0.05162069876770311,12.078334774856785,226.89359517389323,25.39647505692419,0.0984359498330395,227.75170947426147,0.8581143003682428,0.0002444073769206046,0.09510992541300298,0.27109615415281496,3769,3511,258,13.608527131782946,0.0
3690,208.6854874524579,1.2275616908968112,8.997800523619736,0.05292823837423374,8.997800523619736,0.05292823837423374,4.634813319710702,195.05287360913644,13.632613843330438,0.08019184613723787,195.8272257995684,0.774352190431955,0.00024684481684155406,0.07563683325229115,0.16860635348882624,3307,3137,170,18.45294117647059,0.0
3691,218.42902394054977,2.569753222829997,4.393118473149635,0.05168374674293689,4.393118473149635,0.05168374674293689,3.993409258023121,210.042496209378,8.386527731172755,0.09866503213144417,210.46254218367176,0.420045974293771,0.00025534709683511914,0.09372331478680013,0.21255377233160289,1730,1645,85,19.352941176470587,0.0
3692,200.1692973215063,0.9397619592558981,10.493681142059744,0.049266108648167814,10.493681142059744,0.049266108648167814,15.200181779471222,174.47543439997776,25.693862921530965,0.12062846442033316,174.95565848164642,0.48022408166866626,0.00023820638971660033,0.11837389126694774,0.11082507476908177,2229,2016,213,9.464788732394366,0.0
3693,259.7373218010745,0.8543990848719555,15.274272971705328,0.05024431898587279,15.274272971705328,0.05024431898587279,16.638851298031568,227.82419753133865,31.913124269736898,0.10497738246623979,228.37314954484293,0.5489520135042767,0.00024705311138806333,0.10317161926391955,0.3831556192830021,2526,2222,304,7.309210526315789,0.0
3694,238.1090306211746,0.5967644877723675,20.035681660246652,0.05021474100312444,20.035681660246652,0.05021474100312444,21.318737011057237,196.75461194988372,41.35441867130389,0.10364515957720273,197.61272625025197,0.8581143003682428,0.00024475593279185475,0.10149449717023219,0.09562972637877465,3905,3506,399,8.786967418546366,0.0
3695,477.00586411742484,0.1845283807030657,122.32127053591486,0.04731964043942548,122.32127053591486,0.04731964043942548,145.29381095818235,209.39078262336852,267.61508149409724,0.10352614371144961,209.8108285976623,0.420045974293771,0.004158871032611594,0.10336365010435689,0.06210316557860551,2686,101,2585,0.0390715667311412,0.0
3696,184.6850523441907,3.0780842057365114,3.727525065247329,0.06212541775412215,3.727525065247329,0.06212541775412215,5.633108957077411,175.32441832186703,9.36063402232474,0.15601056703874566,176.2508320643375,0.9264137424704586,0.00024245321708203576,0.14057033799755345,0.05079512929921748,3881,3821,60,63.68333333333333,0.0
3697,241.0448632206561,1.6974990367651839,7.687533852351875,0.05413756234050616,7.687533852351875,0.05413756234050616,5.163013276894617,228.19431609141122,12.850547129246491,0.09049681076934149,229.05208607177963,0.8577699803684027,0.0002441702192907494,0.08445617710476398,0.017652956689289567,3655,3513,142,24.739436619718308,0.0
3698,215.37182417467955,1.266893083380468,9.046033030396066,0.0532119590023298,9.046033030396066,0.0532119590023298,6.996390931473343,199.32940021281308,16.04242396186941,0.09436719977570242,200.129026601884,0.7996263890709088,0.0002453594320561242,0.08966351513409149,0.17587027322315407,3429,3259,170,19.17058823529412,0.0
3699,229.37580495029977,1.4159000305574059,8.526091663176302,0.05263019545170557,8.526091663176302,0.05263019545170557,9.390504546802276,211.45920874033106,17.91659620997858,0.11059627290110234,212.38663199795485,0.9274232576237864,0.0002418313579201529,0.10487143797743775,0.1344341424535287,3997,3835,162,23.67283950617284,0.0
3700,190.8937361298215,1.908937361298215,5.348620414598595,0.05348620414598595,5.348620414598595,0.05348620414598595,8.757861999448778,176.78725371577434,14.106482414047374,0.14106482414047375,177.47271868262328,0.6854649668489401,0.00024187190079355685,0.1342101744719821,0.19252646979305155,2934,2834,100,28.34,0.0
3701,249.834233517053,1.2069286643335895,10.789988338174016,0.05212554752741071,10.789988338174016,0.05212554752741071,9.895546153536316,229.14869902534292,20.68553449171033,0.09993011831744121,229.9247656527907,0.7760666274477899,0.00024613594273637483,0.09618100417518018,0.02411273488905863,3360,3153,207,15.231884057971014,0.0
3702,219.81807201810977,1.0990903600905488,10.421862660171001,0.052109313300855005,10.421862660171001,0.052109313300855005,9.187884626778668,200.2083247311649,19.60974728694967,0.09804873643474835,200.9660173233475,0.7576925921825932,0.00024544625597103763,0.09426027347381137,0.06249963539255532,3287,3087,200,15.435,0.0
3703,239.9358944920965,0.9088480851973353,13.216373970681582,0.050062022616218116,13.216373970681582,0.050062022616218116,14.100889414517042,212.61863110691218,27.317263385198622,0.10347448251969175,213.42035139331654,0.8017202864043611,0.0002454746743430377,0.10043766325295445,0.05999417496673232,3530,3266,264,12.371212121212121,0.0
3704,191.2034482964591,1.874543610749599,5.199794779130457,0.0509783801875535,5.199794779130457,0.0509783801875535,8.77836456539444,177.22528895193454,13.978159344524897,0.137040777887499,177.66908893579148,0.443799983856934,0.0002395034991132941,0.13268979765360414,0.10082318544039026,1955,1853,102,18.166666666666668,0.0
3705,261.79055014936694,0.8337278667177291,16.104128634305248,0.051287033867214164,16.104128634305248,0.051287033867214164,15.859779662496749,229.82664185256567,31.963908296801996,0.10179588629554776,230.7098878362342,0.8832459836685302,0.00024432807293735275,0.098983000997238,0.11188362032930854,3929,3615,314,11.512738853503185,0.0
3706,233.4080215080645,0.8161119633149109,14.38231407522669,0.05028781145184157,14.38231407522669,0.05028781145184157,15.930091661138931,203.09561577170496,30.31240573636562,0.10598743264463503,203.8068052017719,0.7111894300669519,0.00024149046861356602,0.10350075631570839,0.0616175299447832,3231,2945,286,10.297202797202797,0.0
3707,222.9110635563319,2.6856754645341194,4.738637595337934,0.05709201922093897,4.738637595337934,0.05709201922093897,4.8045102653004506,213.36791569569766,9.543147860638385,0.11497768506793235,214.23575987982088,0.8678441841232143,0.0002441880090386084,0.10452173104230146,0.3492434859031164,3637,3554,83,42.81927710843374,0.0
3708,196.9917367915432,1.208538262524805,8.011439312653195,0.04914993443345519,8.011439312653195,0.04914993443345519,11.878939033606912,177.10135844528418,19.890378346260107,0.12202686102000065,177.494510754874,0.39315230958982283,0.00024633603357758325,0.11961488366054718,0.18902115701541788,1759,1596,163,9.791411042944786,0.0
3709,258.93621147481053,0.9280867794796076,14.386631433417902,0.05156498721655162,14.386631433417902,0.05156498721655162,14.133211426899834,230.41636861449228,28.519842860317738,0.10222165899755462,231.26304019450754,0.8466715800152542,0.0002447027687905359,0.09918699383621145,0.75,3739,3460,279,12.401433691756273,0.0
3710,223.66573590379085,1.0753160379989946,10.27505571896346,0.04939930634117048,10.27505571896346,0.04939930634117048,11.30601522599045,202.08466495884,21.581070944953908,0.10375514877381686,202.4133443721778,0.32867941333779527,0.0002538064967859423,0.10217495928660124,0.4338756000133799,1503,1295,208,6.225961538461538,0.0
3711,247.05712062401358,0.7181893041395744,16.696079837974942,0.048535115808066694,16.696079837974942,0.048535115808066694,17.86742291392602,212.49361787212456,34.56350275190096,0.10047529869738651,213.00523687019586,0.5116189980712988,0.0002484793579753758,0.09898803416807476,0.75,2403,2059,344,5.9854651162790695,0.0
3712,207.91817815371394,0.6707038004958514,15.456549432838573,0.04985983688012443,15.456549432838573,0.04985983688012443,16.903204235468593,175.55842448541432,32.359753668307164,0.10438630215582956,176.3513594785976,0.7929349931832803,0.0002459475785307941,0.10182844733908496,0.0022106694462991072,3534,3224,310,10.4,0.0
3713,239.39182126625155,4.274853951183063,6.729963680804956,0.12017792287151707,6.729963680804956,0.12017792287151707,2.6210510908683773,230.04080649457933,9.351014771673334,0.16698240663702382,230.89034218468987,0.8495356901105424,0.00024059351178435073,0.15181212645645864,0.27636275589600245,3587,3482,105,33.161904761904765,1.0
3714,212.7273564158088,1.7436668558672852,6.417592574075352,0.05260321782028977,6.417592574075352,0.05260321782028977,4.629577292427939,201.68018654930552,11.04716986650329,0.09055057267625648,202.24943875276358,0.5692522034580634,0.00024557903514152863,0.08588457100856736,0.14749753351770778,2440,2318,122,19.0,0.0
3715,244.73895304364692,0.7305640389362594,16.239567289727923,0.04847632026784455,16.239567289727923,0.04847632026784455,16.460328461237623,212.03905729269331,32.699895750965545,0.09761162910735983,212.5155751821071,0.4765178894137989,0.00023921580793865408,0.09618918764638747,0.5871479870711482,2327,1992,335,5.946268656716418,0.0
3716,563.650338766356,0.15168200720300215,176.07724185716856,0.04738354194218745,176.07724185716856,0.04738354194218745,212.47053166942374,175.10256523980445,388.5477735265923,0.10456075713848018,175.13199617657835,0.02943093677390607,0.02943093677390607,0.10455283708013391,0.23778596230829407,3717,1,3716,0.00026910656620021526,0.0
3717,248.36690135071672,1.9556448925253285,7.094480143391744,0.05586204837316334,7.094480143391744,0.05586204837316334,6.407965048057804,234.86445615926664,13.502445191449548,0.10631846607440588,235.81036627343155,0.9459101141649171,0.00024032269160694032,0.09887035493925324,0.24264165535521443,4063,3936,127,30.992125984251967,0.0
3718,203.69167017015548,5.658101949170986,2.311993253471304,0.06422203481864734,2.311993253471304,0.06422203481864734,0.9478137686537593,200.43186314802892,3.2598070221250635,0.09055019505902955,201.04212213925507,0.6102589912261465,0.00024274422880912747,0.07359855641390015,0.75,2550,2514,36,69.83333333333333,0.0
3719,231.6062625561358,1.1243022454181348,10.090067252157018,0.048980908991053486,10.090067252157018,0.048980908991053486,10.470868181104152,211.04532712288847,20.56093543326117,0.09981036618087948,211.45361176527513,0.4082846423866613,0.00024346132521565968,0.09782840189738186,0.2868598099837527,1883,1677,206,8.140776699029127,0.0
3720,212.94784060778204,0.5755347043453569,18.20196523548069,0.049194500636434296,18.20196523548069,0.049194500636434296,20.802954972414682,173.94292039989602,39.00492020789537,0.10541870326458207,174.58223596190317,0.6393155620071411,0.0002424404861612215,0.1036908233672402,0.09676034692381563,3007,2637,370,7.127027027027027,0.0
3721,249.37305703117693,1.7940507700084671,7.5628260531122455,0.054408820525987375,7.5628260531122455,0.054408820525987375,7.407570087846807,234.4026608902169,14.970396140959053,0.10770069166157592,235.23693266388966,0.8342717736727536,0.0002442247581009232,0.10169873645530407,0.619033600572493,3555,3416,139,24.575539568345324,0.0
3722,217.8057801311295,1.2589929487348526,9.074558957750934,0.0524540980216817,9.074558957750934,0.0524540980216817,8.345700981920118,200.38552019146255,17.420259939671052,0.10069514415994828,201.21490331106907,0.8293831196065184,0.0002448002123986182,0.09590102208127416,0.7250494862265668,3561,3388,173,19.583815028901736,0.0
3723,259.8102877036781,0.5196205754073562,24.42840422800625,0.0488568084560125,24.42840422800625,0.0488568084560125,25.162162601460977,210.2197208742275,49.59056682946723,0.09918113365893445,211.06925656433805,0.8495356901105424,0.00024390918464270526,0.09748206227868013,0.12188957765852138,3983,3483,500,6.966,0.0
3724,190.86375685508926,1.2156927188222246,7.972827209309175,0.05078233891279729,7.972827209309175,0.05078233891279729,9.781741517835371,173.10918812794569,17.754568727144544,0.11308642501365952,173.7447041517529,0.6355160238072131,0.0003193547858327704,0.10903855225055009,0.19426120508035183,2147,1990,157,12.67515923566879,0.0
3725,280.0989540958137,0.6238284055586052,22.261487176486106,0.0495801496135548,22.261487176486106,0.0495801496135548,23.527731408961017,234.309735510368,45.789218585447124,0.1019804422838466,235.10267050355128,0.7929349931832803,0.0002461002461773061,0.100214440071854,0.08311024127931432,3671,3222,449,7.1759465478841875,0.0
3726,222.92174814742862,1.0615321340353743,10.113718263739873,0.04816056316066606,10.113718263739873,0.04816056316066606,12.598112723389022,200.20991716030403,22.711830987128895,0.10815157612918522,200.32834780935127,0.11843064904724088,0.0002767071239421516,0.10758762065751117,0.6057251267468473,638,428,210,2.038095238095238,0.0
3727,217.8106547284458,2.2225577013106714,5.024864195223381,0.051274124441054905,5.024864195223381,0.051274124441054905,2.9836823575631115,209.8021081756658,8.008546552786491,0.08171986278353563,210.2664107254684,0.46430254980259633,0.0002401979047090514,0.07698208166303462,0.43164615923228666,2031,1933,98,19.724489795918366,0.0
3728,184.90961210174441,1.5156525582110199,6.323970423852781,0.051835823146334274,6.323970423852781,0.051835823146334274,6.71441920194593,171.87122247594766,13.038389625798711,0.10687204611310419,172.50673849975487,0.6355160238072131,0.0009223744902862309,0.10166289837696345,0.11748412473957615,811,689,122,5.647540983606557,0.0
3729,245.47597121983495,1.9638077697586795,6.8657168980990795,0.054925735184792636,6.8657168980990795,0.054925735184792636,4.871231301233365,233.739023020501,11.736948199332446,0.09389558559465956,234.56249633928473,0.8234733187837264,0.0002456662645536177,0.0873077990444017,0.40590542905465554,3477,3352,125,26.816,0.0
3730,221.9633624039334,1.1324661347139457,9.993400514525693,0.050986737319008636,9.993400514525693,0.050986737319008636,11.918741940980908,200.0512199484308,21.9121424555066,0.11179664518115613,200.7305907308389,0.6793707824081139,0.0002400603471406763,0.10833046771986977,0.14744777201144643,3026,2830,196,14.438775510204081,0.0
3731,230.6760456015993,1.088094554724525,10.400857275471129,0.04906064752580721,10.400857275471129,0.04906064752580721,10.072099011701539,210.203089314439,20.472956287172668,0.09657054852439938,210.6537757633464,0.4506864489073905,0.00023858467385250954,0.09444466904836271,0.011210552888996972,2101,1889,212,8.910377358490566,0.0
3732,178.5503092730039,3.132461566193051,3.280082155843915,0.0575453009797178,3.280082155843915,0.0575453009797178,3.804250472914191,171.46597664424303,7.084332628758106,0.12428653734663343,172.10861895437347,0.6426423101304408,0.00024250653212469465,0.11301211085316554,0.5713867888898676,2707,2650,57,46.49122807017544,0.0
3733,246.87169720308964,1.990900783895884,6.822001386461241,0.055016140213397104,6.822001386461241,0.055016140213397104,5.7286397514176315,234.3210560652086,12.550641137878873,0.10121484788611995,235.1560689588813,0.8350128936726833,0.00024437017666745193,0.09448087293716409,0.053456891274322516,3541,3417,124,27.556451612903224,0.0
3734,207.73593259493578,2.2579992673362583,5.348513927207031,0.05813602094790251,5.348513927207031,0.05813602094790251,2.28147783359168,200.1059408341389,7.629991760798711,0.0829346930521599,201.06980072689294,0.9638598927540443,0.0002407843848998362,0.07245795508742217,0.18033250303653858,4095,4003,92,43.51086956521739,0.0
3735,219.97871948098657,1.864226436279547,5.856790875704554,0.04963382098054707,5.856790875704554,0.04963382098054707,4.918288671384289,209.20363993390527,10.775079547088843,0.09131423344990545,209.55048528958025,0.3468453556749864,0.0002482787084287662,0.0883748660288671,0.7401483335735293,1515,1397,118,11.838983050847459,0.0
3736,185.36406660470152,1.4042732318537994,6.879439261744006,0.052116964104121255,6.879439261744006,0.052116964104121255,6.925351359636352,171.55927598332255,13.804790621380358,0.10458174713166937,172.27960536721162,0.7203293838890659,0.00023979007453031487,0.09912470634462049,0.04579892745266534,3136,3004,132,22.757575757575758,0.0
3737,254.55885975507113,1.2727942987753555,10.244134938247063,0.05122067469123531,10.244134938247063,0.05122067469123531,10.874935622006205,233.43978919481856,21.11907056025327,0.10559535280126635,234.04075637462506,0.6009671798065028,0.0002426189664136063,0.10259051690223032,0.75,2677,2477,200,12.385,0.0
3738,217.13787397327587,1.5849479852063932,7.303874418521037,0.05331295196000757,7.303874418521037,0.05331295196000757,8.742915510361172,201.0910840443969,16.04678992888221,0.11712985349549057,201.924859614895,0.8337755704981191,0.0002449399443296472,0.11104390042613767,0.1930339777379686,3541,3404,137,24.846715328467152,0.0
3739,224.40165704820447,1.6144004104187373,7.460430787201704,0.05367216393670291,7.460430787201704,0.05367216393670291,6.5472673196836695,210.39395894133008,14.007698106885375,0.10077480652435522,211.32920306026267,0.9352441189325873,0.00024216574804054565,0.09404643156792661,0.0018393967498013808,4001,3862,139,27.784172661870503,0.0
3740,183.2064135481836,1.6655128504380328,5.774080387417486,0.05249163988561351,5.774080387417486,0.05249163988561351,5.597096490237391,171.83523667053134,11.371176877654877,0.10337433525140798,172.485759157522,0.650522486990667,0.00024147085634397436,0.09746049446055995,0.016928374907251964,2804,2694,110,24.490909090909092,0.0
3741,274.01706552678706,0.7080544328857546,18.869218328867575,0.04875767010043301,18.869218328867575,0.04875767010043301,20.427838100269355,234.72000909765416,39.29705642913693,0.10154278147063807,235.1110294497837,0.39102035212954434,0.00024763796841643086,0.10053239296383298,0.27741966857308853,1966,1579,387,4.080103359173127,0.0
3742,509.58545725036095,0.16762679514814505,144.0780253495029,0.04739408728602069,144.0780253495029,0.04739408728602069,164.2501031279969,201.2573287729241,308.32812847749983,0.10142372647286178,201.2966677653784,0.03933899245430439,0.000678258490591455,0.10141078601479689,0.3713434017407735,3098,58,3040,0.019078947368421053,0.0
3743,225.23188029439268,1.381790676652716,8.00611836744396,0.04911729059781571,8.00611836744396,0.04911729059781571,7.06277944567546,210.1629824812843,15.06889781311942,0.09244722584735841,210.5244570532849,0.3614745720005885,0.0002506758474345274,0.09022959043624411,0.5005291337572544,1605,1442,163,8.846625766871165,0.0
3744,184.15105236728095,1.461516288629214,6.432939816227417,0.051055077906566805,6.432939816227417,0.051055077906566805,6.376865395669029,171.34124715538587,12.809805211896446,0.10166512072933688,171.89885352604392,0.5576063706580499,0.0002457498328153591,0.09723967334315105,0.1380028290647033,2395,2269,126,18.00793650793651,0.0
3745,244.55563180920672,2.495465630706191,5.493643892111141,0.05605759073582797,5.493643892111141,0.05605759073582797,4.793544469877588,234.26844344721758,10.28718836198873,0.10497130981621153,235.0409343164281,0.7724908692105146,0.0002464871950256907,0.09708874992631249,0.02743329578834164,3232,3134,98,31.979591836734695,0.0
3746,214.6697582520418,1.6262860473639529,6.788384842552102,0.05142715789812198,6.788384842552102,0.05142715789812198,7.443585533996611,200.43778787549616,14.231970376548713,0.10781795739809631,200.9929471699296,0.5551592944334516,0.00024695698150954253,0.10361220516751653,0.19291463127194675,2380,2248,132,17.03030303030303,0.0
3747,246.68457599664748,0.6631305806361492,18.44178559842026,0.04957469246887167,18.44178559842026,0.04957469246887167,17.908511184896952,210.33427921334192,36.35029678331721,0.09771585156805702,211.22371107538947,0.8894318620475588,0.00024408119156080096,0.09532490570230648,0.3032894361498393,4016,3644,372,9.795698924731182,0.0
3748,190.79287595390292,0.9217047147531542,10.605169057704675,0.05123270076185833,10.605169057704675,0.05123270076185833,9.515451364939508,170.6722555312624,20.120620422644183,0.0972010648436917,171.53746292839696,0.8652073971345544,0.00024399531786084444,0.09302131896379691,0.75,3753,3546,207,17.130434782608695,0.0
3749,253.24725087171794,1.3763437547375974,9.307112086794016,0.05058213090648921,9.307112086794016,0.05058213090648921,10.518552072340071,233.42158671258665,19.825664159134085,0.10774817477790263,233.88001483621713,0.45842812363048324,0.00023789731376776504,0.10525671758424353,0.37314353641966136,2111,1927,184,10.472826086956522,0.0
3750,208.45198526674778,3.4172456601106194,3.7047410182943734,0.060733459316301204,3.7047410182943734,0.060733459316301204,3.430859201020894,201.3163850474342,7.1356002193152674,0.11697705277566012,202.16958902364001,0.8532039762058048,0.00024363334557561531,0.102990102346029,0.26001120485375395,3563,3502,61,57.40983606557377,0.0
3751,219.29205092636016,2.5499075689111645,4.964165952497334,0.057722859912759696,4.964165952497334,0.057722859912759696,3.64860824412267,210.6792767297468,8.612774196620004,0.10014853717000004,211.60669998737058,0.9274232576237864,0.0002418313579201529,0.08936454580220449,0.7023177887630254,3921,3835,86,44.593023255813954,0.0
3752,449.16451856511276,0.16988068024399122,125.63692227044254,0.047517746698351945,125.63692227044254,0.047517746698351945,153.66908948741752,169.85850680729595,279.30601175786006,0.1056376746436687,169.97618616310615,0.11767935581019628,0.00028220469019231724,0.10559316656656831,0.3434835910645688,3061,417,2644,0.15771558245083206,0.0
3753,248.57384647201786,2.071448720600149,6.653874585870442,0.05544895488225368,6.653874585870442,0.05544895488225368,7.0517056354779015,234.8682662506725,13.705580221348344,0.1142131685112362,235.7676317946408,0.8993655439683153,0.0002442600608278966,0.10671845564480881,0.04173646589867985,3802,3682,120,30.683333333333334,0.0
3754,213.65433623122647,2.3478498486947963,4.872096081692289,0.05353951738123395,4.872096081692289,0.05353951738123395,7.229369652910918,201.55287049662513,12.101465734603208,0.13298313994069458,202.16312948785128,0.6102589912261465,0.0002426477102290841,0.12627699717994711,0.15368810454378945,2606,2515,91,27.63736263736264,0.0
3755,222.07998636149318,1.866218372785657,6.128938184165269,0.05150368221987621,6.128938184165269,0.05150368221987621,4.701508929134661,211.24953924820034,10.830447113299929,0.09101216061596579,211.7939546450698,0.5444153968694536,0.0002487050693784621,0.08643724131448231,0.10076027789102682,2308,2189,119,18.394957983193276,0.0
3756,177.28025398490718,2.2728237690372715,4.508155431430343,0.05779686450551722,4.508155431430343,0.05779686450551722,2.267526418901298,170.50457213457958,6.775681850331641,0.08686771602989284,171.39747761301123,0.8929054784316577,0.00024416337939066384,0.07542020989610183,0.0228975239083411,3735,3657,78,46.88461538461539,0.0
3757,257.3425558857648,1.3835621284180903,9.787526821235728,0.05262111194212757,9.787526821235728,0.05262111194212757,10.910356260308845,236.6446728042265,20.697883081544575,0.11127894129862674,237.55861914304182,0.9139463388153217,0.00024287704991106078,0.10636525130496222,0.01394903078085008,3949,3763,186,20.231182795698924,0.0
3758,232.56627520721918,0.8776085856876196,13.048464389232018,0.0492394882612529,13.048464389232018,0.0492394882612529,17.887518740063797,201.63029207793147,30.935983129295813,0.11673955897847477,202.17564838032467,0.545356302393202,0.00024699107898242846,0.11468161066752643,0.3952305773395892,2473,2208,265,8.332075471698113,0.0
3759,236.0976785954365,0.8616703598373595,13.464896204607452,0.04914195695112209,13.464896204607452,0.04914195695112209,11.475063859001693,211.15771853183537,24.939960063609146,0.09102175205696768,211.71287782626882,0.5551592944334516,0.00024695698150954253,0.08899562324513748,0.20415898120563725,2522,2248,274,8.204379562043796,0.0
3760,184.3698325446952,1.4074033018679024,6.51962559196883,0.049768134289838395,6.51962559196883,0.049768134289838395,6.667639912126106,171.1825670406041,13.187265504094935,0.10066614888622087,171.58377088785448,0.40120384725037184,0.00024359675000022577,0.09760352409802084,0.2138943486528433,1778,1647,131,12.572519083969466,0.0
3761,260.207323176914,1.210266619427507,11.158071564483855,0.05189800727666909,11.158071564483855,0.05189800727666909,11.735645691839636,237.31360592060003,22.89371725632349,0.10648240584336507,238.23353639524646,0.919930474646435,0.000241578380947068,0.10220365944961635,0.06457795304481806,4023,3808,215,17.711627906976744,0.0
3762,224.0948889232062,1.2449716051289235,9.437633496176174,0.05243129720097874,9.437633496176174,0.05243129720097874,12.80198143306643,201.85527399396926,22.239614929242606,0.12355341627357003,202.79564101163203,0.9403670176627656,0.00024223776858906895,0.11832915506430103,0.07481991935605947,4062,3882,180,21.566666666666666,0.0
3763,252.25392825623396,0.602038014931346,20.48007228839581,0.04887845414891601,20.48007228839581,0.04887845414891601,19.774974568874995,211.9988813989736,40.255046857270806,0.09607409751138617,212.70402156845046,0.7051401694768629,0.0002411560087130174,0.09439118541237114,0.12276906795455034,3343,2924,419,6.978520286396181,0.0
3764,185.58513590777864,1.2455378248844204,7.563641686327842,0.05076269588139491,7.563641686327842,0.05076269588139491,6.9486001858308555,171.07289403562265,14.512241872158697,0.09739759645744092,171.6535170434055,0.5806230077828332,0.0002455065572020436,0.0935007977474708,0.24870991187640357,2514,2365,149,15.87248322147651,0.0
3765,261.1671228180503,1.1871232855365923,11.236666897084582,0.051075758623111735,11.236666897084582,0.051075758623111735,11.992994470495887,237.93746145047885,23.22966136758047,0.10558936985263849,238.70995231968936,0.7724908692105146,0.00024640857072105726,0.10207804771982244,0.14186003225802324,3355,3135,220,14.25,0.0
3766,210.27624426169882,2.841570868401335,3.938059377924805,0.053217018620605475,3.938059377924805,0.053217018620605475,4.012726332975717,202.3254585507998,7.950785710900522,0.10744305014730435,202.80713146433277,0.48167291353297514,0.00023868826240484398,0.10093395672116286,0.004258811924046313,2092,2018,74,27.27027027027027,0.0
3767,239.94022957303844,0.8448599632853466,13.85955194646139,0.048801239248103485,13.85955194646139,0.048801239248103485,13.432435616565044,212.64824201002,27.291987563026435,0.09609854775713533,213.1185773923968,0.4703353823767884,0.00024008952648126003,0.09444243725578046,0.2796772700372685,2243,1959,284,6.897887323943662,0.0
3768,178.64189395987637,2.0300215222713223,4.4812597094369995,0.05092340578905681,4.4812597094369995,0.05092340578905681,3.1242537571067714,171.0363804933363,7.605513466543771,0.08642628939254285,171.43137304548895,0.39499255215264384,0.000245642134423286,0.08193773766349337,0.1913404358498383,1696,1608,88,18.272727272727273,0.0
3769,245.11125671946388,3.404323009992554,4.24786835202111,0.058998171555848744,4.24786835202111,0.058998171555848744,2.690392695575383,238.17299567187024,6.938261047596493,0.09636473677217351,239.00237879147676,0.8293831196065184,0.00024465578749454823,0.08484552677759893,0.256402787792922,3462,3390,72,47.083333333333336,0.0
3770,207.73482353131692,3.462247058855282,3.6462676653992454,0.06077112775665409,3.6462676653992454,0.06077112775665409,1.8231225528777486,202.26543331304117,5.469390218276994,0.09115650363794989,203.11863728924698,0.8532039762058048,0.00024363334557561531,0.07693643736783239,0.2408124102388456,3562,3502,60,58.36666666666667,0.0
3771,223.6870171100311,1.9451044966089661,6.1734353094037155,0.05368204616872796,6.1734353094037155,0.05368204616872796,5.014090861625618,212.49949093900386,11.187526171029333,0.09728283626982029,213.29242593218714,0.7929349931832803,0.0002464061507716844,0.09038774937255609,0.35260639444311437,3333,3218,115,27.982608695652175,0.0
3772,190.14030511207227,0.9459716672242402,9.97587335135422,0.049631210703254824,9.97587335135422,0.049631210703254824,8.39099649820082,171.77343526252537,18.36686984955504,0.09137746193808478,172.23773781232796,0.46430254980259633,0.00023994963814087666,0.089067499003703,0.22023573134254093,2136,1935,201,9.626865671641792,0.0
3773,255.40252825978507,1.5668866764403993,8.525661510724465,0.05230467184493537,8.525661510724465,0.05230467184493537,8.892510474605388,237.98435627446122,17.418171985329852,0.1068599508302445,238.75870846489318,0.774352190431955,0.0002467661537386727,0.1021093238950423,0.30172930988351254,3301,3138,163,19.25153374233129,0.0
3774,227.70711443715197,1.13853557218576,10.293476409418894,0.051467382047094466,10.293476409418894,0.051467382047094466,13.672409218439043,203.7412288092995,23.965885627857936,0.11982942813928968,204.61293143239766,0.8717026230981446,0.0002440376884373305,0.11547091502377156,0.0188397313979749,3772,3572,200,17.86,0.0
3775,225.1439608522487,1.7056360670624902,6.761217979288596,0.05122134832794391,6.761217979288596,0.05122134832794391,6.289059857580696,212.09368301537984,13.050277836869292,0.09886574118840373,212.67430602316267,0.5806230077828332,0.00024581837755412075,0.0944670820385306,0.6579381441832766,2494,2362,132,17.893939393939394,0.0
3776,180.113959616868,1.895936417019663,4.850205865527592,0.05105479858450097,4.850205865527592,0.05105479858450097,3.9397340589875967,171.32401969235366,8.789939924515188,0.09252568341594936,171.7504241542665,0.42640446191285264,0.00023915000668135313,0.08803721539580502,0.028050282033291296,1878,1783,95,18.768421052631577,0.0
3777,259.626050181977,1.224651180103665,10.909160852407082,0.051458305907580576,10.909160852407082,0.051458305907580576,10.221926656540518,238.49496267303766,21.1310875089476,0.09967494107994151,239.3530769734059,0.8581143003682428,0.00024447700865192103,0.09562723211590142,0.38648892982701,3722,3510,212,16.556603773584907,0.0
3778,221.8362699353372,1.6554945517562478,6.958457735910614,0.05192878907395981,6.958457735910614,0.05192878907395981,10.810610000096403,204.06720219933436,17.769067736007017,0.13260498310452998,204.71357740095505,0.6463752016206854,0.00024245131343611606,0.12778128757001617,0.08965159836998282,2800,2666,134,19.895522388059703,0.0
3779,223.51085397333668,2.9027383632900867,4.290766771062359,0.055724243780030644,4.290766771062359,0.055724243780030644,5.121223303771103,214.09886389850135,9.411990074833462,0.1222336373354995,214.81919328239042,0.7203293838890659,0.0002400297847014548,0.1128787102720294,0.022619404760007455,3078,3001,77,38.97402597402598,0.0
3780,198.9190725310391,0.780074794239369,13.063464150281124,0.05122927117757304,13.063464150281124,0.05122927117757304,13.468309817751106,172.38729856301507,26.53177396803223,0.1040461724236558,173.2834700323167,0.8961714693016347,0.00024412189302686863,0.1005317745047937,0.3623343573397051,3926,3671,255,14.39607843137255,0.0
3781,278.5371324791655,0.6894483477207067,19.853557822762923,0.049142469858324066,19.853557822762923,0.049142469858324066,19.170039619945555,239.5135350364618,39.02359744270848,0.09659306297700118,240.39343169204346,0.8798966555816605,0.0004758770446628775,0.09441510095822288,0.14391933713920935,2253,1849,404,4.576732673267327,0.0
3782,224.67240663904352,1.255153109715327,8.732189612634299,0.048783182193487706,8.732189612634299,0.048783182193487706,11.881191235237793,204.05902579117617,20.613380847872094,0.11515855222274912,204.3640705193351,0.3050447281589186,0.00025785691306755585,0.11345439173021468,0.12567851053995582,1362,1183,179,6.608938547486034,0.0
3783,228.42240655459727,1.6086084968633612,7.049603269764706,0.049645093449047224,7.049603269764706,0.049645093449047224,6.97983349133483,214.39296979349615,14.029436761099536,0.09879885043027842,214.8018752011751,0.408905407678958,0.0002517890441372894,0.09591923488325468,0.27023472054099784,1766,1624,142,11.43661971830986,0.0
3784,190.31929812032865,1.0813596484109582,9.052519961391589,0.051434772507906755,9.052519961391589,0.051434772507906755,8.21273115042527,173.05404700851716,17.26525111181686,0.09809801768077761,173.73177939092545,0.6777323824082941,0.00024058657522481154,0.09424726550797273,0.16060765986537717,2993,2817,176,16.005681818181817,0.0
3785,250.86539097963464,2.056273696554382,6.64166904922534,0.05443991023955196,6.64166904922534,0.05443991023955196,5.457314824614059,238.76640710580205,12.098983873839398,0.09917199896589671,239.6463037613837,0.8798966555816605,0.00046902806800728174,0.0919597312971388,0.19060703971342718,1998,1876,122,15.37704918032787,0.0
3786,213.5314909195323,2.7731362457082116,4.266845795778314,0.05541358176335473,4.266845795778314,0.05541358176335473,4.898018771990337,204.3666263517672,9.164864567768651,0.11902421516582665,204.9978859861825,0.6312596344153008,0.0002433537526658831,0.11082603809545204,0.036656028170341415,2671,2594,77,33.688311688311686,0.0
3787,481.34444679265675,0.1895056877136444,119.90309486257587,0.04720594285928184,119.90309486257587,0.04720594285928184,147.56023406523855,213.88111786486888,267.4633289278144,0.10530052319992693,214.29002327254784,0.408905407678958,0.006595248510950936,0.10513953681894052,0.12398120087812003,2602,62,2540,0.024409448818897637,0.0
3788,190.25929366373214,1.1324957956174533,8.662370815575043,0.05156173104508954,8.662370815575043,0.05156173104508954,8.09750365361333,173.49941919454943,16.759874469188375,0.09976115755469271,174.15906208823083,0.6596428936813936,0.00024074558163554512,0.09583471175893638,0.3992348523287319,2908,2740,168,16.30952380952381,0.0
3789,432.5789210032083,0.21585774501158098,94.18594838661292,0.04699897624082481,94.18594838661292,0.04699897624082481,98.87924393237836,239.51372868417752,193.06519231899128,0.09633991632684195,239.69175823337105,0.17802954919352487,0.00026811679095410375,0.09625107922646568,0.19726284194041455,2668,664,2004,0.3313373253493014,0.0
3790,215.25611914580918,2.593447218624207,4.625090593924812,0.05572398305933508,4.625090593924812,0.05572398305933508,7.103621460852764,203.52740709103523,11.728712054777576,0.14130978379250092,204.2325472605121,0.7051401694768629,0.00024123851162396952,0.1328141190999649,0.75,3006,2923,83,35.21686746987952,0.0
3791,225.1735168826084,1.6930339615233714,6.687708954438237,0.05028352597321983,6.687708954438237,0.05028352597321983,5.58117563774681,212.90463229042155,12.268884592185046,0.09224725257281989,213.37271358073497,0.46808129031342105,0.0002400416873402159,0.0887278443749882,0.03889328785714952,2083,1950,133,14.661654135338345,0.0
3792,212.63814487353545,0.5610505141781938,19.09406153255257,0.050380109584571425,19.09406153255257,0.050380109584571425,20.27748728965753,173.26659605133057,39.3715488222101,0.1038827145704752,174.10037162182869,0.8337755704981191,0.00024486800895686317,0.10168277902825004,0.28274955853157735,3784,3405,379,8.984168865435356,0.0
3793,265.79402941026444,1.0302094163188544,13.08752775572505,0.05072685176637616,13.08752775572505,0.05072685176637616,13.610219780948682,239.09628187359033,26.69774753667373,0.10347964161501447,240.02184401121406,0.9255621376237286,0.00024185057162888127,0.09989219146918754,0.6138435145489893,4085,3827,258,14.833333333333334,0.0
3794,211.96301055429274,2.90360288430538,4.151045191449735,0.05686363275958541,4.151045191449735,0.05686363275958541,4.674323647305528,203.137641715541,8.825368838755264,0.12089546354459266,203.8424734050178,0.704831689476805,0.00024171182766694272,0.1112402349215743,0.39620720660423103,2989,2916,73,39.945205479452056,0.0
3795,216.249726612504,9.010405275521,2.04342738013473,0.08514280750561375,2.04342738013473,0.08514280750561375,1.098750294235515,213.10754893813237,3.1421776743702448,0.13092406976542686,214.0688837884104,0.9613348502780354,0.0002404539395392785,0.09086845100389951,0.32670871890184117,4022,3998,24,166.58333333333334,0.0
3796,209.84922970954483,0.5733585511189749,18.507027040221104,0.05056564765087733,18.507027040221104,0.05056564765087733,18.459165432394457,172.88303723693468,36.96619247261556,0.10100052588146329,173.75544898003284,0.8724117430981551,0.00024382664703693544,0.0986168872391038,0.11675422943824287,3944,3578,366,9.775956284153006,0.0
3797,243.60355633768938,6.766765453824705,2.4819373662275743,0.06894270461743263,2.4819373662275743,0.06894270461743263,2.637685325215898,238.48393364624724,5.119622691443473,0.14221174142898535,239.30302622952638,0.8190925832791436,0.0002452373003829771,0.1194591696711945,0.7462727905367501,3376,3340,36,92.77777777777777,0.0
3798,220.15223314777222,1.3342559584713467,8.310712923289271,0.05036795711084407,8.310712923289271,0.05036795711084407,9.29554434499937,202.5459758794882,17.606257268288644,0.10670458950477966,203.09039127635765,0.5444153968694536,0.0002484780451252641,0.1034051022509974,0.20159251301436143,2356,2191,165,13.27878787878788,0.0
3799,220.48000878219807,3.3406061936696676,3.462783843662757,0.052466421873678136,3.462783843662757,0.052466421873678136,4.215420118328893,212.80180482020216,7.678203961991651,0.11633642366654016,213.20622548934205,0.4044206691398813,0.0002430412675119479,0.11020883777054581,0.2024594352188842,1730,1664,66,25.21212121212121,0.0
3800,198.68950301430277,0.8527446481300548,12.037580107570616,0.05166343393807131,12.037580107570616,0.05166343393807131,12.755600141625337,173.89632276511747,24.793180249195952,0.10640849892358778,174.75790604660506,0.861583281487583,0.00024393637641211298,0.102710716599561,0.03287911568520485,3765,3532,233,15.158798283261802,0.0
3801,273.740714725884,0.7280338157603298,18.111357357562174,0.0481685036105377,18.111357357562174,0.0481685036105377,16.764522835538855,238.8648345327848,34.875880193101025,0.09275500051356655,239.34766704709511,0.48283251431030294,0.0002382005497337459,0.09147087148614066,0.0012606328231186126,2403,2027,376,5.39095744680851,0.0
3802,218.43306707031263,1.5168962990993933,7.608530160215487,0.052837015001496436,7.608530160215487,0.052837015001496436,7.771607778049884,203.05292913205187,15.38013793826537,0.10680651346017618,203.88670470255,0.8337755704981191,0.0002450839419453613,0.101016405331685,0.22699068120618904,3546,3402,144,23.625,0.0
3803,228.753405538229,1.3780325634833073,8.504322845000216,0.05123086051204949,8.504322845000216,0.05123086051204949,6.931917325819995,213.3171653674118,15.436240170820211,0.09298939861939887,214.01149499250744,0.6943296250956337,0.00024150595655500303,0.08880669003446727,0.1925891693590529,3041,2875,166,17.319277108433734,0.0
3804,189.72902632688454,1.2648601755125635,8.041084387218472,0.053607229248123146,8.041084387218472,0.053607229248123146,7.0789296946318245,174.60901224504425,15.120014081850297,0.10080009387900198,175.47059552653184,0.861583281487583,0.00024407458399081672,0.09505620533568465,0.7342686396377758,3680,3530,150,23.533333333333335,0.0
3805,244.11286235164073,3.1296520814312916,4.2603274862550835,0.05461958315711646,4.2603274862550835,0.05461958315711646,1.5599046425277265,238.29263022286057,5.82023212878281,0.07461836062542064,238.88757839123843,0.5949481683778686,0.00024383121654830678,0.06699082000515762,0.09084978675468847,2518,2440,78,31.28205128205128,0.0
3806,222.2175183446817,1.3148965582525545,8.830934687694889,0.05225405140647863,8.830934687694889,0.05225405140647863,10.386660736405474,202.99992292058744,19.217595424100363,0.1137135823911264,203.87589748166158,0.8759745610741447,0.0002443443685004588,0.10853030096461613,0.34487595401947146,3754,3585,169,21.21301775147929,0.0
3807,228.00609919267708,1.390281092638275,8.495365063265782,0.05180100648332794,8.495365063265782,0.05180100648332794,6.736473706155039,212.77426042326033,15.23183876942082,0.09287706566720012,213.55032705070812,0.7760666274477899,0.00024605790343937533,0.08814495208517661,0.5846732415499218,3318,3154,164,19.23170731707317,0.0
3808,190.80233767274046,1.185107687408326,8.282298981220384,0.05144285081503344,8.282298981220384,0.05144285081503344,8.127141175256384,174.3928975162729,16.40944015647677,0.10192198854954515,174.9673370061065,0.574439489833594,0.00024622352757547967,0.09835404140766435,0.10534209302034014,2494,2333,161,14.490683229813664,0.0
3809,256.1932794511514,1.2620358593652778,10.24773268834418,0.050481441814503356,10.24773268834418,0.050481441814503356,7.846572264590122,238.09897449821835,18.0943049529343,0.08913450715731183,238.7695821251449,0.6706076269265395,0.00024036115660449445,0.08583102131037687,0.13303550987666313,2993,2790,203,13.74384236453202,0.0
3810,228.38451799754614,1.1712026563976725,9.788877073098202,0.05019936960563181,9.788877073098202,0.05019936960563181,13.784635653165878,204.81100527128604,23.57351272626408,0.12088980885263631,205.45738047290672,0.6463752016206854,0.00024245131343611606,0.1175750642289201,0.25956622294938825,2861,2666,195,13.671794871794871,0.0
3811,224.12973312976658,1.6851859633817037,7.185428272070467,0.05402577648173284,7.185428272070467,0.05402577648173284,3.554813000898548,213.38949185680178,10.740241272969016,0.08075369378172192,214.32724130824238,0.9377494514405953,0.00024100474208188006,0.07370294602649774,0.17964327144159142,4024,3891,133,29.25563909774436,0.0
3812,225.5283522387483,0.46887391317827093,24.022770179003167,0.04994338914553673,24.022770179003167,0.04994338914553673,25.857210328426845,175.64837173132628,49.87998050743001,0.10370058317553017,176.5178536754495,0.8694819441232085,0.00024368888568475572,0.10189292840602666,0.04387254324967671,4049,3568,481,7.417879417879418,0.0
3813,254.01176476902867,1.3880424304318506,9.524129700105277,0.05204442459073922,9.524129700105277,0.05204442459073922,6.0741129051245935,238.41352216380176,15.59824260522987,0.08523629838923427,239.30281917940295,0.889297015601187,0.0002451880384894367,0.0803767518558783,0.0623680217591982,3810,3627,183,19.81967213114754,0.0
3814,231.6180226885666,1.0528091940389392,10.896451665972771,0.049529325754421684,10.896451665972771,0.049529325754421684,15.759930540089726,204.96164048250773,26.656382206062496,0.12116537366392044,205.549146665482,0.5875061829742663,0.0002458184866001114,0.11849489101402097,0.45007147937599257,2610,2390,220,10.863636363636363,0.0
3815,235.0244518666433,1.0586687021019967,10.94152474939751,0.04928614751980861,10.94152474939751,0.04928614751980861,10.366016941414046,213.71691017583692,21.307541690811554,0.09597991752617817,214.1872455582137,0.4703353823767884,0.0002408271287131533,0.09386128967761075,0.05401908802059552,2175,1953,222,8.797297297297296,0.0
3816,193.35356952781228,1.43224866316898,7.321869964360614,0.054236073810078625,7.321869964360614,0.054236073810078625,8.256652036460764,177.7750475269953,15.578522000821378,0.11539645926534355,178.6328175073637,0.8577699803684027,0.0002438231894168285,0.1090426075588783,0.05002709763266466,3653,3518,135,26.05925925925926,0.0
3817,260.99330259126043,1.3664570816296358,9.84545286271664,0.05154687362678869,9.84545286271664,0.05154687362678869,9.704416805637948,241.4434329229024,19.54986966835459,0.10235533857777272,242.34037815220415,0.8969452293017639,0.00024386765342625447,0.09765929025683916,0.4019349058428361,3869,3678,191,19.2565445026178,0.0
3818,223.14685070151256,1.47779371325505,7.949776031238832,0.05264752338568763,7.949776031238832,0.05264752338568763,10.487871668665548,204.7092030016114,18.43764769990438,0.12210362715168464,205.60856854557971,0.8993655439683153,0.0002443264178126366,0.11614756394657515,0.4780603139172399,3832,3681,151,24.37748344370861,0.0
3819,279.42143387260296,0.41580570516756393,32.16925324377156,0.047870912565136245,32.16925324377156,0.047870912565136245,34.330255858860255,212.92192476998696,66.4995091026318,0.09895760283129733,213.36943193990749,0.4475071699205273,0.0002391807428757495,0.0982916695427016,0.4766036321198044,2543,1871,672,2.7842261904761907,0.0
3820,184.0786760131789,3.3468850184214345,3.534200070401279,0.06425818309820507,3.534200070401279,0.06425818309820507,3.1718428388112443,177.3726331039668,6.706042909212523,0.12192805289477315,178.29256357861323,0.919930474646435,0.000241578380947068,0.10520204426483029,0.6734254043007013,3863,3808,55,69.23636363636363,0.0
3821,260.5647806572456,1.2063184289687297,10.520688873340411,0.04870689293213153,10.520688873340411,0.04870689293213153,9.937673786779214,240.1064179971229,20.458362660119626,0.09471464194499826,240.52529182297235,0.41887382584945954,0.00024226363554046243,0.09277541126978353,0.75,1945,1729,216,8.00462962962963,0.0
3822,233.02117934545902,0.8760194712235302,12.752190758665428,0.0479405667619001,12.752190758665428,0.0479405667619001,16.715082042205722,203.55390654459222,29.46727280087115,0.11077922105590658,203.84081773489277,0.28691119030054324,0.0002641907829655094,0.10970060755851974,0.15463296456698572,1352,1086,266,4.082706766917293,0.0
3823,229.45439098808185,1.318703396483229,9.109834798033786,0.05235537240249302,9.109834798033786,0.05235537240249302,8.093833790513372,212.2507223995409,17.20366858854716,0.09887165855486874,213.14015426158846,0.8894318620475588,0.00024394730171353778,0.09375998118674363,0.19944066550010575,3820,3646,174,20.95402298850575,0.0
3824,209.6436523072175,0.7155073457584216,15.058079474312004,0.05139276271096247,15.058079474312004,0.05139276271096247,16.850011886758693,177.73556094615014,31.908091361070696,0.10890133570331295,178.63767343735094,0.9021124912007963,0.00024348515282072774,0.10582245348077327,0.08585249543614282,3998,3705,293,12.64505119453925,0.0
3825,248.01672952856916,3.3515774260617452,3.8763004203528095,0.0523824381128758,3.8763004203528095,0.0523824381128758,3.784260729690459,240.35616837852763,7.660561150043268,0.10352109662220632,240.7750422043771,0.41887382584945954,0.00024170445807816476,0.09786063951610907,0.017434740311955466,1807,1733,74,23.41891891891892,0.0
3826,225.58184718485973,1.1279092359242986,10.068667055687255,0.05034333527843628,10.068667055687255,0.05034333527843628,11.953516226319152,203.55966390285698,22.02218328200641,0.11011091641003205,204.25964272259102,0.6999788197340422,0.00024103953847590985,0.1066110223113435,0.025841293968369428,3104,2904,200,14.52,0.0
3827,225.17122920566442,2.084918788941337,6.0206341032435855,0.05574661206707024,6.0206341032435855,0.05574661206707024,3.949809332696077,215.20078576972776,9.970443435939663,0.09231892070314503,216.13136233300236,0.9305765632745988,0.00024195958483478908,0.08370247104316722,0.3232823085598966,3954,3846,108,35.611111111111114,0.0
3828,194.63099903590955,1.34228275197179,7.505379153116341,0.05176123553873339,7.505379153116341,0.05176123553873339,8.729348921177461,178.39627096161917,16.234728074293802,0.1119636418916814,178.94068635848862,0.5444153968694536,0.00024893250885663174,0.10820905294773057,0.16696266814085448,2332,2187,145,15.082758620689654,0.0
3829,263.58396741099875,1.0296248726992139,12.751406105571478,0.049810180099888586,12.751406105571478,0.049810180099888586,10.674042476986187,240.15851882843833,23.425448582557664,0.09150565852561587,240.96104231484276,0.8025234864044251,0.0002451201852182117,0.08837080115685936,0.10043710526963423,3530,3274,256,12.7890625,0.0
3830,221.33229371928883,1.4097598326069352,8.01575154463293,0.05105574232250274,8.01575154463293,0.05105574232250274,9.587053960992534,203.7294882136664,17.602805505625465,0.11211978029060805,204.41590678051534,0.6864185668489426,0.00024135673939836239,0.10774768750811137,0.034303153315818236,3001,2844,157,18.11464968152866,0.0
3831,244.55641380813017,0.8206591067386919,14.867304132808526,0.04989028232486083,14.867304132808526,0.04989028232486083,13.751473888170949,215.9376357871579,28.618778020979477,0.09603616785563583,216.75459781043696,0.8169620232790749,0.0002453339409246471,0.09329468455601748,0.26639569027906873,3628,3330,298,11.174496644295303,0.0
3832,190.16567330755674,1.8462686728889004,5.585850448898729,0.054231557756298336,5.585850448898729,0.054231557756298336,5.920565826551638,178.6592570321111,11.506416275450366,0.11171277937330452,179.32986465903764,0.6706076269265395,0.00024061988766650144,0.10520202571377772,0.026352645137649233,2890,2787,103,27.058252427184467,0.0
3833,565.9599056008327,0.17052121289570132,156.1980073455812,0.04706176780523688,156.1980073455812,0.04706176780523688,169.36948507082548,240.39241318440793,325.5674924164067,0.09809204351202372,240.449326740346,0.05691355593808112,0.00042158189583763793,0.09807489570969771,0.24157764170229257,3454,135,3319,0.04067490207893944,0.0
3834,214.07363331797035,1.963978287320829,5.4188644258293,0.049714352530544036,5.4188644258293,0.049714352530544036,5.349131015039575,203.305637877104,10.767995440868875,0.09878894899879702,203.64370661459145,0.3380687374874469,0.00025153923920196944,0.09568740094843024,0.5759429262923277,1453,1344,109,12.330275229357799,0.0
3835,240.59954876051893,1.156728599810187,10.694434097140562,0.051415548543945006,10.694434097140562,0.051415548543945006,11.529823267155734,218.37529139622598,22.224257364296296,0.10684739117450143,219.26422745182708,0.888936055601107,0.00024549463010248746,0.10257366013794157,0.09560294884079212,3829,3621,208,17.408653846153847,0.0
3836,186.53296485198553,2.4871061980264737,4.250976332085386,0.05667968442780515,4.250976332085386,0.05667968442780515,3.576822624047736,178.70516589585782,7.8277989561331225,0.10437065274844164,179.4040098333228,0.6988439374649715,0.00024131351431801504,0.09505273358216983,0.1497530492183614,2971,2896,75,38.61333333333334,0.0
3837,269.19696927710265,0.8545935532606433,15.17248249026593,0.0481666110802093,15.17248249026593,0.0481666110802093,14.541214739235556,239.48327204759698,29.713697229501484,0.09432919755397297,239.95018108558224,0.4669090379852605,0.0003090066432728395,0.09284694663974732,0.23950121742586816,1826,1511,315,4.796825396825397,0.0
3838,221.92317825871237,1.2329065458817354,8.866905871167667,0.04926058817315371,8.866905871167667,0.04926058817315371,9.846508773211553,203.20976361433668,18.71341464437922,0.10396341469099567,203.64964145297745,0.43987783864076846,0.0002393241777153256,0.10151964892074956,0.09120395831223505,2018,1838,180,10.21111111111111,0.0
3839,237.19779147228144,1.191948700865736,10.15454459591516,0.051027862291030956,10.15454459591516,0.051027862291030956,8.478847298147002,218.56439957822238,18.633391894062164,0.09363513514604102,219.33875176865433,0.774352190431955,0.00024684481684155406,0.08974391810867892,0.2193696486482395,3336,3137,199,15.763819095477388,0.0
3840,194.54943424190162,1.2969962282793441,7.560161367684714,0.05040107578456476,7.560161367684714,0.05040107578456476,8.343757624641057,178.64551524958017,15.90391899232577,0.10602612661550515,179.00137863592965,0.35586338634948333,0.0002499040634476709,0.10365370403981311,0.20841975935627488,1574,1424,150,9.493333333333334,0.0
3841,462.52751277992047,0.20144926514804898,108.31304588159188,0.04717467155121598,108.31304588159188,0.04717467155121598,115.3635214317676,238.85094546652385,223.67656731335947,0.09742010771487782,239.3178545045091,0.4669090379852605,0.0010128178698161833,0.09721675011995268,0.11333321475638058,2757,461,2296,0.20078397212543553,0.0
3842,216.77635536057255,1.6177339952281533,7.0153675134032545,0.052353488905994436,7.0153675134032545,0.052353488905994436,6.373168084621284,203.38781976255086,13.38853559802454,0.09991444476137716,204.15190264961507,0.7640828870642054,0.00024631943490142016,0.09421233366386182,0.09507113882659723,3236,3102,134,23.149253731343283,0.0
3843,235.3205032335668,1.3524166852503838,8.768870885554579,0.05039580968709528,8.768870885554579,0.05039580968709528,7.241363707202936,219.3102686408115,16.010234592757513,0.09201284248711214,219.89089164859433,0.5806230077828332,0.0002454027928076218,0.08867592864926703,0.13978845808310325,2540,2366,174,13.597701149425287,0.0
3844,219.44234840804393,0.5805353132487935,18.8650493619355,0.04990753799453836,18.8650493619355,0.04990753799453836,20.820333623367787,179.7569654227425,39.68538298530329,0.10498778567540554,180.44243038959144,0.6854649668489401,0.00024136090382004933,0.10317438629220235,0.0012108984874430462,3218,2840,378,7.5132275132275135,0.0
3845,251.0823037808916,2.3465635867373047,5.907164230872127,0.055207142344599315,5.907164230872127,0.055207142344599315,4.26134054901263,240.91379900100014,10.168504779884756,0.09503275495219399,241.82990907444537,0.9161100734452248,0.00024229306359302427,0.08647097856491812,0.07064880429834375,3888,3781,107,35.33644859813084,0.0
3846,215.30425698329418,2.0311722356914546,5.802565658763011,0.0547411854600284,5.802565658763011,0.0547411854600284,4.6881114843499745,204.8135798401836,10.490677143112986,0.09896865229351874,205.67516312167118,0.861583281487583,0.00024379832526530364,0.09084050812851892,0.06260482646484888,3640,3534,106,33.339622641509436,0.0
3847,264.6267683545874,0.5906847507914897,22.010755814031718,0.049131151370606516,22.010755814031718,0.049131151370606516,22.76943891156907,219.84657362899554,44.780194725600786,0.09995579179821604,220.73550968459665,0.888936055601107,0.00024549463010248746,0.09797155953122935,0.33659175897525984,4069,3621,448,8.082589285714286,0.0
3848,192.23103836753023,1.9223103836753024,5.503770166712463,0.05503770166712463,5.503770166712463,0.05503770166712463,6.321396676693894,180.40587152412434,11.825166843406357,0.11825166843406358,181.1170609541913,0.7111894300669519,0.00024124471847589957,0.11113977413338944,0.14323025675457757,3048,2948,100,29.48,0.0
3849,254.8081378500774,1.7695009572922042,6.81635877703825,0.047335824840543404,6.81635877703825,0.047335824840543404,7.162614232735223,240.82916484029647,13.978973009773473,0.09707620145676023,240.942894414718,0.11372957442154075,0.00029012646536107333,0.09628641274555132,0.4583173919542105,536,392,144,2.7222222222222223,0.0
3850,246.315739408622,0.6693362483929945,18.00110453601449,0.04891604493482199,18.00110453601449,0.04891604493482199,23.19249847556398,205.12213639705055,41.193603011578475,0.11193913861841977,205.8076013638995,0.6854649668489401,0.00024187190079355685,0.11007646207805027,0.03605589699259326,3202,2834,368,7.701086956521739,0.0
3851,237.64879359351937,1.4760794633137848,8.391393604379255,0.052120457170057484,8.391393604379255,0.052120457170057484,8.288947025312382,220.9684529638315,16.680340629691635,0.1036046001844201,221.8034658575042,0.8350128936726833,0.00024387058810533974,0.09841818469574645,0.33010118430013335,3585,3424,161,21.267080745341616,0.0
3852,208.88639886923795,0.7252999960737428,14.81334391701153,0.05143522193406781,14.81334391701153,0.05143522193406781,13.777809797664986,180.29524515456262,28.591153714676516,0.09927483928707123,181.20670669495382,0.9114615403912012,0.00024292684978443528,0.09611004227181989,0.5256997120384312,4040,3752,288,13.027777777777779,0.0
3853,257.22977407029373,1.3538409161594407,9.520680486781673,0.050108844667271966,9.520680486781673,0.050108844667271966,7.295305755067602,240.41378782843879,16.815986241849274,0.08850519074657512,241.10456962489013,0.690781796451347,0.00024178571804387363,0.08486949708107157,0.15536871766266813,3047,2857,190,15.036842105263158,0.0
3854,223.5584051049243,1.6438118022420904,7.051686857783106,0.051850638660169895,7.051686857783106,0.051850638660169895,9.940287388152228,206.56643085899168,16.991974245935335,0.1249409871024657,207.25659185544305,0.6901609964513682,0.00024216175314083094,0.11986627389324453,0.11108069661588615,2986,2850,136,20.955882352941178,0.0
3855,227.19326222088512,3.54989472220133,3.397986170710588,0.053093533917352935,3.397986170710588,0.053093533917352935,2.875089945923719,220.92018610425157,6.273076116634307,0.09801681432241105,221.35877527813045,0.4385891738788814,0.00023966621523436143,0.09116385848054165,0.09113062693563734,1894,1830,64,28.59375,0.0
3856,194.90971969971395,1.3442049634463031,7.93323455902104,0.054711962476007174,7.93323455902104,0.054711962476007174,5.800530769351099,181.1759543713382,13.733765328372138,0.0947156229542906,182.08879767172937,0.9128433003911596,0.00024310074577660708,0.08842015191713504,0.20055744596118075,3900,3755,145,25.896551724137932,0.0
3857,259.3336475820813,1.3721357014924938,9.510541521612936,0.050320325511179556,9.510541521612936,0.050320325511179556,8.463105862910652,241.36000019755284,17.973647384523588,0.09509866341017771,242.09729340259742,0.7372932050445797,0.0002403172115529921,0.09119764116129046,0.04832646425359144,3257,3068,189,16.232804232804234,0.0
3858,226.47134574837787,1.3809228399291333,8.39922542063346,0.051214789150204026,8.39922542063346,0.051214789150204026,10.82337746864232,207.24874285910528,19.22260288927578,0.11721099322729134,207.97481133810538,0.7260684790001051,0.0002401020102513575,0.11278374640410053,0.23324967526218643,3188,3024,164,18.4390243902439,0.0
3859,233.8896106823364,1.5286902658976236,7.808385278341843,0.051035197897659104,7.808385278341843,0.051035197897659104,5.523300358645656,220.55792504535236,13.3316856369875,0.08713520024174837,221.18918467976766,0.6312596344153008,0.000242792167082808,0.0830093202782271,0.46096273684349853,2753,2600,153,16.99346405228758,0.0
3860,198.24148880867097,1.3304797906622212,8.171809501326763,0.05484435906930713,8.171809501326763,0.05484435906930713,8.39778060329786,181.67189870404036,16.569590104624623,0.1112053027156015,182.6158181893452,0.943919485304832,0.00024116491704262444,0.10487027261292466,0.4892416587359776,4063,3914,149,26.268456375838927,0.0
3861,275.688887237995,0.8084718100820968,18.547842452930453,0.05439249986196614,18.547842452930453,0.05439249986196614,16.029539042681336,241.11150574237286,34.57738149561179,0.10139994573493193,241.6666650368063,0.5551592944334516,0.00024359775973385327,0.0997719126134566,0.03770620752607101,2620,2246,374,6.005347593582887,1.0
3862,477.87464162642164,0.17857796772287804,126.88437700011772,0.04741568647239078,126.88437700011772,0.04741568647239078,144.19674614787323,206.79351847848238,271.081123147991,0.10130086814199962,206.90724805290392,0.11372957442154075,0.0002931174598493318,0.10125836830101559,0.19338225651745233,3064,388,2676,0.14499252615844543,0.0
3863,246.51092311470472,0.9163974836977871,13.086486153430494,0.04864864741052228,13.086486153430494,0.04864864741052228,13.031953860200247,220.39248310107826,26.11844001363074,0.09709457254137821,220.84316954998565,0.4506864489073905,0.0002379548304685272,0.09541915823315643,0.07637145590990713,2163,1894,269,7.04089219330855,0.0
3864,192.77757413705774,1.6910313520794538,6.224362493974306,0.05459967099977461,6.224362493974306,0.05459967099977461,4.1556315043121685,182.3975801387661,10.379993998286475,0.0910525789323375,183.0985599185002,0.700979779734098,0.0002409693295751454,0.08490363349611878,0.5436267684267477,3023,2909,114,25.517543859649123,0.0
3865,380.68861530172524,0.265658489394086,67.40585711252398,0.047038281306715966,67.40585711252398,0.047038281306715966,70.24180602746901,243.0409521616956,137.64766313999297,0.0960555918632191,243.36493412324728,0.3239819615516808,0.0002529133189318351,0.09582950535832377,0.019885935570300717,2714,1281,1433,0.8939288206559665,0.0
3866,230.41698725321703,1.0473499420600774,10.918566206233637,0.04962984639197108,10.918566206233637,0.04962984639197108,13.203859150271455,206.2945618967176,24.12242535650509,0.10964738798411404,206.88620699842886,0.5916451017112649,0.00024427956305171964,0.10695809206721896,0.01959850517448558,2642,2422,220,11.00909090909091,0.0
3867,233.35207030185109,1.5556804686790073,7.892882014052474,0.0526192134270165,7.892882014052474,0.0526192134270165,5.014340555140734,220.4448477326613,12.907222569193209,0.08604815046128805,221.30274747632973,0.8578997436684404,0.0004456622045030859,0.08032881883680905,0.004701506209471518,2075,1925,150,12.833333333333334,0.0
3868,217.69198048810983,0.6657247109728129,16.34220966834343,0.049976176355790304,16.34220966834343,0.049976176355790304,18.180214825677467,183.169555994088,34.522424494020896,0.10557316359027798,183.8042496237057,0.6346936296176864,0.00024317763586884536,0.10363220447830014,0.17690196413536796,2937,2610,327,7.981651376146789,0.0
3869,261.5209871815466,1.4859146998951511,8.973452968161892,0.05098552822819257,8.973452968161892,0.05098552822819257,8.638822569792183,243.90871164359146,17.612275537954076,0.10006974737473907,244.74050641408962,0.8317947704981634,0.00024471749646900955,0.09534364072418745,0.007922782995024136,3575,3399,176,19.3125,0.0
3870,226.96785708926848,1.1883133879019292,9.428393461691805,0.04936331655336023,9.428393461691805,0.04936331655336023,11.060785856568145,206.4786777710127,20.48917931825995,0.10727319014795786,206.9551956604265,0.4765178894137989,0.00023933595651119986,0.10477833208817783,0.21800297407628477,2182,1991,191,10.424083769633508,0.0
3871,238.1249601127331,1.227448248003779,9.954412414580936,0.05131140419887081,9.954412414580936,0.05131140419887081,8.258382660417055,219.91216503773921,18.21279507499799,0.09388038698452573,220.77006478140765,0.8578997436684404,0.0005097443515558172,0.08945822335734768,0.12985497371539623,1877,1683,194,8.675257731958762,0.0
3872,197.90424576423993,1.5341414400328677,7.049445678086139,0.05464686572159797,7.049445678086139,0.05464686572159797,7.434530207611942,183.42026987853615,14.483975885698081,0.11227888283486885,184.21735162760706,0.7970817490709123,0.00024487918558246155,0.10609995454754165,0.2229216721677858,3384,3255,129,25.232558139534884,0.0
3873,258.9711564664202,1.5695221604025467,8.073004165248978,0.04892729797120593,8.073004165248978,0.04892729797120593,7.273292932047752,243.6248593691231,15.34629709729673,0.09300786119573776,244.0742789334223,0.4494195642992054,0.000238672099999578,0.09028410626059337,0.5919238174357133,2048,1883,165,11.412121212121212,0.0
3874,236.43612890131863,0.8922118071747873,13.35252581709037,0.05038688987581272,13.35252581709037,0.05038688987581272,16.41931725636232,206.66428582787216,29.77184307345269,0.11234657763567053,207.55719130630382,0.8929054784316577,0.00024383000503322164,0.10897712300005587,0.20051405091919605,3927,3662,265,13.818867924528302,0.0
3875,238.23930641291292,1.1029597519116339,11.071921414242004,0.051258895436305574,11.071921414242004,0.051258895436305574,7.323138541484468,219.8442464571898,18.395059955726474,0.08516231460984479,220.77949057612238,0.9352441189325873,0.00024204040345046255,0.08083248072588213,0.19602484569452372,4080,3864,216,17.88888888888889,0.0
3876,194.139054011226,2.283988870720306,6.993164617033735,0.08227252490627925,6.993164617033735,0.08227252490627925,4.667000480628531,182.47888891355763,11.660165097662265,0.13717841291367372,183.1852890025683,0.7064000890106854,0.00023816590998337336,0.12886782363126686,0.75,3051,2935,116,25.301724137931036,1.0
3877,274.88892234096045,0.8355286393342263,15.97331779941954,0.048551117931366385,15.97331779941954,0.048551117931366385,15.06487349965164,243.8507310418819,31.03819129907118,0.09434100698805829,244.46229651597343,0.6115654740915488,0.0003380682554403255,0.09248214536470217,0.15971397278531185,2138,1809,329,5.498480243161095,0.0
3878,222.80795734038895,1.4953554183918722,7.471391726990597,0.050143568637520786,7.471391726990597,0.050143568637520786,9.068755197090923,206.2678104163091,16.54014692408152,0.11100769747705717,206.7794294143804,0.5116189980712988,0.0002478774215461719,0.10757401292623198,0.37313296957154307,2213,2064,149,13.85234899328859,0.0
3879,240.57321882804615,1.2796447810002456,9.76592245809182,0.05194639605367989,9.76592245809182,0.05194639605367989,9.082413862225394,221.72488250773233,18.848336320317216,0.10025710808679371,222.65545907100693,0.9305765632745988,0.00024183382621481258,0.09530723275020862,0.11385507326576771,4036,3848,188,20.46808510638298,0.0
3880,209.49222284123846,0.8215381287891704,12.8676161022751,0.0504612396167651,12.8676161022751,0.0504612396167651,11.632879726685132,184.99172701227815,24.500495828960233,0.09608037579984405,185.61743356330942,0.6257065510312714,0.00024242795468084905,0.09362662461932957,0.0631774155997391,2836,2581,255,10.12156862745098,0.0
3881,266.28870616045197,1.091347156395295,11.953964916897093,0.048991659495479886,11.953964916897093,0.048991659495479886,11.403936942772361,242.93080430077566,23.357901859669454,0.09572910598225186,243.5423697748672,0.6115654740915488,0.0008036340001203007,0.09322269010485555,0.36976128266917385,1005,761,244,3.1188524590163933,0.0
3882,236.534515323248,0.9537682069485807,12.48885780044465,0.05035829758243811,12.48885780044465,0.05035829758243811,17.160634323608292,206.88502319920087,29.64949212405294,0.11955440372601993,207.7084965179846,0.8234733187837264,0.0002461803643598584,0.11623394679541695,0.3303391304422121,3593,3345,248,13.487903225806452,0.0
3883,245.28542527638353,0.9970952247007461,12.355949908870366,0.05022743865394458,12.355949908870366,0.05022743865394458,10.981022677676265,221.9484526898417,23.33697258654663,0.09486574222173426,222.74138768302498,0.7929349931832803,0.00024648274578280396,0.09164242924129493,0.0859746419964722,3463,3217,246,13.077235772357724,0.0
3884,199.3047551327477,1.3376158062600516,7.857795130263612,0.0527368800688833,7.857795130263612,0.0527368800688833,6.041624046409197,185.4053359560735,13.899419176672808,0.09328469246089133,186.08306833848178,0.6777323824082941,0.00024041588591993407,0.08873615298165038,0.15623251882163913,2968,2819,149,18.91946308724832,0.0
3885,264.55451624194836,1.1257638989019079,11.464178181341817,0.04878373694188007,11.464178181341817,0.04878373694188007,10.299062338066506,242.79127572253367,21.76324051940832,0.09260953412514179,243.33696994492686,0.5456942223931947,0.0002481556263725305,0.09028743105115532,0.17854776107321868,2434,2199,235,9.357446808510637,0.0
3886,214.8048097811452,3.8358001746633072,3.4990412003075946,0.06248287857692133,3.4990412003075946,0.06248287857692133,3.770025377727279,207.535743203111,7.269066578034874,0.12980476032205132,208.4351087470793,0.8993655439683153,0.00024386267461179914,0.11374466132260506,0.12637046414317865,3744,3688,56,65.85714285714286,0.0
3887,270.4675144264378,0.5931305140930653,21.97085013938438,0.04818168890215872,21.97085013938438,0.04818168890215872,24.54200800133617,223.9546562857273,46.51285814072055,0.10200188188754507,224.43488036739598,0.48022408166866626,0.00023903637713721567,0.10094875890140748,0.17437278531076572,2465,2009,456,4.405701754385965,0.0
3888,220.30419612609774,0.7570590932168307,14.434169558684454,0.04960195724633833,14.434169558684454,0.04960195724633833,17.984584826447644,187.88544174097035,32.4187543851321,0.1114046542444402,188.5016541860806,0.61621244511025,0.00024212669748929273,0.10928708570452624,0.2716796914955921,2836,2545,291,8.745704467353951,0.0
3889,277.1572170334865,0.7390859120892974,18.29826817039493,0.04879538178771981,18.29826817039493,0.04879538178771981,16.56534068217752,242.29360818090947,34.863608852572455,0.09296962360685988,243.05130077309207,0.7576925921825932,0.0002458444491182976,0.09094911002771854,0.4709388230678542,3457,3082,375,8.218666666666667,0.0
3890,225.83143118877865,1.2546190621598814,9.221943193878833,0.05123301774377129,9.221943193878833,0.05123301774377129,9.36165222113641,207.24783577376797,18.583595415015242,0.10324219675008468,208.0203266429785,0.7724908692105146,0.0002466445942562307,0.09895058081000091,0.41067120012246505,3312,3132,180,17.4,0.0
3891,246.85637349806154,1.1644168561229318,10.607783181141123,0.050036713118590204,10.607783181141123,0.050036713118590204,11.594576062079113,224.6540142548455,22.202359243220236,0.1047281096378313,225.31087483800673,0.6568605831612331,0.00024184852104610938,0.10162971066063593,0.23800277934617498,2928,2716,212,12.81132075471698,0.0
3892,221.0869436263107,0.7444004835902717,14.80416555204076,0.049845675259396496,14.80416555204076,0.049845675259396496,18.946070267411415,187.33670780686305,33.75023581945217,0.11363715764125311,188.04153949633985,0.704831689476805,0.00024154615814832246,0.11126398696959881,0.04533357668105964,3215,2918,297,9.824915824915825,0.0
3893,258.4537617078307,1.6053028677505015,7.89227733772159,0.04902035613491671,7.89227733772159,0.04902035613491671,7.546585888017489,243.0148984820902,15.43886322573908,0.09589356040831727,243.46281864457626,0.4479201624860707,0.00023838220462270925,0.09311144759785381,0.18045698256651121,2040,1879,161,11.670807453416149,0.0
3894,217.42088642832618,2.2185804737584305,5.171830488996454,0.05277378049996381,5.171830488996454,0.05277378049996381,4.419101201012609,207.8299547383183,9.590931690009063,0.09786664989805166,208.43262268804688,0.6026679497285841,0.00024193815725756084,0.09171697694162559,0.14774714612246953,2589,2491,98,25.418367346938776,0.0
3895,235.06332313633322,2.6411609341161038,4.563695305001532,0.05127747533709586,4.563695305001532,0.05127747533709586,4.947827869928915,225.55179996140316,9.511523174930446,0.10687104690933084,225.97067378725262,0.41887382584945954,0.0002415650668105303,0.10216459942787194,0.04935225576457469,1823,1734,89,19.48314606741573,0.0
3896,202.52907974282175,1.2982633316847547,8.387805911726753,0.05376798661363303,8.387805911726753,0.05376798661363303,7.171178093955177,186.97009573714377,15.55898400568193,0.09973707695949956,187.91600585130868,0.9459101141649171,0.00024056717043868694,0.09367355058662223,0.7425737972840807,4088,3932,156,25.205128205128204,0.0
3897,247.95081313710136,3.7007584050313636,3.713515019275324,0.05542559730261678,3.713515019275324,0.05542559730261678,1.2938087011605148,242.9434894166667,5.0073237204358385,0.07473617493187819,243.59562022365742,0.6521308069907263,0.0002417089721981936,0.06500287930513349,0.26927139516703846,2765,2698,67,40.26865671641791,0.0
3898,209.31298628802608,5.980371036800745,2.048918738064938,0.05854053537328394,2.048918738064938,0.05854053537328394,0.6426423101304408,206.62142523983118,2.691561048195379,0.07690174423415368,207.05615867844983,0.4347334386186503,0.00024071618971132356,0.06448078884503568,0.75,1841,1806,35,51.6,0.0
3899,250.85863550368617,0.9466363603912685,13.259180315254582,0.05003464269907389,13.259180315254582,0.05003464269907389,13.628807161494478,223.9706480269433,26.88798747674906,0.1014641036858455,224.77027441601422,0.7996263890709088,0.00024528416842665914,0.09844664561385644,0.33287561688655387,3525,3260,265,12.30188679245283,0.0
3900,198.4542424736295,1.575033670425631,6.8638271767906565,0.05447481886341791,6.8638271767906565,0.05447481886341791,4.8022367281716924,186.7881785686717,11.66606390496235,0.09258780876954247,187.6413825448775,0.8532039762058048,0.0002439119428833061,0.08581634864088893,0.165171650915795,3624,3498,126,27.761904761904763,0.0
3901,253.9028009650924,2.564674757223156,5.386707062115439,0.054411182445610495,5.386707062115439,0.054411182445610495,4.982186062980418,243.53390783999657,10.368893125095857,0.10473629419288745,244.3573811587803,0.8234733187837264,0.0002460332592721023,0.09641838188194052,0.11110172519067874,3446,3347,99,33.80808080808081,0.0
3902,235.36673182418963,0.9766254432538989,11.969181581850775,0.049664653866600725,11.969181581850775,0.049664653866600725,15.725667957689666,207.6718822846526,27.694849539540442,0.11491638813087321,208.31452459478305,0.6426423101304408,0.00024204983432408317,0.11224982252865799,0.06173713798420977,2896,2655,241,11.016597510373444,0.0
3903,257.66703792657495,0.8128297726390377,15.811329163737518,0.04987800998024454,15.811329163737518,0.04987800998024454,17.543280328687842,224.31242843415725,33.35460949242536,0.10521958830418095,225.2085999034589,0.8961714693016347,0.00024438818361102667,0.10239254896882037,0.16718299228045908,3984,3667,317,11.56782334384858,0.0
3904,196.90512005996106,1.7425231863713369,5.804605385173449,0.05136818924932256,5.804605385173449,0.05136818924932256,3.523266408671134,187.57724826612093,9.327871793844583,0.08254753799862463,187.99825936041475,0.4210110942938172,0.00024071531977919796,0.07882177610217977,0.0162309585505227,1862,1749,113,15.47787610619469,0.0
3905,257.12581097395264,2.571258109739526,5.101637234137167,0.051016372341371664,5.101637234137167,0.051016372341371664,6.495379268255874,245.52879447155578,11.597016502393041,0.11597016502393041,245.99912985393257,0.4703353823767884,0.00024045776195132332,0.11126681120020067,0.11528483255119681,2056,1956,100,19.56,0.0
3906,219.4895729235426,2.09037688498612,5.825798390907417,0.05548379419911826,5.825798390907417,0.05548379419911826,5.000971861921698,208.66280267071613,10.826770252829116,0.10311209764599158,209.59022592833992,0.9274232576237864,0.00024195754177505516,0.09427949519240644,0.010937935311744695,3938,3833,105,36.50476190476191,0.0
3907,256.15292348078106,0.865381498245882,14.09190768485009,0.047607796232601654,14.09190768485009,0.047607796232601654,16.86311996578206,225.19789583015609,30.955027650632154,0.10457779611700052,225.35984792451086,0.1619520943547741,0.0002801939348698514,0.10403066066307498,0.057911799612497816,874,578,296,1.9527027027027026,0.0
3908,198.45825144831497,1.6134817190919917,6.515807460586441,0.052974044395011716,6.515807460586441,0.052974044395011716,4.431983675750871,187.51046031198257,10.947791136337312,0.08900643200274237,188.1737193732829,0.6632590613003231,0.00024074739067162364,0.08361408191082988,0.5957484676341664,2878,2755,123,22.398373983739837,0.0
3909,255.70249800960823,2.8099175605451454,4.874935214537005,0.05357071664326379,4.874935214537005,0.05357071664326379,5.372993843325048,245.45456895174266,10.247929057862052,0.11261460503145113,246.118526253043,0.6639573013003428,0.00023995565641501366,0.1053183709512663,0.11206106844088026,2858,2767,91,30.406593406593405,0.0
3910,219.31697694762317,2.049691373342273,5.383273412060657,0.050310966467856606,5.383273412060657,0.050310966467856606,5.267764892667628,208.6659386428977,10.651038304728285,0.09954241406288117,209.056006195313,0.390067552415303,0.00024781928361836277,0.09589692291878679,0.15856594975468852,1681,1574,107,14.710280373831775,0.0
3911,231.94936488569374,2.863572405996219,4.73079109903097,0.0584048283830984,4.73079109903097,0.0584048283830984,2.783078607608786,224.43549517905444,7.513869706639756,0.09276382353876242,225.3993550718085,0.9638598927540443,0.00024066414300974887,0.0808643186899414,0.15157886941699417,4086,4005,81,49.44444444444444,0.0
3912,228.12862709312492,0.6165638570084457,18.03444360162837,0.04874173946386046,18.03444360162837,0.04874173946386046,22.354557571717578,187.73962591978523,40.389001173345946,0.10915946263066471,188.24587162122168,0.5062457014364554,0.0002467084314992473,0.10779123100514389,0.011887565885103868,2422,2052,370,5.545945945945946,0.0
3913,261.1777638098721,1.5273553439173806,8.770988540160227,0.051292330644211855,8.770988540160227,0.051292330644211855,6.988924011626295,245.4178512580812,15.759912551786522,0.0921632312969972,246.1886518872917,0.7708006292104983,0.0002468141624113027,0.08765562527824783,0.75,3294,3123,171,18.263157894736842,0.0
3914,221.85593150354998,1.5960858381550358,7.1144031397322705,0.05118275640095159,7.1144031397322705,0.05118275640095159,6.603312436239776,208.13821592758245,13.717715575972047,0.09868860126598596,208.74088387731103,0.6026679497285841,0.00024174406326858566,0.09435286062042408,0.0979168502186667,2632,2493,139,17.93525179856115,0.0
3915,233.72725817297862,2.225973887361701,5.262359386134223,0.050117708439373555,5.262359386134223,0.050117708439373555,4.229474427070272,224.2354243597748,9.491833813204495,0.09039841726861424,224.60427903243487,0.36885467266006344,0.00024755347158393517,0.08688551562422617,0.3041262959299047,1595,1490,105,14.19047619047619,0.0
3916,203.9967036900963,1.139646389330147,9.350583309809474,0.05223789558552779,9.350583309809474,0.05223789558552779,7.592371082527507,187.05374929776406,16.94295439233698,0.09465337649350268,187.90186674787458,0.8481174501105215,0.00024413282962306319,0.0899152901800096,0.18420837256553568,3653,3474,179,19.407821229050278,0.0
3917,261.51062286956073,1.413570934430058,9.28790459464747,0.05020488970079714,9.28790459464747,0.05020488970079714,7.016369092053992,245.20634918285407,16.304273686701464,0.08813120911730521,245.83395973388554,0.6276105510314665,0.00024250794089314778,0.08473871965229837,0.442470859485411,2773,2588,185,13.989189189189188,0.0
3918,223.13218459528218,1.5388426523812564,7.335804232650075,0.0505917533286212,7.335804232650075,0.0505917533286212,7.78140987888446,208.01497048375188,15.117214111534535,0.10425664904506576,208.54724016064654,0.5322696768946571,0.0002507158157770406,0.10058582368714238,0.45025899010988724,2268,2123,145,14.641379310344828,0.0
3919,235.37295925547733,2.3075780319164445,5.622827815946955,0.055125762901440736,5.622827815946955,0.055125762901440736,4.6145153935797225,225.1356160459511,10.237343209526678,0.10036610989732037,225.98882002215692,0.8532039762058048,0.00024370293522016703,0.09200136503255305,0.07639908454700617,3603,3501,102,34.3235294117647,0.0
3920,206.4702674990391,1.179830099994509,8.760924620348048,0.050062426401988845,8.760924620348048,0.050062426401988845,8.617652904573788,189.091689974117,17.378577524921837,0.09930615728526765,189.5745224884273,0.48283251431030294,0.000237848529216898,0.09654711434635309,0.19650761107584458,2205,2030,175,11.6,0.0
3921,272.82214785176086,0.9957012695319739,13.784064143462317,0.05030680344329313,13.784064143462317,0.05030680344329313,12.62921917246831,246.40886453582004,26.413283315930627,0.09639884421872491,247.31097702702084,0.9021124912007963,0.0002432881583605168,0.09310646286401467,0.04774467542642924,3982,3708,274,13.532846715328468,0.0
3922,221.4810739294519,1.5933890210751935,7.409848455509577,0.05330826226985307,7.409848455509577,0.05330826226985307,6.016138302209129,208.05508717173734,13.425986757718706,0.0965898327893432,208.94438418733853,0.889297015601187,0.0002449854037468835,0.09019201253318969,0.2650946356501436,3769,3630,139,26.115107913669064,0.0
3923,249.61287537164424,1.1397848190486037,11.208166238875117,0.05117884127340236,11.208166238875117,0.05117884127340236,11.619561767646928,226.78514736512818,22.827728006522044,0.10423620094302304,227.68930674070987,0.9041593755816848,0.00024351181674701986,0.10010761931933503,0.11364943906357894,3932,3713,219,16.95433789954338,0.0
3924,213.87488183223786,1.0432921064987213,10.465727119007806,0.05105232740979417,10.465727119007806,0.05105232740979417,13.421221834234984,189.98793287899684,23.88694895324279,0.11652170221094044,190.79220140035113,0.8042685213542882,0.000244979750640965,0.11259844113115478,0.2648502111179596,3488,3283,205,16.014634146341464,0.0
3925,267.22854731874577,1.1720550320997623,11.633569817993347,0.05102442902628661,11.633569817993347,0.05102442902628661,9.19053336184652,246.40444413890032,20.824103179839867,0.09133378587649064,247.32055421234554,0.9161100734452248,0.00024242129490479618,0.08731575923859748,0.45116417200347314,4007,3779,228,16.57456140350877,0.0
3926,219.16448883765088,2.548424288809894,4.747899268736655,0.05520813103182157,4.747899268736655,0.05520813103182157,4.70132858994225,209.71526097897572,9.449227858678904,0.10987474254277796,210.43512252286473,0.7198615438890101,0.00024027421358111152,0.10150425947425754,0.1817602335254378,3082,2996,86,34.83720930232558,0.0
3927,242.03448239174247,1.6692033268396032,7.454165731072392,0.051408039524637184,7.454165731072392,0.051408039524637184,7.2912997034684395,227.2890169572055,14.745465434540831,0.10169286506579883,227.94587754036672,0.6568605831612331,0.00024167056039780467,0.09716279207845344,0.11803298554184494,2863,2718,145,18.744827586206895,0.0
3928,204.38613792621243,1.3535505822927976,7.34449417519016,0.048639034272782516,7.34449417519016,0.048639034272782516,7.594841223060257,189.4468025279633,14.939335398250417,0.09893599601490342,189.66534568812256,0.2185431601592427,0.0002523593073432364,0.09748869031847597,0.5944414813170624,1017,866,151,5.735099337748345,0.0
3929,260.7072728437015,1.6396683826647893,8.086454412222318,0.05085820385045483,8.086454412222318,0.05085820385045483,5.905091418328539,246.71572701314358,13.991545830550857,0.08799714358837017,247.34698664755888,0.6312596344153008,0.00024288558461535236,0.08402695720844418,0.1816097031036179,2758,2599,159,16.345911949685533,0.0
3930,223.959207753128,1.8820101491859496,6.426430467932548,0.05400361737758443,6.426430467932548,0.05400361737758443,7.676013810078075,209.85676347512197,14.102444278010623,0.11850793510933297,210.68855824562013,0.8317947704981634,0.00024515024182085573,0.11151806308830142,0.10881283955075105,3512,3393,119,28.51260504201681,0.0
3931,249.83512212321534,1.1620238238289087,10.71278153170127,0.049826890845122186,10.71278153170127,0.049826890845122186,12.519619217041281,226.60272137447964,23.23240074874255,0.10805767790112814,227.1992836228576,0.5965622483779498,0.00024369372891256118,0.10528296976910581,0.5057075050964386,2663,2448,215,11.386046511627907,0.0
3932,206.10323714057745,1.6357399773061703,6.731051522138668,0.053421043826497365,6.731051522138668,0.053421043826497365,8.942385069957254,190.4298005484818,15.673436592095921,0.12439235390552318,191.24128570501534,0.8114851565335357,0.0002445705715893718,0.11795199552033417,0.16680240297046112,3444,3318,126,26.333333333333332,0.0
3933,267.91819226887503,1.1750797906529606,11.260005797417508,0.04938599033955047,11.260005797417508,0.04938599033955047,9.880569579009489,246.7776168924421,21.140575376426995,0.09272182182643418,247.32071836931152,0.543101476869424,0.0002494724285114488,0.09033979780510312,0.16449814692839482,2405,2177,228,9.548245614035087,0.0
3934,229.19484678756828,1.3975295535827335,8.30070850494136,0.05061407624964244,8.30070850494136,0.05061407624964244,11.226891225874397,209.66724705675472,19.52759973081576,0.11907073006594975,210.25475323972898,0.5875061829742663,0.0002457156766935451,0.11548837529170303,0.23171849705090608,2555,2391,164,14.579268292682928,0.0
3935,237.57100757479236,2.1023982971220563,5.814326383590412,0.05145421578398595,5.814326383590412,0.05145421578398595,5.294623594072618,226.46205759713246,11.10894997766303,0.09830929183772594,226.9943272740271,0.5322696768946571,0.0002502443238808919,0.0935989407147367,0.1742069787753735,2240,2127,113,18.82300884955752,0.0
3936,545.1054797471793,0.16141708017387602,159.64393945573855,0.047273893827580266,159.64393945573855,0.047273893827580266,194.82808420067522,190.63345609081125,354.47202365641374,0.1049665453528024,190.67993015948446,0.04647406867320569,0.0005341846973931689,0.10495278341359042,0.03740599144941825,3464,87,3377,0.02576251110453065,0.0
3937,257.75510203899034,1.9675961987709187,6.683310012200687,0.05101763368092128,6.683310012200687,0.05101763368092128,3.8161599312174985,247.255632095568,10.499469943418186,0.08014862552227622,247.80132631796118,0.5456942223931947,0.00024826852702147166,0.07598302077121497,0.04526233832575599,2329,2198,131,16.778625954198475,0.0
3938,220.86915308740038,2.427133550410993,4.713533082862798,0.051797066844646134,4.713533082862798,0.051797066844646134,5.22949021847171,210.92612978606928,9.94302330133451,0.10926399232235724,211.3736369559898,0.4475071699205273,0.00023943668802596432,0.10434633111440185,0.020055408724942936,1960,1869,91,20.53846153846154,0.0
3939,232.57305268650248,3.751178269137137,3.5563336772611303,0.05736022060098597,3.5563336772611303,0.05736022060098597,2.0051252417852083,227.0115937674575,5.561458919046339,0.089700950307199,227.69801233430644,0.6864185668489426,0.00024144163448784476,0.07862968309993609,0.25783913294469585,2905,2843,62,45.854838709677416,0.0
3940,204.28655213914237,1.7610909667167447,6.160108223636814,0.0531043812382484,6.160108223636814,0.0531043812382484,7.734386728190202,190.3920571873158,13.894494951827017,0.1197801288950605,191.10607429048912,0.7140171031733189,0.00024097776009899388,0.11362480904011427,0.05941114120162183,3079,2963,116,25.54310344827586,0.0
3941,278.4642799397478,0.8214285543945363,16.376247775543504,0.048307515562075236,16.376247775543504,0.048307515562075236,14.205174643874216,247.88285752031436,30.58142241941772,0.09021068560300212,248.3191622850735,0.4363047647591429,0.0002401237010231937,0.08892365089874431,0.051727039062143376,2156,1817,339,5.359882005899705,0.0
3942,222.13213154583536,2.776651644322942,4.402297116542851,0.05502871395678564,4.402297116542851,0.05502871395678564,5.984139874022048,211.74569455527308,10.3864369905649,0.12983046238206125,212.4025551384343,0.6568605831612331,0.0002420267439798206,0.12161970509251319,0.1124416247624822,2794,2714,80,33.925,0.0
3943,244.01234446984608,1.5062490399373214,8.153823343045415,0.05033224285830503,8.153823343045415,0.05033224285830503,7.951189103952629,227.90733202285355,16.105012446998046,0.09941365708023485,228.44673302810384,0.5394010052502836,0.00024868649389132483,0.09608402124532252,0.31584464874845253,2331,2169,162,13.38888888888889,0.0
3944,208.1621219039182,1.3605367444700536,7.978752700368376,0.05214871045992402,7.978752700368376,0.05214871045992402,9.162664928850745,191.0207042746997,17.14141762921912,0.11203540934130143,191.82242456110407,0.8017202864043611,0.0002453995367016716,0.10679540746937342,0.031484423843949116,3420,3267,153,21.352941176470587,0.0
3945,278.91631777141606,0.8452009629436851,15.97593950503402,0.04841193789404249,15.97593950503402,0.04841193789404249,14.628820023912112,248.31155824245548,30.604759528946133,0.09274169554226101,248.76998636608596,0.45842812363048324,0.0002382682555251992,0.09135251941009122,0.0654536619783812,2254,1924,330,5.83030303030303,0.0
3946,228.56030729744464,1.668323410930253,6.99050854751261,0.051025609835858465,6.99050854751261,0.051025609835858465,9.901926135765052,211.66787261416596,16.892434683277664,0.12330244294363259,212.2300602653737,0.5621876512077506,0.0002450687232814955,0.1191988834457732,0.4167305160591468,2431,2294,137,16.744525547445257,0.0
3947,263.62373469585134,0.8729262738273224,16.58255620280564,0.05490912649935643,16.58255620280564,0.05490912649935643,19.192025096818043,227.84915339623615,35.774581299623684,0.11845887847557511,228.54799733370112,0.6988439374649715,0.00023990523084962978,0.11614482570248418,0.318469790080826,3215,2892,323,8.953560371517028,1.0
3948,211.4282451079132,1.355309263512264,8.167953480664757,0.052358676158107416,8.167953480664757,0.052358676158107416,11.787079378873614,191.47321224837538,19.95503285953837,0.12791687730473314,192.32274793848592,0.8495356901105424,0.00024355954418306836,0.12247113570145693,0.16421184062789962,3644,3488,156,22.358974358974358,0.0
3949,272.4378785004617,1.001609847428168,13.439879018395148,0.0494113199205704,13.439879018395148,0.0494113199205704,11.102112075116338,247.89588740694012,24.541991093511484,0.09022790843202752,248.54801821393085,0.6521308069907263,0.00024126185978199272,0.08783036870048105,0.16291238209259973,2975,2703,272,9.9375,0.0
3950,241.30345687570411,0.9245343175314333,12.778944246330441,0.04896147220816261,12.778944246330441,0.04896147220816261,16.572461560188003,211.95205106918775,29.351405806518443,0.11245749351156492,212.486216237932,0.5341651687442663,0.00025054651442038756,0.11041088366962491,0.05915345201174205,2393,2132,261,8.168582375478927,0.0
3951,454.18090410392176,0.21835620389611624,97.76240838832112,0.04700115787900054,97.76240838832112,0.04700115787900054,126.2696692136592,230.1488265019608,224.03207760198032,0.10770772961633669,230.21087511155395,0.062048609593148285,0.0003545634833894188,0.10767789855402299,0.043959532881558516,2255,175,2080,0.08413461538461539,0.0
3952,200.2898233007097,2.6353924118514436,4.219398096688856,0.05551839600906389,4.219398096688856,0.05551839600906389,3.7041296067061467,192.366295597315,7.923527703395003,0.10425694346572371,193.03377490877415,0.6674793114591466,0.00024035985288410033,0.09547432094652059,0.4479873664118941,2853,2777,76,36.53947368421053,0.0
3953,258.67892510845104,2.6667930423551653,5.096527485549247,0.05254152046957987,5.096527485549247,0.05254152046957987,3.660936556879278,249.9214610660215,8.757464042428525,0.09028313445802603,250.48064144833415,0.5591803823126611,0.000245254553645904,0.08451838824862769,0.0056754461779746634,2377,2280,97,23.50515463917526,0.0
3954,231.66507768265922,1.3547665361559018,8.846565803588398,0.05173430294496139,8.846565803588398,0.05173430294496139,10.177128580914541,212.64138329815535,19.02369438450294,0.11124967476317509,213.48324597150406,0.8418626733487145,0.000243806160830789,0.10632650123482547,0.011025678836290354,3624,3453,171,20.19298245614035,0.0
3955,238.56699639835222,2.593119526069046,5.24345060244967,0.05699402828749641,5.24345060244967,0.05699402828749641,3.230009475724728,230.093536320181,8.473460078174398,0.09210282693667823,231.02878043911358,0.9352441189325873,0.00024235400853396923,0.08193712999172437,0.2130278215445287,3951,3859,92,41.94565217391305,0.0
3956,209.15033706491818,1.7876097185035742,6.402894017775922,0.0547255898955207,6.402894017775922,0.0547255898955207,9.277108843748692,193.47033420339426,15.680002861524613,0.13401711847456935,194.40136388666883,0.9310296832745735,0.00024182589175962947,0.12605959981409695,0.04392462653379425,3967,3850,117,32.9059829059829,0.0
3957,289.77632616363826,0.6723348634887198,21.004653561836776,0.04873469503906445,21.004653561836776,0.04873469503906445,18.002591784478227,250.7690808173072,39.007245346315,0.090504049527413,251.4860723018851,0.7169914845778749,0.00024052045775842834,0.08884049619896328,0.24825273730220943,3412,2981,431,6.916473317865429,0.0
3958,237.28793815820723,1.146318541827088,9.91940125659099,0.047919812833772904,9.91940125659099,0.047919812833772904,13.878921995704331,213.48961490591,23.798323252295322,0.11496774518017064,213.72905929599733,0.23944439008732843,0.0002489026923984703,0.11381100899618307,0.009994875202210096,1169,962,207,4.647342995169082,0.0
3959,233.03642342820592,6.298281714275836,1.9984440662248852,0.05401200178986176,1.9984440662248852,0.05401200178986176,0.5236865332176421,230.51429282876495,2.5221305994425274,0.06816569187682506,230.80600022584747,0.2917073970825186,0.00026256291366563326,0.06028170817185005,0.21231537131041023,1148,1111,37,30.027027027027028,0.0
3960,223.92372779124128,0.8850740228902817,12.546827488997502,0.049592203513824124,12.546827488997502,0.049592203513824124,17.17599119562192,194.20090910662645,29.72281868461942,0.11748149677715185,194.79904066224242,0.5981315556159643,0.0002429453922079465,0.11511734043082553,0.014383975312284747,2715,2462,253,9.731225296442688,0.0
3961,500.9990634225154,0.19833692138658568,119.49761443089058,0.04730705242711424,119.49761443089058,0.04730705242711424,129.08930698230256,252.41214200931574,248.58692141319312,0.09841129113744779,253.0671976407749,0.6550556314591631,0.0007376752606522107,0.0981519658676724,0.07468900607500473,3414,888,2526,0.3515439429928741,0.0
3962,235.65425927976594,1.2534801025519464,9.381195929320116,0.04989997834744742,9.381195929320116,0.04989997834744742,12.84766906256732,213.42539428787813,22.228864991887434,0.11823864357386933,214.020342456256,0.5949481683778686,0.00024453274491486584,0.11507402565696774,0.04962417993567669,2621,2433,188,12.941489361702128,0.0
3963,233.42134517514478,5.074377069024886,2.6516003744161027,0.05764348640035006,2.6516003744161027,0.05764348640035006,0.8524417362057193,229.9173030645245,3.504042110621822,0.07617482849177874,230.44098959774215,0.5236865332176421,0.0002499697055931466,0.06479033863918769,0.75,2141,2095,46,45.54347826086956,0.0
3964,230.43158053290358,0.8028974931460056,14.25296724517964,0.04966190677762941,14.25296724517964,0.04966190677762941,22.198472121264786,193.98014116646436,36.451439366444426,0.12700849953464957,194.6469951979234,0.6668540314590246,0.00024074152760253595,0.1246849663239728,0.22867145685245305,3057,2770,287,9.651567944250871,0.0
3965,301.29395627499184,0.6037955035570979,24.096824305796382,0.04829022906973223,24.096824305796382,0.04829022906973223,26.020587296740132,251.17654467243528,50.117411602536514,0.10043569459426155,251.83160030389445,0.6550556314591631,0.00034695743191692964,0.09912295785791062,0.20730170009233007,2387,1888,499,3.783567134268537,0.0
3966,231.676870624936,1.514227912581281,8.021267854621405,0.05242658728510722,8.021267854621405,0.05242658728510722,10.115719496013753,213.53988327429954,18.13698735063516,0.11854240098454352,214.41585783537369,0.8759745610741447,0.00024414006718900355,0.11281707705596275,0.0046988927243774015,3741,3588,153,23.45098039215686,0.0
3967,275.0450497889557,0.7354145716282238,18.496661525508063,0.04945631423932637,18.496661525508063,0.04945631423932637,25.018782068037126,231.52960619541875,43.515443593545186,0.11635145345867696,232.38204793162447,0.8524417362057193,0.00024397302123804214,0.11407219747949521,0.3178375484803837,3868,3494,374,9.342245989304812,0.0
3968,213.45420681555572,1.2936618594882165,8.45894016673611,0.051266304040824905,8.45894016673611,0.051266304040824905,11.007055872458977,193.98821077636183,19.465996039195087,0.11797573357087932,194.70222787953514,0.7140171031733189,0.00024065288276822343,0.11364835718800351,0.27098885380701176,3132,2967,165,17.98181818181818,0.0
3969,258.2859872344536,3.6897998176350515,3.602191519438759,0.05145987884912513,3.602191519438759,0.05145987884912513,2.822523326452938,251.8612723885617,6.424714845891697,0.09178164065559567,252.19934112604915,0.3380687374874469,0.0002519141113915402,0.08695208726292095,0.0833284267499721,1412,1342,70,19.17142857142857,0.0
3970,238.54362996034865,1.099279400738934,11.083288039147124,0.0510750600882356,11.083288039147124,0.0510750600882356,13.549661212873616,213.91068070832875,24.63294925202074,0.1135158951706025,214.83472773079916,0.924047022470404,0.00024234120704705062,0.10925761396105757,0.022412396064282802,4030,3813,217,17.571428571428573,0.0
3971,246.1051904002568,1.9847192774214257,6.684724855548509,0.05390907141571378,6.684724855548509,0.05390907141571378,7.283457048164564,232.13700849654788,13.968181903713074,0.1126466282557506,233.0048526806711,0.8678441841232143,0.00024405067045084767,0.10564788483536851,0.14909740382609016,3680,3556,124,28.677419354838708,0.0
3972,201.39416230763095,2.5492931937674803,4.475113878050858,0.056647011114567825,4.475113878050858,0.056647011114567825,3.2216587766858993,193.6973896528948,7.696772654736757,0.09742750195869314,194.49148688607806,0.7940972331832654,0.0002459266748786824,0.08737563824750488,0.75,3308,3229,79,40.87341772151899,0.0
3973,266.729311251687,1.6363761426483867,8.195741721254697,0.05028062405677728,8.195741721254697,0.05028062405677728,7.478320453723427,251.05524907670065,15.674062174978124,0.09615989064403757,251.6128554473587,0.5576063706580499,0.00024585818812083326,0.09273899266459096,0.504920604030076,2431,2268,163,13.914110429447852,0.0
3974,220.7858487401278,4.906352194225062,2.649903247384551,0.0588867388307678,2.649903247384551,0.0588867388307678,3.993343129838877,214.14260236290272,6.643246377223428,0.14762769727163175,214.71704185273632,0.574439489833594,0.00024622352757547967,0.1348623752753661,0.04675317093290232,2378,2333,45,51.84444444444444,0.0
3975,260.8683168995617,1.0735321683109535,12.141616041517148,0.04996549811323929,12.141616041517148,0.04996549811323929,16.092814935821025,232.63388592222827,28.23443097733817,0.11619107398081552,233.3282155473239,0.6943296250956337,0.0002413380692025143,0.11333375042073168,0.4435244517234196,3120,2877,243,11.839506172839506,0.0
3976,212.40297951760442,1.6593982774812845,6.890912705839963,0.05383525551437471,6.890912705839963,0.05383525551437471,10.114289564378169,195.39777724738713,17.00520227021813,0.13285314273607915,196.29607271135558,0.8982954639684522,0.0002431110863243443,0.1258352094238191,0.22959742980890496,3823,3695,128,28.8671875,0.0
3977,263.2620179790582,1.9076957824569436,6.904073645073095,0.05002951916719634,6.904073645073095,0.05002951916719634,5.766569710078784,250.59137462390038,12.670643355151878,0.09181625619675274,251.03390404109075,0.44252941719037153,0.00023959362056869059,0.08860952128961931,0.39571855585040794,1985,1847,138,13.384057971014492,0.0
3978,268.91544780986226,0.5122199005902138,24.970762657805576,0.047563357443439196,24.970762657805576,0.047563357443439196,30.629790019124357,213.31489513294275,55.60055267692994,0.10590581462272369,213.55383432620476,0.23893919326201285,0.0002491545289489185,0.1054506923498238,0.4293298175343807,1484,959,525,1.8266666666666667,0.0
3979,252.22310220752513,1.433085807997302,9.111695346882932,0.05177099628910757,9.111695346882932,0.05177099628910757,10.081963774636506,233.02944308600956,19.19365912151944,0.10905488137226954,233.86755885492073,0.838115768911166,0.0002444198801140758,0.10429285995797954,0.050187832194069415,3605,3429,176,19.482954545454547,0.0
3980,215.69685174738072,1.2255502940192087,8.87265614223794,0.05041281898998829,8.87265614223794,0.05041281898998829,11.672803376013007,195.15139222913297,20.545459518250947,0.11673556544460766,195.7366229240571,0.585230694924121,0.00024662060468778804,0.11341039104161155,0.26944427664375326,2549,2373,176,13.482954545454545,0.0
3981,255.01178609326598,4.636577928968473,3.508442043962363,0.06378985534477023,3.508442043962363,0.06378985534477023,0.8717026230981446,250.6316414262069,4.380144667060508,0.07963899394655469,251.58232634171327,0.9506849155063719,0.00024019325808650124,0.06235381366459478,0.07680822036957125,4013,3958,55,71.96363636363637,0.0
3982,223.53258199834522,2.2131938811717347,5.298465518899649,0.05246005464257078,5.298465518899649,0.05246005464257078,5.398730344204523,212.8353861352398,10.697195863104172,0.10591283032776408,213.43351769085575,0.5981315556159643,0.0002429453922079465,0.09999073571771754,0.32200786175758367,2563,2462,101,24.376237623762375,0.0
3983,270.1183123958127,0.9219055030573813,14.729544106330986,0.05027148159157333,14.729544106330986,0.05027148159157333,21.488301379886252,233.90046690960014,36.217845486217236,0.12361039415091207,234.8133102099913,0.9128433003911596,0.00024284205916231966,0.12049488800621645,0.10489276062310182,4052,3759,293,12.829351535836178,0.0
3984,212.08573307837014,1.5148980934169296,6.788851049325693,0.04849179320946924,6.788851049325693,0.04849179320946924,10.215009533651937,195.08187249539333,17.00386058297763,0.12145614702126879,195.30986817001076,0.2279956746174321,0.0002538927334269845,0.1198276064882813,0.1510415859135037,1038,898,140,6.414285714285715,0.0
3985,264.972037981633,1.962755836900985,7.191885081695321,0.05327322282737275,7.191885081695321,0.05327322282737275,6.010292512826254,251.7698603871055,13.202177594521576,0.09779390810756723,252.64156301020364,0.8717026230981446,0.00024383290156591457,0.09133685164021733,0.22326320331455918,3710,3575,135,26.48148148148148,0.0
3986,225.78726765104273,1.8356688426914043,6.0148942096620495,0.04890157894034187,6.0148942096620495,0.04890157894034187,6.646470417438195,213.12590302394062,12.661364627100244,0.10293792379756296,213.4177321679855,0.29182914404486837,0.00026196512032752997,0.10056532913054662,0.06528073963477254,1237,1114,123,9.05691056910569,0.0
3987,256.63825244386874,1.4101002881531248,9.125829593848207,0.05014192084531982,9.125829593848207,0.05014192084531982,13.11817315989947,234.39424969012396,22.24400275374768,0.12221979535026198,234.96350189358202,0.5692522034580634,0.00024536732907675144,0.11909203599058636,0.12172108054687669,2502,2320,182,12.747252747252746,0.0
3988,220.13669231588597,1.089785605524188,9.984363479364731,0.049427541977053124,9.984363479364731,0.049427541977053124,15.186627086621002,194.96570174990484,25.170990565985733,0.12460886418804819,195.41320891982537,0.4475071699205273,0.00023905297538489705,0.12239348215871584,0.028732122971291574,2074,1872,202,9.267326732673267,0.0
3989,267.86309769488196,1.8863598429217039,7.464959894781021,0.0525701401040917,7.464959894781021,0.0525701401040917,6.459811950397807,253.93832584969084,13.924771845178828,0.09806177355759738,254.770120620189,0.8317947704981634,0.00024500582341624845,0.09220406390628841,0.056520888813452075,3537,3395,142,23.908450704225352,0.0
3990,256.30002955757186,0.6439699235114871,19.562479262981224,0.049151957947189004,19.562479262981224,0.049151957947189004,24.01759237280362,212.719957921797,43.58007163578485,0.1094976674265951,213.559225690708,0.839267768910986,0.00024418614166743844,0.10738895443935646,0.4908001538568669,3835,3437,398,8.635678391959798,0.0
3991,242.9724045415129,3.42214654283821,3.9588079048590066,0.05575785781491559,3.9588079048590066,0.05575785781491559,4.564886402653656,234.44871023400185,8.523694307512663,0.12005203250017836,235.10557081716308,0.6568605831612331,0.00024211595398497348,0.1108004749908425,0.17547611650945782,2784,2713,71,38.2112676056338,0.0
3992,218.26230285902523,1.1367828273907563,9.832790612370271,0.05121245110609516,9.832790612370271,0.05121245110609516,13.496413742763934,194.93309850389562,23.329204355134205,0.12150627268299065,195.70389913310612,0.7708006292104983,0.0002464196384944048,0.11749168607249534,0.13609345286340613,3320,3128,192,16.291666666666668,0.0
3993,272.27791995715484,1.396297025421307,9.757465781231225,0.050038286057596026,9.757465781231225,0.050038286057596026,8.359713349929507,254.16074082598016,18.117179131160732,0.0929086109290294,254.78260294007168,0.6218621140915275,0.00024149985013263202,0.08971957444658027,0.0405007049781716,2770,2575,195,13.205128205128204,0.0
3994,555.6008884832488,0.16481782512110615,159.84334908560737,0.047417190473333544,159.84334908560737,0.047417190473333544,182.57569804563218,213.18184135207412,342.41904713123955,0.10157788404961125,213.29008307434128,0.10824172226716655,0.0003119357990408258,0.10154577437226565,0.025314064282838444,3718,347,3371,0.10293681400177988,0.0
3995,245.18700450034555,2.9900854207359213,4.354730615717182,0.05310647092338027,4.354730615717182,0.05310647092338027,5.190036948107036,235.6422369365231,9.544767563824218,0.1163996044368807,236.17737362526748,0.5351366887443874,0.0002498303869021416,0.10987354725704968,0.16150349495126193,2224,2142,82,26.121951219512194,0.0
3996,212.46169867622007,1.4259174407800004,7.288911562428516,0.048918869546500106,7.288911562428516,0.048918869546500106,9.934670758219681,195.2381163555733,17.223582320648198,0.11559451221911543,195.52994549961818,0.29182914404486837,0.0002612615434600433,0.1136359273597442,0.23846451332053675,1266,1117,149,7.496644295302014,0.0
3997,265.87939993813893,2.1793393437552373,6.172578453269008,0.050594905354663995,6.172578453269008,0.050594905354663995,5.359455346892446,254.34736613796576,11.532033800161454,0.09452486721443815,254.8258606273796,0.47849448941383343,0.00023996714614535277,0.09060278123573225,0.009954729551282071,2116,1994,122,16.34426229508197,0.0
3998,228.50199589803276,1.5132582509803494,7.701188471654179,0.05100124815665019,7.701188471654179,0.05100124815665019,8.162495742920783,212.63831168345598,15.863684214574961,0.10505751135480107,213.30891931038252,0.6706076269265395,0.00024061988766650144,0.10061640124271681,0.3829667583480614,2938,2787,151,18.456953642384107,0.0
3999,261.3297817764119,1.1824877003457552,10.971622106781163,0.04964534889946228,10.971622106781163,0.04964534889946228,14.987129011332854,235.3710306583016,25.958751118114016,0.11746041229915845,235.92618995273506,0.5551592944334516,0.0002476178833333861,0.11494837929265536,0.1749569657459915,2463,2242,221,10.144796380090497,0.0
4000,205.56129154526923,3.1145650234131703,3.788965947786516,0.057408574966462365,3.788965947786516,0.057408574966462365,5.765192617264347,196.00713298021867,9.554158565050862,0.1447599782583464,196.72699452410768,0.7198615438890101,0.00024051504974574345,0.13385298516911434,0.031253770341777454,3059,2993,66,45.34848484848485,0.0
4001,260.39105105114743,3.829280162516874,3.8728211486021893,0.05695325218532631,3.8728211486021893,0.05695325218532631,2.1638718766798775,254.3543580258587,6.036693025282067,0.08877489743061863,255.0742195697477,0.7198615438890101,0.00024019404200500838,0.0781886982558784,0.16456131765676218,3065,2997,68,44.0735294117647,0.0
4002,223.37438211918015,1.909182753155386,5.977928281123448,0.05109340411216622,5.977928281123448,0.05109340411216622,4.493216610589116,212.90323722746552,10.471144891712564,0.08949696488643218,213.4383739162099,0.5351366887443874,0.00024994707554618745,0.0849231470339337,0.03491002917246533,2258,2141,117,18.299145299145298,0.0
4003,250.9706704528619,1.7926476460918708,6.93629332412166,0.04954495231515472,6.93629332412166,0.04954495231515472,8.570166120080103,235.46421100866291,15.506459444201763,0.11076042460144116,235.83306568132298,0.36885467266006344,0.0002465606100668873,0.10812574836813513,0.23125382690113838,1636,1496,140,10.685714285714285,0.0
4004,220.36935382639888,1.2520986012863573,9.28084482561152,0.05273207287279273,9.28084482561152,0.05273207287279273,14.529641612873093,196.55886738792003,23.810486438484613,0.13528685476411711,197.4991160393605,0.94024865144047,0.00024084237997962858,0.12994453288089988,0.4393710758841962,4080,3904,176,22.181818181818183,0.0
4005,498.8432478117843,0.19913902108254863,117.87411376508926,0.04705553443716138,117.87411376508926,0.04705553443716138,127.16863063578103,253.80050341091282,245.04274440087028,0.09782145485064682,253.84468259196615,0.04417918105332319,0.0006496938390194587,0.0978038184510252,0.5681812268770727,2573,68,2505,0.02714570858283433,0.0
4006,236.47408742790526,1.02369734817275,11.543443622630832,0.049971617413986286,11.543443622630832,0.049971617413986286,11.973404514712456,212.95723929056726,23.51684813734329,0.10180453739109649,213.6684287206342,0.7111894300669519,0.00024108116273455996,0.09872579526957165,0.3727697862666446,3181,2950,231,12.770562770562771,0.0
4007,248.17271348156817,1.865960251741114,6.9301592049579845,0.05210646018765402,6.9301592049579845,0.05210646018765402,7.051718056200798,234.19083622041205,13.981877261158782,0.10512689670044198,234.8851658455077,0.6943296250956337,0.00024108667538042837,0.09990637320346227,0.2619073718830123,3013,2880,133,21.654135338345863,0.0
4008,216.68264218219213,1.3293413630809332,8.44210480705828,0.051792054031032396,8.44210480705828,0.051792054031032396,12.128838991165594,196.11169838397257,20.570943798223873,0.1262021091915575,196.83776686297267,0.7260684790001051,0.0002404200261589752,0.12174770134490463,0.18455927036120556,3183,3020,163,18.52760736196319,0.0
4009,267.86683790282405,1.6039930413342758,8.476475471869104,0.05075733815490482,8.476475471869104,0.05075733815490482,5.915898249975044,253.4744641809682,14.392373721844148,0.08618187857391706,254.13264258969707,0.6581784087288725,0.00024091449807059752,0.08224069049776632,0.11565869163098341,2899,2732,167,16.35928143712575,0.0
4010,257.27821100001245,0.6305838504902266,20.07901319834301,0.04921326764299757,20.07901319834301,0.04921326764299757,23.350743492257152,213.84845430942903,43.42975669060016,0.10644548208480431,214.70656860979727,0.8581143003682428,0.00024482576330049725,0.1043422607603313,0.011102492187660573,3913,3505,408,8.590686274509803,0.0
4011,243.78293935175975,2.390028817174115,5.283890645054068,0.051802849461314394,5.283890645054068,0.051802849461314394,3.6387157822910012,234.86033292441607,8.92260642734507,0.08747653360142225,235.37854119296708,0.5182082685510068,0.0002492584264314607,0.08239606038032032,0.18865806880592118,2181,2079,102,20.38235294117647,0.0
4012,213.87896211817224,1.4451281224200827,7.895623950980622,0.053348810479598795,7.895623950980622,0.053348810479598795,9.28994890067247,196.69338926652358,17.18557285165309,0.1161187354841425,197.58956073582522,0.8961714693016347,0.00024405541102985695,0.1100635228536961,0.06517444677638196,3820,3672,148,24.81081081081081,0.0
4013,274.887419511757,1.135898427734533,11.953877174700434,0.049396186672315844,11.953877174700434,0.049396186672315844,8.341732721892186,254.59180961515324,20.29560989659262,0.08386615659749017,255.18162127895278,0.5898116637995372,0.00024493839858784767,0.08142891831737284,0.4052513850616606,2650,2408,242,9.950413223140496,0.0
4014,222.9237445203354,2.251754995154903,4.705889051884259,0.04753423284731574,4.705889051884259,0.04753423284731574,4.560004190100017,213.65785127835204,9.265893241984276,0.0935948812321644,213.7818481957935,0.12399691744144548,0.0002689737905454349,0.09234238711658488,0.38963343080126833,560,461,99,4.656565656565657,0.0
4015,247.84839517107275,2.1741087295708135,6.283915924907298,0.05512206951673068,6.283915924907298,0.05512206951673068,6.417261208770697,235.14721803739644,12.701177133677994,0.11141383450594732,236.0875850550592,0.9403670176627656,0.00024217538440967438,0.10316500101766267,0.12000803525313586,3997,3883,114,34.06140350877193,0.0
4016,225.11598307384622,0.8658307041301778,13.293006136800473,0.05112694668000182,13.293006136800473,0.05112694668000182,15.22858624610717,196.5943906909414,28.52159238290764,0.10969843224195247,197.5058522313326,0.9114615403912012,0.00024325101158025118,0.10619281093274471,0.2223197673102959,4007,3747,260,14.411538461538461,0.0
4017,271.954988935212,1.4090932069181967,9.929914248999829,0.05145033289637217,9.929914248999829,0.05145033289637217,6.643004488683573,255.38207019752235,16.572918737683402,0.085870045272971,256.2537728206205,0.8717026230981446,0.0002439693879367883,0.08135345137094036,0.33811244363948845,3766,3573,193,18.512953367875646,0.0
4018,227.23861346276306,1.5564288593339934,7.1497233567651115,0.04897070792304871,7.1497233567651115,0.04897070792304871,7.2047005931672174,212.8841895128329,14.354423949932329,0.09831797225981047,213.22577982701307,0.3415903141801664,0.00025061651810723875,0.09597831257363003,0.35838761404363595,1509,1363,146,9.335616438356164,0.0
4019,247.74819205724873,2.231965694209448,6.15826211720834,0.055479838893768826,6.15826211720834,0.055479838893768826,6.391853630888136,235.19807630915386,12.550115748096475,0.11306410583870699,236.1509071446602,0.9528308355063473,0.000240431702121208,0.10448004425755424,0.2982644831777179,4074,3963,111,35.7027027027027,0.0
4020,215.56492929219166,1.3730250273388005,8.258520689585565,0.05260204260882525,8.258520689585565,0.05260204260882525,10.442247455856432,196.86416114675512,18.700768145441998,0.11911317290090445,197.68325373003427,0.8190925832791436,0.000245163898018301,0.11389602268890062,0.025706739830070546,3498,3341,157,21.280254777070063,0.0
4021,287.7707796607716,0.8936980734806572,15.49484753266842,0.048120644511392606,15.49484753266842,0.048120644511392606,16.552045112200858,255.72388701589068,32.046892644869274,0.0995245113194698,256.1214057192468,0.39751870335612693,0.00024492834464333145,0.09828998118485963,0.03593384939279076,1945,1623,322,5.040372670807454,0.0
4022,233.05770934590032,1.201328398690208,9.63692487962488,0.04967487051353031,9.63692487962488,0.04967487051353031,10.105287585853148,213.3154968804297,19.742212465478026,0.10176398178081457,213.85991227729914,0.5444153968694536,0.0002487050693784621,0.09895771684845966,0.16211097575535405,2383,2189,194,11.283505154639176,0.0
4023,260.08783773021355,1.293969341941361,9.927272306984337,0.04938941446260864,9.927272306984337,0.04938941446260864,13.449164063586068,236.71140135964538,23.376436370570403,0.11630067846054927,237.16654842436628,0.4551470647209044,0.00023767470742605974,0.11403626520322023,0.06615839881533248,2116,1915,201,9.527363184079602,0.0
4024,209.04092936131372,1.6331322606352634,6.648910075981137,0.05194460996860263,6.648910075981137,0.05194460996860263,5.462812054356164,196.92920723097984,12.1117221303373,0.09462282914326016,197.53187518070843,0.6026679497285841,0.00024193815725756084,0.08991448578597883,0.4898432750909478,2619,2491,128,19.4609375,0.0
4025,268.8697681003738,1.8290460414991414,7.68017229956194,0.052246070065047216,7.68017229956194,0.052246070065047216,4.97549413244451,256.21410166836165,12.65566643200645,0.08609296892521395,257.01099068325937,0.7968890148977152,0.0002462574211674027,0.08067195521846547,0.08326285736802674,3383,3236,147,22.01360544217687,0.0
4026,215.22788974777507,4.579316803144151,2.5306602100977726,0.05384383425739942,2.5306602100977726,0.05384383425739942,0.0,212.69722953767848,2.5306602100977726,0.05384383425739942,213.0715705720628,0.3743410343843152,0.0002451480251370761,0.04587913139813339,0.5234182083463566,1574,1527,47,32.48936170212766,0.0
4027,241.69455093514318,3.4041486047203264,4.018252294421374,0.05659510273832921,4.018252294421374,0.05659510273832921,1.7376099691059608,235.93868867161711,5.755862263527335,0.08106848258489203,236.64382884109398,0.7051401694768629,0.00024132107100508654,0.07113693090210149,0.13133541194383724,2993,2922,71,41.15492957746479,0.0
4028,230.37810280684084,0.7889661055028796,14.803091210597882,0.050695517844513295,14.803091210597882,0.050695517844513295,18.028771076090834,197.5462405201531,32.83186228668872,0.11243788454345452,198.4157224642763,0.8694819441232085,0.0002437572032865737,0.10946020665261826,0.052378284018800514,3859,3567,292,12.215753424657533,0.0
4029,281.66532656645643,1.1177195498668906,12.409680552827268,0.0492447640985209,12.409680552827268,0.0492447640985209,13.072116255634455,256.1835297579854,25.481796808461723,0.10111824130341954,256.7720093809595,0.5884796229740914,0.0002454043465279781,0.09878300470435288,0.30873590267935924,2650,2398,252,9.515873015873016,0.0
4030,234.06363293930212,1.3375064739388693,8.826350573492313,0.050436288991384644,8.826350573492313,0.050436288991384644,10.891317576325036,214.34596478949152,19.71766814981735,0.1126723894275277,214.96782690358305,0.6218621140915275,0.00024149985013263202,0.10911889163268045,0.3894753596415512,2750,2575,175,14.714285714285714,0.0
4031,257.09536127350657,2.073349687689569,8.145475174053335,0.06568931591978495,8.145475174053335,0.06568931591978495,11.8546022392959,237.0952838601595,20.000077413349235,0.16129094688184867,237.68051455508362,0.585230694924121,0.00024394776778829556,0.1565713445034109,0.21567987630533025,2523,2374,149,15.93288590604027,1.0
4032,199.72952560528495,9.510929790727854,1.4537001917198435,0.06922381865332589,1.4537001917198435,0.06922381865332589,0.0,198.27582541356526,1.4537001917198435,0.06922381865332589,198.7820711150017,0.5062457014364554,0.00024694912265192946,0.04511688048967785,0.031342228825565144,2071,2050,21,97.61904761904762,0.0
4033,280.0199208826683,1.1245779955127242,12.374776493663052,0.04969789756491186,12.374776493663052,0.04969789756491186,11.511437486415616,256.13370690258023,23.88621398007867,0.09592857020111915,256.82654148767585,0.6928345850956248,0.0002414899216087922,0.09314610198792153,0.001805013606826833,3118,2869,249,11.522088353413654,0.0
4034,513.6103079600389,0.17351699593244557,140.4362143682399,0.04744466701629726,140.4362143682399,0.04744466701629726,158.72081784069246,214.45327575116812,299.1570322089324,0.10106656493545013,214.5638874930653,0.11061174189717349,0.0002933998458810968,0.1010291961037073,0.265724033677202,3337,377,2960,0.12736486486486487,0.0
4035,255.76155684114337,2.243522428431082,5.9288974672143215,0.052007872519423876,5.9288974672143215,0.052007872519423876,10.59005751401105,239.24260185991966,16.51895498122537,0.14490311387039798,239.8065015111274,0.5638996512077483,0.00024496075204506876,0.13995662570189443,0.2910011829956147,2416,2302,114,20.19298245614035,0.0
4036,205.12386245557718,3.155751730085803,3.8566884694067505,0.059333668760103854,3.8566884694067505,0.059333668760103854,2.14374450655896,199.12342947961452,6.00043297596571,0.09231435347639554,199.92305586868542,0.7996263890709088,0.0002455100979646634,0.08001240902910398,0.09491341990496949,3322,3257,65,50.10769230769231,0.0
4037,271.880367422006,1.6183355203690832,8.592974637254711,0.051148658555087566,8.592974637254711,0.051148658555087566,5.342949584766984,257.94444319997956,13.935924222021695,0.08295192989298628,258.6556326300465,0.7111894300669519,0.00024140849628884994,0.07871865947594918,0.11245998826416326,3114,2946,168,17.535714285714285,0.0
4038,239.0497922666915,1.1275933597485448,10.77592188805087,0.05082982022665505,10.77592188805087,0.05082982022665505,13.739780228147538,214.53409015050318,24.51570211619841,0.11564010432169061,215.34118551179301,0.8070953612898393,0.0002446484878114093,0.11183305073065322,0.04203916277799635,3511,3299,212,15.56132075471698,0.0
4039,249.46534938009938,3.513596470142245,3.7954986229942302,0.053457727084425775,3.7954986229942302,0.053457727084425775,6.044438015371497,239.62541274173407,9.839936638365728,0.13859065687839053,240.10563682340273,0.48022408166866626,0.00023903637713721567,0.13182693741826268,0.26358374071173785,2080,2009,71,28.295774647887324,0.0
4040,227.02924068340292,0.9381373581958798,12.479111302247992,0.05156657562912393,12.479111302247992,0.05156657562912393,14.739510577071542,199.8106188040839,27.218621879319535,0.11247364412941957,200.72456514289922,0.9139463388153217,0.00024261915020316478,0.10869700636571775,0.07313436896106396,4009,3767,242,15.566115702479339,0.0
4041,276.7494544960864,1.4642828280216211,9.746353525189253,0.051568008069784406,9.746353525189253,0.051568008069784406,8.644592642494672,258.3585083283972,18.390946167683925,0.09730659347980913,259.2405818320656,0.88207350366838,0.0002448843708129872,0.0926395379048721,0.48271560500859323,3791,3602,189,19.058201058201057,0.0
4042,227.47581876983554,1.7498139905371966,6.941427836105133,0.05339559873927025,6.941427836105133,0.05339559873927025,5.871946423756981,214.66244450997897,12.813374259862114,0.09856441738355472,215.50430718332768,0.8418626733487145,0.00024394745678027078,0.09208855066544507,0.13772167637034727,3581,3451,130,26.546153846153846,0.0
4043,269.1872750624883,1.257884462908824,10.929346779579564,0.051071713923268994,10.929346779579564,0.051071713923268994,18.486174143908556,239.77175413900216,29.41552092348812,0.1374557052499445,240.62952411937056,0.8577699803684027,0.0002438231894168285,0.13344743431363437,0.1137862792023725,3732,3518,214,16.439252336448597,0.0
4044,219.06082643641116,1.244663786570518,8.882227909160605,0.050467204029321616,8.882227909160605,0.050467204029321616,9.700608083539237,200.47799044371345,18.58283599269984,0.10558429541306728,200.95741377927448,0.4794233355610231,0.00023935263882227814,0.10286029918827663,0.08058927144122663,2179,2003,176,11.380681818181818,0.0
4045,263.7165906697247,3.469955140391115,3.9200114380172786,0.0515790978686484,3.9200114380172786,0.0515790978686484,1.0782381656138114,258.71834106609106,4.9982496036310895,0.06576644215304066,259.1037401691095,0.3853991030184716,0.00024752671998617314,0.06069540132388415,0.28533222629368993,1633,1557,76,20.486842105263158,0.0
4046,233.17728031935349,1.3962711396368472,8.35391887278889,0.05002346630412509,8.35391887278889,0.05002346630412509,10.009052474801365,214.81430897176983,18.362971347590253,0.10995791226101947,215.33251724032084,0.5182082685510068,0.0002491385906495225,0.10685486873672242,0.35159559590636036,2247,2080,167,12.455089820359282,0.0
4047,264.6811592535165,1.430708968937927,9.114545681256477,0.04926781449327825,9.114545681256477,0.04926781449327825,15.787886351548877,239.77872722071572,24.902432032805354,0.13460774071786677,240.1831478898556,0.4044206691398813,0.0002434802342804824,0.13242168304681573,0.13327980501355796,1846,1661,185,8.978378378378379,0.0
4048,211.71573622227072,2.4335142094513875,4.880549402496892,0.05609826899421715,4.880549402496892,0.05609826899421715,6.841193664906996,199.99399315487142,11.721743067403889,0.1347326789356769,200.74436798705403,0.7503748321826151,0.00024362819226708284,0.12610768086455962,0.382874449912606,3167,3080,87,35.40229885057471,0.0
4049,271.22206297956336,2.0547125983300254,6.7244811806292075,0.050943039247190965,6.7244811806292075,0.050943039247190965,4.820264113845042,259.6773176850845,11.54474529447425,0.08746019162480492,260.22041916195394,0.543101476869424,0.0002486728373944249,0.08334578649704105,0.16467086262071007,2316,2184,132,16.545454545454547,0.0
4050,239.24296972282616,1.0224058535163512,11.424134332153255,0.04882108688954382,11.424134332153255,0.04882108688954382,13.282736658555677,214.53609873212724,24.706870990708932,0.10558491876371338,214.93611601761506,0.4000172854878201,0.00024391297895598788,0.10387544318466281,0.11559339064672258,1874,1640,234,7.0085470085470085,0.0
4051,251.85579890431598,2.679317009620383,5.241615293840004,0.05576186482808515,5.241615293840004,0.05576186482808515,7.249172153618474,239.36501145685872,12.490787447458478,0.13288071752615402,240.1891298956424,0.8241184387836711,0.0002452733448760926,0.12411350009227212,0.2023704543310032,3454,3360,94,35.744680851063826,0.0
4052,222.9302637154625,1.3191139864820267,8.846749658107468,0.05234763111306194,8.846749658107468,0.05234763111306194,11.974581394432334,202.10893266291976,20.821331052539804,0.12320314232272074,202.88499929036755,0.7760666274477899,0.00024566844806830955,0.11861103210115359,0.0731829151952752,3328,3159,169,18.692307692307693,0.0
4053,279.0060169417086,1.6807591382030638,8.295444189741692,0.04997255535988971,8.295444189741692,0.04997255535988971,10.502462868050316,260.20810988391213,18.79790705779201,0.11324040396260247,260.7432465726565,0.5351366887443874,0.00024994707554618745,0.11001668897019323,0.09155620215494764,2307,2141,166,12.897590361445783,0.0
4054,229.9511467431081,1.654324796713008,7.469567230968858,0.0537378937479774,7.469567230968858,0.0537378937479774,7.275772794309887,215.20580671783466,14.745340025278745,0.10608158291567442,216.14355616927526,0.9377494514405953,0.00024100474208188006,0.09933518398440892,0.10553444606614448,4030,3891,139,27.992805755395683,0.0
4055,248.76604781311494,3.1893083052963456,4.586956520453278,0.058807134877606124,4.586956520453278,0.058807134877606124,4.23424038057783,239.9448509120848,8.821196901031108,0.11309226796193728,240.8722741697086,0.9274232576237864,0.0002418313579201529,0.10120222619751729,0.30561449174035715,3913,3835,78,49.166666666666664,0.0
4056,311.0914874287698,0.2982660473909586,49.69833484020978,0.04764941020154342,49.69833484020978,0.04764941020154342,59.34360403535743,202.04954855322012,109.04193887556721,0.10454644187494459,202.41719543893896,0.3676468857188411,0.00024824232661636804,0.10419395205161157,0.3327455971859763,2524,1481,1043,1.4199424736337487,0.0
4057,271.43351494425144,2.635276844118946,5.454085310672255,0.052952284569633544,5.454085310672255,0.052952284569633544,5.004610701571437,260.9748189320045,10.458696012243692,0.10154073798294846,261.6120986540117,0.6372797220071789,0.0002424038501358611,0.09535355621592008,0.48275352694656704,2732,2629,103,25.524271844660195,0.0
4058,221.14075904300114,3.7481484583559515,3.179294670548502,0.053886350348279696,3.179294670548502,0.053886350348279696,3.0197905912057195,214.94167378124746,6.199085261754222,0.10506924172464784,215.3779785460066,0.4363047647591429,0.00023999161977950655,0.09767424571177181,0.2691756538692971,1877,1818,59,30.8135593220339,0.0
4059,253.68028879678945,2.13176713274613,6.243382578139442,0.05246539981629783,6.243382578139442,0.05246539981629783,7.804246175732942,239.63266004291836,14.047628753872385,0.11804730045270911,240.2847908499091,0.6521308069907263,0.00024126185978199272,0.11256720963765016,0.3443972855117181,2822,2703,119,22.714285714285715,0.0
4060,214.26411335983823,1.8157975708460867,6.321200598178207,0.053569496594730565,6.321200598178207,0.053569496594730565,6.385678414566883,201.55723434709182,12.70687901274509,0.10768541536224652,202.25821412682592,0.700979779734098,0.00024130112899624714,0.10174490875434165,0.14791623877601978,3023,2905,118,24.61864406779661,0.0
4061,272.72857020664003,2.7002828733330695,5.1816501010312574,0.051303466346844136,5.1816501010312574,0.051303466346844136,6.378004222561458,261.16891588304327,11.559654323592715,0.11445202300586847,261.6420185210285,0.473102637985221,0.0002394244119358406,0.10976783847140138,0.3004200604766538,2077,1976,101,19.564356435643564,0.0
4062,249.8535224530018,0.7525708507620537,16.566145861674308,0.049898029703838276,16.566145861674308,0.049898029703838276,17.89989322874544,215.38748336259744,34.46603909041975,0.10381337075427635,216.276915224645,0.8894318620475588,0.00024381355867531763,0.10113435912155665,0.044123179693542625,3980,3648,332,10.987951807228916,0.0
4063,259.58721247012693,1.6326239777995404,8.33404522454395,0.05241537877071666,8.33404522454395,0.05241537877071666,11.000358488410257,240.25280875717715,19.334403712954206,0.12160002335191325,241.10525049338287,0.8524417362057193,0.00024390321493725873,0.11623875457071736,0.060345383441699596,3654,3495,159,21.9811320754717,0.0
4064,216.19313177301865,1.7434929981695053,6.701351294712532,0.054043155602520425,6.701351294712532,0.054043155602520425,7.430093745753993,202.06168673255047,14.131445040466525,0.1139632664553752,202.85462172573375,0.7929349931832803,0.00024617665109695133,0.1075686294135879,0.1279402262620124,3345,3221,124,25.975806451612904,0.0
4065,269.0516002345489,4.076539397493165,3.886235053966674,0.05888234930252536,3.886235053966674,0.05888234930252536,2.766593280847246,262.3987718997291,6.65282833481392,0.10080042931536243,263.2257975098396,0.8270256101104678,0.000413099705349884,0.08826973825317151,0.10328783528120766,2068,2002,66,30.333333333333332,0.0
4066,229.18955106582484,1.9929526179636943,6.115087251175289,0.053174671749350345,6.115087251175289,0.053174671749350345,6.622748472066178,216.4517153425893,12.737835723241467,0.11076378889775189,217.17451598158937,0.7228006390000701,0.0002401331026578306,0.10447856594987373,0.1999472484026228,3125,3010,115,26.17391304347826,0.0
4067,247.9106739077812,3.645745204526194,3.8406222821822857,0.056479739443857147,3.8406222821822857,0.056479739443857147,3.55248685841093,240.51756476718913,7.393109140593216,0.10872219324401788,241.1719952703503,0.6544305031611657,0.00024130918258155078,0.09909821525633668,0.2985529897904371,2780,2712,68,39.88235294117647,0.0
4068,218.50807726332357,1.4470733593597587,7.837581529827231,0.05190451344256444,7.837581529827231,0.05190451344256444,8.62829244517502,202.04220328831764,16.465873975002253,0.10904552301325995,202.674488842733,0.6322855544153754,0.00024244078006724516,0.10485820146086462,0.30671649411283397,2759,2608,151,17.271523178807946,0.0
4069,277.02780243651466,2.1147160491337,6.913000460044974,0.052770995878205905,6.913000460044974,0.052770995878205905,8.565054897947448,261.5497470785168,15.478055357992421,0.11815309433582001,262.3767726886273,0.8270256101104678,0.000558046970384931,0.11183992173959831,0.04380808890641674,1613,1482,131,11.312977099236642,0.0
4070,230.07648679699798,1.9498007355677796,5.989343945990839,0.050757152084668127,5.989343945990839,0.050757152084668127,7.5985871220068475,216.48855572900663,13.587931067997687,0.11515195820337022,216.9420321970507,0.45347646804407304,0.00023804539004938219,0.11130893728768877,0.75,2023,1905,118,16.14406779661017,0.0
4071,256.38109082786264,2.0843991124216474,6.6510698176966,0.05407373835525691,6.6510698176966,0.05407373835525691,8.52353590410803,241.20648510606293,15.17460572180463,0.1233707782260539,242.07818772916107,0.8717026230981446,0.0002440376884373305,0.11628376503009401,0.0013261696084327923,3695,3572,123,29.040650406504064,0.0
4072,231.3530578074924,0.7977691648534221,14.714453380664203,0.050739494416083455,14.714453380664203,0.050739494416083455,14.735094172585377,201.90351025424206,29.44954755324958,0.10155016397672269,202.82292296888863,0.9194127146465689,0.00024207812391958107,0.09837977530553024,0.023876910490344017,4088,3798,290,13.096551724137932,0.0
4073,263.6113067942837,23.964664254025788,1.0136654011549808,0.09215140010499825,1.0136654011549808,0.09215140010499825,0.0,262.5976413931277,1.0136654011549808,0.09215140010499825,263.1407428699971,0.543101476869424,0.0002487867507418342,0.04277853857150727,0.039259504831193226,2194,2183,11,198.45454545454547,0.0
4074,229.93404541552798,1.869382483053073,6.411916753058696,0.052129404496412166,6.411916753058696,0.052129404496412166,7.248218590300212,216.2739100721759,13.660135343358908,0.11105801092161714,216.9111897941831,0.6372797220071789,0.00024258839817555342,0.10587687497028364,0.650456048839942,2750,2627,123,21.357723577235774,0.0
4075,256.85210213596747,2.1227446457517973,6.340205734947407,0.05239839450369758,6.340205734947407,0.05239839450369758,8.816046953422074,241.6958494476021,15.15625268836948,0.12525828668073952,242.35402785633096,0.6581784087288725,0.0002410027128263905,0.1198187956994753,0.14289944920540165,2852,2731,121,22.570247933884296,0.0
4076,244.91352150991452,0.5789917766191832,20.446531444556452,0.048336953769637,20.446531444556452,0.048336953769637,22.39715241014619,202.0698376552184,42.84368385470265,0.10128530462104644,202.46085800734795,0.39102035212954434,0.00024685628291006587,0.10036090662545287,0.016556440964677677,2007,1584,423,3.74468085106383,0.0
4077,285.1988662197939,1.6581329431383367,8.505086189570662,0.04944817552075966,8.505086189570662,0.04944817552075966,13.955068545696577,262.73871148452326,22.46015473526724,0.13058229497248394,263.2554408500173,0.5167293654940295,0.0002497483641827112,0.12757805447544537,0.06268337075039199,2241,2069,172,12.029069767441861,0.0
4078,238.5098226195131,1.186616032932901,9.785171597260119,0.04868244575751303,9.785171597260119,0.04868244575751303,12.056456689483412,216.66819433277954,21.84162828674353,0.10866481734698273,216.98499623288637,0.31680190010683873,0.00025182980930591316,0.10708868849068023,0.02085620048308101,1459,1258,201,6.258706467661692,0.0
4079,259.7362222824935,2.164468519020779,6.163826354937334,0.051365219624477786,6.163826354937334,0.051365219624477786,10.41944055967383,243.15295536788437,16.583266914611166,0.13819389095509305,243.69831167027758,0.545356302393202,0.0002474393386539029,0.13364925510179926,0.009621633636243132,2324,2204,120,18.366666666666667,0.0
4080,223.14334665991794,1.0885041300483802,10.709051740737499,0.05223927678408536,10.709051740737499,0.05223927678408536,9.851608507269475,202.58268641190818,20.560660248006975,0.10029590364881451,203.522820469571,0.9401340576628172,0.00024236505740211838,0.09570988385535091,0.12125942331226724,4084,3879,205,18.921951219512195,0.0
4081,293.0354702621943,1.1536829537881665,12.604022499233457,0.049622135823753764,12.604022499233457,0.049622135823753764,17.607180246084454,262.8242675168723,30.211202745317912,0.1189417430918028,263.66546587022106,0.8411983533487728,0.00024425039295841256,0.11562993855107569,0.75,3698,3444,254,13.559055118110237,0.0
4082,219.18095622596422,4.473080739305392,2.844404558311921,0.058049072618610635,2.844404558311921,0.058049072618610635,0.0,216.33655166765664,2.844404558311921,0.058049072618610635,216.89642772996933,0.5598760623126964,0.0002453444620125751,0.04662303053050799,0.23795719256736447,2331,2282,49,46.57142857142857,0.0
4083,260.55713340664283,2.035602604739397,6.873086646897617,0.05369598942888763,6.873086646897617,0.05369598942888763,10.990897663508576,242.69314909623768,17.863984310406195,0.1395623774250484,243.57959367662875,0.8864445803910712,0.0004515764546057418,0.13263702914073505,0.18401656353091767,2091,1963,128,15.3359375,0.0
4084,227.9528753407128,0.8700491425218047,13.195706357236745,0.050365291439834904,13.195706357236745,0.050365291439834904,12.23674839281648,202.52042059065752,25.432454750053225,0.09707043797730239,203.2550206757021,0.7346000850445762,0.0002397519859806058,0.0942666208588195,0.31085677367013886,3326,3064,262,11.694656488549619,0.0
4085,282.5052729230233,1.8833684861534887,7.39923165526722,0.049328211035114804,7.39923165526722,0.049328211035114804,11.929886728017664,263.1761545397362,19.329118383284886,0.12886078922189925,263.6228447990218,0.4466902592855604,0.00024002700660159075,0.12588285416001024,0.2274980050024169,2011,1861,150,12.406666666666666,0.0
4086,234.51165984412307,1.6871342434828998,7.4219858644558805,0.0533955817586754,7.4219858644558805,0.0533955817586754,9.3594698799252,217.73020409974822,16.78145574438108,0.1207298974415905,218.62714932904998,0.8969452293017639,0.00024419962681779576,0.11427705406527403,0.7283807840125291,3812,3673,139,26.424460431654676,0.0
4087,272.5177583718196,1.0401441159229754,13.119137734546266,0.050073044788344526,13.119137734546266,0.050073044788344526,18.401224599472926,240.9973960378029,31.52036233401919,0.1203067264657221,241.88384061819397,0.8864445803910712,0.000493840991861321,0.1169233502046779,0.42901749574969017,2057,1795,262,6.851145038167939,0.0
4088,222.33019735913604,0.9969964007136145,11.199464807825414,0.05022181528172832,11.199464807825414,0.05022181528172832,9.372094160649567,201.75863839065778,20.57155896847498,0.09224914335639005,202.34475100558188,0.5861126149241045,0.0002462658045899599,0.08962083566616212,0.25561519553616563,2603,2380,223,10.672645739910314,0.0
4089,287.53265106723836,1.2836279065501712,10.78613821487753,0.04815240274498898,10.78613821487753,0.04815240274498898,14.587064881365677,262.15944797099235,25.37320309624321,0.11327322810822861,262.5783217968418,0.41887382584945954,0.00024170445807816476,0.1114032556714132,0.14449613758836222,1957,1733,224,7.736607142857143,0.0
4090,220.05853309208157,11.002926654604078,1.4701609831807638,0.07350804915903819,1.4701609831807638,0.07350804915903819,0.8466715800152542,217.7417005288861,2.316832563196018,0.1158416281598009,218.32232353666893,0.5806230077828332,0.00024519552693531805,0.08681047777063214,0.05631997128966759,2388,2368,20,118.4,0.0
4091,255.12370826414121,2.4531125794628963,5.4493751383448705,0.05239783786870068,5.4493751383448705,0.05239783786870068,8.324854750372879,241.34947837542586,13.774229888717748,0.1324445181607476,241.9402833192255,0.5908049437996397,0.00024453847011574487,0.12676370139342033,0.2674218364105627,2520,2416,104,23.23076923076923,0.0
4092,223.429434685223,0.9756743872717161,11.586975653081996,0.05059814695668994,11.586975653081996,0.05059814695668994,10.085045758256683,201.7574132738821,21.67202141133868,0.09463764808444838,202.45024785897772,0.6928345850956248,0.00024132169456482925,0.09161216954692257,0.4072952694966716,3100,2871,229,12.537117903930131,0.0
4093,281.86780209929714,1.8791186806619808,7.83815680374662,0.052254378691644135,7.83815680374662,0.052254378691644135,11.74896061837103,262.280684677179,19.58711742211765,0.13058078281411767,263.1731824756106,0.8924977984315774,0.00024418544416732624,0.12463079749124366,0.08422035918113124,3805,3655,150,24.366666666666667,0.0
4094,231.6100789281436,1.8678232171624483,6.668562440580502,0.05377872935952018,6.668562440580502,0.05377872935952018,7.105493838321308,217.83602264924752,13.77405627890181,0.1110810990234017,218.68269422926278,0.8466715800152542,0.00024484429728607697,0.10425310241032915,0.008546782093958427,3582,3458,124,27.887096774193548,0.0
4095,256.35122734504887,2.2099243736642142,6.032240566571593,0.05200207384975511,6.032240566571593,0.05200207384975511,8.918044659181078,241.40094211929693,14.95028522575267,0.12888176918752303,242.01120111052307,0.6102589912261465,0.00024245490314904507,0.12362091581487754,0.22876968721345747,2633,2517,116,21.698275862068964,0.0
4096,231.28335076354483,0.8030671901511973,14.350008958263903,0.04982641999397189,14.350008958263903,0.04982641999397189,14.553658897065816,202.37968290821573,28.90366785532972,0.10035995783100597,203.07602636568072,0.6963434574649909,0.00024128324929486864,0.09794209860369484,0.18132134690165458,3174,2886,288,10.020833333333334,0.0
4097,540.0892332399326,0.19511894264448432,130.30306949270332,0.04707480834273964,130.30306949270332,0.04707480834273964,147.0975033920338,262.68866035520887,277.40057288473713,0.10021696997280966,262.7340517294058,0.04539137419692452,0.0006052183226256603,0.1002005713549591,0.06588430419265023,2843,75,2768,0.027095375722543353,0.0
4098,228.3517490120546,2.7184732025244593,4.876683786586366,0.058055759364123403,4.876683786586366,0.058055759364123403,4.706418406449984,218.76864681902225,9.58310219303635,0.1140845499170994,219.70420837795473,0.935561558932477,0.00024174717285076926,0.10294691231071272,0.0464266875692374,3954,3870,84,46.07142857142857,0.0
4099,259.4513321310419,1.9362039711271783,7.0309348427390495,0.052469663005515296,7.0309348427390495,0.052469663005515296,10.664637642556954,241.75575964574682,17.695572485296005,0.13205651108429853,242.53011183617878,0.774352190431955,0.0002465304649576425,0.126277763394501,0.009181850626873711,3275,3141,134,23.440298507462686,0.0
4100,210.9201558962625,5.144394046250304,2.6412381564559606,0.06442044284038928,2.6412381564559606,0.06442044284038928,2.0303320808725402,206.24858565893237,4.671570237328501,0.1139407374958171,206.96844720282138,0.7198615438890101,0.0002399538479630034,0.09638313886441721,0.06836479978301213,3041,3000,41,73.17073170731707,0.0
4101,275.31641231421895,3.0254550803760325,5.132398233167415,0.05639998058425731,5.132398233167415,0.05639998058425731,7.388432476190246,262.7955816048593,12.52083070935766,0.13759154625667758,263.72199534732977,0.9264137424704586,0.00024226300796821617,0.1274111754603207,7.182828130680718e-05,3915,3824,91,42.02197802197802,0.0
4102,242.7377151191962,1.0983607018968153,10.94261540444267,0.049514096852681766,10.94261540444267,0.049514096852681766,11.784984308157618,220.01011540660386,22.727599712600288,0.1028398177040737,220.5377841660437,0.5276687594398481,0.0002503172483111234,0.10045217625860854,0.04282901328713251,2329,2108,221,9.538461538461538,0.0
4103,257.719137265408,2.045389978296889,6.299675571699768,0.04999742517222038,6.299675571699768,0.04999742517222038,9.655870049853547,241.76359164385565,15.955545621553316,0.12663131445677236,242.17994805484784,0.41635641099219356,0.00024150603885858096,0.12332689849650914,0.75,1850,1724,126,13.682539682539682,0.0
4104,225.33717164755103,1.2588668807125756,8.997871797497536,0.05026744020948344,8.997871797497536,0.05026744020948344,10.253655579100496,206.08564427095394,19.251527376598034,0.1075504322714974,206.62313819150722,0.5374939205532883,0.0002495329250479518,0.10454767293879222,0.37816048081197096,2333,2154,179,12.033519553072626,0.0
4105,272.9195373142618,3.3693770038797752,4.348071774224771,0.0536798984472194,4.348071774224771,0.0536798984472194,6.129361266756177,262.44210427327994,10.477433040980948,0.12935102519729566,263.05475548109325,0.6126512078133146,0.00024177237877399946,0.12178743003911773,0.10890157995072514,2615,2534,81,31.28395061728395,0.0
4106,245.99942311972984,0.9498047224699994,13.073764809601588,0.05047785640772814,13.073764809601588,0.05047785640772814,13.750627056364465,219.17503125376982,26.824391865966053,0.1035690805635755,220.04287543789303,0.8678441841232143,0.00024411932042847097,0.10021833081790274,0.12569085151119452,3814,3555,259,13.725868725868725,0.0
4107,261.94688785183905,1.6578916952648042,8.319726678877615,0.05265649796757984,8.319726678877615,0.05265649796757984,11.154563926729224,242.4725972462328,19.47429060560684,0.12325500383295468,243.41651673153763,0.943919485304832,0.0002409187047740766,0.11728082987532547,0.22052073991972065,4076,3918,158,24.79746835443038,0.0
4108,213.3929873253718,3.810589059381639,3.220904778200463,0.0575161567535797,3.220904778200463,0.0575161567535797,4.138333834954892,206.0337487122148,7.359238613155355,0.13141497523491705,206.61374357214288,0.5799948599280924,0.0002470165502249116,0.12105792416480199,0.18231937299628953,2404,2348,56,41.92857142857143,0.0
4109,268.44904772435166,4.628431857316408,2.964058422007987,0.05110445555186184,2.964058422007987,0.05110445555186184,3.014076285496458,262.47091301684713,5.978134707504445,0.10307128806042147,262.7783442255386,0.3074312086914688,0.0002579120878284134,0.09777074997953542,0.3338295423901627,1250,1192,58,20.551724137931036,0.0
4110,229.72431141885602,2.5244429826247914,4.7848369592973485,0.052580625926344486,4.7848369592973485,0.052580625926344486,5.089481791560274,219.84999266800367,9.874318750857622,0.10850899726217167,220.36161166607496,0.5116189980712988,0.0002487209519063193,0.10288681047012148,0.017771221324551334,2148,2057,91,22.604395604395606,0.0
4111,247.56011703205968,6.876669917557213,2.1864306262163984,0.06073418406156662,2.1864306262163984,0.06073418406156662,2.040559418505609,243.3331269873404,4.226990044722007,0.11741639013116686,243.86539666423505,0.5322696768946571,0.00025083396649135586,0.10263112132846193,0.023623239294124687,2158,2122,36,58.94444444444444,0.0
4112,225.60716440560384,1.2129417441161496,9.692133753696613,0.052108245987616195,9.692133753696613,0.052108245987616195,9.472006848848196,206.44302380306056,19.16414060254481,0.10303301399217639,207.35586710345171,0.9128433003911596,0.00024277747350828711,0.09812525431264583,0.08369124915896009,3946,3760,186,20.21505376344086,0.0
4113,269.2309388841261,4.487182314735435,3.718695432239156,0.061978257203985934,3.718695432239156,0.061978257203985934,3.208833575377639,262.303409876509,6.927529007616795,0.11545881679361325,263.26956057800317,0.9661507014941435,0.0002397991316689361,0.09935630510204874,0.4426435707756582,4089,4029,60,67.15,0.0
4114,261.4899710589947,0.6211163208052131,20.414158413745927,0.048489687443577026,20.414158413745927,0.048489687443577026,21.880461439393002,219.19535120586477,42.294619853138926,0.10046227993619697,219.79624542567137,0.6008942198066052,0.0002436716219815917,0.09903497775136179,0.6163024009814535,2887,2466,421,5.85748218527316,0.0
4115,265.3145356633113,1.3536455901189353,9.446530700219741,0.04819658520520276,9.446530700219741,0.04819658520520276,13.252209723272927,242.6157952398196,22.698740423492666,0.11580990011986055,242.93259713992643,0.31680190010683873,0.0002520301512385352,0.11419356389482072,0.10696420349938762,1453,1257,196,6.413265306122449,0.0
4116,234.73892559121805,0.8505033535913697,13.912872223983566,0.05040895733327379,13.912872223983566,0.05040895733327379,14.08921676516502,206.73683660207985,28.002088989148586,0.10145684416358183,207.6544775555251,0.9176409534452432,0.00024212162360032801,0.0981320581003368,0.75,4066,3790,276,13.731884057971014,0.0
4117,280.3048500050277,1.5486455801382744,9.23844118939018,0.05104111154359216,9.23844118939018,0.05104111154359216,9.07251319484294,261.9938956207927,18.31095438423312,0.1011654938355421,262.86173980491594,0.8678441841232143,0.0002438449519874162,0.09637077458625266,0.08091639530084649,3740,3559,181,19.662983425414364,0.0
4118,224.88855712780094,2.8466905965544425,4.018887737333209,0.05087199667510391,4.018887737333209,0.05087199667510391,2.24438635125739,218.62528303921465,6.263274088590599,0.07928195048848859,218.9420849393215,0.31680190010683873,0.0002512306900133535,0.07527179985417022,0.2330817876564879,1340,1261,79,15.962025316455696,0.0
4119,254.8315690158222,2.7109741384661934,4.58961763946519,0.04882571956877861,4.58961763946519,0.04882571956877861,8.237942359628732,242.00400901672901,12.827559999093921,0.13646340424568001,242.22135682635871,0.21734780962970035,0.00025600448719634907,0.13415119350493065,0.05408083829672705,943,849,94,9.03191489361702,0.0
4120,243.39288614564475,0.6894982610358208,17.476118094921368,0.04950741669949396,17.476118094921368,0.04950741669949396,19.19807848170558,206.7186895690279,36.67419657662695,0.10389290814908483,207.57113130523362,0.8524417362057193,0.0002441826800933026,0.10147805903799187,0.6637950954141161,3844,3491,353,9.889518413597735,0.0
4121,272.6141311005749,2.646739136898786,5.662052999808002,0.0549713883476505,5.662052999808002,0.0549713883476505,5.115898659904815,261.83617944086063,10.777951659712816,0.10464030737585259,262.73554498482895,0.8993655439683153,0.00024412745493168167,0.0959086030654949,0.21386166397360284,3787,3684,103,35.76699029126213,0.0
4122,228.22968410296767,2.6538335360810192,4.313249286830659,0.0501540614747751,4.313249286830659,0.0501540614747751,5.125039999290038,218.79139481685047,9.438289286120696,0.10974754983861275,219.078306007151,0.28691119030054324,0.0002644342767746942,0.1064113732071704,0.07565071078465735,1171,1085,86,12.616279069767442,0.0
4123,256.9028783625878,2.1588477173326703,6.454869929817842,0.05424260445225077,6.454869929817842,0.05424260445225077,8.750278537793974,241.6977298949754,15.205148467611817,0.12777435687068753,242.6091914353666,0.9114615403912012,0.00024325101158025118,0.12011501619513604,0.13069698280867215,3866,3747,119,31.48739495798319,0.0
4124,230.5618663342027,0.998103317464081,11.644628590569777,0.050409647578224144,11.644628590569777,0.050409647578224144,11.745740370891781,207.1714973727503,23.390368961461558,0.10125700849117558,207.9305617601981,0.7590643874477792,0.0004089786570300534,0.09797101547188146,0.028142431137553103,2087,1856,231,8.034632034632034,0.0
4125,291.4159105788301,0.9912105802001024,13.883438764271254,0.04722258083085461,13.883438764271254,0.04722258083085461,15.05020184176692,262.48226997279085,28.933640606038175,0.09841374355795297,262.76298582870163,0.28071585591078474,0.00026432754793859203,0.09745892772152544,0.018784887307219833,1356,1062,294,3.6122448979591835,0.0
4126,250.92024811672013,0.8016621345582113,15.382415168468336,0.04914509638488286,15.382415168468336,0.04914509638488286,16.43870937961219,219.09912356864697,31.821124548080526,0.10166493465840423,219.75355407180814,0.6544305031611657,0.00024175489588517388,0.09957410237991052,0.08712419924995629,3020,2707,313,8.648562300319488,0.0
4127,284.12472052568114,0.7015425198164966,19.593555287256613,0.04837914885742374,19.593555287256613,0.04837914885742374,22.79046412170328,241.7407011167179,42.384019408959894,0.10465189977520961,242.33564928509577,0.5949481683778686,0.00024433189666442243,0.10318289195206265,0.7344388009539671,2840,2435,405,6.012345679012346,0.0
4128,227.19286692815842,1.0469717369961218,10.978307779236665,0.05059128008864823,10.978307779236665,0.05059128008864823,10.289474265766103,205.92508488316355,21.267782045002768,0.09800821218895285,206.68414927061133,0.7590643874477792,0.0005807684678253857,0.0945102196200327,0.4060646020756167,1524,1307,217,6.023041474654378,0.0
4129,279.3142749616851,1.8872586146059804,7.735862861051154,0.05226934365575104,7.735862861051154,0.05226934365575104,8.646998656274036,262.9314134443581,16.38286151732519,0.11069501025219722,263.8458922631736,0.9144788188154962,0.00024263168448275304,0.10451609931426692,0.75,3917,3769,148,25.466216216216218,0.0
4130,228.90976212147882,2.139343571228774,5.963379314370048,0.05573251695672942,5.963379314370048,0.05573251695672942,5.03429646244831,217.9120863446659,10.997675776818358,0.10278201660577904,218.85233499610638,0.94024865144047,0.00024096582558699896,0.09399464603151815,0.5220964481113697,4009,3902,107,36.467289719626166,0.0
4131,252.0332848335628,3.2311959594046513,4.128412113772001,0.052928360432974365,4.128412113772001,0.052928360432974365,6.76245068985304,241.14242202993717,10.89086280362504,0.13962644620032102,241.66745752537702,0.5250354954398517,0.00024977901781153745,0.1328952218998176,0.41935873463626194,2180,2102,78,26.94871794871795,0.0
4132,241.78542777523603,0.7028646156256861,16.881658570675274,0.04907458886824208,16.881658570675274,0.04907458886824208,19.308729179213515,205.59504002535778,36.190387749888785,0.10520461555200228,206.29138348282277,0.6963434574649909,0.00024111615563192208,0.10318036131515483,0.21385411105609364,3232,2888,344,8.395348837209303,0.0
4133,282.68390633727745,1.5881118333554913,8.453862777747455,0.047493611110940755,8.453862777747455,0.047493611110940755,11.7880655894769,262.4419779700495,20.241928367224354,0.11371869869227165,262.6884071426093,0.24642917255982866,0.0002471706846136697,0.11233426513858498,0.29619934298693806,1175,997,178,5.601123595505618,0.0
4134,235.47069976546027,1.3770216360553231,8.3931778658552,0.049082911496229245,8.3931778658552,0.049082911496229245,8.664785863895531,218.412736035712,17.057963729750732,0.09975417385819141,218.7755320420672,0.3627960063552109,0.0002484904153117883,0.09763255978592439,0.75,1631,1460,171,8.538011695906432,0.0
4135,259.9327198055847,1.4938662057792225,8.907158799968899,0.05119056781591321,8.907158799968899,0.05119056781591321,10.492048523464291,240.5335124821503,19.39920732343319,0.11148969726111027,241.3628956017568,0.8293831196065184,0.000244944807916869,0.10672312760820644,0.20705199484962122,3560,3386,174,19.45977011494253,0.0
4136,234.88419896947835,0.7552546590658468,14.999461325454472,0.048229779181525635,14.999461325454472,0.048229779181525635,15.11915810767141,204.76557953636188,30.118619433125883,0.09684443547628901,205.1386781485935,0.37309861223161533,0.000245621206209095,0.09564476148194485,0.36738333498590237,1830,1519,311,4.884244372990354,0.0
4137,272.01936234925574,2.747670326760159,5.411431392108999,0.05466092315261615,5.411431392108999,0.05466092315261615,5.457001891565142,261.1509290655806,10.86843328367414,0.10978215438054686,261.99904651569113,0.8481174501105215,0.00024399236194203727,0.10121531145014757,0.3541608524790263,3575,3476,99,35.111111111111114,0.0
4138,250.50137203143322,0.7731523828130655,16.125201519905975,0.04976914049353696,16.125201519905975,0.04976914049353696,16.530358414837565,217.84581209669363,32.655559934743536,0.10078876523068993,218.75246619227528,0.9066540955816436,0.00024346243168142952,0.09799045012085784,0.75,4048,3724,324,11.493827160493828,0.0
4139,440.48142887648635,0.23122384717925792,89.27135372762238,0.046861603006625924,89.27135372762238,0.046861603006625924,111.47223770252549,239.73783744634545,200.7435914301479,0.10537721334915899,239.85914378478185,0.12130633843639771,0.00027137883319104634,0.10531353548120971,0.1535139679464237,2352,447,1905,0.2346456692913386,0.0
4140,209.79848130409368,2.5901047074579466,4.583382662317293,0.056584971139719664,4.583382662317293,0.056584971139719664,1.393780559845709,203.82131808193253,5.977163222163002,0.07379213854522225,204.6142530751158,0.7929349931832803,0.00024648274578280396,0.06400281764170213,0.1543802952638771,3298,3217,81,39.71604938271605,0.0
4141,276.1322870448198,1.8532368258041598,7.58255946914546,0.05088966086674805,7.58255946914546,0.05088966086674805,7.359153568628699,261.1905740070438,14.941713037774159,0.10027995327365208,261.91900916076315,0.7284351537193743,0.00024009069008548923,0.09539112673863524,0.22097192972319135,3183,3034,149,20.36241610738255,0.0
4142,232.5944582760111,1.5103536251689031,7.427975049893696,0.04823360422008894,7.427975049893696,0.04823360422008894,6.949816149498474,218.21666707662064,14.37779119939217,0.09336228051553358,218.41073084762263,0.1940637710019928,0.0002530166505892996,0.09210212615836666,0.006932922721148316,921,767,154,4.98051948051948,0.0
4143,252.19425759391072,2.5474167433728354,5.402341903499731,0.05456911013636092,5.402341903499731,0.05456911013636092,6.922104364184634,239.8698113262236,12.324446267684365,0.12448935623923602,240.68890390950276,0.8190925832791436,0.0002453107467143287,0.11621569378189862,0.030900442707434195,3438,3339,99,33.72727272727273,0.0
4144,216.6182705867593,2.2801923219658873,5.277126569300109,0.055548700729474834,5.277126569300109,0.055548700729474834,5.01363654595275,206.32750747150862,10.290763115252858,0.10832382226581956,207.1687058248574,0.8411983533487728,0.00024396703983433087,0.09946910275686222,0.01748607938350233,3543,3448,95,36.294736842105266,0.0
4145,623.5354286788868,0.1738320124557811,168.74638312221225,0.04704387597496857,168.74638312221225,0.04704387597496857,193.1764054212092,261.61264013548475,361.92278854342146,0.10089846349133579,261.6830333128478,0.07039317736303019,0.00033048440076539995,0.10087883896460524,0.2510495804663151,3800,213,3587,0.059381098410928354,0.0
4146,241.72284552857946,1.0199276182640484,11.956054215950099,0.050447486143249363,11.956054215950099,0.050447486143249363,11.881958787236044,217.88483252539754,23.83801300318614,0.10058233334677696,218.71151397920335,0.8266814538058043,0.00024487009887612686,0.09709422594673464,0.75,3613,3376,237,14.244725738396625,0.0
4147,619.907090316658,0.15548208936961574,186.80805680672302,0.04685429064628117,186.80805680672302,0.04685429064628117,193.7111236523383,239.38790985762785,380.5191804590613,0.09543997503362461,239.4208601154753,0.03295025784746031,0.0013729274103108462,0.09543171060977745,0.2824583920250916,4011,24,3987,0.006019563581640331,0.0
4148,289.8396952103085,0.36503739950920466,37.96416659820346,0.04781381183652829,37.96416659820346,0.04781381183652829,44.586654913605116,207.28887369851827,82.55082151180858,0.10396828905769342,207.8414559050152,0.5525822064969361,0.00024735103245162763,0.10327234169432403,0.06531850978626608,3028,2234,794,2.81360201511335,0.0
4149,279.52389883510386,1.4711784149215992,9.39762436928426,0.04946118089096979,9.39762436928426,0.04946118089096979,9.49469980666322,260.6315746591554,18.89232417594748,0.09943328513656569,261.27799466077613,0.6464200016207542,0.00024319789376251098,0.09603107460172491,0.09485092916702342,2848,2658,190,13.989473684210527,0.0
4150,226.27450912602148,2.6620530485414293,4.5940316225450575,0.054047430853471266,4.5940316225450575,0.054047430853471266,3.7396249404278024,217.94085256305243,8.333656562972859,0.09804301838791599,218.55350377086575,0.6126512078133146,0.00024186782779838712,0.09083535711947929,0.75,2618,2533,85,29.8,0.0
4151,252.49635527045677,1.957336087367882,6.655210315485482,0.05159077763942234,6.655210315485482,0.05159077763942234,7.512132450039644,238.32901250492944,14.167342765525126,0.10982436252345058,239.00838328733755,0.6793707824081139,0.00024023012107783376,0.10455792234976143,0.18167817159257993,2957,2828,129,21.92248062015504,0.0
4152,215.09582505916092,3.4692875009542083,3.7217209279514116,0.06002775690244212,3.7217209279514116,0.06002775690244212,4.229712477341536,207.14439165386943,7.951433405292947,0.12824892589182174,207.99759563007524,0.8532039762058048,0.00024363334557561531,0.11448757143686576,0.002442692651698053,3564,3502,62,56.483870967741936,0.0
4153,289.78563441182257,1.0386581878559948,13.362424684996641,0.04789399528672631,13.362424684996641,0.04789399528672631,16.054983429529784,260.3682262972969,29.417408114526424,0.10543873876174345,260.8362920267108,0.4680657294138655,0.0003498249098758337,0.10376108381760493,0.446211423521504,1617,1338,279,4.795698924731183,0.0
4154,235.5522863215176,1.2596378947674738,9.411856007431995,0.05033078078840639,9.411856007431995,0.05033078078840639,8.28859922582933,217.85183108825936,17.700455233261323,0.09465484081957927,218.4793453983898,0.6275143101304366,0.00046829426129137055,0.09129914932153912,0.07134039484060395,1527,1340,187,7.165775401069519,0.0
4155,277.8298558977194,0.7216359893447258,18.674718209453424,0.0485057615829959,18.674718209453424,0.0485057615829959,20.175444557726905,238.97969313053545,38.85016276718033,0.10090951368098787,239.5970294156457,0.6173362851102411,0.0002418081806150572,0.09930604281058113,0.024405806503182248,2938,2553,385,6.631168831168831,0.0
4156,222.7726946276839,1.3501375431980842,8.279537491810341,0.05017901510188086,8.279537491810341,0.05017901510188086,7.080425237527152,207.4127318983542,15.359962729337493,0.09309068320810601,207.96868543278742,0.5559535344332289,0.0002470904597481017,0.08972126784785746,0.27998292275970016,2415,2250,165,13.636363636363637,0.0
4157,522.9666367746382,0.1962351357503333,125.91640725165256,0.04724818283364073,125.91640725165256,0.04724818283364073,137.48792905479604,259.5623004682051,263.4043363064486,0.0988384001149901,260.03036619761895,0.4680657294138655,0.0007223236565028788,0.09866276569494158,0.4301967049883615,3313,648,2665,0.24315196998123828,0.0
4158,245.0198404098453,0.8478195169890841,14.198609905867105,0.04913013808258514,14.198609905867105,0.04913013808258514,13.723753449692822,217.097477054288,27.922363355559927,0.09661717424069179,217.72499136441843,0.6275143101304366,0.0004801180643691175,0.09444584444784385,0.019768599720123348,1596,1307,289,4.522491349480969,0.0
4159,255.61127168759822,1.5491592223490802,8.235336274984906,0.04991112893930246,8.235336274984906,0.04991112893930246,8.896367853079482,238.4795675595342,17.13170412806439,0.1038285098670569,239.0656801744583,0.5861126149241045,0.00024595577630050544,0.10027631220084803,0.669851983215267,2548,2383,165,14.442424242424243,0.0
4160,217.21641026075554,2.0687277167691005,5.222015929546431,0.049733485043299344,5.222015929546431,0.049733485043299344,5.307357232294635,206.68703709891997,10.529373161841065,0.10027974439848633,207.0038389990268,0.31680190010683873,0.00025103161656643325,0.0972625834450355,0.1618310459436998,1367,1262,105,12.019047619047619,0.0
4161,283.8769578591782,1.228904579476962,11.580437433625567,0.050131763781928865,11.580437433625567,0.050131763781928865,12.437909125458646,259.85861130009175,24.018346559084215,0.1039755262298018,260.7714546004829,0.9128433003911596,0.00024277747350828711,0.10002382363071562,0.10906018659966321,3991,3760,231,16.27705627705628,0.0
4162,228.53075817612932,1.7579289090471486,6.985317331523543,0.05373321024248879,6.985317331523543,0.05373321024248879,4.94747810592321,216.59796273868358,11.932795437446753,0.0917907341342058,217.48003624235196,0.88207350366838,0.00024468058354185296,0.08500555333674899,0.5618260405186675,3735,3605,130,27.73076923076923,0.0
4163,262.7942602168848,1.1135350009190035,11.86438080398042,0.05027280001686619,11.86438080398042,0.05027280001686619,12.304713960765639,238.6251654521343,24.16909476474606,0.1024114184946867,239.496954521436,0.8717890693017125,0.00046769799855242086,0.09871739701461361,0.078361373548546,2100,1864,236,7.898305084745763,0.0
4164,228.33786144191936,1.0977781800092277,10.176466009385123,0.048925317352813094,10.176466009385123,0.048925317352813094,11.507087089584275,206.65430834295694,21.683553098969398,0.10424785143735288,207.0868996278889,0.4325912849319593,0.00024126675121693213,0.10216808564437721,0.7349235812666848,2001,1793,208,8.620192307692308,0.0
4165,278.7211361618082,1.4516725841760845,9.7174039335948,0.05061147882080625,9.7174039335948,0.05061147882080625,9.337650556698918,259.6660816715149,19.05505449029372,0.09924507547027979,260.5434501525889,0.8773684810739724,0.00024391673090741516,0.09467544796468393,0.2872980187765961,3789,3597,192,18.734375,0.0
4166,232.84351079310568,1.1700678934326918,9.970913748088309,0.05010509421149904,9.970913748088309,0.05010509421149904,7.094928756776653,215.77766828824542,17.06584250486496,0.08575800253700985,216.39953040233695,0.6218621140915275,0.00024140610019081035,0.08263306729029513,0.601784980514708,2775,2576,199,12.944723618090451,0.0
4167,273.29245363525854,0.7591457045423848,17.746538855493714,0.04929594126526032,17.746538855493714,0.04929594126526032,18.71754287350109,236.82837190626162,36.4640817289948,0.10128911591387445,237.70016097556334,0.8717890693017125,0.00048165141950370856,0.09886747961026446,0.1727869653146854,2170,1810,360,5.027777777777778,0.0
4168,215.69556956435576,2.6304337751750704,4.637523374835785,0.05655516310775348,4.637523374835785,0.05655516310775348,4.667529649193966,206.39051654033142,9.305053024029752,0.11347625639060673,207.2074785636105,0.8169620232790749,0.0002454076369117077,0.10351330488713745,0.05568170300750808,3411,3329,82,40.59756097560975,0.0
4169,270.52771282405376,2.732603159838927,5.261051125709612,0.05314193056272335,5.261051125709612,0.05314193056272335,5.282420905511572,259.984240792831,10.543472031221183,0.10649971748708266,260.72153399787555,0.7372932050445797,0.00024016065310898362,0.0990523113755375,0.33241146982538794,3169,3070,99,31.01010101010101,0.0
4170,242.6862521866683,0.9157971780628993,13.130102130688012,0.049547555210143444,13.130102130688012,0.049547555210143444,12.519489088215778,217.03666096776442,25.64959121890379,0.09679091026001431,217.74916623783133,0.712505270066913,0.00024095545149371424,0.09410221112768666,0.5153856684211178,3222,2957,265,11.158490566037736,0.0
4171,247.69506784908026,2.404806483971653,4.972275921151895,0.048274523506329076,4.972275921151895,0.048274523506329076,5.798344334602689,236.9244475933258,10.770620255754583,0.10456912869664643,237.14307674720953,0.2186291538837395,0.000253043002180254,0.10244651555214297,0.05791323603102683,967,864,103,8.388349514563107,0.0
4172,224.40889366496071,1.233015899258026,9.238899120475345,0.050763181980633766,9.238899120475345,0.050763181980633766,8.831482037356409,206.3385125071352,18.070381157831754,0.09928780855951513,207.04970193720214,0.7111894300669519,0.00024132657959516522,0.0953801743283438,0.05665193579739025,3129,2947,182,16.192307692307693,0.0
4173,297.3719777837939,0.7846226326749179,17.97618988402823,0.04743058016893992,17.97618988402823,0.04743058016893992,19.28178945931495,260.1139984404465,37.25797934334318,0.09830601409853082,260.5071507500363,0.39315230958982283,0.0002457201934936393,0.09726867291228916,0.07181901670310253,1979,1600,379,4.221635883905013,0.0
4174,239.53126700578355,1.0598728628574494,11.475131475541865,0.050774918033371086,11.475131475541865,0.050774918033371086,9.925224252546514,218.1309112776928,21.40035572808838,0.09469183950481583,219.02658102016335,0.8956697424705453,0.00048545785499758555,0.09072869905141681,0.24097461393853337,2071,1845,226,8.163716814159292,0.0
4175,258.70966201929207,1.1447330177844781,11.363412292637584,0.050280585365653024,11.363412292637584,0.050280585365653024,10.56859825556262,236.77765147108755,21.932010548200203,0.09704429446106284,237.61576723999872,0.838115768911166,0.00024463390803011265,0.0933358176074927,0.042399383444831074,3652,3426,226,15.15929203539823,0.0
4176,220.13905313524901,1.761112425081992,6.620333087213962,0.052962664697711694,6.620333087213962,0.052962664697711694,6.197265205197937,207.32145484284456,12.817598292411898,0.10254078633929518,208.09580703327651,0.774352190431955,0.0002465304649576425,0.09634596881578,0.02820520480270261,3266,3141,125,25.128,0.0
4177,271.3499153634963,2.4013266846327106,5.686500746825591,0.05032301545863355,5.686500746825591,0.05032301545863355,5.589247415655791,260.07416720101344,11.275748162481381,0.09978538196886177,260.59089656650747,0.5167293654940295,0.00025011101911618077,0.09521255572556471,0.6320207582174362,2179,2066,113,18.283185840707965,0.0
4178,232.45533203910304,1.4349094570315002,8.469753282769437,0.052282427671416276,8.469753282769437,0.052282427671416276,6.83890084254358,217.14667791378974,15.308654125313018,0.094497864971068,218.0423476562603,0.8956697424705453,0.00045534811513500017,0.08896903940026389,0.2816080174380886,2129,1967,162,12.141975308641975,0.0
4179,255.62230486254623,1.297575151586529,9.756306006152524,0.04952439597031738,9.756306006152524,0.04952439597031738,9.092941090182876,236.77305776620722,18.8492470963354,0.09568145734180407,237.36546894791843,0.5924111817112134,0.0002441925728405661,0.09267429398288224,0.27223288342827345,2623,2426,197,12.314720812182742,0.0
4180,289.59440917923655,0.3601920512179559,38.52300055246363,0.04791417979162143,38.52300055246363,0.04791417979162143,44.30573767465057,206.76567095214034,82.8287382271142,0.10302081869044055,207.38753306623187,0.6218621140915275,0.00024187557918768085,0.10224735834950831,0.23786743984260283,3375,2571,804,3.1977611940298507,0.0
4181,270.19696732052876,2.3911236046064492,5.27607254918603,0.04669090751492062,5.27607254918603,0.04669090751492062,5.482946247801237,259.43794852353994,10.759018796987267,0.09521255572555103,259.5442496913945,0.10630116785455357,0.0003173169189688166,0.09427183742596688,0.3612397022585583,448,335,113,2.9646017699115044,0.0
4182,224.33544669084552,3.5608801062038973,3.522280514567411,0.055909214516943036,3.522280514567411,0.055909214516943036,2.7537535214949003,218.05941265477998,6.2760340360623115,0.09961958787400495,218.66037983458648,0.6009671798065028,0.00024281502214404155,0.09008042628982597,0.1949345458086782,2538,2475,63,39.285714285714285,0.0
4183,248.85716776027016,2.039812850494018,6.1985488631774075,0.05080777756702793,6.1985488631774075,0.05080777756702793,5.819469144838422,236.8391497522557,12.01801800801583,0.0985083443279986,237.39510328668894,0.5559535344332289,0.0002465425873318088,0.09395134814410838,0.010795550324132819,2377,2255,122,18.483606557377048,0.0
4184,219.31739406194674,1.600856890963115,7.347889364067508,0.05363422893479933,7.347889364067508,0.05363422893479933,5.08003681081459,206.88946788707062,12.4279261748821,0.09071478959767956,207.8247120060032,0.9352441189325873,0.00024204040345046255,0.08388819018936886,0.1645860147689291,4001,3864,137,28.204379562043794,0.0
4185,273.3225058104482,1.938457488017363,6.896854964577284,0.04891386499700202,6.896854964577284,0.04891386499700202,6.56696510300344,259.85868574286735,13.463820067580723,0.0954880855856789,260.2850902047802,0.42640446191285264,0.00023982253200947843,0.09246394046573052,0.24233552086354848,1919,1778,141,12.609929078014185,0.0
4186,252.17468078193178,0.7783169159936166,15.564586002303507,0.048038845686121934,15.564586002303507,0.048038845686121934,17.54778192470735,219.06231285492345,33.11236792701086,0.10219866644139154,219.42510886127866,0.3627960063552109,0.0002484904153117883,0.10107892568102816,0.1694860227070194,1784,1460,324,4.506172839506172,0.0
4187,259.2284995398627,1.0984258455078928,11.899506881468637,0.05042163932825694,11.899506881468637,0.05042163932825694,10.564520090278847,236.7644725681098,22.464026971747487,0.09518655496503173,237.632316752233,0.8678441841232143,0.00024411932042847097,0.0915092491001258,0.75,3791,3555,236,15.063559322033898,0.0
4188,222.03653429201165,1.3456759654061312,8.587249093597164,0.05204393390058887,8.587249093597164,0.05204393390058887,6.794273236576373,206.65501196184334,15.381522330173537,0.0932213474555972,207.50821593804915,0.8532039762058048,0.00024398169179462532,0.08805041426643942,0.568256022187029,3662,3497,165,21.193939393939395,0.0
4189,274.47400660847075,1.9889420768729764,7.255740634680431,0.05257783068609008,7.255740634680431,0.05257783068609008,7.5953601631397305,259.6229058106492,14.851100797820163,0.1076166724479722,260.5190772799508,0.8961714693016347,0.0002444548470544557,0.10112267629362275,0.5076987243322719,3804,3666,138,26.565217391304348,0.0
4190,227.22309567047762,2.1039175525044223,5.841495627335785,0.05408792247533135,5.841495627335785,0.05408792247533135,3.715895196787642,217.6657048463561,9.557390824123427,0.08849435948262432,218.47280020764595,0.8070953612898393,0.00024450026091785496,0.08102125428547845,0.16873123054654116,3409,3301,108,30.564814814814813,0.0
4191,248.1136098532994,1.9849088788263953,6.215040518164861,0.04972032414531889,6.215040518164861,0.04972032414531889,5.225199318536397,236.673370016597,11.44023983670126,0.09152191869361008,237.09977447850986,0.42640446191285264,0.00023955306849036666,0.08811068299831641,0.75,1905,1780,125,14.24,0.0
4192,217.16039344060846,1.5292985453563976,6.8138890811765425,0.047985134374482694,6.8138890811765425,0.047985134374482694,4.883973323533155,205.46253103590288,11.697862404709698,0.08237931270922322,205.62448313025766,0.1619520943547741,0.0002806795396096605,0.08123880500247042,0.61925494726745,719,577,142,4.063380281690141,0.0
4193,271.72934275063994,2.4046844491207073,5.839625990128707,0.05167810610733369,5.839625990128707,0.05167810610733369,6.3472032610902716,259.5425134994209,12.186829251218978,0.10784804647096441,260.1838316495514,0.6413181501304734,0.0002423726946827186,0.1021726646114031,0.08221861138258646,2759,2646,113,23.41592920353982,0.0
4194,226.52146689592473,2.6036950217922383,4.658813781304042,0.05354958369314991,4.658813781304042,0.05354958369314991,3.8215048928632314,218.0411482217612,8.480318674167274,0.097474927289279,218.65540006957463,0.6142518478134207,0.00024183143614701601,0.09041456122241502,0.06278700509324153,2627,2540,87,29.195402298850574,0.0
4195,248.59094348802444,1.8691048382558229,6.803857254186912,0.051156821460051974,6.803857254186912,0.051156821460051974,5.058093539232232,236.72899269460265,11.861950793419144,0.08918759995051988,237.36417976422024,0.6351870696175865,0.0002423453146194531,0.08441175732183606,0.21489797284664292,2754,2621,133,19.706766917293233,0.0
4196,227.80123695632653,1.17423318018725,9.717240777508897,0.05008886998715926,9.717240777508897,0.05008886998715926,10.839158550387765,207.24483762843522,20.556399327896663,0.10596082127781785,207.8545633535456,0.6097257251103656,0.0003033461318957043,0.10281790516897396,0.013917337866814705,2204,2010,194,10.360824742268042,0.0
4197,540.793255767944,0.19204305957668463,132.60432850453222,0.047089605292802636,132.60432850453222,0.047089605292802636,148.69814646666168,259.4907807967661,281.3024749711939,0.09989434480511146,259.6223368574597,0.13155606069358328,0.00025744825967433126,0.0998476274540072,0.4014485369785916,3327,511,2816,0.18146306818181818,0.0
4198,244.2510267873664,0.9147978531362038,12.850423429835487,0.048128926703503695,12.850423429835487,0.048128926703503695,13.490548055176077,217.91005530236077,26.340971485011565,0.09865532391390099,218.24238588639003,0.33233058402925053,0.00025368746872461874,0.09741064007856325,0.1626752631883619,1577,1310,267,4.906367041198502,0.0
4199,248.78111151425776,1.842823048253761,7.156804619413541,0.053013367551211416,7.156804619413541,0.053013367551211416,4.939947931232609,236.6843589636086,12.096752550646151,0.08960557444923076,237.57685676204017,0.8924977984315774,0.00024438603461981854,0.08299447964605625,0.19454990787926363,3787,3652,135,27.05185185185185,0.0
4200,506.568664386621,0.1727134893919608,139.10142747678276,0.04742633054101015,139.10142747678276,0.04742633054101015,161.1556004641791,206.31163644570313,300.25702794096185,0.102371983614375,206.9213621708135,0.6097257251103656,0.0011208193476293486,0.10216409894845124,0.17452747468587404,3477,544,2933,0.18547562222979885,0.0
4201,266.35011262332307,4.035607767020046,3.5436393272671385,0.053691504958593005,3.5436393272671385,0.053691504958593005,3.7485308863199407,259.05794240973603,7.292170213587079,0.11048742747859211,259.5930790984804,0.5351366887443874,0.00024971380716023675,0.1023792958309493,0.1251020694937779,2209,2143,66,32.46969696969697,0.0
4202,312.5783148110876,0.3085669445321694,48.511104408065385,0.047888553216254084,48.511104408065385,0.047888553216254084,46.46608127950958,217.60112912353077,94.97718568757497,0.09375832743097233,218.23840884553795,0.6372797220071789,0.0002423116813715509,0.09312922602719609,0.28986034180002207,3643,2630,1013,2.596248766041461,0.0
4203,258.33727666067693,1.1636814263994457,10.78891612677159,0.048598721291763916,10.78891612677159,0.048598721291763916,10.609026141994264,236.93933439190778,21.397942268765853,0.09638712733678312,237.34918571958679,0.4098513276790072,0.00024309094168387143,0.09454095018509076,0.04803248415271355,1908,1686,222,7.594594594594595,0.0
4204,219.91464055268102,1.6411540339752315,7.105274369653957,0.05302443559443251,7.105274369653957,0.05302443559443251,6.9106215329957195,205.89874465003322,14.015895902649676,0.1045962380794752,206.74528503004854,0.8465403800153126,0.00024417086242149196,0.09827877255695885,0.75,3601,3467,134,25.87313432835821,0.0
4205,272.7666437589644,2.0982049519920336,6.849047302410064,0.052684979249308185,6.849047302410064,0.052684979249308185,7.020098382054812,258.8974980744997,13.869145684464876,0.1066857360343452,259.744038454515,0.8465403800153126,0.0002442413098717001,0.10017388695730285,0.2995346044569942,3596,3466,130,26.661538461538463,0.0
4206,234.93736068055182,1.3984366707175704,8.284341249193876,0.04931155505472545,8.284341249193876,0.04931155505472545,9.242347600906442,217.41067183045448,17.526688850100317,0.10432552886964475,217.85320124764485,0.44252941719037153,0.0002398533426506079,0.10169142519587483,0.15407921756923315,2013,1845,168,10.982142857142858,0.0
4207,276.05651374529293,0.7245577788590366,18.557786604655238,0.04870810132455443,18.557786604655238,0.04870810132455443,20.252724930895056,237.2460022097423,38.81051153555029,0.10186485967336034,237.82608121752514,0.5800790077828424,0.00024652741512233,0.10034234259256637,0.2921599006745055,2734,2353,381,6.175853018372703,0.0
4208,226.57065988958186,1.4160666243098867,8.237824626354104,0.05148640391471315,8.237824626354104,0.05148640391471315,9.989083053472086,208.34375220975915,18.22690767982619,0.11391817299891369,209.0757224803789,0.7319702706197404,0.00024014772658127967,0.1093433588075186,0.0029725974869734273,3208,3048,160,19.05,0.0
4209,272.25826324966033,2.110529172477987,6.745494680407811,0.05229065643726985,6.745494680407811,0.05229065643726985,6.23098753027989,259.2817810389729,12.976482210687701,0.10059288535416823,260.0708918907478,0.7891108517749217,0.00024652010364727324,0.09447574696831407,0.05916879357334892,3330,3201,129,24.813953488372093,0.0
4210,238.019736904051,1.1388504158088564,10.44078677547827,0.04995591758602043,10.44078677547827,0.04995591758602043,10.203447429548078,217.37550269902852,20.644234205026347,0.09877624021543707,218.04823947820307,0.6727367791745564,0.0002394081064678137,0.09555740395142549,0.21747599373873072,3019,2810,209,13.444976076555024,0.0
4211,247.9853613648553,2.0665446780404606,6.009199881921086,0.05007666568267572,6.009199881921086,0.05007666568267572,4.296021536168382,237.68013994676096,10.305221418089468,0.08587684515074558,238.10924211679514,0.4291021700341844,0.0002399900279833246,0.08230099373383458,0.09842225477450484,1908,1788,120,14.9,0.0
4212,214.674726096163,4.128360117233904,2.6306349222756533,0.05058913312068564,2.6306349222756533,0.05058913312068564,3.487032056770431,208.55705911711595,6.117666979046085,0.1176474419047324,208.78091659620202,0.2238574790860639,0.0002506802677335542,0.113342490383865,0.2371893389665729,945,893,52,17.173076923076923,0.0
4213,290.89654008351,0.9006084832306811,15.7369269981733,0.0487211362172548,15.7369269981733,0.0487211362172548,15.532491609121735,259.6271214762098,31.269418607295037,0.09680934553342117,260.32710029594386,0.6999788197340422,0.00024103953847590985,0.09464222844447717,0.07517520210592465,3227,2904,323,8.990712074303406,0.0
4214,228.22440085902235,1.7970425264489949,6.448021329437876,0.050771821491636816,6.448021329437876,0.050771821491636816,4.337756931640797,217.4386225979449,10.785778261078672,0.08492738788250923,217.96629135738476,0.5276687594398481,0.00025019855829295785,0.08077251576092591,0.19883008441115635,2236,2109,127,16.606299212598426,0.0
4215,252.4385618392455,1.6392114405145812,7.524184525322861,0.04885834107352507,7.524184525322861,0.04885834107352507,6.873383321184292,238.04099399273423,14.397567846507153,0.0934907003019945,238.35900892637073,0.3180149336365048,0.00025119663004463254,0.09142566826542052,0.06766990995788547,1420,1266,154,8.220779220779221,0.0
4216,222.82790912280143,1.6384405082558928,7.149153693938128,0.05256730657307447,7.149153693938128,0.05256730657307447,7.398869010072303,208.27988641879415,14.548022704010432,0.10697075517654729,209.04610520629035,0.7662187874962001,0.0002464518454474751,0.10133679350375795,0.15935498093290335,3245,3109,136,22.860294117647058,0.0
4217,273.0736678957079,2.150186361383527,6.381460166603138,0.0502477178472688,6.381460166603138,0.0502477178472688,7.028349352280429,259.6638583768248,13.409809518883566,0.10558905132979186,260.18058774231883,0.5167293654940295,0.0002493867594083154,0.10152031616841783,0.23738694381711412,2199,2072,127,16.31496062992126,0.0
4218,227.64609235025284,2.5578212623623915,6.126840334559663,0.06884090263550183,6.126840334559663,0.06884090263550183,4.131269167079381,217.38798284861525,10.258109501639044,0.11525965732178702,217.56681578704104,0.17883293842578496,0.000255111181777154,0.113250298463054,0.11389667406160697,790,668,122,5.475409836065574,1.0
4219,255.86415294871153,1.5050832526394795,8.617493257813582,0.05069113681066813,8.617493257813582,0.05069113681066813,8.6355936867335,238.61106600415928,17.253086944547082,0.10148874673262989,239.25730234796652,0.6462363438072316,0.0002414934020206396,0.0976873564749707,0.1726725586364637,2846,2676,170,15.741176470588234,0.0
4220,239.68858896806557,0.7989619632268853,14.543864983823985,0.04847954994607995,14.543864983823985,0.04847954994607995,16.586485414331946,208.55823856991617,31.130350398155933,0.10376783466051978,209.00492882920173,0.4466902592855604,0.00023989809843478002,0.10227886712954615,0.05909914719211429,2162,1862,300,6.206666666666667,0.0
4221,280.45320898148407,1.5159632917918058,9.479460351266999,0.05124032622306486,9.479460351266999,0.05124032622306486,9.632783270285245,261.3409653599317,19.112243621552246,0.10330942498136349,262.23713682923335,0.8961714693016347,0.00024405541102985695,0.09846525487703091,0.3015877632097954,3857,3672,185,19.84864864864865,0.0
4222,223.63950028299075,4.8617282670215385,2.4188702893255543,0.05258413672446857,2.4188702893255543,0.05258413672446857,2.5160315327409535,218.7045984609257,4.934901822066507,0.10728047439275015,219.01486360963293,0.31026514870723076,0.0005682511881084812,0.10053557985560493,0.11642706802615521,592,546,46,11.869565217391305,0.0
4223,262.1738634736538,1.096961771856292,11.866324616050132,0.049649893791004734,11.866324616050132,0.049649893791004734,11.962526971662555,238.34501188593788,23.828851587712688,0.09970230789837944,238.9592637337513,0.6142518478134207,0.00024211740158195532,0.09713221648494769,0.4815961573624463,2776,2537,239,10.615062761506277,0.0
4224,226.25908174738208,1.4230130927508307,7.897384351412764,0.04966908397114946,7.897384351412764,0.04966908397114946,10.100405252097971,208.26129214387436,17.997789603510736,0.11319364530509897,208.70116998251513,0.43987783864076846,0.00023958487943396975,0.11042711801803118,0.08199741506177816,1995,1836,159,11.547169811320755,0.0
4225,280.97639933333096,1.4945553156028242,9.336910791064312,0.04966441910140592,9.336910791064312,0.04966441910140592,9.853544316144507,261.78594422612184,19.19045510720882,0.10207688886813202,262.40019607393526,0.6142518478134207,0.00024202200465461808,0.09880959180529626,0.049578965232285555,2726,2538,188,13.5,0.0
4226,236.67143425990287,1.557048909604624,7.812957948792352,0.05140103913679179,7.812957948792352,0.05140103913679179,9.036071242544267,219.82240506856635,16.84902919133662,0.11084887625879354,220.54226661245536,0.7198615438890101,0.00024043471739779897,0.10611294504899672,0.03514307802743133,3146,2994,152,19.69736842105263,0.0
4227,251.64219268040267,2.0131375414432213,6.551802620502637,0.052414420964021095,6.551802620502637,0.052414420964021095,5.765358046035317,239.32503201385964,12.317160666537955,0.09853728533230365,240.02501083359368,0.6999788197340422,0.00024153858513942104,0.09293745477447192,0.21444221464935254,3023,2898,125,23.184,0.0
4228,239.09168416630814,0.8188071375558498,14.53329173166379,0.04977154702624585,14.53329173166379,0.04977154702624585,15.327514992412034,209.23087744223972,29.86080672407582,0.10226303672628706,210.04997002551886,0.8190925832791436,0.0002453107467143287,0.09945792513968932,0.06487628250999933,3631,3339,292,11.434931506849315,0.0
4229,273.77423063369645,3.3799287732555117,4.326845550528437,0.053417846302820204,4.326845550528437,0.053417846302820204,5.995364320016051,263.45202076315275,10.322209870544487,0.12743468975980848,264.0428257069524,0.5908049437996397,0.0002447410703395359,0.12014080156474151,0.02630394845198225,2495,2414,81,29.80246913580247,0.0
4230,233.7575146128571,1.8700601169028568,6.44829360116279,0.051586348809302324,6.44829360116279,0.051586348809302324,7.0584668572230385,220.25075415447088,13.506760458385829,0.10805408366708663,220.88303970888626,0.6322855544153754,0.00024309325429272408,0.1029957992317668,0.07866025767452811,2726,2601,125,20.808,0.0
4231,247.9149482323462,3.9986281972959064,3.3407832966457174,0.05388360155880189,3.3407832966457174,0.05388360155880189,3.5627615158477965,241.0114034198491,6.903544812493514,0.11134749697570184,241.47948471016252,0.46808129031342105,0.0002397957429884329,0.10379779874489808,0.06723312825317862,2014,1952,62,31.483870967741936,0.0
4232,235.28634825204904,0.9603524418450982,12.105736452451158,0.049411169193678196,12.105736452451158,0.049411169193678196,12.644674610361108,210.53593718924367,24.750411062812265,0.10102208597066231,211.13683140905027,0.6008942198066052,0.0002436716219815917,0.09856945650203577,0.141504765181935,2711,2466,245,10.06530612244898,0.0
4233,281.37029937185935,1.7261981556555788,8.286997504922978,0.05084047549032501,8.286997504922978,0.05084047549032501,9.213548921033862,263.8697529459016,17.50054642595684,0.10736531549666774,264.5966757796209,0.7269228337192999,0.0002402256555582617,0.10290566621005176,0.11986540675025026,3189,3026,163,18.56441717791411,0.0
4234,238.4052395760491,1.3318728467935703,9.0727516844813,0.050685763600454195,9.0727516844813,0.050685763600454195,8.678306395475374,220.65418149609445,17.751058079956675,0.09916792223439483,221.3449632925458,0.690781796451347,0.00024119476133077758,0.09530880605309106,0.03941028055851348,3043,2864,179,16.0,0.0
4235,251.4995916629366,3.0301155622040556,4.651162529629204,0.056038102766616915,4.651162529629204,0.056038102766616915,5.431313994633456,241.41711513867335,10.08247652426266,0.12147562077424891,242.1914673291053,0.774352190431955,0.00024660897784457164,0.1121460763112205,0.75,3223,3140,83,37.83132530120482,0.0
4236,222.26519443309792,2.0580110595657213,5.466781631445143,0.05061834843930688,5.466781631445143,0.05061834843930688,6.278193517615591,210.52021928404145,11.744975149060735,0.10874976989871052,210.9344776523036,0.41425836826215345,0.00024368139309538438,0.10491404426661406,0.040496843365986024,1808,1700,108,15.74074074074074,0.0
4237,276.23013587804144,2.534221430073775,5.653883853314133,0.05187049406710213,5.653883853314133,0.05187049406710213,6.748466720469878,263.8277853042571,12.40235057378401,0.11378303278700927,264.43462405617606,0.6068387519189855,0.00024186478753247727,0.10821570478775573,0.4095472757259131,2618,2509,109,23.01834862385321,0.0
4238,378.16858794457335,0.23186302142524423,77.83825404643208,0.04772425140799024,77.83825404643208,0.04772425140799024,79.99871326431753,220.3316206338427,157.83696731074963,0.09677312526716715,220.80472327182792,0.473102637985221,0.00023991005983023378,0.09648305620646562,0.04858050175448625,3603,1972,1631,1.2090741876149602,0.0
4239,254.57146785896634,1.9734222314648553,6.832557796290372,0.05296556431232846,6.832557796290372,0.05296556431232846,6.030746261728154,241.7081638009488,12.863304058018526,0.09971553533347695,242.4832699113806,0.7751061104318069,0.0002463000033148417,0.09370696083399799,0.1730857890245261,3276,3147,129,24.3953488372093,0.0
4240,225.3449558948064,1.862355007395094,6.405269755239285,0.05293611367966351,6.405269755239285,0.05293611367966351,9.05919392454507,209.88049221502615,15.464463679784355,0.1278054849568955,210.61368744564584,0.7331952306196854,0.00024039187889170012,0.1217460202409963,0.75,3171,3050,121,25.206611570247933,0.0
4241,271.9981463133205,3.2770861001604876,4.718359249633504,0.056847701802813295,4.718359249633504,0.056847701802813295,3.772474232330296,263.5073128313571,8.4908334819638,0.10229919857787712,264.3964413334046,0.8891285020474697,0.00024440035790199827,0.09158680698693848,0.473265250755162,3721,3638,83,43.83132530120482,0.0
4242,238.15317141737762,1.2534377443019875,9.75624873053715,0.0513486775291429,9.75624873053715,0.0513486775291429,8.984948230756572,219.4119744560852,18.741196961293724,0.09863787874365118,220.265178432291,0.8532039762058048,0.0002439119428833061,0.09414733150045586,0.18193826656579404,3688,3498,190,18.410526315789475,0.0
4243,260.44600030219476,1.5142209319895044,9.00368588096793,0.05234701093586006,9.00368588096793,0.05234701093586006,9.742510769027376,241.69980365220295,18.746196649995305,0.10898951540694944,242.58304963587148,0.8832459836685302,0.00024466647747050697,0.10385436433908887,0.31874221442910766,3782,3610,172,20.988372093023255,0.0
4244,230.9173309672916,1.0740340975222866,11.021965810660532,0.0512649572588862,11.021965810660532,0.0512649572588862,10.218570595527808,209.67679456110875,21.24053640618834,0.09879319258692251,210.6032083035792,0.9264137424704586,0.00024251668651059126,0.09448429145912743,0.38466674846210935,4035,3820,215,17.767441860465116,0.0
4245,302.2359379288546,0.7179000900922912,20.373340417760666,0.04839273258375455,20.373340417760666,0.04839273258375455,18.158345996761454,263.7042515143248,38.53168641452212,0.09152419575895991,264.3944125107762,0.6901609964513682,0.0002418223533466602,0.08988485847524558,0.0891809441947089,3275,2854,421,6.779097387173397,0.0
4246,221.34637263354023,7.905227594055008,1.7505351951320016,0.0625191141118572,1.7505351951320016,0.0625191141118572,0.0,219.5958374384062,1.7505351951320016,0.0625191141118572,220.07526077396722,0.4794233355610231,0.0002388756031694186,0.045396852127607544,0.20646312979908998,2035,2007,28,71.67857142857143,0.0
4247,262.4889300381791,1.2559278949195172,10.568402454017342,0.05056651891874326,10.568402454017342,0.05056651891874326,9.989553729089721,241.93097385507565,20.557956183107063,0.09836342671343092,242.61034463748376,0.6793707824081139,0.0002400603471406763,0.09511284880715468,0.2097366766727191,3039,2830,209,13.54066985645933,0.0
4248,221.4013609359622,2.149527776077303,5.414828636116399,0.052571151806955325,5.414828636116399,0.052571151806955325,6.015746163860285,209.97078613598933,11.430574799976684,0.11097645436870567,210.56159107978897,0.5908049437996397,0.00024504560091233497,0.10524048404051684,0.1270414169233618,2514,2411,103,23.40776699029126,0.0
4249,280.38420359289876,1.7524012724556173,8.255341785946031,0.051595886162162694,8.255341785946031,0.051595886162162694,7.782377609227979,264.34648419772157,16.03771939517401,0.10023574621983755,265.1731470915274,0.8266628938058602,0.00024573807782576104,0.09506910313357082,0.2932341747211922,3524,3364,160,21.025,0.0
4250,259.1471968486867,0.6610897878793027,19.041270358546466,0.048574669282006294,19.041270358546466,0.048574669282006294,18.981690335112717,221.12423615503712,38.022960693659186,0.09699734870831425,221.71404781883666,0.5898116637995372,0.0002456525047061796,0.09549272711696435,0.015478526043352758,2793,2401,392,6.125,0.0
4251,251.00667929184442,2.58769772465819,4.999706623357019,0.05154336725110329,4.999706623357019,0.05154336725110329,4.01744304674412,241.98952962174508,9.017149670101139,0.09296030587733133,242.44021607065247,0.4506864489073905,0.00023808053296745405,0.08831405382672115,0.420257740193847,1990,1893,97,19.515463917525775,0.0
4252,231.63585110770055,1.067446318468666,10.399613941153104,0.04792448820807882,10.399613941153104,0.04792448820807882,10.949594499209297,210.2866426673445,21.349208440362403,0.09838344903392812,210.5039904769742,0.21734780962970035,0.0002542079644791817,0.09738184622454539,0.1618233901701842,1072,855,217,3.9400921658986174,0.0
4253,280.92501316258426,1.6238440067201403,8.428192718063302,0.04871787698302487,8.428192718063302,0.04871787698302487,8.169702995307944,264.3271174492086,16.597895713371244,0.09594159371890892,264.7148981735604,0.38778072435184185,0.0002476249836218658,0.09370008664175636,0.24846998591146985,1739,1566,173,9.052023121387283,0.0
4254,238.9280078935859,1.3653029022490624,8.904241525914937,0.05088138014808535,8.904241525914937,0.05088138014808535,8.729285411080127,221.29448095659643,17.633526936995064,0.10076301106854323,221.98089952344537,0.6864185668489426,0.00024144163448784476,0.09684061925794595,0.1493932675624592,3018,2843,175,16.245714285714286,0.0
4255,257.0200652203705,1.7249668806736276,7.915201087654674,0.053122154950702515,7.915201087654674,0.053122154950702515,7.043961467194549,242.06090266552474,14.959162554849224,0.10039706412650486,242.94297616919312,0.88207350366838,0.0002445449136868256,0.09447710772602269,0.10186297205530082,3756,3607,149,24.20805369127517,0.0
4256,226.958268146323,1.2822501025215989,9.010754835253424,0.050908219408211434,9.010754835253424,0.050908219408211434,7.961800653880573,209.98571265719397,16.972555489133995,0.09589014400640675,210.6997297603673,0.7140171031733189,0.00024114052792074262,0.09185614907319614,0.11194784785061529,3138,2961,177,16.728813559322035,0.0
4257,296.0296276814348,0.8177614024349028,17.73389321265108,0.048988655283566516,17.73389321265108,0.048988655283566516,14.149484483269589,264.1462499855062,31.883377695920668,0.08807562899425599,264.9458763745771,0.7996263890709088,0.000244983575082999,0.08586671631728653,0.20544410058585072,3626,3264,362,9.01657458563536,0.0
4258,309.351515798745,0.3242678362670283,45.69830355257978,0.04790178569452807,45.69830355257978,0.04790178569452807,42.66946575834277,220.98374648784272,88.36776931092254,0.0926286890051599,221.52944071023592,0.5456942223931947,0.0002481556263725305,0.09205668248271395,0.6714911329011102,3153,2199,954,2.3050314465408803,0.0
4259,262.4088036703156,1.4339278889088283,9.510824602166517,0.05197171913752195,9.510824602166517,0.05197171913752195,9.637107904509094,243.26087116364306,19.14793250667561,0.10463351096544049,244.11331289984878,0.8524417362057193,0.0002440428675080788,0.09997535940145799,0.0745054443442541,3676,3493,183,19.08743169398907,0.0
4260,217.60720875336642,2.789836009658544,4.275824004508671,0.054818256468059885,4.275824004508671,0.054818256468059885,3.5881043399519967,209.7432804089092,7.863928344460668,0.10081959415975215,210.37797403852687,0.6346936296176864,0.00024317763586884536,0.09268249634409678,0.005008673626889504,2688,2610,78,33.46153846153846,0.0
4261,268.98614426038887,5.17281046654594,3.2665775149303857,0.06281879836404589,3.2665775149303857,0.06281879836404589,0.9075449521542396,264.81202179330273,4.174122467084626,0.08027158590547358,265.6893902743767,0.8773684810739724,0.00024384893859754651,0.06339911511561852,0.032310149734144034,3650,3598,52,69.1923076923077,0.0
4262,250.21392352017222,0.8312754934224991,14.630128430961236,0.04860507784372504,14.630128430961236,0.04860507784372504,13.969276339766793,221.61451874945226,28.59940477072803,0.09501463378979412,222.08100105340884,0.46648230395658175,0.00024033091393950632,0.09346485869356604,0.5050453265050692,2242,1941,301,6.4485049833887045,0.0
4263,259.89477399795453,1.546992702368777,8.860560520544022,0.052741431669904894,8.860560520544022,0.052741431669904894,7.838892656269536,243.19532082114358,16.699453176813556,0.0994015070048426,244.1037102504871,0.9083894293435151,0.000242819949035957,0.09399442706825853,0.75,3909,3741,168,22.267857142857142,0.0
4264,218.6796232355025,5.910260087446014,5.283568594095353,0.1427991511917663,5.283568594095353,0.1427991511917663,4.027736182692934,209.36831845871666,9.311304776788287,0.25165688585914286,210.22990174020424,0.861583281487583,0.00024113721844040947,0.2283708512242774,0.05546050923692292,3610,3533,77,45.883116883116884,1.0
4265,274.1179080338585,2.5381287780912825,5.181677940098327,0.04797849944535488,5.181677940098327,0.04797849944535488,4.771788888542915,264.1644412052166,9.953466828641242,0.09216172989482631,264.3553159527929,0.19087474757634482,0.00026183092946000663,0.09039437112097756,0.21444323341813742,837,729,108,6.75,0.0
4266,244.13961298005904,0.910968705149474,13.51735037713262,0.050437874541539626,13.51735037713262,0.050437874541539626,9.589510210046683,221.0327523928869,23.106860587179305,0.0862196290566392,221.93691176846858,0.9041593755816848,0.00024351181674701986,0.082845900043248,0.26183555186594276,3981,3713,268,13.854477611940299,0.0
4267,257.5555975239296,1.764079435095408,7.546369143695745,0.05168745988832702,7.546369143695745,0.05168745988832702,6.2483470671575105,243.76088131307995,13.794716210853256,0.09448435760858394,244.40849685688715,0.6476155438072055,0.0002411077973965769,0.09004863470577001,0.047953265456953886,2832,2686,146,18.397260273972602,0.0
4268,232.57418940001742,1.2050476134715928,9.76138793244267,0.050577139546335075,9.76138793244267,0.050577139546335075,10.28906930057201,212.52373216700664,20.05045723301468,0.10388837944567192,213.25216732072602,0.7284351537193743,0.00024001158277409367,0.10011410403777928,0.3788834279789626,3228,3035,193,15.72538860103627,0.0
4269,284.8217094524788,1.2276797821227534,11.549926805714545,0.04978416726601097,11.549926805714545,0.04978416726601097,7.605922957707435,265.6658596890494,19.15584976342198,0.0825683179457844,266.3825298936273,0.7166702045778948,0.00023984946605685903,0.07947922223642885,0.10966850706154219,3220,2988,232,12.879310344827585,0.0
4270,227.5239633471108,3.447332777986527,3.576352030064998,0.05418715197068179,3.576352030064998,0.05418715197068179,2.826801000891919,221.12081031615548,6.403153030956917,0.09701747016601389,221.63242931422678,0.5116189980712988,0.0002484793579753758,0.08926566716490925,0.27959625181563297,2125,2059,66,31.196969696969695,0.0
4271,263.1146034075231,1.4949693375427449,9.055290501157215,0.05145051421112054,9.055290501157215,0.05145051421112054,9.496854962964335,244.56245794340487,18.55214546412155,0.10540991740978155,245.28938077712417,0.7269228337192999,0.00023975027497338388,0.10127967403635746,0.1671105904521255,3208,3032,176,17.227272727272727,0.0
4272,233.88205519951111,1.1812225010076318,9.699836873447637,0.04898907511842241,9.699836873447637,0.04898907511842241,10.883946480000986,213.2982718460637,20.583783353448624,0.10395850178509405,213.72467630797655,0.42640446191285264,0.000239015953987025,0.1018049438966392,0.33345030323528135,1982,1784,198,9.01010101010101,0.0
4273,280.1596066350861,1.5143762520815465,9.527507152721535,0.05150003866335965,9.527507152721535,0.05150003866335965,5.300386966918268,265.3317125154382,14.827894119639803,0.08015077902508001,266.233825006639,0.9021124912007963,0.00024348515282072774,0.0752744952889033,0.5509847779240999,3890,3705,185,20.027027027027028,0.0
4274,229.36696258918198,2.8316908961627405,4.641378779353133,0.05730097258460658,4.641378779353133,0.05730097258460658,3.6055010466884596,221.1200827631434,8.246879826041592,0.10181333118569867,221.9778527435118,0.8577699803684027,0.0002441702192907494,0.0912235783416073,0.11994117786071001,3594,3513,81,43.370370370370374,0.0
4275,264.95320208566545,1.4801854865120976,9.404763557246365,0.0525405785321026,9.404763557246365,0.0525405785321026,10.068007117303523,245.48043141111793,19.47277067454989,0.10878642834944072,246.41567553005052,0.9352441189325873,0.00024210305952176737,0.10356160086935716,0.08440147153430644,4042,3863,179,21.58100558659218,0.0
4276,231.26874309824632,1.306603068351674,8.985226990269144,0.0507639942953059,8.985226990269144,0.0507639942953059,9.563889866175487,212.71962624180503,18.54911685644463,0.1047972703753934,213.41960506153907,0.6999788197340422,0.00024120565807513513,0.10084258777800703,0.2497226388524041,3079,2902,177,16.3954802259887,0.0
4277,272.34252799062483,3.631233706541664,3.9169624806931322,0.05222616640924176,3.9169624806931322,0.05222616640924176,2.6849249024508026,265.7406406074804,6.601887383143935,0.0880251651085858,266.2087218977938,0.46808129031342105,0.00023991865213399336,0.08178408123774716,0.03911911091120146,2026,1951,75,26.013333333333332,0.0
4278,273.54410889990527,0.46442123752106157,28.613238217248607,0.04857935181196708,28.613238217248607,0.04857935181196708,22.388811456674148,222.5420592259918,51.002049673922755,0.08659091625453778,223.3181258534396,0.7760666274477899,0.000245746240483784,0.08527331586836277,0.045853198638496906,3747,3158,589,5.361629881154499,0.0
4279,259.91663545993595,2.0148576392243096,6.8947724976760885,0.05344784881919448,6.8947724976760885,0.05344784881919448,6.920786101612066,246.10107686065055,13.815558599288154,0.10709735348285392,246.90070324972146,0.7996263890709088,0.000244983575082999,0.10089869930398827,0.41219694562607856,3393,3264,129,25.302325581395348,0.0
4280,236.76254754763056,0.9663777450923696,12.357715528888296,0.05043965521995223,12.357715528888296,0.05043965521995223,11.538491240147778,212.86634077859583,23.896206769036073,0.09753553783280029,213.7279240600834,0.861583281487583,0.00024379832526530364,0.09401887137774348,0.10289153666258244,3779,3534,245,14.424489795918367,0.0
4281,279.97610346238855,1.5299240626360031,8.880298921227698,0.04852622361326611,8.880298921227698,0.04852622361326611,5.277579795815882,265.8182247453361,14.15787871704358,0.0773654574701835,266.16372291790015,0.34549817256402093,0.0002494571643061523,0.07547748931414429,0.24942496338712772,1568,1385,183,7.5683060109289615,0.0
4282,233.02248963913473,2.0262825186011715,5.966736525815962,0.051884665441877934,5.966736525815962,0.051884665441877934,4.098241699803111,222.95751141352036,10.064978225619074,0.08752154978799194,223.52676361697843,0.5692522034580634,0.0002456850252300662,0.08257153062744613,0.21194641292754568,2432,2317,115,20.14782608695652,0.0
4283,258.1733605589519,2.264678601394315,5.598417659306227,0.049108926836019536,5.598417659306227,0.049108926836019536,6.710957192531623,245.8639857071165,12.30937485183785,0.10797697238454254,246.07381461619696,0.20982890908044283,0.00026163205621002847,0.10613636791890314,0.47245462962769125,916,802,114,7.035087719298246,0.0
4284,227.80373035939306,1.4602803228166221,8.231713575653158,0.05276739471572537,8.231713575653158,0.05276739471572537,6.322771330351088,213.24924545339263,14.554484906004246,0.09329798016669388,214.18699490483323,0.9377494514405953,0.0002411286838366149,0.08728676573435788,0.018504245890085258,4045,3889,156,24.92948717948718,0.0
4285,284.31471441974827,1.2982407051130058,11.074280692921763,0.0505674917485012,11.074280692921763,0.0505674917485012,6.663308395480499,266.5771253313387,17.73758908840226,0.08099355748128885,267.4121382250114,0.8350128936726833,0.00024401311913287062,0.07718071321797657,0.04418414216297606,3641,3422,219,15.625570776255708,0.0
4286,244.4283105895596,1.0863480470647093,11.206283599306316,0.049805704885805845,11.206283599306316,0.049805704885805845,9.72669696522189,223.4953300250378,20.932980564528208,0.09303546917568092,224.11904221465545,0.6237121896176632,0.0008316162528235509,0.090263414999574,0.06476326842982871,975,750,225,3.3333333333333335,0.0
4287,267.83047173907164,1.4477322796706575,9.473519287395753,0.05120821236430137,9.473519287395753,0.05120821236430137,11.270068999960358,247.0868834517181,20.74358828735611,0.11212750425597898,247.8241766567627,0.7372932050445797,0.0002403172115529921,0.10814213558004838,0.09527054136356128,3253,3068,185,16.583783783783783,0.0
4288,218.1501766720122,3.5762324044592164,3.399379486205601,0.055727532560747556,3.399379486205601,0.055727532560747556,0.7118747664014791,214.03892241940605,4.11125425260708,0.06739761069847672,214.62740204238014,0.5884796229740914,0.0002455067263137636,0.05775040376446012,0.08610062301318067,2458,2397,61,39.295081967213115,0.0
4289,309.27955530623524,0.6148698912648812,24.25497179308118,0.04822061986696059,24.25497179308118,0.04822061986696059,17.518616218863144,267.5059672942724,41.77358801194433,0.08304888272752352,268.1836996766807,0.6777323824082941,0.0002400752328757684,0.08170150224563526,0.07781356178929855,3326,2823,503,5.612326043737575,0.0
4290,242.83415232575248,1.0987970693472964,11.019097563725806,0.04986016997160998,11.019097563725806,0.04986016997160998,8.83756846317442,222.9774862988586,19.85666602690023,0.08984916754253497,223.60119848847626,0.6237121896176632,0.0003337143871683591,0.08702694044016393,0.2586590000131537,2090,1869,221,8.457013574660634,0.0
4291,276.04558836780745,1.053609115907662,12.909298878533336,0.04927213312417304,12.909298878533336,0.04927213312417304,15.813791501325113,247.3224979879543,28.723090379858448,0.1096301159536582,247.85476766484896,0.5322696768946571,0.00025047984795042685,0.10759855230136828,0.0791054839927483,2387,2125,262,8.110687022900763,0.0
4292,223.24129305052725,1.975586664163958,5.913943062084564,0.05233577931048287,5.913943062084564,0.05233577931048287,2.97859186894334,214.34875811950133,8.892534931027903,0.07869499938962746,214.995133321122,0.6463752016206854,0.00024254228953871873,0.07297486486199323,0.14715102416869286,2778,2665,113,23.58407079646018,0.0
4293,281.82504439917363,1.4378828795876206,9.993598076912354,0.05098774529036915,9.993598076912354,0.05098774529036915,4.1650561215558355,267.6663902006975,14.15865419846819,0.0722380316248377,268.4930716545033,0.8266814538058043,0.0002453788821032366,0.06802026910546091,0.4965907054273657,3565,3369,196,17.18877551020408,0.0
4294,235.43578852216342,1.480728229699141,7.814867855018443,0.04915011229571348,7.814867855018443,0.04915011229571348,4.617408782130042,223.00351188501986,12.432276637148485,0.0781904191015628,223.34510219920003,0.3415903141801664,0.00025061651810723875,0.07604205234568172,0.11281110820038975,1522,1363,159,8.572327044025156,0.0
4295,281.81090133188115,0.8539724282784278,16.34331885214502,0.0495252086428637,16.34331885214502,0.0495252086428637,18.21107311022888,247.2565093695183,34.5543919623739,0.1047102786738603,247.95083899461395,0.6943296250956337,0.00024158998785512654,0.10260624950687033,0.22102836298051898,3204,2874,330,8.709090909090909,0.0
4296,589.7209920144256,0.15555816196634809,179.21705568545826,0.04727434863768353,179.21705568545826,0.04727434863768353,197.0892331845182,213.41470314451374,376.30628886997647,0.09926306749405868,213.48020270929453,0.06549956478079366,0.0003502650523037094,0.09924578984572173,0.75,3978,187,3791,0.04932735426008968,0.0
4297,277.74711644768183,2.1869851688793847,6.241569351832271,0.04914621536875804,6.241569351832271,0.04914621536875804,3.243373065050946,268.26217403079147,9.484942416883218,0.07468458595971038,268.56960523948294,0.3074312086914688,0.00025856283321401915,0.07226386778109366,0.13360420553203767,1316,1189,127,9.362204724409448,0.0
4298,245.51666929864746,1.062842724236569,11.449533467821034,0.049565079947277206,11.449533467821034,0.049565079947277206,10.594639190062253,223.4724966407682,22.044172657883287,0.09542931886529561,224.0609762637423,0.5884796229740914,0.00024530205209424404,0.09288178802989244,0.05080036796459808,2630,2399,231,10.385281385281385,0.0
4299,271.02176547509634,1.266456848014469,10.779757078854773,0.05037269663016249,10.779757078854773,0.05037269663016249,12.607264022941763,247.63474437330296,23.387021101796535,0.10928514533549782,248.3211629401519,0.6864185668489426,0.0002411871281970986,0.1060775819389927,0.005843026117418049,3060,2846,214,13.299065420560748,0.0
4300,228.61049668276405,1.7721743928896438,6.674041095540608,0.05173675267860937,6.674041095540608,0.05173675267860937,6.444964975956054,215.49149061126718,13.119006071496663,0.10169772148447026,216.13080617327432,0.6393155620071411,0.00024253245903154064,0.09674178689526922,0.3252792145588046,2765,2636,129,20.434108527131784,0.0
4301,297.9444257472842,0.8611110570730757,16.65126306397695,0.04812503775715881,16.65126306397695,0.04812503775715881,12.48260262011513,268.81056006318227,29.13386568409208,0.08420192394246266,269.2580672331028,0.4475071699205273,0.00023905297538489705,0.08290855061902137,0.2711940238043553,2218,1872,346,5.410404624277457,0.0
4302,232.97285772954956,1.764945891890527,6.896850251801773,0.052248865543952826,6.896850251801773,0.052248865543952826,3.322529070145265,222.7534784076056,10.219379321947038,0.07741954031778059,223.45987849661628,0.7064000890106854,0.00024117449266325894,0.07206802449191875,0.7051815916561281,3061,2929,132,22.189393939393938,0.0
4303,267.2748382497384,1.3993447028782116,9.938549554269398,0.05203429086004921,9.938549554269398,0.05203429086004921,10.286447693485115,247.04984100198658,20.224997247754516,0.10589003794635872,247.97625474445704,0.9264137424704586,0.00024232637783689736,0.10103970421613291,0.30157465041156684,4014,3823,191,20.015706806282722,0.0
4304,228.31241625466305,2.174403964330124,5.634594596161707,0.053662805677730546,5.634594596161707,0.053662805677730546,6.617018986493122,216.0608026720074,12.25161358265483,0.1166820341205222,216.795402757052,0.7346000850445762,0.00024022239537101902,0.10968584283439105,0.02086299466782293,3163,3058,105,29.123809523809523,0.0
4305,283.84715154502715,1.4783705809636831,9.762575117157542,0.0508467454018622,9.762575117157542,0.0508467454018622,5.852725578480431,268.2318508493847,15.615300695637973,0.08132969112311444,269.00695695981653,0.7751061104318069,0.000246221763161311,0.07729268013130526,0.0456535394112052,3340,3148,192,16.395833333333332,0.0
4306,229.71847538465317,2.801444821764063,4.1594471975982845,0.05072496582436933,4.1594471975982845,0.05072496582436933,2.399229637733697,223.15979854932357,6.5586768353319815,0.07998386384551197,223.49786728681102,0.3380687374874469,0.0002519141113915402,0.07586107436392878,0.027177450135241088,1424,1342,82,16.365853658536587,0.0
4307,260.8402430148965,3.1809785733523963,4.781400103077095,0.05830975735459872,4.781400103077095,0.05830975735459872,6.18619816688215,249.87264474493804,10.967598269959245,0.13375119841413713,250.81557479024286,0.9429300453048199,0.00024115857936184653,0.12225205152016615,0.016479507947224192,3992,3910,82,47.68292682926829,0.0
4308,242.52274943282418,1.0320116997141455,11.382999675210986,0.04843829649025951,11.382999675210986,0.04843829649025951,13.87143835309007,217.2683114045235,25.254438028301056,0.10746569373745131,217.6205480780045,0.35223667348100207,0.000249990541860186,0.10596681427582844,0.5273535188605365,1644,1409,235,5.995744680851064,0.0
4309,286.8913931155946,1.3532612882811066,10.540883552407067,0.049721148832108805,10.540883552407067,0.049721148832108805,7.501588271259152,268.84892129192417,18.04247182366622,0.08510599916823688,269.4662575770344,0.6173362851102411,0.00024142991204937077,0.08219403555924622,0.1987582925219158,2769,2557,212,12.06132075471698,0.0
4310,237.04770424909384,1.427998218368035,8.462305988340459,0.05097774691771361,8.462305988340459,0.05097774691771361,4.990093336541577,223.5953049242164,13.452399324882036,0.08103855014989178,224.26591255114295,0.6706076269265395,0.00024053358211138435,0.07699874516837887,0.00667967497997779,2954,2788,166,16.795180722891565,0.0
4311,283.85670101995925,0.9306777082621615,15.128841465394414,0.0496027589029325,15.128841465394414,0.0496027589029325,18.43531289874204,250.29254665583426,33.564154364136456,0.11004640775126708,250.97027903824255,0.6777323824082941,0.00024050120028683256,0.10782433436628425,0.12646471164589457,3123,2818,305,9.239344262295083,0.0
4312,234.7949737586698,1.4059579266986215,8.640887750728105,0.05174184281873117,8.640887750728105,0.05174184281873117,8.900297157006435,217.25378885093437,17.54118490773454,0.10503703537565592,218.0652740074679,0.8114851565335357,0.0002448657684168786,0.1001778428215683,0.36203858180692805,3481,3314,167,19.84431137724551,0.0
4313,281.36131963928983,3.0253905337558047,5.114506582930824,0.054994694440116385,5.114506582930824,0.054994694440116385,3.6738163723846355,272.57299668397445,8.78832295531546,0.09449809629371463,273.3637689757495,0.7907722917750561,0.0002459633877993954,0.08599516842516478,0.02173044563005533,3308,3215,93,34.56989247311828,0.0
4314,257.5449737546289,0.6470979240066054,19.58592586509905,0.04921086900778656,19.58592586509905,0.04921086900778656,13.903160246658445,224.05588764287836,33.489086111757494,0.08414343244160175,224.88527076248488,0.8293831196065184,0.0002450171697508179,0.08205955525664334,0.07610611661061739,3783,3385,398,8.50502512562814,0.0
4315,263.7461277073087,2.2736735147181784,5.650899285914114,0.04871464901650098,5.650899285914114,0.04871464901650098,7.627010375478449,250.46821804591855,13.277909661392563,0.11446473846028071,250.6803114824063,0.21209343648774848,0.0002561514933426914,0.11263634676639993,0.042185848276403703,944,828,116,7.137931034482759,0.0
4316,238.79547618964557,1.1763323950228846,9.89471768208699,0.0487424516358965,9.89471768208699,0.0487424516358965,11.241438405882263,217.65932010167603,21.136156087969255,0.1041189955072377,218.03477492877232,0.3754548270962914,0.00024491508616848756,0.10226946433927708,0.2659314952747991,1736,1533,203,7.551724137931035,0.0
4317,284.0865532740313,2.4490220109830285,6.024141861968854,0.05193225743076598,6.024141861968854,0.05193225743076598,5.295322812887207,272.76708859917517,11.31946467485606,0.09758159202462122,273.3797398069885,0.6126512078133146,0.00024186782779838712,0.09230011609519673,0.5417324954128162,2649,2533,116,21.836206896551722,0.0
4318,255.43469432162237,0.7403904183235431,17.145505321324475,0.04969711687340427,17.145505321324475,0.04969711687340427,12.3563058116506,225.93288318865052,29.501811132975075,0.08551249603760891,226.83212207985116,0.899238891200639,0.00024310324174118384,0.08290600649788757,0.09253800019837399,4044,3699,345,10.721739130434782,0.0
4319,262.8684645402245,2.368184365227248,5.753141370114215,0.051830102433461395,5.753141370114215,0.051830102433461395,7.0744281689815125,250.04089500113082,12.827569539095727,0.11556368954140295,250.59347720762776,0.5525822064969361,0.00024701931448231385,0.11058547146483573,0.0710541939884024,2348,2237,111,20.153153153153152,0.0
4320,230.6845305945492,1.7344701548462345,7.08441015656962,0.05326624177871894,7.08441015656962,0.05326624177871894,5.9788727373074835,217.6212477006693,13.063282893877103,0.09822017213441431,218.48128090215687,0.8600332014875676,0.00024384269959953716,0.09175375708565653,0.08357998663541366,3660,3527,133,26.518796992481203,0.0
4321,297.52622182314053,1.1227404597099642,13.001539626349759,0.04906241368433871,13.001539626349759,0.04906241368433871,10.040049145549347,274.48463305123687,23.041588771899107,0.0869493915920721,275.0988848990503,0.6142518478134207,0.00024164116751118045,0.08463146009090657,0.24619639030629514,2807,2542,265,9.592452830188678,0.0
4322,252.4153079232142,1.038746123140799,14.730622293832097,0.06061984483058476,14.730622293832097,0.06061984483058476,10.68022227709389,227.0044633522907,25.41084457092599,0.10457137683508637,227.58969404721483,0.585230694924121,0.0002418308656711244,0.10216302006584095,0.03518277226680766,2663,2374,289,8.214532871972319,1.0
4323,264.96194492511427,1.8925853208936734,7.283992366500134,0.05202851690357239,7.283992366500134,0.05202851690357239,7.9052745572982985,249.77267800131835,15.189266923798431,0.10849476374141737,250.48518327138527,0.712505270066913,0.0002407112398874706,0.10340544038377857,0.45584005710088604,3100,2960,140,21.142857142857142,0.0
4324,607.252427583451,0.15602580359287024,184.1404101952038,0.04731254116012431,184.1404101952038,0.04731254116012431,205.37520255516233,217.73681483314908,389.51561275036613,0.10008109269022768,217.771787810276,0.03497297712692671,0.0009452155980250462,0.10007210682764002,0.00724684933379649,3929,37,3892,0.009506680369989723,0.0
4325,297.72571370054743,1.2201873512317518,12.066588712486904,0.04945323242822502,12.066588712486904,0.04945323242822502,10.254515852942177,275.40460913511333,22.32110456542908,0.09147993674356181,276.06611698879465,0.6615078536813144,0.00024098646764346608,0.08876883898259337,0.2723257898230713,2989,2745,244,11.25,0.0
4326,238.0966342432589,3.132850450569196,4.120375708639655,0.05421546985052177,4.120375708639655,0.05421546985052177,4.748636752263792,229.22762178235644,8.869012460903447,0.11669753238030851,229.81373439728054,0.5861126149241045,0.0002465766154497705,0.10898552428918899,0.4921876856583367,2453,2377,76,31.276315789473685,0.0
4327,426.57985287807264,0.24772349179911304,80.33837878720125,0.046654110793961236,80.33837878720125,0.046654110793961236,96.62638636419001,249.61508772669686,176.96476515139125,0.1027669948614351,249.6514767621095,0.036389035412639714,0.0008462566375032492,0.1027458630174002,0.09833521987320637,1765,43,1722,0.02497096399535424,0.0
4328,233.2238098981852,1.597423355467022,7.408257113575415,0.050741487079283665,7.408257113575415,0.050741487079283665,8.033943201581906,217.78160958302578,15.44220031515732,0.10576849530929672,218.34379723423353,0.5621876512077506,0.0002454967909204151,0.10191789495857312,0.1616397362167845,2436,2290,146,15.684931506849315,0.0
4329,284.0826662716729,3.265318003122677,4.373362611551602,0.050268535764960945,4.373362611551602,0.050268535764960945,5.145349313073211,274.5639543470463,9.518711924624814,0.10941048189223924,274.89628493107557,0.33233058402925053,0.0002544644594404675,0.10559059012180846,0.75,1393,1306,87,15.011494252873563,0.0
4330,613.3227396258008,0.1677119878659559,173.49630553503604,0.047442249257598046,173.49630553503604,0.047442249257598046,211.21712452778706,228.6093095630415,384.71343006282314,0.10519918787607961,228.7236429611794,0.11433339813788734,0.0002872698445675561,0.10516792361624866,0.1944498781490438,4055,398,3657,0.10883237626469784,0.0
4331,265.3779872959535,1.8821133850776846,7.457980579314801,0.05289347928592057,7.457980579314801,0.05289347928592057,8.604785094913495,249.3152216217277,16.062765674228295,0.11392032393069713,250.15641997507646,0.8411983533487728,0.00024439231648715074,0.10795437816224863,0.07950591539474772,3583,3442,141,24.411347517730498,0.0
4332,236.77835296788112,1.2205069740612429,9.756533224324333,0.05029140837280584,9.756533224324333,0.05029140837280584,9.849105253647167,217.172714489908,19.6056384779715,0.10105999215449227,217.82484529689873,0.6521308069907263,0.00024126185978199272,0.09769849314939376,0.14712695078173965,2897,2703,194,13.93298969072165,0.0
4333,321.08877446963334,0.6661592831320193,23.22495187325258,0.04818454745488087,23.22495187325258,0.04818454745488087,23.948243034956704,273.9155795614163,47.17319490820928,0.09786969897968731,274.5008102563404,0.585230694924121,0.00024672457627492457,0.09665552741347082,0.75,2854,2372,482,4.921161825726141,0.0
4334,236.4688119119271,4.729376238238542,3.0280083108295788,0.06056016621659158,3.0280083108295788,0.06056016621659158,3.91763314954801,229.52317045154973,6.945641460377589,0.13891282920755177,230.23984065612763,0.7166702045778948,0.000239769222006656,0.12457942511598957,0.2990200721715155,3039,2989,50,59.78,0.0
4335,281.42030032841126,0.9137022737935431,15.252898259565828,0.0495223969466423,15.252898259565828,0.0495223969466423,16.73474004690729,249.432662021949,31.98763830647312,0.10385596852751013,250.08952260511023,0.6568605831612331,0.00024167056039780467,0.10172330429643191,0.048710899829984555,3026,2718,308,8.824675324675324,0.0
4336,229.0072040490552,1.846832290718187,6.050266258222414,0.0487924698243743,6.050266258222414,0.0487924698243743,6.171824752349039,216.78511303848086,12.222091010571454,0.09856525008525366,217.028805979229,0.24369294074813297,0.0002514891029392497,0.09659998443408224,0.22756734841573234,1093,969,124,7.814516129032258,0.0
4337,286.61713563433204,2.3302206149132685,6.582210202121277,0.0535139040822868,6.582210202121277,0.0535139040822868,5.276779880147842,274.758145552061,11.85899008226912,0.09641455351438309,275.62598973618424,0.8678441841232143,0.00024398205907315556,0.08935890974103908,0.2492718577202595,3680,3557,123,28.91869918699187,0.0
4338,263.8874431247855,0.694440639802067,18.648593448150383,0.049075245916185214,18.648593448150383,0.049075245916185214,15.40273518758545,229.83611448905094,34.05132863573583,0.08960875956772586,230.5035938005101,0.6674793114591466,0.00023984164982362438,0.0878522350638826,0.2525481322716132,3163,2783,380,7.323684210526316,0.0
4339,270.6540456493842,1.4320319875628795,11.68355816729301,0.061817768080915395,11.68355816729301,0.061817768080915395,9.817871579235543,249.15261590286468,21.50142974652855,0.11376417855306112,250.00215159297522,0.8495356901105424,0.00024244740014570275,0.10926928072174069,0.207519363837946,3693,3481,212,16.419811320754718,1.0
4340,235.66363532255855,1.2023654863395845,9.99487772101144,0.05099427408679306,9.99487772101144,0.05099427408679306,9.534591777001424,216.13416582454374,19.529469498012865,0.09964015050006564,216.93105483944146,0.7968890148977152,0.00024618134534992747,0.09557439021998515,0.18530080085542977,3433,3237,196,16.51530612244898,0.0
4341,295.1388944170603,1.261277326568634,11.703019359540138,0.05001290324589802,11.703019359540138,0.05001290324589802,8.662744695912352,274.77313036160194,20.365764055452487,0.08703317972415593,275.54393099081244,0.7708006292104983,0.00024673515659747066,0.08373915994123028,0.2550854212838658,3358,3124,234,13.350427350427351,0.0
4342,257.9099963491244,0.8034579325517894,15.795986808356576,0.04920868164597064,15.795986808356576,0.04920868164597064,12.257371551695996,229.85663798907626,28.05335836005257,0.08739363975094258,230.50301319069695,0.6463752016206854,0.00024226956582484461,0.0853800098393379,0.09264324324681183,2989,2668,321,8.311526479750778,0.0
4343,321.19453204943375,0.46482566143188675,33.32414856995579,0.048225974775623424,33.32414856995579,0.048225974775623424,36.23368621944496,251.6366972600415,69.55783478940074,0.10066256843618053,252.43079449322477,0.7940972331832654,0.00024600286034177985,0.09951336838814613,0.10660897917841794,3919,3228,691,4.671490593342981,0.0
4344,225.99998436947521,2.1941746055288855,5.211251687153453,0.05059467657430537,5.211251687153453,0.05059467657430537,4.223357058018337,216.56537562429935,9.43460874517179,0.09159814315700766,216.96657947154972,0.40120384725037184,0.00024389291626162422,0.08770296017403391,0.19395189400461277,1748,1645,103,15.970873786407767,0.0
4345,283.6168073982667,2.7805569352771244,5.646985955169539,0.05536260740362293,5.646985955169539,0.05536260740362293,2.799060027617543,275.1707614154773,8.446045982787082,0.0828043723802655,276.0974437140294,0.926682298552123,0.000478905580647092,0.0737192518062481,0.4083145519043683,2037,1935,102,18.970588235294116,0.0
4346,237.53352449044928,3.006753474562649,4.242101882834287,0.05369749218777579,4.242101882834287,0.05369749218777579,3.643071341881978,229.6483512657337,7.885173224716265,0.09981231930020588,230.20430480016694,0.5559535344332289,0.0002465425873318088,0.0927749327883841,0.14578649987583958,2334,2255,79,28.544303797468356,0.0
4347,272.7632856960879,1.2805788060849197,11.012293321003385,0.05170090761034453,11.012293321003385,0.05170090761034453,9.803110186402591,251.94788218869212,20.815403507405975,0.0977248990958027,252.86399226213734,0.9161100734452248,0.00024229306359302427,0.09342391283544864,0.11384115486112023,3994,3781,213,17.751173708920188,0.0
4348,245.41254943895342,0.8521269077741438,14.184854966552127,0.049252968633861555,14.184854966552127,0.049252968633861555,14.81604273161588,216.41165174078856,29.000897698168007,0.10069756145197224,217.03172953488001,0.6200777940914577,0.00024174572869062677,0.09854451355581044,0.07521109383446856,2853,2565,288,8.90625,0.0
4349,286.629815913092,2.0185198303738874,7.530692148311756,0.05303304329797011,7.530692148311756,0.05303304329797011,4.353649142817176,274.74547462195846,11.884341291128932,0.08369254430372487,275.6721569205106,0.926682298552123,0.00045314537826509683,0.07716661262381268,0.09044804494737946,2187,2045,142,14.401408450704226,0.0
4350,239.84987112556382,2.0155451355089395,6.47028020729155,0.05437210258228193,6.47028020729155,0.05437210258228193,3.3138189021472044,230.06577201612527,9.784099109438754,0.08221932024738449,230.95490051817274,0.8891285020474697,0.0002444675562407121,0.07474765216295032,2.308766488567926e-05,3756,3637,119,30.563025210084035,0.0
4351,263.5077775234088,2.5583279371204735,5.208384438779325,0.05056683921144976,5.208384438779325,0.05056683921144976,5.075992178259412,253.22340090637272,10.284376617038738,0.09984831667027902,253.6088000093912,0.3853991030184716,0.00024784508232699137,0.096106577805996,0.42236361960112845,1658,1555,103,15.097087378640778,0.0
4352,229.16648887607062,1.863142185984314,6.662383802862068,0.05416572197448836,6.662383802862068,0.05416572197448836,5.233019513225372,217.27108555998393,11.895403316087439,0.09671059606575154,218.17773965556557,0.9066540955816436,0.00024365871958657447,0.08933942455695155,0.4708806924943474,3844,3721,123,30.252032520325205,0.0
4353,281.4399961575282,3.7525332821003756,3.9859571735996657,0.053146095647995543,3.9859571735996657,0.053146095647995543,2.262385307064278,275.191653676864,6.248342480663943,0.08331123307551924,275.7283283974173,0.5366747205532647,0.000249964937379257,0.07615557013481218,0.10535476860081872,2222,2147,75,28.626666666666665,0.0
4354,240.7372082774234,2.0401458328595203,6.247550473272975,0.05294534299383877,6.247550473272975,0.05294534299383877,3.9836890925168973,230.50596871163384,10.231239565789872,0.08670542004906671,231.2171581417008,0.7111894300669519,0.00024108116273455996,0.08067839098070011,0.15834153107903148,3068,2950,118,25.0,0.0
4355,266.1800499175856,2.112540078710997,6.652020397224816,0.05279381267638743,6.652020397224816,0.05279381267638743,6.04753986019864,253.4804896601679,12.699560257423457,0.10079016077320203,254.18562982964477,0.7051401694768629,0.00024123851162396952,0.0951938102217528,0.0020879726855582703,3049,2923,126,23.1984126984127,0.0
4356,236.3340617941942,1.2638185122684182,9.647945028666927,0.05159328892335255,9.647945028666927,0.05159328892335255,9.318127738900557,217.3679890266303,18.966072767567482,0.10142284902442504,218.22802222811788,0.8600332014875676,0.00024384269959953716,0.09682374099506061,0.6380450934270812,3714,3527,187,18.86096256684492,0.0
4357,287.145435523184,1.7297917802601446,8.52988583482864,0.051384854426678554,8.52988583482864,0.051384854426678554,3.9492974697730006,274.6662522185811,12.47918330460164,0.07517580303976892,275.4690941773647,0.8028419587835742,0.0005446689001245415,0.07033940569770669,0.7341655059310597,1640,1474,166,8.879518072289157,0.0
4358,252.14652174936282,0.9168964427249557,13.403789882423265,0.048741054117902784,13.403789882423265,0.048741054117902784,9.061947813516554,229.68078405342658,22.46573769593982,0.08169359162159934,230.1282912233471,0.4475071699205273,0.00023982163446973595,0.08006629282187533,0.16207551623051586,2141,1866,275,6.785454545454545,0.0
4359,257.5073635859353,5.150147271718706,2.6372294704422723,0.052744589408845445,2.6372294704422723,0.052744589408845445,2.221084040791993,252.64905007470225,4.8583135112342655,0.09716627022468531,252.97303875625403,0.32398868155178207,0.0002523276336073069,0.09068649659362564,0.0022936393538657285,1334,1284,50,25.68,0.0
4360,234.4500599590126,1.6746432854215185,8.499083643438398,0.060707740310274275,8.499083643438398,0.060707740310274275,8.76220947832735,217.1887668372483,17.261293121765746,0.12329495086975532,217.6381864015475,0.4494195642992054,0.0002360396871319356,0.12008481112475075,0.14072072935414326,2044,1881,163,11.539877300613497,1.0
4361,290.294616935518,1.4810949843648877,9.94157760768529,0.05072233473308821,9.94157760768529,0.05072233473308821,6.078530784386885,274.27450854344147,16.020108392072174,0.08173524689832742,275.07735050222504,0.8028419587835742,0.0004263632282440649,0.0776391144555762,0.08665379020112596,2079,1883,196,9.607142857142858,0.0
4362,271.7914068637233,0.5973437513488424,22.200742339823496,0.04879284030730439,22.200742339823496,0.04879284030730439,18.7634039557463,230.82726056815704,40.96414629556979,0.09003109075949405,231.46657613016419,0.6393155620071411,0.00024262450171048998,0.08862600161221783,0.06573611107864963,3090,2635,455,5.791208791208791,0.0
4363,268.63792027972113,1.689546668425919,8.371138833331067,0.052648671907742556,8.371138833331067,0.052648671907742556,7.114316593828789,253.15246485256966,15.485455427159856,0.09739280142867834,253.97914630637547,0.8266814538058043,0.00024487009887612686,0.09219354700217396,0.0018110401731519232,3535,3376,159,21.232704402515722,0.0
4364,244.05771121014095,1.140456594439911,11.013624425202014,0.051465534697205675,11.013624425202014,0.051465534697205675,12.108934936990636,220.93515184795478,23.12255936219265,0.10804934281398434,221.87071340688726,0.935561558932477,0.00024199729925827136,0.10367755982828827,0.11695904557495851,4080,3866,214,18.065420560747665,0.0
4365,299.1418033586767,1.1120513136010288,13.230407137779238,0.04918366965717189,13.230407137779238,0.04918366965717189,10.592068209767149,275.31932801112157,23.822475347546387,0.08855938790909437,275.974602838048,0.6552748269264157,0.00036937701630575855,0.08612342200977227,0.13264480741895568,2043,1774,269,6.594795539033457,0.0
4366,240.05753635905444,2.0517738150346534,6.193907859650594,0.05293938341581704,6.193907859650594,0.05293938341581704,2.569942428426657,231.29368607097786,8.76385028807725,0.07490470331689958,232.01067755555573,0.7169914845778749,0.00024027864764674092,0.06877657097007443,0.20556031310434264,3101,2984,117,25.504273504273506,0.0
4367,273.98944455818105,1.4123167245267065,9.919515967432513,0.051131525605322234,9.919515967432513,0.051131525605322234,9.53453034192512,254.5353982488325,19.454046309357633,0.10027858922349295,255.2520684534104,0.7166702045778948,0.00024009052079661467,0.0965844129111889,0.12552927978458683,3179,2985,194,15.38659793814433,0.0
4368,235.43283980252681,1.8685146016073557,6.6591888126487255,0.05285070486229147,6.6591888126487255,0.05285070486229147,7.2230778190971705,221.55057317078558,13.882266631745896,0.1101767192995706,222.3009480029682,0.7503748321826151,0.00024394500396053808,0.10422136348856044,0.044563309508248494,3202,3076,126,24.41269841269841,0.0
4369,305.51090651149593,0.8804348890821209,16.932448031777984,0.04879668020685298,16.932448031777984,0.04879668020685298,13.968795736410812,274.6096627432996,30.901243768188795,0.08905257570083226,275.26493757022604,0.6552748269264157,0.0006475047696901341,0.08716417562325618,0.3340123654247691,1359,1012,347,2.9164265129683,0.0
4370,246.98472575082928,1.247397604802168,9.546233378173318,0.04821329988976423,9.546233378173318,0.04821329988976423,6.055380463996016,231.38311190866125,15.601613842169334,0.07879602950590572,231.62205110192326,0.23893919326201285,0.00025046037029561094,0.07758926590356577,0.12346069217687727,1152,954,198,4.818181818181818,0.0
4371,299.48945361748724,0.6524824697548741,22.382301345845075,0.048763183760011056,22.382301345845075,0.048763183760011056,22.24198539377585,254.86516687787503,44.62428673962093,0.09722066827804124,255.54289926028332,0.6777323824082941,0.00024050120028683256,0.09574412713987783,0.11884775290104699,3277,2818,459,6.139433551198257,0.0
4372,231.4442071598562,2.92967350835261,4.646534249218736,0.05881688923061691,4.646534249218736,0.05881688923061691,4.107840156871589,222.68983275376763,8.754374406090324,0.11081486589987752,223.65612745526164,0.9662947014940073,0.00024055133221160253,0.0985832873999312,0.07628515596206853,4096,4017,79,50.848101265822784,0.0
4373,285.6475842010884,2.011602705641468,7.417961948447242,0.052239168651036914,7.417961948447242,0.052239168651036914,2.4897541214922967,275.73986813114675,9.90771606993954,0.0697726483798559,276.54413665250104,0.8042685213542882,0.00024512908300953617,0.06410878555343227,0.1371489132775423,3423,3281,142,23.1056338028169,0.0
4374,240.07044987950007,2.6094614117336965,4.852474324531148,0.05274428613620813,4.852474324531148,0.05274428613620813,2.4379812043109723,232.7799943506584,7.29045552884212,0.07924408183524044,233.3398704129711,0.5598760623126964,0.0002453444620125751,0.07315847246227151,0.06846511313915471,2374,2282,92,24.804347826086957,0.0
4375,268.38947149688215,2.048774591579253,7.126498896715843,0.054400754936762157,7.126498896715843,0.054400754936762157,5.848211655378009,255.41476094479685,12.974710552093851,0.09904359200071643,256.31412648876517,0.8993655439683153,0.00024392881583084223,0.09217820616883193,0.3615517465730136,3818,3687,131,28.14503816793893,0.0
4376,246.5869243325085,1.1469159271279465,10.34450722171208,0.048113987077730604,10.34450722171208,0.048113987077730604,13.32896068502555,222.9134564257763,23.673467906737628,0.11010915305459362,223.13221405717331,0.2187576313970112,0.0002491544776731335,0.10909167569923336,0.6018597771230816,1093,878,215,4.083720930232558,0.0
4377,291.2442392145342,1.8089704299039393,8.30488942533658,0.05158316413252534,8.30488942533658,0.05158316413252534,5.597282679779028,277.34206710941044,13.902172105115607,0.08634889506282986,278.1223040341781,0.7802369247676779,0.0002452033075951219,0.08150270298357828,0.41201212549344746,3343,3182,161,19.763975155279503,0.0
4378,251.59852190637503,1.1436296450289773,11.158921543719567,0.05072237065327076,11.158921543719567,0.05072237065327076,6.727669983857595,233.71193037880062,17.88659152757716,0.08130268876171436,234.48273100801111,0.7708006292104983,0.00024649844234425915,0.07779904953801778,0.28851033909063517,3347,3127,220,14.213636363636363,0.0
4379,277.130289713587,1.199698223868342,11.888840437302031,0.05146684171992221,11.888840437302031,0.05146684171992221,9.93413734550927,255.30731193078395,21.8229777828113,0.09447176529355542,256.2337256732544,0.9264137424704586,0.00024270729433336616,0.09046131619191593,0.08375522172036654,4048,3817,231,16.523809523809526,0.0
4380,232.4873319076139,2.906091648845174,4.339988288952471,0.05424985361190589,4.339988288952471,0.05424985361190589,5.437058306399649,222.71028531226466,9.77704659535212,0.1222130824419015,223.31125249207116,0.6009671798065028,0.0002426189664136063,0.11470099269428431,0.3395986920309042,2557,2477,80,30.9625,0.0
4381,296.48793600406384,1.4824396800203192,10.129527862381005,0.050647639311905024,10.129527862381005,0.050647639311905024,8.843469564439374,277.5149385772354,18.972997426820378,0.0948649871341019,278.28929076766735,0.774352190431955,0.00024660897784457164,0.09099322618198244,0.41362012881540977,3340,3140,200,15.7,0.0
4382,246.4210506339491,1.5498179285154032,8.076999082370438,0.05079873636710967,8.076999082370438,0.05079873636710967,4.83143626582455,233.51261528575697,12.908435348194988,0.08118512797606911,234.1228742769831,0.6102589912261465,0.00024216626635958192,0.07734702111299369,0.13314167968746915,2679,2520,159,15.849056603773585,0.0
4383,258.65663327646894,7.838079796256634,2.3147003901870438,0.07014243606627406,2.3147003901870438,0.07014243606627406,0.0,256.34193288628535,2.3147003901870438,0.07014243606627406,257.1192551937331,0.7773223074477755,0.0002456770883210416,0.04658721462835798,0.48015178770720013,3197,3164,33,95.87878787878788,0.0
4384,246.55448209696738,1.1309838628301256,11.21033047456076,0.051423534286975964,11.21033047456076,0.051423534286975964,12.922974401009242,222.4211772214037,24.13330487557,0.11070323337417431,223.3517537846783,0.9305765632745988,0.0002420225132053573,0.10643453354261047,0.05034771003784044,4063,3845,218,17.637614678899084,0.0
4385,299.3578915224339,1.4893427438927058,9.984468854782682,0.04967397440190389,9.984468854782682,0.04967397440190389,10.46766592656536,278.90575674108027,20.452134781348043,0.10175191433506489,279.48019623091386,0.574439489833594,0.00024622352757547967,0.0988940064254727,0.08548011758443863,2534,2333,201,11.606965174129353,0.0
4386,243.98716764171877,2.1784568539439175,5.628950354060109,0.05025848530410811,5.628950354060109,0.05025848530410811,4.441368713409247,233.91684857425048,10.070319067469356,0.08991356310240496,234.30691612666578,0.390067552415303,0.00024797682925321233,0.08643081709868738,0.2532642306014168,1685,1573,112,14.044642857142858,0.0
4387,280.1658265683975,1.2451814514151,11.539866541619658,0.051288295740531814,11.539866541619658,0.051288295740531814,10.598825453677819,258.02713457310506,22.138691995297478,0.09839418664576657,258.9265001170734,0.8993655439683153,0.00024419373987735955,0.09439700645032947,0.24040664514018317,3908,3683,225,16.36888888888889,0.0
4388,237.54578449268706,1.6611593321166926,7.449418178443787,0.05209383341569082,7.449418178443787,0.05209383341569082,7.028801074956391,223.06756523929153,14.478219253400178,0.10124628848531593,223.7845567238694,0.7169914845778749,0.0002407627550630876,0.09623236201970393,0.07940962322163614,3121,2978,143,20.825174825174827,0.0
4389,297.1639225066731,1.7078386350958223,8.491619081265876,0.048802408513022276,8.491619081265876,0.048802408513022276,9.443681348805967,279.228622076595,17.93530043007184,0.10307643925328644,279.5893475930541,0.3607255164590697,0.0007562379799980497,0.10100330410125871,0.24371430049882292,651,477,174,2.7413793103448274,0.0
4390,252.2268330282418,1.189749212397367,10.709785285473725,0.05051785512015908,10.709785285473725,0.05051785512015908,6.606647007519541,234.91040073524846,17.316432292993266,0.08168128440091163,235.57725476670748,0.6668540314590246,0.00024039438769251067,0.0785357465166713,0.051998916305819876,2986,2774,212,13.084905660377359,0.0
4391,284.5152819272123,1.0985146020355687,12.82656034814533,0.04952339902758815,12.82656034814533,0.04952339902758815,12.94736936613208,258.74135221294114,25.773929714277408,0.09951324214006721,259.3321571567408,0.5908049437996397,0.00024504560091233497,0.09723214197093252,0.00489648899065287,2670,2411,259,9.308880308880308,0.0
4392,240.34295222119658,1.7290859872028532,7.268777474809381,0.05229336312812505,7.268777474809381,0.05229336312812505,8.608127032762468,224.46604771362922,15.87690450757185,0.11422233458684783,225.19211619262933,0.7260684790001051,0.0002401020102513575,0.10899882034940471,0.0127265192422783,3163,3024,139,21.755395683453237,0.0
4393,302.8655288521561,1.2261762301706725,11.959324353881852,0.04841831722219373,11.959324353881852,0.04841831722219373,11.938618090896625,278.9675864073745,23.89794244477848,0.09675280342015578,279.32831192383355,0.3607255164590697,0.0003607255164590697,0.09529237622802653,0.19141374468176764,1247,1000,247,4.048582995951417,0.0
4394,255.4044300937262,1.0914719234774624,11.719327688552596,0.05008259695962648,11.719327688552596,0.05008259695962648,7.993941884010155,235.6911605211642,19.71326957256275,0.08424474176308869,236.30141951239034,0.6102589912261465,0.00024245490314904507,0.08163679735613617,0.05142956378949748,2751,2517,234,10.756410256410257,0.0
4395,277.3778987976425,1.5941258551588648,9.038854347955649,0.051947438781354306,9.038854347955649,0.051947438781354306,8.232482141314904,260.10656230837435,17.271336489270553,0.09926055453603766,260.930680747158,0.8241184387836711,0.00024571211651272247,0.09452424166945103,0.02697245253375513,3528,3354,174,19.275862068965516,0.0
4396,246.61697371689752,1.2911883440675263,9.920034725171298,0.051937354582048685,9.920034725171298,0.051937354582048685,11.473888407959294,225.2230505837731,21.393923133130592,0.11201006875984604,226.1375294025886,0.9144788188154962,0.00024250300154216286,0.1072222215408844,0.07840219863101083,3962,3771,191,19.7434554973822,0.0
4397,295.73286163215585,2.2404004669102715,6.767683226726467,0.05127032747520051,6.767683226726467,0.05127032747520051,8.184711789896255,280.7804666155255,14.952395016622722,0.11327571982289941,281.38730536744447,0.6068387519189855,0.00024186478753247727,0.10867845655084377,0.31398846292313465,2641,2509,132,19.007575757575758,0.0
4398,256.74720953889505,1.4029902160595358,11.504086129494818,0.06286385863111922,11.504086129494818,0.06286385863111922,8.785654185370959,236.45746922402918,20.289740314865774,0.11087289789544139,237.09878737415966,0.6413181501304734,0.00023920856028738285,0.1073684271297016,0.32466894004232927,2864,2648,216,12.25925925925926,1.0
4399,270.0348200069684,3.0685775000791864,4.94009417326207,0.05613743378706897,4.94009417326207,0.05613743378706897,4.659101657376368,260.4356241763312,9.599195830638438,0.10908177080270952,261.2381476627356,0.8025234864044251,0.0002448957846824611,0.0999621857299179,0.06625535974330887,3365,3277,88,37.23863636363637,0.0
4400,240.52147494230303,1.971487499527074,6.289663397190554,0.05155461800975864,6.289663397190554,0.05155461800975864,8.223626083557065,226.00818546155915,14.51328948074762,0.11896138918645591,226.56292968387174,0.5547442223125927,0.0002720668083926399,0.11441430539697775,0.04083089967093656,2161,2039,122,16.71311475409836,0.0
4401,312.30642211756344,1.0769186969571154,14.54971216249668,0.05017142124998855,14.54971216249668,0.05017142124998855,16.50069287083602,281.25601708422914,31.0504050333327,0.10707036218390587,282.1319916453033,0.8759745610741447,0.0002442081296554627,0.10404976024917295,0.17009700804533168,3877,3587,290,12.36896551724138,0.0
4402,254.32664287377634,1.5507722126449777,8.60617371348683,0.052476668984675796,8.60617371348683,0.052476668984675796,5.893523033538941,239.82694612675073,14.499696747025771,0.08841278504284007,240.63843128328426,0.8114851565335357,0.00024464430404990523,0.08346470482007362,0.10460447887430746,3481,3317,164,20.225609756097562,0.0
4403,527.8275976336818,0.1881067703612551,131.4333075440171,0.04684009534711943,131.4333075440171,0.04684009534711943,134.83829355380863,261.55599653586796,266.27160109782574,0.09489365684170553,262.00358072058884,0.44758418472088124,0.0003488575095252387,0.09473414715363254,0.09333783678061991,4089,1283,2806,0.45723449750534567,0.0
4404,601.6141993770768,0.16060176171304774,177.79131467287863,0.04746164299863284,177.79131467287863,0.04746164299863284,198.584426886149,225.23845781811633,376.37574155902763,0.10047403672157705,225.79320204042892,0.5547442223125927,0.0022278884430224606,0.10032594696653709,0.40168831974256136,3995,249,3746,0.06647090229578216,0.0
4405,298.89862928067623,1.5898863259610438,9.476615706959157,0.05040753035616573,9.476615706959157,0.05040753035616573,8.545539778950342,280.8764737947631,18.0221554859095,0.09586252918036968,281.52289379638387,0.6464200016207542,0.00024283245740824725,0.09242412491644875,0.75,2850,2662,188,14.159574468085106,0.0
4406,258.5990327468785,1.2140799659477863,10.46982444715626,0.04915410538571014,10.46982444715626,0.04915410538571014,8.891561325594239,239.2376469741298,19.3613857727505,0.09089852475469717,239.5844923298048,0.3468453556749864,0.00024899164082913596,0.08927014280316292,0.1557581526312788,1606,1393,213,6.539906103286385,0.0
4407,577.808786958383,0.1699937590345346,159.41988261676156,0.04690199547418698,159.41988261676156,0.04690199547418698,158.5322180832227,259.8566862584298,317.95210069998427,0.09354283633421132,260.3042704431507,0.44758418472088124,0.0007070840200961789,0.09341115519718515,0.39186380506430396,4032,633,3399,0.18623124448367168,0.0
4408,230.4202527099119,3.840337545165198,3.3500589661541875,0.055834316102569795,3.3500589661541875,0.055834316102569795,2.6748258486416034,224.3953678951193,6.024884814795791,0.10041474691326319,224.93846937198873,0.543101476869424,0.0002490148908158753,0.09136305563205269,0.10021218761403361,2241,2181,60,36.35,0.0
4409,289.2153685660039,3.615192107075049,4.031201754159064,0.050390021926988306,4.031201754159064,0.050390021926988306,4.302292025165798,280.8818747866758,8.333493779324861,0.10416867224156076,281.1998897203123,0.3180149336365048,0.00025119663004463254,0.10019348557114541,0.4637487886850522,1346,1266,80,15.825,0.0
4410,259.59703304521713,1.0953461309924772,11.982027531637245,0.050557078192562215,11.982027531637245,0.050557078192562215,9.642744947349684,237.97226056623163,21.624772478986927,0.09124376573412206,238.6892520508095,0.7169914845778749,0.00024084362935098249,0.08821848520847102,0.75,3214,2977,237,12.561181434599156,0.0
4411,264.2711354752339,5.872691899449642,2.664453686406463,0.059210081920143626,2.664453686406463,0.059210081920143626,2.1092207601705013,259.4974610286574,4.7736744465769645,0.10608165436837699,260.07754003644027,0.5800790077828424,0.00024590038481680474,0.0931910097509697,0.014417433182870809,2404,2359,45,52.422222222222224,0.0
4412,236.17912588990907,2.166780971467056,5.677766593838674,0.052089601778336464,5.677766593838674,0.052089601778336464,6.68875293944302,223.8126063566301,12.366519533281695,0.11345430764478619,224.37178673894277,0.5591803823126611,0.000245793574642928,0.10832421239418624,0.37364023015629755,2384,2275,109,20.871559633027523,0.0
4413,288.1529085071568,3.8939582230696863,4.077268467571852,0.05509822253475475,4.077268467571852,0.05509822253475475,3.6558720235450437,280.4197680160371,7.733140491116895,0.1045018985286067,281.06618801765785,0.6464200016207542,0.00024292371349896814,0.09576649310133689,0.018515180365284323,2735,2661,74,35.95945945945946,0.0
4414,254.43505003206792,1.7669100696671383,7.547124759003533,0.052410588604191205,7.547124759003533,0.052410588604191205,7.009904833543942,239.87802043951888,14.557029592547476,0.1010904832815797,240.5723500646145,0.6943296250956337,0.00024158998785512654,0.096268749773982,0.1587888119422587,3018,2874,144,19.958333333333332,0.0
4415,266.98349206577177,3.9262278244966438,3.948473852881565,0.05806579195414066,3.948473852881565,0.05806579195414066,3.5144326831698436,259.52058552972085,7.462906536051408,0.10974862553016776,260.29569164015265,0.7751061104318069,0.00024614357269984343,0.09835000625910464,0.053357808769760595,3217,3149,68,46.30882352941177,0.0
4416,292.64910720949933,0.43613875888151915,32.18443355014499,0.04796487861422502,32.18443355014499,0.04796487861422502,36.49854480695922,223.9661288524071,68.6829783571042,0.10235913317005098,224.458045731644,0.4919168792368964,0.0002406638352431,0.10162602306684848,0.46056214745772195,2715,2044,671,3.046199701937407,0.0
4417,297.9804685215154,1.9475847615785318,7.97238141638728,0.05210706808096261,7.97238141638728,0.05210706808096261,8.345487763724122,281.66259934140635,16.3178691801114,0.10665273973929021,282.4566965745896,0.7940972331832654,0.0002457744454296705,0.10146256174461282,0.42491003551344875,3384,3231,153,21.11764705882353,0.0
4418,265.4063206665844,1.016882454661243,12.989724070753969,0.04976905774235237,12.989724070753969,0.04976905774235237,12.607108618793745,239.8094879770406,25.596832689547714,0.09807215589865025,240.40113307875185,0.5916451017112649,0.0002440780122571225,0.09580531642847721,0.44043181718325286,2685,2424,261,9.28735632183908,0.0
4419,275.12956602472354,1.528497589026242,9.311495556243049,0.05173053086801694,9.311495556243049,0.05173053086801694,6.880799053644296,258.9372714148383,16.192294609887345,0.08995719227715192,259.789713151044,0.8524417362057193,0.00024397302123804214,0.08522140485377526,0.03251622515995223,3674,3494,180,19.41111111111111,0.0
4420,254.92107527551366,0.7795751537477482,16.142261568991408,0.04936471427826119,16.142261568991408,0.04936471427826119,15.15846333496279,223.62035037156602,31.300724903954197,0.09572087126591498,224.3549504566106,0.7346000850445762,0.00023983025956401442,0.09347438782539164,0.3654114990306425,3390,3063,327,9.36697247706422,0.0
4421,299.1987634359102,1.8133258390055165,8.455304978470306,0.05124427259678973,8.455304978470306,0.05124427259678973,9.149639909125426,281.59381854831713,17.60494488759573,0.10669663568239837,282.3020503173277,0.708231769010581,0.00024105914534056536,0.1024043219308031,0.0715748773272935,3103,2938,165,17.806060606060605,0.0
4422,263.43277019736274,1.2787998553270037,10.422973180495694,0.0505969571868723,10.422973180495694,0.0505969571868723,11.141939874342597,241.8678571425287,21.564913054838293,0.10468404395552569,242.52471772568992,0.6568605831612331,0.00024149286145633568,0.1014954003479263,0.3687544367198825,2926,2720,206,13.20388349514563,0.0
4423,269.9113743341982,2.306934823369215,5.975270957177168,0.051070691941685196,5.975270957177168,0.051070691941685196,4.293074702236254,259.643028674785,10.268345659413422,0.08776363811464463,260.124701588318,0.48167291353297514,0.0002385700413734399,0.08364677560581364,0.14627997992192832,2136,2019,117,17.256410256410255,0.0
4424,247.76804866970997,0.9566333925471427,13.08846652675741,0.050534619794430156,13.08846652675741,0.050534619794430156,11.245730400547927,223.4338517424128,24.334196927305335,0.09395442829075419,224.32298024446027,0.8891285020474697,0.00024433319649559487,0.09052149971138881,0.3344894202286923,3898,3639,259,14.05019305019305,0.0
4425,309.58569757300484,1.134013544223461,13.553295012524593,0.049645769276646864,13.553295012524593,0.049645769276646864,14.164889705341466,281.8675128551456,27.71818471786606,0.10153181215335552,282.51393285676636,0.6464200016207542,0.00024292371349896814,0.09916397331955486,0.008521157169525395,2934,2661,273,9.747252747252746,0.0
4426,266.25574432605094,1.1939719476504527,11.442943541867104,0.05131364816980764,11.442943541867104,0.05131364816980764,12.643611371753195,242.16918941243603,24.086554913620297,0.10801145701175022,243.0584864280372,0.889297015601187,0.0002453233146486033,0.1040235780179988,0.15443323901922668,3848,3625,223,16.255605381165918,0.0
4427,272.34689896031864,2.196345959357408,6.64173654627865,0.053562391502247175,6.64173654627865,0.053562391502247175,5.025327623635349,260.6798347904055,11.667064169914,0.0940892271767258,261.509217910012,0.8293831196065184,0.0002450171697508179,0.08740065363150507,0.36850391691996265,3509,3385,124,27.298387096774192,0.0
4428,256.8231478719481,0.8532330494084654,15.037713057483012,0.04995917959296682,15.037713057483012,0.04995917959296682,15.996567293142334,225.7888675213278,31.034280350625345,0.10310392143064899,226.65407491846236,0.8652073971345544,0.00024372039355902942,0.10022947825078318,0.18408629057239523,3851,3550,301,11.794019933554818,0.0
4429,312.62592787327503,1.0020061790810098,15.58566101872355,0.04995404172667805,15.58566101872355,0.04995404172667805,15.705046708400005,281.3352201461589,31.290707727123554,0.10029072989462677,282.152182169438,0.8169620232790749,0.00024503959906390965,0.09767226187127256,0.75,3646,3334,312,10.685897435897436,0.0
4430,252.29215300419787,2.8999098046459526,5.057858948106241,0.058136309748347596,5.057858948106241,0.058136309748347596,4.389606679940698,242.84468737615293,9.447465628046938,0.10859155894306825,243.79751821165928,0.9528308355063473,0.000240431702121208,0.09763948037400678,0.16005593776230853,4050,3963,87,45.55172413793103,0.0
4431,278.33778555930894,1.480520135953771,9.518319393812824,0.05062935847772779,9.518319393812824,0.05062935847772779,8.2642506936063,260.55521547189323,17.782570087419124,0.09458813876286769,261.24805005698886,0.6928345850956248,0.00024165838336087365,0.09090284841659618,0.285987930411693,3055,2867,188,15.25,0.0
4432,243.7109185805807,1.3615135116233559,9.152954340658061,0.05113382313216794,9.152954340658061,0.05113382313216794,8.577619124776675,225.98034511515016,17.730573465434738,0.09905348304712144,226.73071994733277,0.7503748321826151,0.0002438657238162545,0.0948614448784801,0.09353135382229993,3256,3077,179,17.189944134078214,0.0
4433,291.6707322814343,2.471785866791816,6.230436850457677,0.05280031229201421,6.230436850457677,0.05280031229201421,3.9252328201480395,281.51506261083114,10.155669670605716,0.08606499720852302,282.2052236072825,0.6901609964513682,0.0002418223533466602,0.08021617520467632,0.09754433661055373,2972,2854,118,24.1864406779661,0.0
4434,260.74143200334447,1.5159385581589795,8.703336725686135,0.05060079491677986,8.703336725686135,0.05060079491677986,8.725424373401438,243.3126709042631,17.428761099087573,0.10133000639004403,243.8870585540967,0.5743876498336249,0.00024726114930418634,0.09799054330958,0.24799901197911822,2495,2323,172,13.505813953488373,0.0
4435,276.1688134640699,1.6737503846307267,8.4033457627245,0.05092936825893637,8.4033457627245,0.05092936825893637,6.777877645270564,260.98759005607667,15.181223407995065,0.09200741459390949,261.6456903848057,0.6581003287290059,0.0002415047077904609,0.08801892775311651,0.010775396556937267,2890,2725,165,16.515151515151516,0.0
4436,255.57901181230272,0.9226679126797932,13.930653920881854,0.05029116938946518,13.930653920881854,0.05029116938946518,15.209101372031228,226.43925651939435,29.13975529291308,0.10519767253759235,227.33542798869598,0.8961714693016347,0.0002443215565162581,0.10196239647511458,0.6928310750186029,3945,3668,277,13.24187725631769,0.0
4437,298.4071270663551,2.0027323964184904,7.553484240486135,0.05069452510393379,7.553484240486135,0.05069452510393379,8.796056207040465,282.0575866188303,16.3495404475266,0.10972845937937316,282.6060919123347,0.5485052935043768,0.000247968035038145,0.10604721579879452,0.18397518322899487,2361,2212,149,14.845637583892618,0.0
4438,254.60164620718592,2.2531119133379285,5.800428023012012,0.051331221442584174,5.800428023012012,0.051331221442584174,5.874768495702256,242.9264496884739,11.675196518714268,0.10332032317446255,243.39678507085068,0.4703353823767884,0.00024045776195132332,0.09915806315340919,0.07302721081828167,2069,1956,113,17.309734513274336,0.0
4439,280.50441097919725,1.3357352903771298,10.581819452203703,0.050389616439065255,10.581819452203703,0.050389616439065255,9.149689088971854,260.7729024380237,19.731508541175558,0.09395956448178837,261.4957030770238,0.7228006390000701,0.0002401331026578306,0.09051765667701646,0.2543871493153347,3220,3010,210,14.333333333333334,0.0
4440,260.88123898554045,0.7628106403085978,16.717412849697016,0.0488813241219211,16.717412849697016,0.0488813241219211,16.969047310496535,227.19477882534557,33.68646016019355,0.09849842152103376,227.82048537637684,0.6257065510312714,0.00024224024430169236,0.09666887020223279,0.05538734061542527,2925,2583,342,7.552631578947368,0.0
4441,312.6189964224368,0.995601899434512,15.47453519019435,0.049281959204440604,15.47453519019435,0.049281959204440604,15.279189471385962,281.86527176086156,30.753724661580314,0.09794179828528762,282.4755307520877,0.6102589912261465,0.0002422624022334841,0.09599829831321366,0.5462440204387349,2833,2519,314,8.022292993630574,0.0
4442,254.79401328538688,2.769500144406379,5.178129531810848,0.05628401665011791,5.178129531810848,0.05628401665011791,6.324937021635606,243.2909467319423,11.503066553446454,0.12503333210267883,244.1525300134299,0.861583281487583,0.00024407458399081672,0.11566829643431506,0.49814659809749173,3622,3530,92,38.369565217391305,0.0
4443,277.38391144065554,1.8998898043880517,7.745892278656868,0.05305405670312923,7.745892278656868,0.05305405670312923,7.362252987506508,262.2757661744954,15.108145266163376,0.10348044702851628,263.1872277148866,0.9114615403912012,0.00024305641077098698,0.09723755976554065,0.06140744845811241,3896,3750,146,25.684931506849313,0.0
4444,287.563764136695,0.4882237082117063,28.592412615577967,0.04854399425395241,28.592412615577967,0.04854399425395241,32.28662162306159,226.68472989806628,60.87903423863956,0.10335999021840334,227.46824631453956,0.783516416473276,0.0002458476361698387,0.10202974163354066,0.029957411316217986,3776,3187,589,5.410865874363328,0.0
4445,294.89400470189184,2.2510992725335255,7.039683327927127,0.053738040671199444,7.039683327927127,0.053738040671199444,5.748183852558441,282.1061375214092,12.787867180485568,0.09761730672126388,282.98938350507774,0.8832459836685302,0.00024466647747050697,0.0908749709680466,0.25053635309313904,3741,3610,131,27.557251908396946,0.0
4446,273.3898687686674,0.9798920027550803,14.011531649524818,0.050220543546683934,14.011531649524818,0.050220543546683934,15.37759335767123,244.00074376148154,29.38912500719605,0.10533736561719015,244.79367875466482,0.7929349931832803,0.0002461002461773061,0.1024953047096866,0.09808052216635588,3501,3222,279,11.548387096774194,0.0
4447,272.2239376289526,2.497467317696813,5.570303997395814,0.05110370639812673,5.570303997395814,0.05110370639812673,3.8907687860335045,262.76286484552475,9.46107278342932,0.08679883287549835,263.2413593349386,0.47849448941383343,0.00023960665468895014,0.0824089751744408,0.045788582786144616,2106,1997,109,18.321100917431192,0.0
4448,246.50238939667565,1.130744905489338,10.89930159544956,0.049996796309401646,10.89930159544956,0.049996796309401646,8.231040668184505,227.37204713304686,19.130342263634063,0.08775386359465166,228.0241779400376,0.6521308069907263,0.0002417089721981936,0.08476243787448653,0.08077551956034767,2916,2698,218,12.376146788990825,0.0
4449,290.95716846523896,3.306331459832261,4.775292415671839,0.05426468654172544,4.775292415671839,0.05426468654172544,2.7895718979725643,283.3923041515977,7.564864313644403,0.08596436720050459,284.04443495858845,0.6521308069907263,0.00024152992851508384,0.07855378984830126,0.031858814967563376,2788,2700,88,30.681818181818183,0.0
4450,266.0352226677294,1.171961333338015,11.40333417137978,0.05023495229682723,11.40333417137978,0.05023495229682723,10.289712198107736,244.3421762982532,21.69304636948752,0.0955640809228525,245.0385197557182,0.6963434574649909,0.00024170199842589064,0.09249648859916823,0.38914470012605307,3108,2881,227,12.691629955947137,0.0
4451,273.89367313683215,3.07745700153744,4.79309117848219,0.053854957061597646,4.79309117848219,0.053854957061597646,4.847018494451504,264.25356346390026,9.640109672933693,0.1083158390217269,264.89993866552095,0.6463752016206854,0.00024217879416286452,0.10105319630686742,0.0022424915039209736,2758,2669,89,29.98876404494382,0.0
4452,231.38949617517073,5.643646248174896,2.3263259213083867,0.05673965661727772,2.3263259213083867,0.05673965661727772,1.4255907407455197,227.63757951311777,3.7519166620539064,0.09151016248911967,228.07017079804973,0.4325912849319593,0.00024113226584836082,0.08095915553953668,0.010725144836442269,1835,1794,41,43.75609756097561,0.0
4453,307.4779733852233,1.249910460915542,12.317098923317298,0.050069507818363,12.317098923317298,0.050069507818363,11.235236245282067,283.92563821663043,23.552335168599363,0.09574119987235513,284.58889727793076,0.6632590613003231,0.00024092228888497025,0.09304502482639256,0.3825125935854885,2999,2753,246,11.191056910569106,0.0
4454,253.78942964726298,2.9171198810030226,4.597090244713257,0.052840117755324795,4.597090244713257,0.052840117755324795,4.71051805874481,244.48182134380727,9.307608303458068,0.10698400348802377,245.0055078770249,0.5236865332176421,0.0002498504452374247,0.10096461804871341,0.16121818198507754,2183,2096,87,24.091954022988507,0.0
4455,269.23008641597767,5.279021302274072,2.656794425878159,0.05209400835055214,2.656794425878159,0.05209400835055214,2.454525743586828,264.1187662465147,5.111320169464987,0.10022196410715661,264.42381097467364,0.3050447281589186,0.00025917139180876684,0.09424069492752989,0.22671649859921672,1228,1177,51,23.07843137254902,0.0
4456,237.87576265974235,1.7490864901451644,7.032750148618655,0.05171139815160776,7.032750148618655,0.05171139815160776,3.518963967600939,227.32404854352671,10.551714116219594,0.07758613320749702,227.98555639720803,0.6615078536813144,0.00024072338198009985,0.07272210487157589,0.11606450703857263,2884,2748,136,20.205882352941178,0.0
4457,294.3172240975657,2.8299733086304397,5.446075155831078,0.05236610726760652,5.446075155831078,0.05236610726760652,4.714496990919997,284.15665195081715,10.160572146751075,0.09769780910337572,284.7244846342751,0.5678326834579366,0.00024624140652989445,0.09223787945471756,0.023434826823859112,2410,2306,104,22.173076923076923,0.0
4458,250.11697137615056,4.034144699615331,3.362035267265316,0.05422637527847284,3.362035267265316,0.05422637527847284,1.6369793695403132,245.1179567393467,4.999014636805629,0.08062926833557467,245.5882921217235,0.4703353823767884,0.00024033489135247236,0.07304321378108163,0.04290430020523672,2019,1957,62,31.56451612903226,0.0
4459,289.6470624490662,1.2273180612248569,11.634993435879915,0.04930081964355896,11.634993435879915,0.04930081964355896,12.620678449392472,265.39139056378826,24.255671885272385,0.10277827070030672,266.0016066750143,0.6102161112260092,0.00024166974702020166,0.10019260921208442,0.02396300852888089,2761,2525,236,10.69915254237288,0.0
4460,248.12804684969706,1.259533232739579,10.012182605955859,0.050823261959166796,10.012182605955859,0.050823261959166796,8.755686287569006,229.36017795617568,18.767868893524863,0.0952683700178927,230.12426084323988,0.7640828870642054,0.0002463988671603371,0.09138977668252374,0.2410060519837316,3298,3101,197,15.741116751269036,0.0
4461,295.23026872115315,5.090177046916434,3.2769997648034632,0.0564999959448873,3.2769997648034632,0.0564999959448873,5.73151152944115,286.22175742690956,9.008511294244613,0.15531916024559678,286.80787004183367,0.5861126149241045,0.0002462658045899599,0.14521377033309457,0.6678649108914669,2438,2380,58,41.03448275862069,0.0
4462,267.7212426695871,1.2337384454819684,10.871634476587696,0.050099698048791226,10.871634476587696,0.050099698048791226,11.233493664180287,245.61611452882858,22.10512814076798,0.10186694995745613,246.230366376642,0.6142518478134207,0.00024154614542407418,0.09903629628085314,0.75,2760,2543,217,11.71889400921659,0.0
4463,285.38946006924016,1.4128191092536642,9.990680457952811,0.049458814148281245,9.990680457952811,0.049458814148281245,11.067356903630753,264.3314227076528,21.058037361583565,0.10424770971080972,264.87583810452224,0.5444153968694536,0.0002483646883528529,0.10155258398375204,0.2452955489618489,2394,2192,202,10.851485148514852,0.0
4464,247.67372396672454,1.214086882189826,9.938288107139837,0.04871709856441096,9.938288107139837,0.04871709856441096,9.242329165678939,228.49310669390866,19.180617272818775,0.09402263369028811,228.85458126590925,0.3614745720005885,0.000249809655840075,0.09225069951380045,0.015409052658696964,1651,1447,204,7.0931372549019605,0.0
4465,298.70799694893685,2.40893545926562,6.517714846794505,0.0525622165064073,6.517714846794505,0.0525622165064073,6.65172684485151,285.5385552572941,13.169441691646014,0.10620517493262914,286.2162876397024,0.6777323824082941,0.00024041588591993407,0.10073959120350376,0.2586101829190284,2943,2819,124,22.733870967741936,0.0
4466,258.58362730639556,2.288350684127394,5.974330790038964,0.0528701839826457,5.974330790038964,0.0528701839826457,7.20034736588741,245.40894915047465,13.174678155926374,0.1165900721763396,246.08831993288277,0.6793707824081139,0.0002400603471406763,0.11057794135852024,0.3021024416277669,2943,2830,113,25.04424778761062,0.0
4467,280.3310890427231,1.6989762972286246,8.579068086757296,0.05199435204095331,8.579068086757296,0.05199435204095331,7.423934975776092,264.3280859801855,16.003003062533388,0.0969878973486872,265.1812899563913,0.8532039762058048,0.00024370293522016703,0.09181696415958647,0.3919135883295439,3666,3501,165,21.21818181818182,0.0
4468,242.42098001675845,1.401277341137332,9.022974790426993,0.052155923644086666,9.022974790426993,0.052155923644086666,5.10293128116291,228.29507394517213,14.125906071589903,0.08165263625196476,229.20352673451566,0.9084527893435279,0.00024342250518315323,0.07640146405920686,0.03361937648787716,3905,3732,173,21.572254335260116,0.0
4469,290.23912740277046,6.910455414351678,2.229426057915534,0.05308157280751271,2.229426057915534,0.05308157280751271,2.30648114759515,285.7032201972604,4.535907205510684,0.10799779060739724,285.9978553531423,0.29463515588190603,0.0002605085374729496,0.10098266784828931,0.06621108936747078,1173,1131,42,26.928571428571427,0.0
4470,259.4254151721643,1.8530386798011738,6.7513241172933895,0.04822374369495278,6.7513241172933895,0.04822374369495278,7.827515176179986,244.84657587869788,14.578839293473376,0.10413456638195269,245.02112835480966,0.17455247611178493,0.00027231275524459427,0.1028877629811047,0.75,781,641,140,4.578571428571428,0.0
4471,276.2496547457324,2.092800414740397,6.62048385747246,0.05015518073842773,6.62048385747246,0.05015518073842773,5.686167058656338,263.9430038296023,12.306650916128799,0.09323220391006666,264.38969408888784,0.4466902592855604,0.00024002700660159075,0.0898481867942771,0.3884556609336869,1993,1861,132,14.098484848484848,0.0
4472,230.1133433945256,8.850513207481754,1.9936922408109237,0.07668047080042015,1.9936922408109237,0.07668047080042015,0.0,228.11965115371595,1.9936922408109237,0.07668047080042015,228.92795931500586,0.808308161289915,0.00024427566071015864,0.04559169536614368,0.35336246230644974,3335,3309,26,127.26923076923077,0.0
4473,312.1362066156089,1.102954793694731,14.28720392897702,0.05048481953702127,14.28720392897702,0.05048481953702127,13.143974239927957,284.7050284467091,27.431178168904978,0.09692995819401053,285.6011999160107,0.8961714693016347,0.00024438818361102667,0.09376327455688399,0.4093633988295551,3950,3667,283,12.957597173144876,0.0
4474,257.5619538150329,2.384832905694749,5.23022493555401,0.04842800866253713,5.23022493555401,0.04842800866253713,7.6587109129729924,244.67301796651236,12.888935848527002,0.11934199859747224,244.84182222971936,0.1688042632069937,0.0002696553725351337,0.11777899616031054,0.14438335651084344,734,626,108,5.796296296296297,0.0
4475,311.352259079423,0.6903597762293193,21.385908754166337,0.04741886641722026,21.385908754166337,0.04741886641722026,26.013824826603923,263.95252549864836,47.39973358077026,0.10509918754051055,264.43734861131543,0.48482311266707256,0.00024168649684300726,0.10402419172529394,0.0535971529247945,2457,2006,451,4.44789356984479,0.0
4476,233.18370015357937,3.9522661042979554,3.306313423843916,0.056039210573625695,3.306313423843916,0.056039210573625695,0.6635788647620302,229.21380786497411,3.969892288605946,0.06728630997637197,229.80131404794838,0.5875061829742663,0.00024623058800262625,0.057328578061542124,0.2921916212862925,2445,2386,59,40.440677966101696,0.0
4477,298.9254000393671,2.0062107385192425,7.668233186350954,0.05146465225738896,7.668233186350954,0.05146465225738896,6.256996044850439,285.00017080816974,13.925229231201392,0.09345791430336504,285.61638325328,0.61621244511025,0.00024165193925892157,0.08932226030930948,0.11085697711905595,2699,2550,149,17.114093959731544,0.0
4478,278.04377344973045,0.8940314258833777,15.736301507327894,0.05059904021648841,15.736301507327894,0.05059904021648841,17.72488549649006,244.5825864459175,33.461187003817955,0.10759224116983265,245.47549192434917,0.8929054784316577,0.00024409663161062265,0.10472116246103305,0.03617904856605492,3969,3658,311,11.762057877813504,0.0
4479,425.5089581666191,0.26627594378386676,74.5170257990528,0.046631430412423534,74.5170257990528,0.046631430412423534,88.05096054577416,262.9409718217901,162.56798634482698,0.10173215666134354,263.42579493445714,0.48482311266707256,0.01616077042223575,0.10142876297381849,0.5723260298868809,1628,30,1598,0.01877346683354193,0.0
4480,281.42164875542903,0.557270591594909,23.915404608929023,0.0473572368493644,23.915404608929023,0.0473572368493644,28.590335958332844,228.91590818817394,52.50574056726187,0.10397176349952846,229.00504756310238,0.08913937492843615,0.00031722197483429235,0.10379524988579535,0.16604380420244524,786,281,505,0.5564356435643565,0.0
4481,297.15178022797295,2.3397777970706533,6.804144835112173,0.053575943583560416,6.804144835112173,0.053575943583560416,5.033796641632989,285.31383875123174,11.837941476745161,0.09321213761216662,286.107935984415,0.7940972331832654,0.00024623170021186524,0.08695940349258222,0.14384103807697102,3352,3225,127,25.393700787401574,0.0
4482,261.6795416063487,1.5483996544754361,8.297090918151117,0.04909521253343856,8.297090918151117,0.04909521253343856,8.592221471524908,244.79022921668115,16.889312389676025,0.099936759702225,245.12087585702534,0.33064664034418456,0.00025493187381972596,0.09798027070605551,0.0872881825866898,1466,1297,169,7.674556213017752,0.0
4483,275.7821316911811,2.2240494491224285,6.565290065571318,0.052945887625575144,6.565290065571318,0.052945887625575144,5.2629223486706,263.9539192769355,11.828212414241918,0.09538880979227353,264.72827146736745,0.774352190431955,0.00024637358906521,0.08914403406301348,0.29853678779932125,3267,3143,124,25.346774193548388,0.0
4484,253.19301997453272,1.2114498563374771,10.392708510534382,0.049725878040834365,10.392708510534382,0.049725878040834365,11.845919785114347,230.95439167887912,22.23862829564873,0.10640492007487432,231.5288311687127,0.574439489833594,0.0002459073158534221,0.1036564057694737,0.05261108104878076,2545,2336,209,11.177033492822966,0.0
4485,305.9658778261203,1.3844609856385532,11.306475011238478,0.05116052041284379,11.306475011238478,0.05116052041284379,8.283537937715437,286.3758648771691,19.590012948953913,0.08864259252920323,287.2254005672796,0.8495356901105424,0.00024369928000876146,0.08479853963276315,0.05164128670435275,3707,3486,221,15.773755656108598,0.0
4486,261.70907505988635,1.5577921134517045,8.3183799896359,0.049514166604975596,8.3183799896359,0.049514166604975596,8.592221471524908,244.7984735987343,16.91060146116081,0.1006583420307191,245.19346615088693,0.39499255215264384,0.00024594803994560635,0.09830719588690126,0.10679913831904742,1774,1606,168,9.55952380952381,0.0
4487,283.98419363467474,1.5433923567101888,9.39337069011019,0.05105092766364234,9.39337069011019,0.05105092766364234,10.022415973231773,264.5684069713261,19.41578666334196,0.10552057969207587,265.39667969093284,0.8282727196067299,0.0002447614419641637,0.1010190975203364,0.32956773930163763,3568,3384,184,18.391304347826086,0.0
4488,248.80137155765055,1.5358109355410527,8.03448982533863,0.049595616205794016,8.03448982533863,0.049595616205794016,9.619380507160713,231.14750122514852,17.653870332499345,0.10897450822530459,231.58009251008048,0.4325912849319593,0.0002408637443941867,0.10630419165166716,0.08050781481961167,1958,1796,162,11.08641975308642,0.0
4489,319.2398214413147,1.0166873294309384,15.556795221887016,0.04954393382766566,15.556795221887016,0.04954393382766566,17.277236081681394,286.405790137753,32.83403130356841,0.10456697867378474,287.1106218272298,0.704831689476805,0.0002416289645103891,0.10232229176460153,0.4449818266286911,3231,2917,314,9.289808917197453,0.0
4490,255.49420821867966,2.0942148214645875,6.316479541136234,0.051774422468329785,6.316479541136234,0.051774422468329785,5.454053627120402,243.72367505043007,11.770533168256636,0.09647978006767734,244.30978766535418,0.5861126149241045,0.00024636932111143527,0.09167557830594657,0.6147337197069191,2501,2379,122,19.5,0.0
4491,277.6844538620387,2.2038448719209422,6.670116163529299,0.05293742986928015,6.670116163529299,0.05293742986928015,6.06918299773929,264.94515470076385,12.739299161268589,0.10110554889895705,265.7476781871683,0.8025234864044251,0.0002451201852182117,0.09473631487992407,0.20215090567717198,3400,3274,126,25.984126984126984,0.0
4492,273.6449167167,0.6790196444583126,19.459887924363155,0.048287563087749764,19.459887924363155,0.048287563087749764,23.791050578225168,230.39397821411558,43.250938502588326,0.10732242804612488,230.83385605275635,0.43987783864076846,0.00023906404273954808,0.10623091976164674,0.017840861742342895,2243,1840,403,4.5657568238213395,0.0
4493,311.5331542198471,1.1328478335267167,13.914061325513915,0.05059658663823242,13.914061325513915,0.05059658663823242,11.195718174424883,286.42337471991436,25.109779499938796,0.09130828909068653,287.3216701838828,0.8982954639684522,0.0002433745499779063,0.08804176013077929,0.042112200912015396,3966,3691,275,13.421818181818182,0.0
4494,264.9428038055046,1.2987392343407087,10.075656135493224,0.049390471252417766,10.075656135493224,0.049390471252417766,10.859497644583826,244.0076500254347,20.93515378007705,0.10262330284351495,244.40619604640983,0.39854602097511815,0.00024420712069553807,0.10066964587791544,0.08762801525449504,1836,1632,204,8.0,0.0
4495,334.3410432939704,0.5323901963279783,29.61730595720907,0.04716131521848578,29.61730595720907,0.04716131521848578,39.20005057883441,265.52368675792013,68.81735653604348,0.1095817779236361,266.1115280735362,0.5878413156160605,0.0003562674640097336,0.1086457248733029,0.07641035133929108,2278,1650,628,2.627388535031847,0.0
4496,239.51017680204814,2.521159755811033,5.055591662192806,0.053216754338871644,5.055591662192806,0.053216754338871644,3.9412453858126355,230.51333975404282,8.996837048005442,0.0947035478737415,231.12599096185613,0.6126512078133146,0.00024177237877399946,0.08825458779149477,0.11436573120772664,2629,2534,95,26.673684210526314,0.0
4497,303.84859949923,1.4332481108454245,10.826082664731295,0.051066427663826866,10.826082664731295,0.051066427663826866,5.883365609372504,287.13915122512844,16.7094482741038,0.07881815223633867,287.9361964000261,0.7970451748976757,0.0002455468807448169,0.07505850518492385,0.0001800219813503645,3458,3246,212,15.31132075471698,0.0
4498,272.5167220193089,0.9767624445136519,13.985954810785918,0.05012887028955526,13.985954810785918,0.05012887028955526,14.428454927722441,244.1023122808051,28.41440973850836,0.1018437625036142,244.77233494773145,0.6700226669263429,0.00023937930222448837,0.09944224756837786,0.25404576636219645,3078,2799,279,10.03225806451613,0.0
4499,287.3253604502504,1.2884545311670421,10.932763207644175,0.04902584398046715,10.932763207644175,0.04902584398046715,11.356625594232355,265.0359716483679,22.28938880187653,0.09995241615191269,265.62381296398394,0.5878413156160605,0.0007239425069163306,0.09731635644065678,0.1191235900009815,1035,812,223,3.6412556053811658,0.0
4500,249.1097208517724,1.474022016874393,8.45468124721786,0.050027699687679644,8.45468124721786,0.050027699687679644,8.954222541885883,231.70081706266114,17.408903789103743,0.1030112650242825,232.2349822314054,0.5341651687442663,0.0002507817693635053,0.0998505243808698,0.05130573784822445,2299,2130,169,12.603550295857989,0.0
4501,312.52424096930145,1.1241879171557605,13.349273073661934,0.04801896789087026,13.349273073661934,0.04801896789087026,11.6679709125699,287.5069969830756,25.017243986231833,0.08999008628140948,287.7010607540776,0.1940637710019928,0.00025401017146857696,0.08929201516267564,0.004724322739093623,1042,764,278,2.7482014388489207,0.0
4502,266.89578026549634,1.4745623219088195,9.43182464523561,0.052109528426716074,9.43182464523561,0.052109528426716074,10.929745765650068,246.53420985461162,20.361570410885676,0.11249486414853965,247.34251801590153,0.808308161289915,0.00024427566071015864,0.10802907320218126,0.4859293932120181,3490,3309,181,18.281767955801104,0.0
4503,267.89076894194886,6.697269223548721,2.7119440257877185,0.06779860064469297,2.7119440257877185,0.06779860064469297,0.0,265.1788249161591,2.7119440257877185,0.06779860064469297,266.05479947723325,0.8759745610741447,0.0002438681962901294,0.045899236617890436,0.3740457983114993,3632,3592,40,89.8,0.0
4504,244.72197681998364,2.2451557506420516,5.716032981696304,0.05244066955684683,5.716032981696304,0.05244066955684683,6.567711972020106,232.43823186626287,12.283744953716411,0.11269490783226065,233.06393841729414,0.6257065510312714,0.00024233406314146837,0.10695448075861926,0.06821037125996554,2691,2582,109,23.68807339449541,0.0
4505,331.349286244626,0.7396189425103259,21.79078227850154,0.04864013901451236,21.79078227850154,0.04864013901451236,21.046225880174234,288.5122780859608,42.83700815867577,0.09561832178275842,289.1191168378798,0.6068387519189855,0.00024186478753247727,0.09426377099720133,0.31913906667978154,2957,2509,448,5.600446428571429,0.0
4506,259.927843199531,1.9253914311076372,7.198900682586565,0.053325190241381965,7.198900682586565,0.053325190241381965,6.229376635463041,246.49956588148507,13.428277318049606,0.09946872087444153,247.30787404277498,0.808308161289915,0.0002442018614168928,0.09348125301300772,0.2684477874597633,3445,3310,135,24.51851851851852,0.0
4507,278.84531834219797,2.534957439474527,5.763118161442727,0.05239198328584298,5.763118161442727,0.05239198328584298,6.040794195996568,267.0414059847528,11.803912357439295,0.10730829415853904,267.7141427639274,0.6727367791745564,0.00023889800396823736,0.10119250525700532,0.19356573179652514,2926,2816,110,25.6,0.0
4508,249.79814035310937,1.4356214962822378,8.553025145781918,0.04915531692978114,8.553025145781918,0.04915531692978114,9.084877221428314,232.16023798589094,17.63790236721023,0.10136725498396684,232.55878400686606,0.39854602097511815,0.00024435684915703136,0.09907676061059374,0.12254784546712472,1805,1631,174,9.373563218390805,0.0
4509,325.7730610806816,0.8900903308215344,18.115220122365823,0.049495136946354705,18.115220122365823,0.049495136946354705,18.21835313416568,289.4394878241583,36.33357325653151,0.09927205807795494,290.25644984743735,0.8169620232790749,0.000245113118295552,0.09703992140230669,0.18562100215626742,3699,3333,366,9.10655737704918,0.0
4510,278.0184007321152,0.9236491718674924,15.186519193910218,0.05045355213923661,15.186519193910218,0.05045355213923661,15.636248336570588,247.19563320164048,30.822767530480807,0.1024012210314977,247.96998539207243,0.774352190431955,0.0002467661537386727,0.09982862239216865,0.17206436845594908,3439,3138,301,10.425249169435215,0.0
4511,275.8895314789477,3.0998823761679515,4.774770026949739,0.05364910142640156,4.774770026949739,0.05364910142640156,4.08129560948305,267.0334658425104,8.856065636432788,0.09950635546553695,267.6931087361918,0.6596428936813936,0.00024092143669882893,0.09209463755905489,0.20044370533764777,2827,2738,89,30.764044943820224,0.0
4512,251.73600312235408,1.4721403691365735,8.807493522193582,0.051505810071307494,8.807493522193582,0.051505810071307494,9.658269373653866,233.27024022650244,18.465762895847448,0.10798691751957572,234.04996195127023,0.7797217247677963,0.00024565901851537376,0.1034271413513675,0.2373579981290277,3345,3174,171,18.56140350877193,0.0
4513,300.6478571557391,2.5264525811406644,5.75106378680439,0.04832826711600328,5.75106378680439,0.04832826711600328,4.09927698619299,290.79751638274115,9.85034077299738,0.08277597288233093,290.9637404597206,0.16622407697946073,0.0002729459392109372,0.08137913189931482,0.09737334937972264,728,609,119,5.117647058823529,0.0
4514,265.86892261821276,1.4853012436771662,9.472626487419106,0.05291970104703411,9.472626487419106,0.05291970104703411,9.030341086295948,247.365955044497,18.502967573715054,0.10336853393136902,248.27434447384053,0.9083894293435151,0.00024262538176910125,0.09829373265012421,0.25604133030947196,3923,3744,179,20.916201117318437,0.0
4515,272.7000076589618,5.802127822531102,2.782403627017758,0.0592000771705906,2.782403627017758,0.0592000771705906,1.6674252896543749,268.2501787422875,4.449828916672133,0.0946772109930241,268.8814383767028,0.6312596344153008,0.0002433537526658831,0.08124615494168036,0.02926386280114457,2641,2594,47,55.191489361702125,0.0
4516,251.1681597563413,1.4688196476979023,8.71323676427469,0.0509546009606707,8.71323676427469,0.0509546009606707,8.972804406804926,233.48211858525747,17.686041171079616,0.10342714135134279,234.1675835521064,0.6854649668489401,0.00024170132822600145,0.09941857429377136,0.18516482352242747,3007,2836,171,16.584795321637426,0.0
4517,294.80704836559244,7.967758063934931,2.142498621851726,0.05790536815815475,2.142498621851726,0.05790536815815475,1.7617927793239687,290.9027569644172,3.9042914011756946,0.10552138922096473,291.3318591344514,0.4291021700341844,0.00023945433595657612,0.0939240332740819,0.017251747297450493,1829,1792,37,48.432432432432435,0.0
4518,253.47466384938662,3.335192945386666,3.843892909662029,0.0505775382850267,3.843892909662029,0.0505775382850267,2.0388524890856843,247.59191845064356,5.882745398747714,0.07740454472036466,247.87632516110284,0.28440671045927957,0.00026382811730916474,0.07366235116162861,0.4507455895759449,1154,1078,76,14.18421052631579,0.0
4519,285.0575949523625,1.8390812577571773,7.342380277584277,0.0473701953392534,7.342380277584277,0.0473701953392534,9.521689117716733,268.1935255570593,16.86406939530101,0.10880044771161941,268.39819651575726,0.20467095869798868,0.00026006475056923595,0.10747998991358204,0.03475065924772025,942,787,155,5.077419354838709,0.0
4520,262.2737194495535,0.9607095950533094,13.786733644998423,0.050500855842485065,13.786733644998423,0.050500855842485065,14.773793572983095,233.71319223157366,28.560527217981516,0.10461731581678212,234.6308331850189,0.9176409534452432,0.00024237743091527818,0.10125599364298382,0.5168639695548336,4059,3786,273,13.868131868131869,0.0
4521,305.589655844577,1.9219475210350756,8.329393416544814,0.05238612211663405,8.329393416544814,0.05238612211663405,6.561072221305267,290.69919020673024,14.890465637850081,0.09365072728207598,291.54730765684076,0.8481174501105215,0.00024413282962306319,0.08831665526878146,0.05643642997029019,3633,3474,159,21.849056603773583,0.0
4522,259.2356529414358,2.0412256137120925,6.835244203460486,0.053820820499688865,6.835244203460486,0.053820820499688865,5.203022858632039,247.1973858793458,12.038267062092526,0.0947895044259254,247.99910616575016,0.8017202864043611,0.0002454746743430377,0.08847674626524103,0.1660769103173152,3393,3266,127,25.716535433070867,0.0
4523,281.6432103087541,2.4924177903429565,5.6346802749412594,0.04986442721186955,5.6346802749412594,0.04986442721186955,7.340464336974037,268.6680656968381,12.975144611915297,0.11482428860102033,269.123212761559,0.4551470647209044,0.00023730295345198352,0.110796438470753,0.025994142507215656,2031,1918,113,16.97345132743363,0.0
4524,252.21646746795545,1.4330481106133832,9.122608384917289,0.05183300218703005,9.122608384917289,0.05183300218703005,8.687979291475585,234.40587979156135,17.810587676392874,0.10119652088859588,235.25399724167187,0.8481174501105215,0.00024385205581096077,0.09637767174024764,0.21158168880583617,3654,3478,176,19.761363636363637,0.0
4525,566.4940150155728,0.21409448791215904,125.1626924875476,0.047302604870577324,125.1626924875476,0.047302604870577324,150.64009683855238,290.69122568951707,275.80278932609997,0.10423385839988661,291.18265168875405,0.4914259992369807,0.01638086664123269,0.1040481342882913,0.4524292256933222,2676,30,2646,0.011337868480725623,0.0
4526,258.92712290440545,4.244706932859105,3.810857796156735,0.06247307862552025,3.810857796156735,0.06247307862552025,4.895537249095014,250.22072785915202,8.70639504525175,0.14272778762707786,251.12918064849555,0.9084527893435279,0.00024329212355209638,0.12783511894934266,0.268178582372002,3795,3734,61,61.21311475409836,0.0
4527,305.1497061048856,0.9687292257297955,15.378678409201369,0.048821201299051965,15.378678409201369,0.048821201299051965,21.57899292010211,268.1920347755836,36.95767132930348,0.11732594072794755,269.0914003195519,0.8993655439683153,0.00024392881583084223,0.11447081201693234,0.1865427890409137,4002,3687,315,11.704761904761904,0.0
4528,257.5330262012069,1.082071538660533,12.047106081171385,0.05061809277803103,12.047106081171385,0.05061809277803103,11.205967257543762,234.2799528624937,23.253073338715147,0.09770198881813087,235.1066343162995,0.8266814538058043,0.00024508789024779254,0.09422853733154365,0.30209062421499766,3611,3373,238,14.172268907563025,0.0
4529,300.45393512746955,2.46273717317598,6.222083102034937,0.051000681164220796,6.222083102034937,0.051000681164220796,4.371346238307069,289.86050578712843,10.593429340342006,0.0868313880355902,290.3519317863654,0.4914259992369807,0.00024376289644691503,0.08280330607462408,0.07390790676072356,2138,2016,122,16.524590163934427,0.0
4530,266.84464596929797,1.7671830858893904,7.5862350729482415,0.050239967370518154,7.5862350729482415,0.050239967370518154,8.805837785822177,250.4525731105241,16.39207285877042,0.10855677389914185,250.7812525238619,0.32867941333779527,0.0002543958307568075,0.10638008904262303,0.11406621795481442,1443,1292,151,8.556291390728477,0.0
4531,317.61884570505913,0.7121498782624645,20.624160830307574,0.046242513072438506,20.624160830307574,0.046242513072438506,28.626170972033606,268.36851390271704,49.25033180234118,0.11042675292004749,268.4767556249842,0.10824172226716655,0.00030750489280445043,0.1101840584755043,0.23282166790431802,798,352,446,0.7892376681614349,0.0
4532,255.31001113329035,1.1500450951950016,11.07289605142744,0.04987791014156505,11.07289605142744,0.04987791014156505,9.093710840925496,235.14340424093848,20.166606892352938,0.0908405715871754,235.7560554487518,0.6126512078133146,0.0002419633522169489,0.08808088146188536,0.018377719406771575,2754,2532,222,11.405405405405405,0.0
4533,302.8720185190514,2.2434964334744545,6.759039596220533,0.05006695997200395,6.759039596220533,0.05006695997200395,5.64739689209182,290.46558203074187,12.406436488312352,0.09189952954305446,290.88783136071834,0.42224932997646647,0.00023909928084737625,0.08877175672839291,0.6655698505473993,1901,1766,135,13.08148148148148,0.0
4534,270.1966489009924,1.4845969719834746,9.681331718858289,0.05319413032339719,9.681331718858289,0.05319413032339719,9.80044973484064,250.7148674472935,19.48178145369893,0.10704275524010401,251.63479792193993,0.919930474646435,0.00024164183731190832,0.10198819219259589,0.05853156447983565,3989,3807,182,20.917582417582416,0.0
4535,286.7966852304353,1.5758059628045895,9.140668404085176,0.050223452769698765,9.140668404085176,0.050223452769698765,9.162417337276338,268.4935994890727,18.303085741361514,0.100566405172316,269.287696722256,0.7940972331832654,0.0002461553729644344,0.09620323356142473,0.1690260607149412,3408,3226,182,17.725274725274726,0.0
4536,241.4312011595764,2.908809652525017,4.106300626368023,0.049473501522506305,4.106300626368023,0.049473501522506305,3.013263040528045,234.31163749267375,7.1195636668960685,0.08577787550477191,234.55806666523358,0.24642917255982866,0.00024642917255982867,0.08280884932943158,0.5512904803358651,1083,1000,83,12.048192771084338,0.0
4537,298.8574004463428,2.988574004463428,5.510627296451874,0.05510627296451874,5.510627296451874,0.05510627296451874,3.115840527962291,290.230932621929,8.626467824414165,0.08626467824414165,291.0641890022973,0.8332563803683115,0.0004769641559063031,0.07793211444045482,0.02083366425836175,1847,1747,100,17.47,0.0
4538,263.3088741143679,2.2699040871928267,5.976249707481221,0.05151939403001053,5.976249707481221,0.05151939403001053,6.794571301558108,250.53805310532425,12.770821009039329,0.11009328456068387,250.9330456574769,0.39499255215264384,0.0002467161475032129,0.1066881763525085,0.40363767639200887,1717,1601,116,13.801724137931034,0.0
4539,577.1401840177919,0.17399462888688327,155.261996045629,0.04680795780694272,155.261996045629,0.04680795780694272,153.5819082115147,268.29627976066104,308.84390425714366,0.09310940737327213,268.47648505160123,0.18020529094019366,0.002095410359769694,0.0930550795797982,0.015655140608714646,3403,86,3317,0.025927042508290626,0.0
4540,244.6092443427524,2.0729596978199356,6.37169873072774,0.05399744687057407,6.37169873072774,0.05399744687057407,4.088219425081661,234.14932618693797,10.459918155809401,0.08864337420177458,235.0017679231437,0.8524417362057193,0.00024397302123804214,0.08141929169159917,0.20412259917952724,3612,3494,118,29.610169491525422,0.0
4541,307.0713068000887,1.9684058128210813,8.157075193135926,0.052288943545743115,8.157075193135926,0.052288943545743115,10.00285486069879,288.9113767462554,18.159930053834714,0.11640980803740202,289.74463312662374,0.8332563803683115,0.00047050049710237803,0.11106842098374961,0.6961404594933356,1927,1771,156,11.352564102564102,0.0
4542,276.96229689631855,1.1122983811097131,12.8108012980017,0.05144900119679397,12.8108012980017,0.05144900119679397,13.443153184370658,250.7083424139446,26.253954482372357,0.10543756820229862,251.61679520328812,0.9084527893435279,0.00024348774841691985,0.10178916342582502,0.13444354175453554,3980,3731,249,14.983935742971887,0.0
4543,523.4098900494082,0.18922989517332184,129.27224206057375,0.046736168496230565,129.27224206057375,0.046736168496230565,126.99121438344537,267.146433605413,256.2634564440191,0.09264767044252317,267.3266388963532,0.18020529094019366,0.004190820719539388,0.0925825203011768,0.11513955482064375,2809,43,2766,0.01554591467823572,0.0
4544,278.49508614516253,0.7214898604796957,18.64313555135328,0.04829827863044891,18.64313555135328,0.04829827863044891,24.64410157002203,235.2078490237982,43.28723712137531,0.11214310135071325,235.607866309286,0.4000172854878201,0.00024406179712496652,0.11110678713957649,0.3081220365638728,2025,1639,386,4.246113989637306,0.0
4545,304.72454576951145,2.1161426789549407,7.349158055424517,0.05103581982933692,7.349158055424517,0.05103581982933692,8.622270905124196,288.75311680896493,15.971428960548714,0.11091270111492163,289.34292847276447,0.5898116637995372,0.0002454480498541561,0.10681678678296515,0.43381118451975453,2547,2403,144,16.6875,0.0
4546,273.3879874546558,1.3807474113871505,10.413579192721267,0.05259383430667307,10.413579192721267,0.05259383430667307,11.70769753974173,251.2667107221955,22.121276732462995,0.11172361986092422,252.19774040547009,0.9310296832745735,0.00024188871999859015,0.10702144974336213,0.07724877568693955,4047,3849,198,19.439393939393938,0.0
4547,564.9555436318408,0.1759438005704892,150.27744394661494,0.046800823402869805,150.27744394661494,0.046800823402869805,148.36122372486034,266.3168759603857,298.6386676714753,0.09300487937448623,266.4970812513259,0.18020529094019366,0.00032469421791025884,0.09294875813781217,0.010375648256740533,3766,555,3211,0.1728433509810028,0.0
4548,259.33916215942213,1.1424632694247672,11.545300485112437,0.05086035455996668,11.545300485112437,0.05086035455996668,12.349226864967022,235.44463480934837,23.894527350079457,0.10526223502237646,236.28390257825936,0.839267768910986,0.00024418614166743844,0.1015650201813338,0.01824703090346702,3664,3437,227,15.140969162995594,0.0
4549,326.9885962208202,1.0446920007054958,17.237257403081763,0.055071109913999244,17.237257403081763,0.055071109913999244,19.333102469663345,290.4182363480845,36.57035987274511,0.11683821045605466,290.9035503407515,0.48531399266698827,0.00023479148169665615,0.11528768651779144,0.09056712140500167,2380,2035,345,5.898550724637682,1.0
4550,259.30298955770945,3.6014304105237422,4.261704194120166,0.059190336029446754,4.261704194120166,0.059190336029446754,3.6373579709700152,251.40392739261642,7.899062165090181,0.10970919673736362,252.21541254914996,0.8114851565335357,0.0002444232399197397,0.09843856956332628,0.7233096348300023,3392,3320,72,46.111111111111114,0.0
4551,276.9861550531082,2.663328413972194,5.562518018764418,0.0534857501804271,5.562518018764418,0.0534857501804271,6.276324101346972,265.14731293299724,11.83884212011139,0.11383502038568645,265.95562109428715,0.808308161289915,0.00024427566071015864,0.10606282652712523,0.75,3413,3309,104,31.817307692307693,0.0
4552,251.92336537120127,1.3841943152263807,8.870974607363003,0.048741618721774745,8.870974607363003,0.048741618721774745,8.075567785811927,234.97682297803112,16.94654239317493,0.09311287029216994,235.27074867692318,0.29392569889205333,0.00026080363699383614,0.09149789392460492,0.025541198565179002,1309,1127,182,6.1923076923076925,0.0
4553,301.7898326505483,4.373765690587657,4.148228782545225,0.060119257718046736,4.148228782545225,0.060119257718046736,5.823322345216184,291.8182815227906,9.971551127761408,0.1445152337356726,292.74570478041437,0.9274232576237864,0.00024189443339170226,0.1310743169584628,0.32290239676399324,3903,3834,69,55.56521739130435,0.0
4554,279.0289760823448,1.0183539273078277,13.64696805536082,0.04980645275679131,13.64696805536082,0.04980645275679131,14.016502019303516,251.36550600767805,27.663470074664335,0.10096156961556327,251.96647318748455,0.6009671798065028,0.00024232547572842857,0.09876825874036586,0.18964074901668937,2754,2480,274,9.05109489051095,0.0
4555,283.881252295271,1.5948384960408484,8.936286671302025,0.050203857703943956,8.936286671302025,0.050203857703943956,9.025421522994293,265.91954410097424,17.961708194296317,0.10090847300166471,266.696866408422,0.7773223074477755,0.00024591025227705646,0.09654149374634262,0.052513774110366285,3339,3161,178,17.758426966292134,0.0
4556,262.8898183734809,1.0643312484756313,12.297698731041903,0.049788253971829566,12.297698731041903,0.049788253971829566,14.70853079214703,235.88358885030425,27.006229523188935,0.10933696163234387,236.51119940133572,0.6276105510314665,0.00024222715207698436,0.10679602822730852,0.1867382871589598,2838,2591,247,10.489878542510121,0.0
4557,299.9535860435867,4.411082147699805,3.770328404870852,0.05544600595398312,3.770328404870852,0.05544600595398312,3.9379542027036223,292.245303436016,7.708282607574475,0.11335709717021286,292.84186568439395,0.5965622483779498,0.00024409257298606783,0.10458412292930529,0.07150853411235403,2512,2444,68,35.94117647058823,0.0
4558,285.59003176903275,0.8326239993266261,16.931193005581935,0.04936207873347503,16.931193005581935,0.04936207873347503,17.199863858389335,251.45897490505786,34.13105686397127,0.0995074544139104,252.11861779873925,0.6596428936813936,0.00024083347706513092,0.09758429728948541,0.24542410958656546,3082,2739,343,7.985422740524782,0.0
4559,292.19327645737644,1.2277028422578842,11.15374170301203,0.046864460937025336,11.15374170301203,0.046864460937025336,14.895616228433482,266.14391852593144,26.049357931445513,0.10945108374556939,266.37550236737593,0.23158384144448974,0.00025337400595677213,0.10847804239496013,0.049276951632691635,1152,914,238,3.8403361344537816,0.0
4560,254.3520503094462,1.4702430653725214,9.028949941681303,0.05219046209064337,9.028949941681303,0.05219046209064337,9.382868521409591,235.9402318463633,18.411818463090896,0.10642669631844448,236.81264358946146,0.8724117430981551,0.00024348639215689507,0.10138385387274425,0.345769243593395,3756,3583,173,20.710982658959537,0.0
4561,317.4391853255702,1.3984105080421594,11.261452601536691,0.049609923354787186,11.261452601536691,0.049609923354787186,12.924582686035365,293.2531500380053,24.186035287572054,0.1065464109584672,293.813026100318,0.5598760623126964,0.00024470107618561907,0.10407999658701407,0.13411475938278272,2515,2288,227,10.079295154185022,0.0
4562,263.8233717296673,1.871087742763598,7.656848018769055,0.05430388665793656,7.656848018769055,0.05430388665793656,4.604943424447356,251.561580286452,12.26179144321641,0.08696305988096745,252.4505163420531,0.888936055601107,0.0002456302999726739,0.08065854884832772,0.027876557678382596,3760,3619,141,25.666666666666668,0.0
4563,282.56608456680306,1.788392940296222,7.520492032556269,0.04759805083896373,7.520492032556269,0.04759805083896373,8.502888137609943,266.5427043966379,16.023380170166213,0.10141379854535577,266.83365394057773,0.2909495439398597,0.0002640195498546821,0.09957234573560331,0.2544592853228096,1260,1102,158,6.974683544303797,0.0
4564,246.5883634537886,2.021216093883513,6.027722046324048,0.0494075577567545,6.027722046324048,0.0494075577567545,3.7516881186650153,236.80895328880592,9.779410164989063,0.08015909971302511,237.0914487972566,0.2824955084506655,0.00026500516740212527,0.07784356275845901,0.11077747860372256,1188,1066,122,8.737704918032787,0.0
4565,306.91393545512074,2.9510955332223148,5.645440808633071,0.05428308469839492,5.645440808633071,0.05428308469839492,7.62766471373061,293.6408299327625,13.273105522363682,0.12762601463811232,294.4049128198267,0.7640828870642054,0.0002464783506658727,0.12027906380090442,0.15345491711150316,3204,3100,104,29.807692307692307,0.0
4566,268.163693859226,1.7997563346256777,7.698766790803859,0.05166957577720711,7.698766790803859,0.05166957577720711,7.296207096027501,253.16871997240105,14.99497388683136,0.10063740863645208,253.76036507411231,0.5916451017112649,0.0002443804633255948,0.0966666361417025,0.2735871140141626,2570,2421,149,16.248322147651006,0.0
4567,281.40032970997504,1.8154859981288711,7.6034133574021245,0.049054279725174996,7.6034133574021245,0.049054279725174996,7.991269139538645,265.8056472130352,15.59468249694077,0.10061085481897271,266.31726621110647,0.5116189980712988,0.0002482382329312464,0.09731008708947464,0.536019591575041,2216,2061,155,13.296774193548387,0.0
4568,255.62688805032712,1.4948940821656558,8.837725207127074,0.05168260355045072,8.837725207127074,0.05168260355045072,9.95376896232824,236.8353938808807,18.791494169455312,0.10989177876874452,237.60788475009122,0.7724908692105146,0.00024688107037728176,0.10537428830547314,0.04562318853299985,3300,3129,171,18.29824561403509,0.0
4569,309.1380884905127,2.224015025111602,6.914050037122768,0.0497413671735451,6.914050037122768,0.0497413671735451,8.724089187527852,293.4999492658678,15.63813922465062,0.11250459873849367,293.87429030025214,0.3743410343843152,0.000246115078490674,0.1098114977716587,0.04973365983664735,1660,1521,139,10.942446043165468,0.0
4570,264.9550611381817,2.344735054320192,6.09722535360078,0.0539577464920423,6.09722535360078,0.0539577464920423,4.9808476163532305,253.876988168234,11.078072969954011,0.0980360439818939,254.5936583728119,0.7166702045778948,0.00023992976383592057,0.09169382978203365,0.1283560716815373,3100,2987,113,26.43362831858407,0.0
4571,276.45880761286116,3.0717645290317908,4.636690301702757,0.05151878113003063,4.636690301702757,0.05151878113003063,5.831502557248086,265.99061475391204,10.468192858950843,0.1163132539883427,266.52154139080676,0.5309266368947192,0.00025055527932738047,0.11041406913393782,0.10293853714324541,2209,2119,90,23.544444444444444,0.0
4572,249.6817039453599,2.171145251698782,5.991113653492364,0.05209664046515099,5.991113653492364,0.05209664046515099,5.788053556348814,237.90253673552547,11.779167209841177,0.10242754095514067,238.4831597433083,0.5806230077828332,0.0002455065572020436,0.09737864523523138,0.04304621356959615,2480,2365,115,20.565217391304348,0.0
4573,345.9481346184118,0.6946749691132768,24.26707667729054,0.048729069633113534,24.26707667729054,0.048729069633113534,27.688844215280824,293.9922137258552,51.95592089257136,0.104329158418818,294.76850626075293,0.7762925348977205,0.0005497822485111335,0.10277033806758812,0.75,1910,1412,498,2.8353413654618476,0.0
4574,281.5649306129992,0.9609724594300314,14.017106895919273,0.047839955276174996,14.017106895919273,0.047839955276174996,13.996453067101356,253.55137064997848,28.01355996302063,0.09560941966901239,253.73086718557033,0.17949653559185208,0.00026671104842771484,0.09499680350658318,0.14630297212056576,966,673,293,2.2969283276450514,0.0
4575,292.22136084296244,1.4185502953541866,12.441069542351325,0.06039354146772488,12.441069542351325,0.06039354146772488,14.029809658897875,265.75048164171585,26.4708792012492,0.12849941359829709,266.6698943563624,0.9194127146465689,0.00024062096693184217,0.12403624508058263,0.10859120597183392,4027,3795,232,16.357758620689655,1.0
4576,246.30457134472908,2.7989155834628305,4.924232938114608,0.05595719247857509,4.924232938114608,0.05595719247857509,3.23520402725444,238.1451343793649,8.159436965369048,0.09272087460646646,238.93590667113995,0.7907722917750561,0.0002461164929271883,0.0837348258362402,0.09464068451597996,3301,3213,88,36.51136363636363,0.0
4577,308.19771692231393,2.426753676553653,6.739905121330443,0.053070119065594036,6.739905121330443,0.053070119065594036,8.565132937740373,292.89267886324683,15.305038059070815,0.120512110701345,293.66897139814455,0.7762925348977205,0.0004232783723542642,0.11439957105645182,0.75,1961,1834,127,14.440944881889763,0.0
4578,264.9820874008258,2.2648041658190237,6.0664162668979476,0.05184971168288844,6.0664162668979476,0.05184971168288844,5.659651629746804,253.2560195041874,11.726067896644752,0.10022280253542523,253.76226520562386,0.5062457014364554,0.00024694912265192946,0.09589591619830695,0.09813257192104174,2167,2050,117,17.521367521367523,0.0
4579,275.2685492960054,4.234900758400083,3.3135679611709676,0.050977968633399505,3.3135679611709676,0.050977968633399505,3.6236574997210482,268.33132383511406,6.937225460892016,0.10672654555218486,268.6933424355241,0.36201860041001055,0.00024881003464605536,0.10115702862278969,0.11619214399411248,1520,1455,65,22.384615384615383,0.0
4580,247.25666811703604,2.4975421021922832,5.339142143494548,0.05393072872216715,5.339142143494548,0.05393072872216715,4.3071202681223895,237.61040570542445,9.646262411616938,0.09743699405673675,238.30056670187582,0.6901609964513682,0.0002417376519969766,0.09046567086020424,0.36117624980033725,2954,2855,99,28.838383838383837,0.0
4581,318.66320837292733,1.2901344468539568,12.376483435476315,0.050107220386543784,12.376483435476315,0.050107220386543784,13.145884820633682,293.14084011682394,25.52236825611,0.10332942613809716,293.86690859582404,0.7260684790001051,0.00024065909148163908,0.10038987764009427,0.14078778931957459,3264,3017,247,12.214574898785425,0.0
4582,325.25172756193933,0.4473888962337542,35.20925567604671,0.048430888137615834,35.20925567604671,0.048430888137615834,36.54944283186069,253.49302905404875,71.7586985079074,0.09870522490771307,254.18937251151374,0.6963434574649909,0.00024136688300346307,0.09774739346688527,0.3235360956605291,3612,2885,727,3.968363136176066,0.0
4583,283.8436027785808,1.9309088624393254,7.244981854729802,0.04928559084850205,7.244981854729802,0.04928559084850205,8.734528522185201,267.8640924016661,15.979510376915002,0.10870415222391158,268.3808217671601,0.5167293654940295,0.0002493867594083154,0.10518898647224968,0.2343871278867482,2219,2072,147,14.095238095238095,0.0
4584,258.93079818004094,2.19432879813594,9.579687213110201,0.08118378994161188,9.579687213110201,0.08118378994161188,10.909218033869365,238.4418929330684,20.488905246979566,0.1736347902286404,239.35953388651365,0.9176409534452432,0.00023928056152418338,0.16585817197904484,0.20703831660489413,3953,3788,165,22.957575757575757,1.0
4585,302.3903672825811,3.9271476270465078,4.334927531699388,0.0562977601519401,4.334927531699388,0.0562977601519401,5.013669460403889,293.0417702904813,9.348596992103278,0.12141035054679582,293.77906349552586,0.7372932050445797,0.00024016065310898362,0.11183511411760064,0.06017676519059023,3147,3070,77,39.87012987012987,0.0
4586,269.86717251645837,1.5599258526962911,9.084181130708684,0.05250971751854731,9.084181130708684,0.05250971751854731,6.738678374429128,254.04431301131967,15.822859505137812,0.09146161563663475,254.9604230847649,0.9161100734452248,0.0002424854614730611,0.08616618168608942,0.3627970039374304,3951,3778,173,21.838150289017342,0.0
4587,290.625067503707,1.5136722265818072,9.086839745603314,0.047327290341683925,9.086839745603314,0.047327290341683925,13.792782643966575,267.7454451141384,22.87962238956989,0.11916469994567651,268.03715251122094,0.2917073970825186,0.0002635116504810466,0.11764539058586483,0.6514193999546478,1299,1107,192,5.765625,0.0
4588,252.26563352064477,3.6037947645806394,3.9628802976536215,0.05661257568076602,3.9628802976536215,0.05661257568076602,6.26658235016248,242.03617087283055,10.229462647816101,0.14613518068308715,242.7361496925646,0.6999788197340422,0.00024153858513942104,0.1361354832582882,0.07328728983793553,2968,2898,70,41.4,0.0
4589,345.20366239424425,0.6613096980732649,25.10866888660787,0.04810089825020665,25.10866888660787,0.04810089825020665,27.870330760047636,292.2246627476054,52.97899964665551,0.10149233648784581,292.7165796268423,0.4919168792368964,0.00024031112810791227,0.10054996698736005,0.75,2569,2047,522,3.921455938697318,0.0
4590,275.19991020667067,1.2623849092049113,10.796085771088531,0.04952332922517675,10.796085771088531,0.04952332922517675,10.774314871279557,253.62950956429995,21.57040064236809,0.0989467919374683,254.14771783285096,0.5182082685510068,0.00024997986905499604,0.0965696897881638,0.14832536592166434,2291,2073,218,9.509174311926605,0.0
4591,280.96514600563864,2.195040203169052,6.769812421205106,0.05288915954066489,6.769812421205106,0.05288915954066489,7.071703703613366,267.12362988081964,13.841516124818472,0.10813684472514432,268.0412708342649,0.9176409534452432,0.00024205775611850256,0.10096777477635754,0.12649706968909413,3919,3791,128,29.6171875,0.0
4592,261.5018523835897,1.7669044079972278,7.761786001408745,0.052444500009518544,7.761786001408745,0.052444500009518544,12.163191021754528,241.5768753604318,19.924977023163272,0.13462822312948158,242.37650174950272,0.7996263890709088,0.0002453594320561242,0.12922534212220946,0.32394279457867015,3407,3259,148,22.02027027027027,0.0
4593,313.1533279186465,1.3734795084151161,11.547801304213493,0.05064825133426971,11.547801304213493,0.05064825133426971,10.237712217786111,291.3678143966529,21.785513521999604,0.09555049790350703,292.1647034115506,0.7968890148977152,0.00024640971394487176,0.09205537064515742,0.75,3462,3234,228,14.18421052631579,0.0
4594,270.4602339178532,1.43100652866589,9.39474176777809,0.049707628400942276,9.39474176777809,0.049707628400942276,8.344652559106635,252.72083959096767,17.739394326884725,0.09385922924277632,253.20106367263634,0.48022408166866626,0.00023867996106792557,0.09131836108580352,0.22643837761552277,2201,2012,189,10.645502645502646,0.0
4595,277.9537084062936,2.504087463119762,5.950105017476216,0.05360454970699294,5.950105017476216,0.05360454970699294,5.352670437807774,266.65093295100974,11.302775455283989,0.10182680590345936,267.5330064546781,0.88207350366838,0.0002444771351630765,0.0938801977623014,0.18225025858464505,3719,3608,111,32.5045045045045,0.0
4596,509.6967018997209,0.18891649440315822,127.62237532791002,0.04730258536987028,127.62237532791002,0.04730258536987028,141.51176800953112,240.56255856233088,269.1341433374412,0.09975320360913313,240.67689196046877,0.11433339813788734,0.000289451640855411,0.09971082651566053,0.75,3093,395,2698,0.14640474425500372,0.0
4597,328.94573450163284,0.8679306978934903,18.727814695747085,0.04941375909168096,18.727814695747085,0.04941375909168096,19.254692998398014,290.9632268074997,37.9825076941451,0.10021769840143825,291.83270875162293,0.8694819441232085,0.0002438255592044892,0.09792355079158288,0.08982733627931339,3945,3566,379,9.408970976253299,0.0
4598,266.38196561353607,2.114142584234413,6.534966491169032,0.05186481342197645,6.534966491169032,0.05186481342197645,5.636658305963238,254.21034081639982,12.17162479713227,0.09660019680263707,254.84906522339043,0.6387244069906046,0.0006831277080113419,0.09153095547734637,0.08928803649109796,1061,935,126,7.420634920634921,0.0
4599,281.231723444487,2.424411409004198,5.953475956298498,0.051323068588780156,5.953475956298498,0.051323068588780156,8.086481878629002,267.19176560955975,14.039957834927499,0.12103411926661636,267.85140850324115,0.6596428936813936,0.00024092143669882893,0.11534754259694692,0.06272078501547185,2854,2738,116,23.603448275862068,0.0
4600,258.17386762652063,1.831020337776742,7.481699737791852,0.05306170026802732,7.481699737791852,0.05306170026802732,10.554320171885365,240.13784771684846,18.03601990967722,0.1279150348204058,240.98596516695898,0.8481174501105215,0.00024385205581096077,0.12190001744369969,0.48400059303367016,3619,3478,141,24.666666666666668,0.0
4601,303.0951312581012,2.0618716412115727,7.704166506280613,0.0524092959610926,7.704166506280613,0.0524092959610926,4.152711123662812,291.23825362816183,11.856877629943424,0.08065903149621377,292.0290259199369,0.7907722917750561,0.0002464232757167517,0.07527962815077778,0.005485077349476342,3356,3209,147,21.829931972789115,0.0
4602,281.54899952549636,0.9776006927968623,14.152501337663788,0.04914062964466593,14.152501337663788,0.04914062964466593,14.169772394649272,253.22672579317782,28.322273732313057,0.09834122823719811,253.86545020016842,0.6387244069906046,0.00036188351670855785,0.09612343515738865,0.4314085678233823,2053,1765,288,6.128472222222222,0.0
4603,275.748408627004,2.842767099247464,4.7732995874907544,0.04920927409784283,4.7732995874907544,0.04920927409784283,4.337164157776897,266.63794488173744,9.110463745267651,0.09392230665224383,266.9938082680869,0.35586338634948333,0.0002502555459560361,0.09025361194759855,0.2925693832971774,1519,1422,97,14.65979381443299,0.0
4604,253.85060025309122,2.5385060025309123,5.625104563052192,0.05625104563052192,5.625104563052192,0.05625104563052192,7.815737178317477,240.40975851172539,13.440841741369669,0.1344084174136967,241.34033507499998,0.9305765632745988,0.00024183382621481258,0.12510265178091232,0.08072617123912096,3948,3848,100,38.48,0.0
4605,308.00428815422424,1.5477602419810264,10.151931312814055,0.051014730215146006,10.151931312814055,0.051014730215146006,6.2652329602799455,291.58712388113645,16.417164273094002,0.08249831293012061,292.35792451034695,0.7708006292104983,0.00024673515659747066,0.07862494293405675,0.2016703375841189,3323,3124,199,15.698492462311558,0.0
4606,277.6659755949004,1.176550744046188,11.495155438160511,0.04870828575491742,11.495155438160511,0.04870828575491742,13.083500511556622,253.08731964517528,24.57865594971713,0.10414684724456412,253.52597598446073,0.4386563392854441,0.0005355999258674531,0.10228813394254087,0.20316466287272306,1055,819,236,3.4703389830508473,0.0
4607,276.63990849457923,5.122961268418134,3.277105939878163,0.06068714703478079,3.277105939878163,0.06068714703478079,4.795805617460019,268.5669969372416,8.072911557338182,0.1494983621729293,269.39879170773975,0.8317947704981634,0.00024500582341624845,0.1340947553118423,0.6506606911009385,3449,3395,54,62.870370370370374,0.0
4608,254.13777343330048,2.7326642304655966,5.157367098305469,0.055455560196833,5.157367098305469,0.055455560196833,7.9800268536978365,241.00037948130057,13.137393952003306,0.14126230055917532,241.79742465619825,0.7970451748976757,0.0002454712580528721,0.13269192233443264,0.04202029436851262,3340,3247,93,34.913978494623656,0.0
4609,313.4051221034499,1.3929116537931108,11.4402455257076,0.05084553566981155,11.4402455257076,0.05084553566981155,9.807461416798787,292.15741516095,21.247706942506387,0.09443425307780616,292.9808884797337,0.8234733187837264,0.0002460332592721023,0.09077437166096085,0.009616687385687328,3572,3347,225,14.875555555555556,0.0
4610,261.95598858794324,2.6730202917137067,5.017981875464335,0.051203896688411576,5.017981875464335,0.051203896688411576,4.662865277933406,252.27514143454323,9.68084715339774,0.09878415462650755,252.71379777382867,0.4386563392854441,0.00042057175386907395,0.09430806953178128,0.10988053777691675,1141,1043,98,10.642857142857142,0.0
4611,288.21501504636126,1.8961514147786924,7.741498092942808,0.05093090850620269,7.741498092942808,0.05093090850620269,10.996747618339668,269.4767693350825,18.738245711282477,0.12327793231106893,270.2738145099802,0.7970451748976757,0.0002453956819266243,0.11803421405513866,0.0372434156977306,3400,3248,152,21.36842105263158,0.0
4612,269.476243479867,1.1923727587604733,10.862651610802523,0.04806483013629435,10.862651610802523,0.04806483013629435,17.08726180824874,241.5263300608226,27.949913419051263,0.12367218327013833,241.7579139022671,0.23158384144448974,0.00025282078760315474,0.12264747600707915,0.11435395451530894,1142,916,226,4.053097345132743,0.0
4613,351.5818282222772,0.5698246810733828,29.57503758940811,0.04793361035560472,29.57503758940811,0.04793361035560472,29.505541665924056,292.50124896696707,59.08057925533217,0.09575458550296947,292.97158434934386,0.4703353823767884,0.00024070388043847922,0.09499229152825499,0.21816160477669655,2571,1954,617,3.166936790923825,0.0
4614,275.45217531995604,1.1872938591377415,11.475112281079832,0.04946169086672342,11.475112281079832,0.04946169086672342,11.69933945218986,252.2777235866788,23.17445173326969,0.09988987816064522,252.8845623385978,0.6068387519189855,0.0002415759362734815,0.09727419388516488,0.06631521216013425,2744,2512,232,10.827586206896552,0.0
4615,293.10146837697516,1.5265701477967457,9.711742400911923,0.05058199167141627,9.711742400911923,0.05058199167141627,13.608811295276382,269.7809146807879,23.320553696188306,0.12146121716764742,270.69375798117903,0.9128433003911596,0.00024297133361489474,0.11670682497810485,0.416600282073432,3949,3757,192,19.567708333333332,0.0
4616,265.6016094914223,1.2769308148626073,10.653116129523701,0.05121690446886395,10.653116129523701,0.05121690446886395,13.822165144323662,241.1263282175812,24.475281273847365,0.11766962150888156,241.98444251794945,0.8581143003682428,0.0002446163912110156,0.11354407198785037,0.02410160346585144,3716,3508,208,16.865384615384617,0.0
4617,303.1786102988924,2.7561691845353855,6.020185904158379,0.054728962765076175,6.020185904158379,0.054728962765076175,2.8704522635180183,294.28797213121743,8.890638167676396,0.0808239833425127,295.1460864315857,0.8581143003682428,0.0002444073769206046,0.07302294424824306,0.12762235693730872,3621,3511,110,31.918181818181818,0.0
4618,266.94264622203605,1.86673179176249,7.467270635350212,0.0522186757716798,7.467270635350212,0.0522186757716798,6.504366424495174,252.97100916218233,13.971637059845385,0.09770375566325444,253.74707578963012,0.7760666274477899,0.00024566844806830955,0.09227671631053097,0.6248989117354995,3302,3159,143,22.09090909090909,0.0
4619,280.7766842107276,2.955544044323448,4.950587519709044,0.05211144757588468,4.950587519709044,0.05211144757588468,6.240276406222165,269.5858202847985,11.19086392593121,0.11779856764138115,270.20768239889003,0.6218621140915275,0.00024159367291823135,0.1112526506509216,0.331314824241872,2669,2574,95,27.094736842105263,0.0
4620,282.84223494453636,0.7623779917642489,17.725048006066338,0.047776409719855355,17.725048006066338,0.047776409719855355,24.538039447537813,240.57914749093402,42.26308745360415,0.11391667777251792,240.89344354110153,0.3142960501675134,0.00025552524403862876,0.11306951860764104,0.3214589341007468,1601,1230,371,3.315363881401617,0.0
4621,326.891600960618,1.1081071219004,16.20592555480772,0.05493534086375498,16.20592555480772,0.05493534086375498,17.210905085158856,293.4747703206601,33.41683063996658,0.1132773919998867,294.08742152847344,0.6126512078133146,0.0002394103977386927,0.11120060824455785,0.393643440847427,2854,2535,319,7.946708463949843,1.0
4622,274.13062467275563,1.3116297831232326,10.365308744050168,0.04959477867966588,10.365308744050168,0.04959477867966588,11.112115509215755,252.6532004194794,21.477424253265923,0.10276279547017188,253.24168004245348,0.5884796229740914,0.0002456091915584689,0.09994710349426865,0.047458170960680945,2605,2396,209,11.464114832535886,0.0
4623,290.0901256372931,1.5680547331745573,9.062597835161686,0.0489870153251983,9.062597835161686,0.0489870153251983,11.881234729659582,269.1462930724731,20.943832564821268,0.11320990575579064,269.73379925544737,0.5875061829742663,0.0002456129527484391,0.11003419665862565,0.436751853793794,2577,2392,185,12.92972972972973,0.0
4624,268.3888994986278,1.142080423398416,11.49996431651657,0.048936018368155615,11.49996431651657,0.048936018368155615,16.40430503497373,240.48463014714025,27.9042693514903,0.11874157170846936,240.93810661518432,0.45347646804407304,0.00023717388496028924,0.11681188461039768,0.29246942702434353,2147,1912,235,8.136170212765958,0.0
4625,321.0062549057932,1.4266944662479697,11.443424024188566,0.05085966232972696,11.443424024188566,0.05085966232972696,12.156453507541755,297.4063773740702,23.59987753173032,0.1048883445854681,298.27878911716834,0.8724117430981551,0.0002436904310330042,0.10101095906055485,0.21464255825162581,3805,3580,225,15.911111111111111,0.0
4626,470.74701872340484,0.23030676062788885,97.01769829960395,0.04746462734814283,97.01769829960395,0.04746462734814283,121.5511184511538,252.17820197268406,218.56881675075775,0.10693190643383452,252.41234499735856,0.23414302467449488,0.0002509571539919559,0.10681735505188174,0.5955576673652558,2977,933,2044,0.45645792563600784,0.0
4627,281.6942246518556,2.4283984883780656,5.873193197541274,0.050630975840873046,5.873193197541274,0.050630975840873046,7.4160116628604555,268.40501979145574,13.289204860401728,0.11456211086553214,268.99113240637985,0.5861126149241045,0.00024595577630050544,0.1095094159092739,0.22610981135039765,2499,2383,116,20.54310344827586,0.0
4628,271.52979143650805,0.9946146206465496,13.753469667404007,0.05037900977071065,13.753469667404007,0.05037900977071065,17.540480098281478,240.23584167082277,31.293949765685483,0.11462985262155855,241.15525438546933,0.9194127146465689,0.00024195071438067603,0.11126204047999529,0.0893092232518029,4073,3800,273,13.91941391941392,0.0
4629,323.1263887767543,1.3634024842901025,11.904818816948225,0.050231303025098,11.904818816948225,0.050231303025098,13.94474601989532,297.27682393991927,25.849564836843545,0.10906989382634406,298.0448769674156,0.7680530274963075,0.0002462497683540582,0.10582916375248412,0.3280652911855668,3356,3119,237,13.160337552742616,0.0
4630,259.7937779434642,2.8548766806974086,5.066310427128991,0.05567374095746144,5.066310427128991,0.05567374095746144,3.079200893501138,251.64826662282735,8.14551132063013,0.0895111134135179,252.47764974243387,0.8293831196065184,0.0002445836389284926,0.08039701319813543,0.21467278560066916,3482,3391,91,37.26373626373626,0.0
4631,302.8156541391859,1.0625110671550382,13.297375284892702,0.04665745713997439,13.297375284892702,0.04665745713997439,20.20879293208168,269.30948592221034,33.50616821697438,0.11756550251569958,269.5000256827268,0.19053976051645805,0.000256792130076089,0.116896941952488,0.020431993129477632,1027,742,285,2.6035087719298247,0.0
4632,272.4512953918704,1.0090788718217423,13.572973350281273,0.05027027166770842,13.572973350281273,0.05027027166770842,17.778751681402355,241.0995703601866,31.35172503168363,0.11611750011734677,241.98900222223415,0.8894318620475588,0.0002440142282709352,0.11282330803568988,0.014386809985353466,3915,3645,270,13.5,0.0
4633,314.32731704785147,1.9050140427142512,8.540978580345532,0.05176350654754868,8.540978580345532,0.05176350654754868,7.127300684673173,298.659037782837,15.668279265018706,0.09495926827284064,299.4633063041913,0.8042685213542882,0.00024468163107827445,0.09008491359794045,0.3684008132308918,3452,3287,165,19.921212121212122,0.0
4634,330.91118556335005,0.43540945468861847,36.08141996403199,0.047475552584252616,36.08141996403199,0.047475552584252616,42.86223639280115,251.96752920652966,78.94365635683315,0.10387323204846466,251.99696014330357,0.02943093677390607,0.02943093677390607,0.10383450713164011,0.10690091955848402,761,1,760,0.0013157894736842105,0.0
4635,275.4684642051625,4.372515304843849,3.499730534857737,0.05555127833107519,3.499730534857737,0.05555127833107519,3.3831574661712693,268.58557620413376,6.8828880010290066,0.10925219049252391,269.2319962057545,0.6464200016207542,0.00024283245740824725,0.09899155554615838,0.42476093581831265,2725,2662,63,42.25396825396825,0.0
4636,254.22853474849194,2.154479108038067,6.002462633524493,0.05086832740274994,6.002462633524493,0.05086832740274994,7.129036540083916,241.09703557488933,13.13149917360841,0.11128389130176618,241.54772202379672,0.4506864489073905,0.0002379548304685272,0.10746451461606114,0.13468700973680825,2012,1894,118,16.050847457627118,0.0
4637,306.14177905123574,4.436837377554141,3.6578130000808806,0.05301178260986784,3.6578130000808806,0.05301178260986784,3.955850447623561,298.528115603533,7.613663447704441,0.11034294851745567,298.9667047774119,0.4385891738788814,0.00023940457089458592,0.10398658367860636,0.50591865144861,1901,1832,69,26.55072463768116,0.0
4638,262.27474510897173,2.098197960871774,6.643314769161805,0.053146518153294436,6.643314769161805,0.053146518153294436,4.880087040599392,250.75134329920206,11.523401809761197,0.09218721447808957,251.55576926055642,0.8044259613543545,0.00024443207576856714,0.0857518067873225,0.5096449940983803,3416,3291,125,26.328,0.0
4639,291.04597347596473,1.508010225264066,9.294603270326768,0.048158566167496204,9.294603270326768,0.048158566167496204,13.04205601361582,268.70931419202157,22.336659283942588,0.11573398592716366,269.16279066006564,0.45347646804407304,0.0002375466045280634,0.11338436692175695,0.06427776487817027,2102,1909,193,9.89119170984456,0.0
4640,270.0722557176864,1.10233573762321,12.061515580025443,0.049230675836838544,12.061515580025443,0.049230675836838544,16.760232549037028,241.25050758862153,28.82174812906247,0.11763978828188763,241.81834027207947,0.5678326834579366,0.00024634823577350827,0.11532210385962015,0.2644485854143568,2550,2305,245,9.408163265306122,0.0
4641,313.65631343815994,2.1337164179466663,7.757545851880803,0.0527724207610939,7.757545851880803,0.0527724207610939,6.67494747124897,299.2238201150351,14.432493323129773,0.09818022668795763,300.1070660987036,0.8832459836685302,0.00024432807293735275,0.09217175060854636,0.23051535904937737,3762,3615,147,24.591836734693878,0.0
4642,298.7030112375585,0.639621009074001,22.929185443419687,0.04909889816578091,22.929185443419687,0.04909889816578091,22.944611378252148,252.8292144158968,45.87379682167183,0.09823082831193111,253.62331164908005,0.7940972331832654,0.00024600286034177985,0.0965304059710459,0.002875064034924435,3695,3228,467,6.91220556745182,0.0
4643,283.07906417880577,2.1609088868611126,6.8369979505330685,0.05219082404987075,6.8369979505330685,0.05219082404987075,7.907291103720354,268.33477512455397,14.744289054253422,0.11255182484162918,269.19480832604154,0.8600332014875676,0.00024391185521485185,0.10598668589896357,0.3756156207748518,3657,3526,131,26.916030534351144,0.0
4644,317.08208910896747,0.4602062251218686,33.08796784331241,0.048023175389422953,33.08796784331241,0.048023175389422953,42.429357374972824,241.5647638906778,75.51732521828524,0.10960424559983344,242.27116397968848,0.7064000890106854,0.00024076349318700934,0.10857899147935993,0.1205137742081206,3623,2934,689,4.2583454281567485,0.0
4645,309.0238157397339,2.9713828436512872,5.522884711022234,0.0531046606829061,5.522884711022234,0.0531046606829061,3.983752343291826,299.51717868542255,9.50663705431406,0.09140997167609674,300.1753570941514,0.6581784087288725,0.00024091449807059752,0.08508133313060065,0.09088295426317927,2836,2732,104,26.26923076923077,0.0
4646,263.00374220044046,3.9254289880662756,3.6333567756956984,0.05422920560739848,3.6333567756956984,0.05422920560739848,4.60393877158117,254.76644665316167,8.237295547276869,0.12294470966084879,255.30158334190605,0.5351366887443874,0.00024971380716023675,0.11495759490349856,0.010513566531471952,2210,2143,67,31.98507462686567,0.0
4647,551.8120387419478,0.1788693804674061,144.69690903981692,0.04690337408097793,144.69690903981692,0.04690337408097793,138.33632568087637,268.7788040212697,283.03323472069326,0.0917449707360432,269.0930344013766,0.31423038010689197,0.0014028141969057678,0.09164311323843477,0.19409400976906,3309,224,3085,0.07260940032414911,0.0
4648,581.2657344187085,0.17050916234048355,161.58769105463986,0.04740032005122906,161.58769105463986,0.04740032005122906,177.74287615412095,241.93516721001856,339.33056720876084,0.09953962077112374,241.9937165068677,0.05854929684915078,0.0004182092632082198,0.09952244585269603,0.04050623910620743,3549,140,3409,0.04106776180698152,0.0
4649,309.9865925657068,3.0095785685990952,5.690700482780938,0.055249519250300375,5.690700482780938,0.055249519250300375,3.828908849969366,300.4669832329587,9.519609332750305,0.09242339158010004,301.34905673662706,0.88207350366838,0.00024468058354185296,0.0838595711561141,0.17449049349784218,3708,3605,103,35.0,0.0
4650,273.6322710739446,1.5034740168898055,9.43137142323314,0.05182072210567659,9.43137142323314,0.05182072210567659,9.229845689120339,254.97105396158986,18.661217112353476,0.10253415995798613,255.88716403503508,0.9161100734452248,0.0002422289987956702,0.09750058812587642,0.062370975228986936,3964,3782,182,20.78021978021978,0.0
4651,281.9576241681118,2.3111280669517362,5.87608728529547,0.04816464987947106,5.87608728529547,0.04816464987947106,7.593060723613462,268.488476159205,13.469148008908931,0.11040285253204042,268.8027065393119,0.31423038010689197,0.0003024353995254013,0.10782719367868789,0.012960154231677734,1161,1039,122,8.51639344262295,0.0
4652,254.0812174929149,2.6193939947723184,5.445731352728738,0.05614156033740967,5.445731352728738,0.05614156033740967,7.173288797560417,241.46219734262877,12.619020150289156,0.13009299124009438,242.3583688119304,0.8961714693016347,0.0002441884112538514,0.12085411011324225,0.3287992617090367,3767,3670,97,37.83505154639175,0.0
4653,321.7220303262759,1.6932738438225048,9.430304619938687,0.049633182210203616,9.430304619938687,0.049633182210203616,10.85515795667493,301.4365677496662,20.285462576613618,0.10676559250849273,301.9707329184105,0.5341651687442663,0.0002501944584282278,0.10395419688350223,0.1247583171414135,2325,2135,190,11.236842105263158,0.0
4654,294.5412401866404,0.7063339093204806,20.446346047088475,0.049032004909085075,20.446346047088475,0.049032004909085075,18.631344992247023,255.46354914731683,39.0776910393355,0.09371148930296283,256.1350360064914,0.6714868591745926,0.00023930394125965524,0.09210120906510542,0.1474745293023716,3223,2806,417,6.729016786570743,0.0
4655,284.45887042990876,1.8234542976276202,7.66688376998741,0.049146690833252626,7.66688376998741,0.049146690833252626,8.816360894616082,267.9756257653055,16.483244664603493,0.10566182477309931,268.50789544220015,0.5322696768946571,0.00025083396649135586,0.10224983966479875,0.2260486658535683,2278,2122,156,13.602564102564102,0.0
4656,252.09132992829382,2.8010147769810425,4.892675275601781,0.05436305861779757,4.892675275601781,0.05436305861779757,5.2787214734967165,241.91993317919878,10.171396749098498,0.11301551943442777,242.59266995837334,0.6727367791745564,0.0002394081064678137,0.1055406663324498,0.17566272257727178,2900,2810,90,31.22222222222222,0.0
4657,313.4265581744521,2.4109735244188624,6.2390117426889145,0.04799239802068396,6.2390117426889145,0.04799239802068396,5.828784136778495,301.3587622949892,12.06779587946741,0.09282919907282623,301.5275665581962,0.1688042632069937,0.0002683692578807531,0.09153070474042999,0.0627847056880455,759,629,130,4.838461538461538,0.0
4658,263.37868223930786,3.5591713816122685,3.897077749706355,0.05266321283386966,3.897077749706355,0.05266321283386966,3.7538277369510524,255.72777675264888,7.6509054866574076,0.10339061468455957,256.20944966618185,0.48167291353297514,0.00023845193739256194,0.09688152125845959,0.0855461907233348,2094,2020,74,27.2972972972973,0.0
4659,279.1879832275192,2.5380725747956294,5.4006886258782,0.04909716932616545,5.4006886258782,0.04909716932616545,5.728744641954108,268.05854995969,11.129433267832308,0.1011766660712028,268.45503480552225,0.39648484583221943,0.00024611101541416477,0.09757225838179073,0.1253518635214732,1721,1611,110,14.645454545454545,0.0
4660,250.88066973936498,3.059520362675183,4.804822207276652,0.05859539277166649,4.804822207276652,0.05859539277166649,3.604080109499364,242.47176742259308,8.408902316776016,0.1025475892289758,243.4331022728711,0.9613348502780354,0.00024033371256950887,0.09082399349382762,0.03544534556203871,4082,4000,82,48.78048780487805,0.0
4661,315.155521733446,2.351906878607806,7.0867625577167,0.05288628774415448,7.0867625577167,0.05288628774415448,6.5750914402071885,301.4936677355272,13.661853997923888,0.10195413431286483,302.3230508551337,0.8293831196065184,0.0002448002123986182,0.09576470804710656,0.02153796733773561,3522,3388,134,25.28358208955224,0.0
4662,269.04982230199994,2.022930994751879,6.826222615918133,0.05132498207457243,6.826222615918133,0.05132498207457243,5.843844251501878,256.37975543457765,12.670066867420012,0.09526366065729332,256.999755425609,0.6199999910313636,0.0003063241062407923,0.09060200658940548,0.21183147632632426,2157,2024,133,15.218045112781954,0.0
4663,292.2023978737843,1.28723523292416,11.262436307992552,0.04961425686340331,11.262436307992552,0.04961425686340331,11.849231533571583,269.0907300322183,23.111667841564135,0.10181351472054685,269.91739292602415,0.8266628938058602,0.0002456650501651888,0.09817182796370119,0.012642099315598898,3592,3365,227,14.823788546255507,0.0
4664,263.9747759513275,1.3198738797566376,10.22235154491685,0.05111175772458425,10.22235154491685,0.05111175772458425,10.269349034957713,243.48307537145138,20.49170057987456,0.1024585028993728,244.32974695146663,0.8466715800152542,0.00024456140381723114,0.09822514499930435,0.12736967429759716,3662,3462,200,17.31,0.0
4665,304.70023598475404,9.829039870475937,1.8177801038660764,0.058638067866647624,1.8177801038660764,0.058638067866647624,0.6018685897286105,302.2805872911597,2.419648693594687,0.07805318366434474,302.6904386188387,0.4098513276790072,0.00024280291924111804,0.06483217309404345,0.02222938563363641,1719,1688,31,54.45161290322581,0.0
4666,272.4518302518277,1.6612916478769981,8.284976038524206,0.050518146576367114,8.284976038524206,0.050518146576367114,8.123539956840432,256.0433142564618,16.40851599536464,0.10005192680100389,256.6633142474932,0.6199999910313636,0.0010915492799847951,0.0962714390508201,0.17420001886898717,732,568,164,3.4634146341463414,0.0
4667,291.5069870832756,1.4502835178272417,10.083440876393029,0.0501663725193683,10.083440876393029,0.0501663725193683,11.00269115355627,270.4208550533235,21.086132029949297,0.10490612950223531,271.26739543333883,0.8465403800153126,0.00024417086242149196,0.10069448582058088,0.3716117117085105,3668,3467,201,17.248756218905474,0.0
4668,253.3287975578612,3.8383151145130485,3.716565686873561,0.05631160131626607,3.716565686873561,0.05631160131626607,4.603731957129867,245.00849991386144,8.320297644003428,0.12606511581823376,245.6549199154822,0.6464200016207542,0.00024274126985383184,0.11627087336937895,0.034923348963502576,2729,2663,66,40.34848484848485,0.0
4669,312.21502272242924,2.645890023071434,6.106484453135671,0.05174986824691247,6.106484453135671,0.05174986824691247,3.987681099764359,302.12085716953356,10.09416555290003,0.08554377587203416,302.7227257592622,0.6018685897286105,0.0002422981440131282,0.08044319460311071,0.036219094278294506,2602,2484,118,21.050847457627118,0.0
4670,273.9130714095745,1.67020165493643,8.54994833588278,0.05213383131635842,8.54994833588278,0.05213383131635842,8.170409464696377,257.19271360899666,16.72035780057916,0.10195340122304365,258.05429689048424,0.861583281487583,0.0002438673313013255,0.09669984462859924,0.20484555826192263,3697,3533,164,21.54268292682927,0.0
4671,299.23579352,1.1643416090272374,12.503221334502534,0.048650666671216085,12.503221334502534,0.048650666671216085,15.541795613889462,271.19077657160756,28.045016948391996,0.10912457956572762,271.8576306030666,0.6668540314590246,0.00024065464866799877,0.10652981679740636,0.1672898503225042,3028,2771,257,10.782101167315176,0.0
4672,256.8462005137544,2.493652432172373,5.699675257966721,0.05533665298996816,5.699675257966721,0.05533665298996816,6.116987214559458,245.02953804123013,11.816662472526179,0.11472487837404058,245.9264832705319,0.8969452293017639,0.00024419962681779576,0.10601667226429633,0.264066739817963,3776,3673,103,35.66019417475728,0.0
4673,311.5242506926811,5.5629330480835915,4.979361654514928,0.0889171724020523,4.979361654514928,0.0889171724020523,3.152379256983295,303.3925097811866,8.131740911498223,0.14520965913389686,303.95011615184467,0.5576063706580499,0.0002431776583768207,0.13525240251493642,0.05456988134574203,2349,2265,84,26.964285714285715,1.0
4674,624.9879249550008,0.17907963465759336,165.57437386912943,0.047442514002615885,165.57437386912943,0.047442514002615885,202.037355069245,257.37619601667757,367.6117289383744,0.10533287362131072,257.8440509746629,0.46785495798530974,0.001443996783905277,0.10519881775940916,0.23927612274906096,3814,324,3490,0.09283667621776505,0.0
4675,464.7857791665067,0.21954925799079203,98.92460978876997,0.04672867727386394,98.92460978876997,0.04672867727386394,94.89408863360904,270.9670807441371,193.81869842237901,0.0915534711489745,271.0904504369262,0.12336969278908327,0.00027354699066315584,0.09149519543201726,0.33263711501672333,2568,451,2117,0.21303731695795938,0.0
4676,257.449493680288,2.4060700343952153,5.864567172215194,0.054809038992665364,5.864567172215194,0.054809038992665364,6.072807423983477,245.51211908409073,11.937374596198671,0.1115642485626044,246.38809364516487,0.8759745610741447,0.0002438681962901294,0.10337757042171161,0.07067225313926428,3699,3592,107,33.570093457943926,0.0
4677,487.1555930429563,0.2829010412560722,81.09378393396257,0.0470927897409771,81.09378393396257,0.0470927897409771,100.64712005037359,305.414689058641,181.74090398433617,0.10554059464827885,305.57973141777916,0.16504235913816956,0.00027415674275443446,0.10544475123413306,0.018584994473485494,2324,602,1722,0.34959349593495936,0.0
4678,269.4733466880168,1.99609886435568,6.766687636793138,0.05012361212439362,6.766687636793138,0.05012361212439362,6.1272476859085145,256.57941136531576,12.893935322701653,0.09551063202001224,257.0472663233011,0.46785495798530974,0.0002844103088056594,0.09204503973863515,0.3748902887323311,1780,1645,135,12.185185185185185,0.0
4679,288.4533990821337,1.58490878616557,9.142193427375199,0.05023183201854505,9.142193427375199,0.05023183201854505,8.782575811214201,270.5286298435417,17.9247692385894,0.09848774306917252,271.31214626001497,0.783516416473276,0.0002459248011529429,0.09418270781383933,0.0976730570394011,3368,3186,182,17.505494505494507,0.0
4680,262.13480957375464,1.9417393301759602,6.626298873009134,0.049083695355623215,6.626298873009134,0.049083695355623215,8.733256509755165,246.7752541909847,15.359555382764299,0.11377448431677259,247.11332292847214,0.3380687374874469,0.00025285619856951904,0.11127027144653699,0.6447101112648852,1472,1337,135,9.903703703703703,0.0
4681,321.52930800134413,2.061085307700924,7.7558996925147685,0.049717305721248516,7.7558996925147685,0.049717305721248516,8.679265557820372,305.0941427510161,16.43516525033514,0.10535362339958422,305.5304475157752,0.4363047647591429,0.00023933338714160336,0.1025567979844161,0.023466334258046118,1979,1823,156,11.685897435897436,0.0
4682,266.9169872193404,2.242999892599499,6.128958933762041,0.05150385658623564,6.128958933762041,0.05150385658623564,4.645845521682759,256.142182763896,10.7748044554448,0.09054457525583866,256.72741345882014,0.585230694924121,0.00024630921503540447,0.08562667025647279,0.2784930781283492,2495,2376,119,19.96638655462185,0.0
4683,274.1233213948992,6.0916293643310935,2.5539556460763353,0.05675456991280745,2.5539556460763353,0.05675456991280745,1.111350936360168,270.45801481246394,3.665306582436503,0.08145125738747785,270.9946895330172,0.5366747205532647,0.00025008141684681486,0.06952515248626696,0.13771259270879455,2191,2146,45,47.68888888888889,0.0
4684,421.578425156986,0.24256526188549252,82.73171112360315,0.04760167498481194,82.73171112360315,0.04760167498481194,91.99454279844008,246.8521712349659,174.7262539220432,0.10053294241774638,247.56547774868523,0.7133065137193171,0.0007104646550989214,0.10012252440063335,0.10704575041040698,2742,1004,1738,0.5776754890678941,0.0
4685,341.93641466164104,0.9940012054117472,17.066656956940985,0.04961237487482845,17.066656956940985,0.04961237487482845,19.305475059607488,305.56428264510646,36.37213201654848,0.10573294190857116,306.43376458922967,0.8694819441232085,0.0002438255592044892,0.10320537811747492,0.09668722461856305,3910,3566,344,10.366279069767442,0.0
4686,260.22603455783883,12.391715931325658,1.767836070376868,0.0841826700179461,1.767836070376868,0.0841826700179461,0.9982037896359088,257.45999469782396,2.7660398600127767,0.13171618381013223,258.2866575916298,0.8266628938058602,0.0002459574215429516,0.09235128410519099,0.22527489414551383,3382,3361,21,160.04761904761904,0.0
4687,289.69237860060457,1.5409169074500244,8.878757614735072,0.047227434120931236,8.878757614735072,0.047227434120931236,10.207918706099917,270.6057022797661,19.08667632083499,0.10152487404699463,270.8446414730281,0.23893919326201285,0.00024993639462553643,0.10025392089136417,0.00612615783848014,1144,956,188,5.085106382978723,0.0
4688,266.0135658151928,1.7273608169817716,7.88231286195488,0.051183849752953765,7.88231286195488,0.051183849752953765,11.698065698959681,246.43318725427116,19.58037856091456,0.12714531533061402,247.14649376799048,0.7133065137193171,0.00035120950946298233,0.12251345485196316,0.0908957040921905,2185,2031,154,13.188311688311689,0.0
4689,319.790374472602,2.538018845020651,6.698176084336237,0.053160127653462196,6.698176084336237,0.053160127653462196,7.030061888929367,306.06213649934125,13.728237973265603,0.10895426962909209,306.84185822410905,0.7797217247677963,0.00024565901851537376,0.1027660019721665,0.75,3300,3174,126,25.19047619047619,0.0
4690,269.5494479646029,2.10585506222346,6.403967613824086,0.050030996983000675,6.403967613824086,0.050030996983000675,5.898165000264271,257.2473153505143,12.302132614088357,0.09611041104756529,257.63981126823114,0.3924959177168148,0.00024716367614408994,0.0930440366904044,0.23942209961342087,1716,1588,128,12.40625,0.0
4691,280.11478731529223,2.5936554381045576,5.811756375620236,0.0538125590335207,5.811756375620236,0.0538125590335207,4.468826462632705,269.83420447703725,10.280582838252942,0.09519058183567539,270.7066162201354,0.8724117430981551,0.00024341845510551203,0.08711269532552622,0.75,3692,3584,108,33.18518518518518,0.0
4692,250.7470031623825,5.117285778824133,2.806797822445168,0.057281588213166694,2.806797822445168,0.057281588213166694,2.490851331891008,245.44935400804547,5.297649154336176,0.10811528886400358,246.01154165925323,0.5621876512077506,0.0002456040415936001,0.09664207149243413,0.145943230046214,2338,2289,49,46.714285714285715,0.0
4693,324.34232263029594,1.8428541058539543,8.881566307311969,0.05046344492790891,8.881566307311969,0.05046344492790891,9.793666315905057,305.66709000708556,18.675232623217028,0.10610927626827857,306.2844262921958,0.6173362851102411,0.00024114698637118793,0.10260168373920532,0.039402887363849004,2736,2560,176,14.545454545454545,0.0
4694,272.9328002250145,1.533330338342778,9.016809634182305,0.05065623389990059,9.016809634182305,0.05065623389990059,7.081835194676387,256.8341553961568,16.098644828858692,0.09044182488122861,257.4398632680759,0.605707871919094,0.00024247713047201522,0.08703897166819434,0.011478931950250626,2676,2498,178,14.03370786516854,0.0
4695,298.1547487254825,1.178477267689654,12.501486706493969,0.04941299093475877,12.501486706493969,0.04941299093475877,14.37272622401656,271.280535794971,26.87421293051053,0.10622218549608906,272.1143113654691,0.8337755704981191,0.00024501192198005264,0.10292662988147572,0.42617341361119543,3656,3403,253,13.450592885375494,0.0
4696,254.90783817896568,2.964044629987973,4.639451223441849,0.05394710724932383,4.639451223441849,0.05394710724932383,4.7425316731923886,245.5258552823277,9.381982896634238,0.10909282437946788,246.1854981760091,0.6596428936813936,0.0002404822798692649,0.10142255817391362,0.05568753642887714,2829,2743,86,31.8953488372093,0.0
4697,328.7852956032714,1.5582241497785374,10.749306968501857,0.05094458278910833,10.749306968501857,0.05094458278910833,11.791021387578667,306.2449672471996,22.540328356080522,0.10682620073971812,307.07323996680634,0.8282727196067299,0.00024505110047536385,0.10290073761357837,0.1170296678521936,3591,3380,211,16.018957345971565,0.0
4698,281.08889139677194,1.1473015975378447,12.291573658586254,0.05016968840239287,12.291573658586254,0.05016968840239287,11.557872330534337,257.23944540765933,23.84944598912059,0.09734467750661464,257.91881619006745,0.6793707824081139,0.00024040013531780393,0.09457173553756937,0.35442952138282635,3071,2826,245,11.534693877551021,0.0
4699,286.8180382264254,2.048700273045896,7.3768166798350805,0.05269154771310772,7.3768166798350805,0.05269154771310772,8.104663318821622,271.33655822776404,15.481479998656702,0.11058199999040502,272.2721197866965,0.935561558932477,0.00024199729925827136,0.10389941742663496,0.4789298808505009,4006,3866,140,27.614285714285714,0.0
4700,272.487032684596,1.085605707906757,12.259541997796841,0.04884279680397148,12.259541997796841,0.04884279680397148,14.975125751100677,245.2523649356899,27.234667748897518,0.10850465238604588,245.80997130634796,0.5576063706580499,0.0002457498328153591,0.10628311306074911,0.029800562662330776,2520,2269,251,9.0398406374502,0.0
4701,321.2242301350368,2.127312782351237,7.447081884223024,0.049318423074324665,7.447081884223024,0.049318423074324665,7.581088647958268,306.19605960286094,15.028170532181292,0.099524308160141,306.55807820327095,0.36201860041001055,0.00024932410496557203,0.09712683398520433,0.014020399049741172,1603,1452,151,9.6158940397351,0.0
4702,271.5408010860481,1.7747764776865886,8.013000931654169,0.05237255510885078,8.013000931654169,0.05237255510885078,6.404863829588294,257.1229363248094,14.417864761242463,0.0942344102041991,257.9002586322572,0.7773223074477755,0.000245521891171123,0.08915387224699925,0.743692946982037,3319,3166,153,20.69281045751634,0.0
4703,287.2958854404801,2.097050258689636,6.902792957345431,0.05038535005361629,6.902792957345431,0.05038535005361629,8.589125603534512,271.80396687959797,15.491918560879943,0.11307969752467112,272.40663482932655,0.6026679497285841,0.00024203532117613818,0.10868066139528143,0.6533999674054485,2627,2490,137,18.175182481751825,0.0
4704,270.66220693894115,1.132477853301009,11.981511695224395,0.0501318480971732,11.981511695224395,0.0501318480971732,14.140112857427994,244.54058238627886,26.12162455265239,0.10929550022030288,245.37559527995154,0.8350128936726833,0.0002442986815894334,0.10580172242255069,0.5076673237415434,3657,3418,239,14.301255230125523,0.0
4705,321.8013327569033,1.9503111076175959,8.127908633582516,0.04926005232474252,8.127908633582516,0.04926005232474252,9.355398867278609,304.31802525604803,17.483307500861123,0.10595943939915832,304.7034243590665,0.3853991030184716,0.00024784508232699137,0.10362368725961708,0.4288857268841184,1720,1555,165,9.424242424242424,0.0
4706,266.990661223816,2.0226565244228487,6.878336491844077,0.05210860978669755,6.878336491844077,0.05210860978669755,3.6172506647162663,256.495074067258,10.495587156560344,0.07951202391333594,257.1426896110652,0.6476155438072055,0.00024146739142699684,0.07460584555114262,0.00345711668273907,2814,2682,132,20.318181818181817,0.0
4707,279.21260116362214,3.673850015310818,4.105242781759268,0.05401635239156931,4.105242781759268,0.05401635239156931,3.9366090202622672,271.1707493615979,8.041851802021535,0.10581383950028335,271.8054429912156,0.6346936296176864,0.0002430845000450733,0.0974626075316648,0.2958753004202208,2687,2611,76,34.35526315789474,0.0
4708,261.24748768126096,2.106834578074685,6.197907726146782,0.049983126823764365,6.197907726146782,0.049983126823764365,9.255285707087069,245.79429424802152,15.45319343323385,0.12462252768736976,246.2328834219004,0.4385891738788814,0.0002401912233728814,0.12108551822064974,0.02949269865939641,1950,1826,124,14.725806451612904,0.0
4709,322.74083561089606,1.8764002070400934,8.968773045941171,0.05214402933686728,8.968773045941171,0.05214402933686728,9.26676179926676,304.5053007656936,18.23553484520793,0.1060205514256275,305.4022459949954,0.8969452293017639,0.00024419962681779576,0.10080575358081786,0.14948723840939238,3845,3673,172,21.3546511627907,0.0
4710,284.99752452137295,1.0795360777324734,13.304587246091371,0.05039616381095216,13.304587246091371,0.05039616381095216,12.573577781319727,259.11935949397594,25.8781650274111,0.0980233523765572,259.83602969855383,0.7166702045778948,0.00023984946605685903,0.0953086925106785,0.005752711395871302,3252,2988,264,11.318181818181818,0.0
4711,317.33443048868503,0.732873973414977,20.54715679368687,0.047453017999276835,20.54715679368687,0.047453017999276835,24.435172101642138,272.35210159335656,44.982328895329005,0.10388528613239954,272.8703098619076,0.5182082685510068,0.0002491385906495225,0.10268850029278859,0.05861734334780522,2513,2080,433,4.803695150115473,0.0
4712,262.3531536129626,1.8606606639217207,7.441555926429318,0.052776992386023534,7.441555926429318,0.052776992386023534,8.76092624963053,246.1506714368968,16.202482176059846,0.11491122110680742,247.04357691532846,0.8929054784316577,0.00024416337939066384,0.10857855813924934,0.1930505504053599,3798,3657,141,25.93617021276596,0.0
4713,311.0568485339302,5.017045944095648,3.719774940576779,0.059996370009302885,3.719774940576779,0.059996370009302885,2.202526718602712,305.1345468747502,5.922301659179491,0.09552099450289502,305.97381464366117,0.839267768910986,0.00024404413169845478,0.081984417584984,0.056976641895971625,3501,3439,62,55.46774193548387,0.0
4714,273.3872947763475,1.938916984229415,7.592998635952828,0.053851054155693814,7.592998635952828,0.053851054155693814,6.264924028663472,259.5293721117364,13.8579226646163,0.09828313946536384,260.425543581038,0.8961714693016347,0.00024438818361102667,0.09192731344191127,0.18519908674875296,3808,3667,141,26.00709219858156,0.0
4715,291.0381508236412,1.7855101277524001,8.454269814730806,0.051866685979943594,8.454269814730806,0.051866685979943594,9.855979982538429,272.72790102637236,18.310249797269236,0.11233282084214255,273.6718205116772,0.943919485304832,0.00024098021069819556,0.1065419037543805,0.07482330658035607,4080,3917,163,24.030674846625768,0.0
4716,263.1339009117935,1.7779317629175235,7.117281105079165,0.048089737196480846,7.117281105079165,0.048089737196480846,9.454982760322991,246.5616370463856,16.572263865402157,0.11197475584731187,246.80532998713375,0.24369294074813297,0.0002509711027272224,0.11032818192337665,0.1649408337177647,1119,971,148,6.5608108108108105,0.0
4717,317.0654599969637,2.3313636764482624,6.819128056242741,0.050140647472373095,6.819128056242741,0.050140647472373095,5.024743108108396,305.2215888326168,11.843871164351137,0.08708728797317013,305.65632227123547,0.4347334386186503,0.00024058297654601566,0.08389071857153099,0.32726258399748076,1943,1807,136,13.286764705882353,0.0
4718,271.13991019933655,2.4427018936877167,5.941910282684975,0.05353072326743221,5.941910282684975,0.05353072326743221,4.667040313929874,260.53095960272594,10.60895059661485,0.09557613150103468,261.19781363418497,0.6668540314590246,0.00024082846928819956,0.08956843752388817,0.038097721728945544,2880,2769,111,24.945945945945947,0.0
4719,305.78805524767927,1.0295894116083477,14.432878204519069,0.04859554951016522,14.432878204519069,0.04859554951016522,17.129922898567884,274.22525414459346,31.562801103086954,0.10627205758615137,274.94805478359353,0.7228006390000701,0.00023989400564224033,0.10383838540096206,0.2999580404975859,3310,3013,297,10.144781144781145,0.0
4720,263.86472688301205,1.6806670502102679,8.12666935068602,0.05176222516360523,8.12666935068602,0.05176222516360523,9.324167769558926,246.4138897627613,17.450837120244948,0.1111518287913691,247.24568453325946,0.8317947704981634,0.0002450780113430063,0.10585377292836044,0.004639920719682777,3551,3394,157,21.61783439490446,0.0
4721,344.44359111389235,0.8401063197899814,19.832633432857147,0.04837227666550524,19.832633432857147,0.04837227666550524,19.04005788403333,305.5708997970164,38.87269131689048,0.09481144223631825,306.10316947391107,0.5322696768946571,0.00025047984795042685,0.09351322351214948,0.21867022793844626,2535,2125,410,5.182926829268292,0.0
4722,269.51621716530894,2.5426058223142354,5.946771417998569,0.0561016171509299,5.946771417998569,0.0561016171509299,3.1198631175957416,260.44958262971886,9.06663453559431,0.08553428807164444,261.3580354190624,0.9084527893435279,0.00024342250518315323,0.07696397873817505,0.2723103398245712,3838,3732,106,35.20754716981132,0.0
4723,294.31976659616384,1.5572474423077451,9.562139991440858,0.05059333328804687,9.562139991440858,0.05059333328804687,10.316306229492511,274.4413203752333,19.87844622093337,0.1051769641319226,275.29376211143904,0.8524417362057193,0.00024411275378170656,0.10066669039536935,0.01111391987751631,3681,3492,189,18.476190476190474,0.0
4724,256.66065292394796,3.168650036098123,4.699133772922624,0.05801399719657561,4.699133772922624,0.05801399719657561,4.795954029437553,247.16556512158286,9.495087802360178,0.1172233062019775,248.10849516688768,0.9429300453048199,0.0002410969177460547,0.10558219453160847,0.046678692322302595,3992,3911,81,48.28395061728395,0.0
4725,319.7961665735097,2.0112966451164134,8.03310382407288,0.05052266556020679,8.03310382407288,0.05052266556020679,6.07351973362438,305.689543015817,14.10662355769726,0.08872090287859911,306.26820603574515,0.5786630199281717,0.00024686988904785485,0.08508151281612929,0.08352350606969594,2503,2344,159,14.742138364779874,0.0
4726,265.3171707141594,6.4711505052234,2.345341567363002,0.05720345286251224,2.345341567363002,0.05720345286251224,0.943919485304832,262.0279096614911,3.289261052667834,0.0802258793333618,262.4570118315253,0.4291021700341844,0.0002401243257046359,0.06975997274717306,0.3891977209173092,1828,1787,41,43.58536585365854,0.0
4727,285.05585993751447,3.1324819773353236,5.077076001770682,0.055792043975502005,5.077076001770682,0.055792043975502005,5.167601557600392,274.81118237814394,10.244677559371073,0.112578874278803,275.7104212693446,0.899238891200639,0.00024290623749341952,0.10269712822164714,0.24056061655664962,3793,3702,91,40.68131868131868,0.0
4728,276.7829576869326,1.0064834824979367,13.71792762176349,0.04988337317004905,13.71792762176349,0.04988337317004905,14.648370554112944,248.41665951105392,28.366298175876434,0.10315017518500522,249.25093128472668,0.8342717736727536,0.000244726246310576,0.1001164596443852,0.013636552387197298,3684,3409,275,12.396363636363636,0.0
4729,329.58377829446295,1.451910917596753,11.335342717805085,0.04993543047491227,11.335342717805085,0.04993543047491227,11.007365847463234,307.24106972920663,22.342708565268317,0.09842602892188686,307.89793031236786,0.6568605831612331,0.00024149286145633568,0.09553236996517658,0.26587732182179025,2947,2720,227,11.982378854625551,0.0
4730,278.100412590343,1.8540027506022867,8.076886132583537,0.05384590755055691,8.076886132583537,0.05384590755055691,6.460700384859365,263.56282607291064,14.537586517442902,0.09691724344961934,264.50674555821547,0.943919485304832,0.00024110331680838622,0.09062444688085028,0.0020922746653013746,4065,3915,150,26.1,0.0
4731,503.7150126518586,0.19941211902290523,118.44226942522155,0.04688925947158415,118.44226942522155,0.04688925947158415,109.31512134219429,275.95762188447657,227.75739076741584,0.09016523783349796,276.1488643097382,0.1912424252616347,0.0002546503665268105,0.09008952824311972,0.12301942866042737,3277,751,2526,0.29730799683293746,0.0
4732,265.63189899057875,2.1421927337949898,6.483636580423501,0.052287391777608876,6.483636580423501,0.052287391777608876,8.62699036813774,250.5212720420152,15.11062694856124,0.12185989474646161,251.25856524705978,0.7372932050445797,0.00024039556734417337,0.11591398180257234,0.07912684942266424,3191,3067,124,24.733870967741936,0.0
4733,313.23965399917483,4.606465499987865,4.069022504260257,0.05983856623912143,4.069022504260257,0.05983856623912143,1.4322878054108514,307.73834368950793,5.5013103096711085,0.08090162220104571,308.6366391534764,0.8982954639684522,0.00024317689874619712,0.06769139478968314,0.4777758999678099,3762,3694,68,54.3235294117647,0.0
4734,298.9517868476644,0.8950652300828275,16.323354580498087,0.04887231910328769,16.323354580498087,0.04887231910328769,18.78312672666516,263.8453055405198,35.10648130716325,0.10510922547054866,264.261661951512,0.41635641099219356,0.0002416462048706869,0.10386264938967779,0.26977623015773133,2057,1723,334,5.158682634730539,0.0
4735,307.2487274170942,1.0742962497101196,13.847223123758834,0.04841686406908683,13.847223123758834,0.04841686406908683,17.184766353051145,276.21673794028516,31.03198947680998,0.1085034597091258,276.86311314190584,0.6463752016206854,0.00024245131343611606,0.10624340655660261,0.49929452276205666,2952,2666,286,9.321678321678322,0.0
4736,276.16390459186164,1.1180724882261606,12.050576331328253,0.048787758426430176,12.050576331328253,0.048787758426430176,14.106425332239496,250.00690292829336,26.157001663567748,0.10589879216019331,250.49092572753034,0.4840227992369819,0.0007794247974830626,0.10393918568555181,0.004815665878822983,868,621,247,2.51417004048583,0.0
4737,331.4804598261792,1.6169778528106302,10.49895429069194,0.05121441117410702,10.49895429069194,0.05121441117410702,11.530622136078136,309.4508833994171,22.029576426770078,0.10746134842326867,310.32329514251524,0.8724117430981551,0.00024341845510551203,0.10320568138372659,0.5051242397225906,3789,3584,205,17.482926829268294,0.0
4738,282.02701455615625,1.5755699137215433,9.305655581814628,0.051986902691701836,9.305655581814628,0.051986902691701836,9.250536074015145,263.4708229003393,18.55619165582977,0.10366587517223336,264.25054462510707,0.7797217247677963,0.00024550432140043964,0.0993098878829563,0.2620352736641962,3355,3176,179,17.743016759776538,0.0
4739,311.836435484636,0.9421040346967855,16.100692956320803,0.048642576907313606,16.100692956320803,0.048642576907313606,19.198760971666616,276.53698155665097,35.299453927987415,0.10664487591536984,277.3338705715487,0.7968890148977152,0.00024618134534992747,0.10423735623289222,0.06572090137024134,3568,3237,331,9.779456193353475,0.0
4740,280.0468639747817,0.9590646026533619,14.16444401941849,0.04850836992951538,14.16444401941849,0.04850836992951538,16.828189295202037,249.05423066016237,30.992633314620527,0.10613915518705659,249.53825345939936,0.4840227992369819,0.00033942692793617244,0.10448154286089834,0.11979185337395393,1718,1426,292,4.883561643835616,0.0
4741,319.65671307666776,3.1965671307666774,5.228515013572829,0.05228515013572829,5.228515013572829,0.05228515013572829,5.162061422307261,309.2661366407922,10.390576435880089,0.10390576435880089,309.8260127031049,0.5598760623126964,0.0002453444620125751,0.09830700373562877,0.75,2382,2282,100,22.82,0.0
4742,270.8747325628831,3.3033503971083302,4.409308291002101,0.05377205232929391,4.409308291002101,0.05377205232929391,3.128579409536542,263.3368448623496,7.537887700538643,0.09192545976266638,263.88760818884634,0.5507633264967353,0.0002475340793243754,0.08520883382971634,0.02623007309875902,2307,2225,82,27.134146341463413,0.0
4743,298.4752666873503,1.3629007611294535,10.849248828274314,0.04953994898755395,10.849248828274314,0.04953994898755395,11.282919791749237,276.3430980673288,22.13216862002355,0.10106013068503904,277.1007906595114,0.7576925921825932,0.000245924242837583,0.09760034715908178,0.09475057774716333,3300,3081,219,14.068493150684931,0.0
4744,264.3316155074474,1.9726239963242342,6.740980005771106,0.05030582093859034,6.740980005771106,0.05030582093859034,9.050775528520944,248.53985997315226,15.79175553429205,0.11784892189770187,249.0648954685921,0.5250354954398517,0.00024977901781153745,0.11393074655862151,0.5039247321635685,2236,2102,134,15.686567164179104,0.0
4745,341.4541621774963,1.0538708709181985,16.097627668114725,0.04968403601269977,16.097627668114725,0.04968403601269977,15.407931737927356,309.9486027714688,31.50555940604208,0.09723938088284594,310.79813846157936,0.8495356901105424,0.00024376920806615278,0.09461735714789181,0.1895871577669368,3809,3485,324,10.756172839506172,0.0
4746,282.21934405330603,1.7420947163784324,8.339797486534682,0.05148023139836223,8.339797486534682,0.05148023139836223,9.438560363208353,264.44098620357386,17.778357849743035,0.10974294968977182,265.07971061056446,0.6387244069906046,0.00038616953264244535,0.10580020643667636,0.051576951360402745,1816,1654,162,10.209876543209877,0.0
4747,295.6897917015335,1.4284531000074083,10.071926212199408,0.04865664836811308,10.071926212199408,0.04865664836811308,9.389801731897478,276.2280637574388,19.461727944096886,0.09401800939177239,276.76655724268926,0.5384934852504557,0.0002487267830256146,0.09141659158861963,0.17361241854359832,2372,2165,207,10.458937198067632,0.0
4748,254.67771557243168,4.805239916460975,3.0200413653467946,0.056981912553713106,3.0200413653467946,0.056981912553713106,3.1606712489815436,248.49700295810294,6.180712614328338,0.11661721913827053,249.09967090783152,0.6026679497285841,0.00024213256316937888,0.10524612574717276,0.15311598281823535,2542,2489,53,46.9622641509434,0.0
4749,449.0803694766446,0.33166940138600043,63.68084059084268,0.04703164002277894,63.68084059084268,0.04703164002277894,75.63180346941454,309.76772541639866,139.3126440602572,0.10288969280668922,309.84455628503315,0.07683086863448807,0.00030129752405681597,0.10283294918139693,0.6521076924584577,1609,255,1354,0.1883308714918759,0.0
4750,269.841776935644,4.906214126102618,3.198859040089422,0.05816107345617131,3.198859040089422,0.05816107345617131,3.186198460010928,263.45671943554635,6.38505750010035,0.1160919545472791,264.09544384253695,0.6387244069906046,0.0006123915695020178,0.1044787835110376,0.005430674207218544,1098,1043,55,18.963636363636365,0.0
4751,285.48047897837,3.1030486845475,5.074338444700176,0.055155852659784524,5.074338444700176,0.055155852659784524,4.474731365894058,275.93140916777975,9.549069810594235,0.10379423707167647,276.78917914814815,0.8577699803684027,0.00024410073431087157,0.09447065032849838,0.07105273918750754,3606,3514,92,38.19565217391305,0.0
4752,286.5480818890421,0.7661713419493105,18.22356405157717,0.04872610708977853,18.22356405157717,0.04872610708977853,19.770525508043193,248.55399232942386,37.99408955962036,0.10158847475834322,249.2245999563504,0.6706076269265395,0.00024027503651972035,0.09979540623714364,0.1884448626494759,3165,2791,374,7.462566844919786,0.0
4753,330.72501585926443,1.6054612420352643,10.314074423888421,0.0500683224460603,10.314074423888421,0.0500683224460603,10.319419165653471,310.09152226973197,20.633493589541892,0.10016259024049462,310.74204475672263,0.650522486990667,0.00024191985384554367,0.09700471409000871,0.10145490572176641,2895,2689,206,13.053398058252426,0.0
4754,280.74915343186717,1.7768933761510581,8.442712664761855,0.05343489028330288,8.442712664761855,0.05343489028330288,8.50753067993378,263.7989100871823,16.950243344695636,0.10728002116895972,264.7299397704569,0.9310296832745735,0.0002416376027185501,0.10138742823677391,0.12497134585260028,4011,3853,158,24.38607594936709,0.0
4755,296.217288587256,1.3650566294343596,10.22838311864099,0.047135406076686585,10.22838311864099,0.047135406076686585,9.657296072057306,276.33160939655977,19.885679190698298,0.0916390746115129,276.56096965063284,0.2293602540730717,0.0002531570133256862,0.09058211491531412,0.04269863736453772,1123,906,217,4.175115207373272,0.0
4756,274.41183804696857,1.1020555744858176,11.74319140665239,0.047161411271696346,11.74319140665239,0.047161411271696346,13.819631860712207,248.84901477960534,25.562823267364596,0.10266194083278954,248.93295565862536,0.08394087902001957,0.0003266182063035781,0.10232482886884822,0.1064602878061578,506,257,249,1.0321285140562249,0.0
4757,331.8931065119741,1.572953111431157,10.27408535094199,0.04869234763479616,10.27408535094199,0.04869234763479616,11.212742781277939,310.4062783797642,21.486828132219927,0.10183330868350676,310.7780422407036,0.37176386093938163,0.00024685515334620296,0.10007139465057115,0.10843261483023525,1717,1506,211,7.137440758293839,0.0
4758,275.1470321732313,2.331754509942638,6.375870736607105,0.054032802852602584,6.375870736607105,0.054032802852602584,3.832944099324777,264.9382173373083,10.208814835931882,0.08651537996552443,265.7062703648046,0.7680530274963075,0.00024640777269692253,0.08000645600361622,0.24536134085951744,3235,3117,118,26.415254237288135,0.0
4759,300.24927084279557,1.294177891563774,11.40545131306317,0.04916142807354815,11.40545131306317,0.04916142807354815,11.97883715280318,276.8649823769297,23.384288465866348,0.10079434683563081,277.5761718069966,0.7111894300669519,0.00024140849628884994,0.09772887515430578,0.06736388592003095,3178,2946,232,12.698275862068966,0.0
4760,265.8831033809654,1.3920581328846355,9.790784006555748,0.05126064924898298,9.790784006555748,0.05126064924898298,8.330521557395286,247.76179781701558,18.121305563951033,0.09487594536100018,248.61991211738382,0.8581143003682428,0.00024482576330049725,0.09038320033288783,0.75,3696,3505,191,18.350785340314136,0.0
4761,317.62813002787516,4.072155513177886,4.357046879588582,0.055859575379340796,4.357046879588582,0.055859575379340796,3.1682197198367703,310.10286342845484,7.525266599425352,0.09647777691570965,310.80769511793164,0.704831689476805,0.00024196075848843286,0.08744147320440404,0.17391331011526745,2991,2913,78,37.34615384615385,0.0
4762,277.5187794487367,2.1681154644432556,6.879994377837051,0.053749956076851964,6.879994377837051,0.053749956076851964,6.151816345764701,264.48696872514415,13.031810723601751,0.10181102127813868,265.2777410169192,0.7907722917750561,0.0002459633877993954,0.09563311274857433,0.4176858963483028,3343,3215,128,25.1171875,0.0
4763,290.33131909455824,1.9750429870378112,7.18958971511466,0.04890877357220857,7.18958971511466,0.04890877357220857,7.15289289351017,275.9888364859353,14.342482608624831,0.09756790890220973,276.42742565981416,0.4385891738788814,0.0002397972519840795,0.09458430907989168,0.24573611459777567,1976,1829,147,12.4421768707483,0.0
4764,256.727151696045,2.516932859765147,5.656326750724601,0.05545418383063334,5.656326750724601,0.05545418383063334,3.582778362308545,247.48804658301015,9.239105113033146,0.09057946189248182,248.42579603445074,0.9377494514405953,0.0002411286838366149,0.0813858398195514,0.5273252821218648,3991,3889,102,38.127450980392155,0.0
4765,318.6233400138062,3.0636859616712138,5.301417324221739,0.05097516657905518,5.301417324221739,0.05097516657905518,4.257709099279964,309.0642135903099,9.559126423501702,0.09191467714905482,309.4968048752419,0.4325912849319593,0.0002407297078085472,0.08775514556311875,0.5527342345537818,1901,1797,104,17.278846153846153,0.0
4766,295.9623449402245,1.0570083747865162,14.037295752348314,0.05013319911552969,14.037295752348314,0.05013319911552969,17.019717176259746,264.9053320116293,31.05701292860806,0.11091790331645736,265.6016754690943,0.6963434574649909,0.00024136688300346307,0.10843096239689365,0.4216589062593812,3165,2885,280,10.303571428571429,0.0
4767,293.7773586601463,1.5626455247880124,9.533167562547208,0.05070833809865536,9.533167562547208,0.05070833809865536,8.629525983010126,275.61466511458934,18.16269354555733,0.09661007205083687,276.4906396756635,0.8759745610741447,0.00024427623008202584,0.09195063289618527,0.007477184717799901,3774,3586,188,19.074468085106382,0.0
4768,262.450488655247,1.4997170780299829,8.791772497794756,0.050238699987398605,8.791772497794756,0.050238699987398605,6.18438155911258,247.47433459834042,14.976154056907337,0.08557802318232764,248.08459358956657,0.6102589912261465,0.0002422624022334841,0.08209082894674534,0.20238617938889547,2694,2519,175,14.394285714285715,0.0
4769,325.0225832659396,1.9818450199142659,8.505587333801547,0.05186333740122894,8.505587333801547,0.05186333740122894,7.076362031391682,309.44063390075394,15.581949365193228,0.09501188637312945,310.24894206204385,0.808308161289915,0.0002445713044750121,0.09008317807253506,0.08219333296779041,3469,3305,164,20.152439024390244,0.0
4770,296.6978154311789,1.0558641118547292,14.277327337665245,0.050808994084217955,14.277327337665245,0.050808994084217955,17.057194863129098,265.3632932303974,31.334522200794343,0.1115107551629692,266.2522292859985,0.888936055601107,0.00024549463010248746,0.10834728165544631,0.041132643983928574,3902,3621,281,12.886120996441282,0.0
4771,284.74875512745894,3.3499853544406935,4.820468849303505,0.05671139822710006,4.820468849303505,0.05671139822710006,2.9865147087457444,276.94177156940964,7.806983558049249,0.0918468653888147,277.88470161471446,0.9429300453048199,0.00024128199726325996,0.08075357073817031,0.5686824570070712,3993,3908,85,45.976470588235294,0.0
4772,272.93967675813997,1.1468053645299998,11.569167075861776,0.048609945696898214,11.569167075861776,0.048609945696898214,12.664955113294582,248.70555456898592,24.23412218915636,0.10182404281158135,249.10410058996104,0.39854602097511815,0.00024465685756606395,0.1001494796982308,0.26745647452639787,1867,1629,238,6.84453781512605,0.0
4773,329.83221784819943,1.499237353855452,11.2108872689448,0.05095857849520364,11.2108872689448,0.05095857849520364,9.177887281772655,309.44344329749174,20.388774550717457,0.09267624795780663,310.3233399530734,0.8798966555816605,0.0005175862679892121,0.08867671770511834,0.022972638063038175,1920,1700,220,7.7272727272727275,0.0
4774,284.7161314599921,1.83687826748382,8.008926322578482,0.05167049240373214,8.008926322578482,0.05167049240373214,9.071605453649681,267.6355996837724,17.080531776228163,0.11019697920147202,268.29955698507274,0.6639573013003428,0.00024047711021381486,0.10591338370915705,0.120400506582655,2916,2761,155,17.81290322580645,0.0
4775,294.86552835275234,1.6112870401789745,8.8153055368164,0.048171068507193444,8.8153055368164,0.048171068507193444,9.32635082039269,276.72387199554237,18.14165635720909,0.0991347341923994,277.118864547695,0.39499255215264384,0.00024594803994560635,0.09697630494566843,0.75,1789,1606,183,8.775956284153006,0.0
4776,266.63290498498736,1.3887130467968092,9.945344986341256,0.05179867180386071,9.945344986341256,0.05179867180386071,8.481755165673803,248.2058048329734,18.427100152015058,0.09597447995841175,249.143554284414,0.9377494514405953,0.00024100474208188006,0.09109036823215295,0.23697656515128074,4083,3891,192,20.265625,0.0
4777,329.42630181364393,1.372609590890183,12.157905597894958,0.050657939991228994,12.157905597894958,0.050657939991228994,9.177887281772655,308.09050893398603,21.335792879667615,0.08889913699861506,308.9704055895677,0.8798966555816605,0.0004351615507327698,0.085232900933651,0.24555729177177454,2262,2022,240,8.425,0.0
4778,285.8631529622244,2.0131207955086223,7.513041052920048,0.05290873980929611,7.513041052920048,0.05290873980929611,9.906304338965583,268.4438075703433,17.41934539188563,0.1226714464217298,269.2367425635266,0.7929349931832803,0.0002461002461773061,0.11708739717392797,0.06450751037118607,3364,3222,142,22.690140845070424,0.0
4779,284.0233687961638,3.5064613431625165,4.571690338294647,0.05644062146042774,4.571690338294647,0.05644062146042774,2.6226701076407153,276.8290083502284,7.194360445935362,0.0888192647646341,277.7107036995719,0.8816953493435449,0.0005189495876065597,0.07793413699496173,0.06872792650574411,1780,1699,81,20.97530864197531,0.0
4780,272.4482380989982,1.2327974574615304,11.086804514344346,0.05016653626400156,11.086804514344346,0.05016653626400156,11.895707826243097,249.4657257584122,22.98251234058744,0.10399326850944543,250.1667055381463,0.700979779734098,0.00024121809350794837,0.10082141430249741,0.04143961754243719,3127,2906,221,13.149321266968325,0.0
4781,312.03977739221386,9.751243043506683,1.858979309722648,0.05809310342883275,1.858979309722648,0.05809310342883275,0.6596428936813936,309.5211551888117,2.5186222034040417,0.0787069438563763,309.90893591316353,0.38778072435184185,0.00024730913542847055,0.06658879622032288,0.75,1600,1568,32,49.0,0.0
4782,283.31130716947564,2.098602275329449,7.195331698956724,0.05329875332560536,7.195331698956724,0.05329875332560536,8.196523718463595,267.9194517520598,15.39185541742032,0.11401374383274311,268.7309369085933,0.8114851565335357,0.00024493967900197276,0.10800274267320235,0.6012524626751201,3448,3313,135,24.54074074074074,0.0
4783,283.21488757428597,3.3716058044557853,4.710059619580313,0.05607213832833705,4.710059619580313,0.05607213832833705,3.16836433003391,275.3364636246715,7.8784239496142225,0.09379076130493122,276.21815897401507,0.8816953493435449,0.0004336917606215174,0.08329438809846308,0.09985264533929694,2117,2033,84,24.202380952380953,0.0
4784,260.2130077956292,2.132893506521551,6.6602903593592035,0.0545925439291738,6.6602903593592035,0.0545925439291738,4.750127801308963,248.8025896349625,11.410418160668167,0.0935280177103948,249.73783375389507,0.9352441189325873,0.00024216574804054565,0.08586208230929619,0.19534914974133244,3984,3862,122,31.65573770491803,0.0
4785,312.7535734866103,7.446513654443103,2.5973494108028485,0.06184165263816306,2.5973494108028485,0.06184165263816306,0.9194127146465689,309.2368113611633,3.5167621254494175,0.08373243155831947,309.8964542548447,0.6596428936813936,0.00024065775033980065,0.06802664837537231,0.057906504816173765,2783,2741,42,65.26190476190476,0.0
4786,284.0113323914359,2.0730754189155904,7.066003349232778,0.051576666782721006,7.066003349232778,0.051576666782721006,8.508706567507943,268.4366224746991,15.574709916740721,0.11368401399080819,269.0227350896232,0.5861126149241045,0.00024616237502062346,0.1094058197212603,0.037292264168399925,2518,2381,137,17.37956204379562,0.0
4787,296.04120528916997,1.7414188546421763,8.765959996691747,0.05156447056877498,8.765959996691747,0.05156447056877498,9.743876270171768,277.53136902230403,18.509836266863516,0.10888138980507951,278.4666131412366,0.9352441189325873,0.00024216574804054565,0.10337995381137262,0.1948690576973604,4032,3862,170,22.71764705882353,0.0
4788,261.0754572442229,2.3734132476747534,6.040465002952429,0.05491331820865844,6.040465002952429,0.05491331820865844,4.341156935625804,250.69383530564642,10.381621938578233,0.09437838125980212,251.5759088093148,0.88207350366838,0.00024468058354185296,0.0863595312264372,0.402490836567722,3715,3605,110,32.77272727272727,0.0
4789,332.42554942516085,1.432868747522245,11.812070636874338,0.05091409757273422,11.812070636874338,0.05091409757273422,10.65890659307388,309.95457219521995,22.470977229948218,0.09685766047391474,310.8739849098665,0.9194127146465689,0.00024226949002544636,0.09289467463488936,0.49619227598850557,4027,3795,232,16.357758620689655,0.0
4790,281.3987230880125,2.2511897847041,6.34207845744609,0.05073662765956872,6.34207845744609,0.05073662765956872,7.171821929660609,267.8848227009105,13.513900387106698,0.10811120309685358,268.3234118747894,0.4385891738788814,0.00024005975581766907,0.10460248970578505,0.0924032835446269,1952,1827,125,14.616,0.0
4791,475.7257846521709,0.21049813480184554,106.04683379214782,0.0469233777841362,106.04683379214782,0.0469233777841362,92.50873470516876,277.1702161548794,198.55556849731659,0.0878564462377507,277.38884530876317,0.2186291538837395,0.00025392468511468004,0.08775970767407422,0.3053105902563402,3121,861,2260,0.38097345132743365,0.0
4792,271.26952360366136,1.2979403043237385,10.416041556795056,0.04983751941050266,10.416041556795056,0.04983751941050266,10.309859881946295,250.54362216492405,20.725901438741353,0.09916699252986293,251.1352672666353,0.5916451017112649,0.0002440780122571225,0.09633615472261266,0.18548221502987872,2633,2424,209,11.598086124401913,0.0
4793,343.18006785974126,1.0431005102119795,16.062311191394475,0.048821614563509044,16.062311191394475,0.048821614563509044,16.114553133755408,311.0032035345928,32.17686432514988,0.09780201922537957,311.60587148432137,0.6026679497285841,0.00024184107131965652,0.09597020174899662,0.03632942876470224,2821,2492,329,7.574468085106383,0.0
4794,287.5587049999226,1.5295675797868225,9.609470144674855,0.051114202897206674,9.609470144674855,0.051114202897206674,10.902945214514375,267.04628964073845,20.51241535918923,0.10910859233611293,267.7391242258341,0.6928345850956248,0.00024140577877896334,0.10542330198983264,0.75,3058,2870,188,15.26595744680851,0.0
4795,288.7459790847488,2.4469998227521086,5.975363968574316,0.050638677699782336,5.975363968574316,0.050638677699782336,6.319167737251746,276.4514473789211,12.294531705826062,0.1041909466595429,277.00740091335433,0.5559535344332289,0.00024676144448878336,0.09947947602876665,0.75,2371,2253,118,19.093220338983052,0.0
4796,261.21873390781366,2.0731645548239177,6.752051203964739,0.05358770796797412,6.752051203964739,0.05358770796797412,4.5306143082787,249.93606839557333,11.28266551224344,0.08954496438288445,250.7772667489221,0.8411983533487728,0.00024403781646323552,0.0828687869753298,0.03920801639310412,3573,3447,126,27.357142857142858,0.0
4797,333.06311426480283,1.3935695157523131,11.614952315312069,0.04859812684230991,11.614952315312069,0.04859812684230991,11.636207331772994,309.81195461772313,23.25115964708506,0.09728518680788728,310.20202217013843,0.390067552415303,0.0002484506703282185,0.09565310499859582,0.6758774302611528,1809,1570,239,6.569037656903766,0.0
4798,273.93514336164344,3.3004234139957043,4.466773020611754,0.05381654241700908,4.466773020611754,0.05381654241700908,3.384792262771043,266.083578078262,7.851565283382797,0.09459717208894937,266.66420108604484,0.5806230077828332,0.0002457143494637466,0.08760171416383855,0.6225666089737842,2446,2363,83,28.46987951807229,0.0
4799,282.3866767939305,4.412291824905164,3.8348218393901643,0.05991909124047132,3.8348218393901643,0.05991909124047132,2.0090179278279265,276.5428370267123,5.843839767218091,0.09130999636278267,277.45568032710344,0.9128433003911596,0.00024310074577660708,0.07704681979417316,0.09549680001464367,3819,3755,64,58.671875,0.0
4800,275.6356153048587,1.0480441646572574,13.261776959515018,0.050425007450627446,13.261776959515018,0.050425007450627446,12.72447647090371,249.6493618744464,25.986253430418728,0.09880704726394954,250.54630710374818,0.8969452293017639,0.00024419962681779576,0.0953966091296977,0.20373849284578682,3936,3673,263,13.965779467680608,0.0
4801,323.07201868984566,2.1682685818110445,7.921206164480116,0.05316245747973233,7.921206164480116,0.05316245747973233,6.191460561561598,308.959351963809,14.112666726041715,0.09471588406739406,309.90228200911383,0.9429300453048199,0.00024146736115360305,0.0883874945015559,0.7420368845512257,4054,3905,149,26.20805369127517,0.0
4802,290.4668719077288,1.3263327484371177,11.178102204474921,0.05104156257751106,11.178102204474921,0.05104156257751106,13.602510674398673,265.68625902886174,24.780612878873594,0.11315348346517623,266.48314804375946,0.7968890148977152,0.00024618134534992747,0.10951472084004255,0.0315006061330223,3456,3237,219,14.780821917808218,0.0
4803,289.36500903889646,2.333588782571746,6.252943767105547,0.05042696586375441,6.252943767105547,0.05042696586375441,6.59082558442401,276.521239687366,12.843769351529557,0.1035787850929803,277.0669339097592,0.5456942223931947,0.0002481556263725305,0.0991780252349779,0.09553393749320094,2323,2199,124,17.733870967741936,0.0
4804,283.1499764687105,1.0148744676297867,13.69139800125763,0.049073111115618746,13.69139800125763,0.049073111115618746,17.50813937317298,251.9504390942775,31.199537374430612,0.11182629883308463,252.54857064989346,0.5981315556159643,0.00024343978657548405,0.10968245813196077,0.5293131052408171,2736,2457,279,8.806451612903226,0.0
4805,326.61335143045267,1.7654775752997443,9.235185490870458,0.04991992157227275,9.235185490870458,0.04991992157227275,7.983148048417206,309.3950178911721,17.218333539287663,0.09307207318533872,309.94352318467645,0.5485052935043768,0.0002476321866836916,0.09010717970689847,0.32464371421633587,2400,2215,185,11.972972972972974,0.0
4806,270.4665502538792,4.036814182893719,3.523812094624991,0.05259421036753718,3.523812094624991,0.05259421036753718,1.2500175268544353,265.69272063240055,4.773829621479426,0.07125118838028995,266.0902393357567,0.39751870335612693,0.00024492834464333145,0.06531807340481342,0.3625056493972352,1690,1623,67,24.223880597014926,0.0
4807,296.3319620736927,1.4178562778645583,10.557699770073972,0.050515309904660154,10.557699770073972,0.050515309904660154,10.315762408503815,275.4584998951159,20.87346217857779,0.09987302477788416,276.347435950717,0.888936055601107,0.0002455624462986483,0.0956197422151947,0.5303408270747241,3829,3620,209,17.320574162679424,0.0
4808,266.5264806442217,1.8255238400289158,7.7662650729837175,0.053193596390299434,7.7662650729837175,0.053193596390299434,7.277195054124832,251.48302051711448,15.043460127108549,0.10303739813088048,252.4231545747773,0.9401340576628172,0.00024249008451452598,0.09659812376331775,0.133626004090047,4023,3877,146,26.554794520547944,0.0
4809,343.8165431250611,0.9712331726696641,17.478999258390367,0.0493757041197468,17.478999258390367,0.0493757041197468,16.747596002967157,309.5899478637027,34.226595261357524,0.09668529734846758,310.4280636326139,0.838115768911166,0.0002447053339886616,0.09431773867922946,0.13243915715247567,3779,3425,354,9.675141242937853,0.0
4810,291.63720468502515,1.2463128405342956,11.65701838622819,0.049816317889864056,11.65701838622819,0.049816317889864056,14.83265247507211,265.14753382373146,26.489670861300297,0.11320372162948845,265.72752868365956,0.5799948599280924,0.0002469113920511249,0.110725111116947,0.14629952370796673,2583,2349,234,10.038461538461538,0.0
4811,299.124371999696,1.5339711384599795,9.590489963639918,0.04918199981353804,9.590489963639918,0.04918199981353804,11.818456715579032,277.71542532047965,21.40894667921895,0.10978947014984076,278.2898129703133,0.5743876498336249,0.0002471547546616286,0.1068438924583729,0.678649866666774,2519,2324,195,11.917948717948718,0.0
4812,259.7214296249656,3.0919217812495905,4.377796177789159,0.05211662116415666,4.377796177789159,0.05211662116415666,4.344064790675475,250.99956865650142,8.721860968464634,0.10383167819600755,251.47267129448664,0.473102637985221,0.00023991005983023378,0.09819950393427321,0.56138605808178,2056,1972,84,23.476190476190474,0.0
4813,324.79292784415543,1.9684419869342753,8.060397848812016,0.04885089605340616,8.060397848812016,0.04885089605340616,7.704284027336826,309.0282459680134,15.764681876148842,0.09554352652211419,309.3569253813512,0.32867941333779527,0.0002545928840726532,0.09355153007760154,0.6767003593422487,1456,1291,165,7.824242424242424,0.0
4814,280.8677699331083,1.6919745176693273,8.53835611309858,0.051435880199389036,8.53835611309858,0.051435880199389036,8.456559981551436,263.8728538384628,16.994916094650016,0.1023790126183736,264.54287650538913,0.6700226669263429,0.00023972188441014059,0.09834273149228427,0.07998113464850576,2961,2795,166,16.837349397590362,0.0
4815,305.0032359405982,1.0854207684718797,13.783924486096515,0.049053112050165534,13.783924486096515,0.049053112050165534,14.438850197204829,276.78046125729975,28.222774683301346,0.10043692058114358,277.5606981820674,0.7802369247676779,0.0002453575235118484,0.09766027672075005,0.37752021598862484,3461,3180,281,11.316725978647687,0.0
4816,268.43373089189754,1.5790219464229267,8.899801997376809,0.0523517764551577,8.899801997376809,0.0523517764551577,8.141782030306786,251.392146864217,17.041584027683594,0.10024461192755056,252.33507690952183,0.9429300453048199,0.00024115857936184653,0.09469796460221006,0.028228194148368857,4080,3910,170,23.0,0.0
4817,339.8353764152457,1.0392519156429532,15.937463057780668,0.04873841913694394,15.937463057780668,0.04873841913694394,15.077781562637028,308.820131794826,31.015244620417697,0.0948478428758951,309.3987948147542,0.5786630199281717,0.00024697525391727346,0.09307823119416372,0.05106404173966439,2670,2343,327,7.165137614678899,0.0
4818,287.29413831400143,1.8777394661045845,8.187884188542574,0.05351558293165081,8.187884188542574,0.05351558293165081,12.34788915475201,266.75836497071214,20.535773343294586,0.13422074080584698,267.6987319883749,0.9403670176627656,0.00024217538440967438,0.1280745511478858,0.3593416397065994,4036,3883,153,25.37908496732026,0.0
4819,303.75229899122064,1.1167363933500758,13.220166603089384,0.048603553687828614,13.220166603089384,0.048603553687828614,13.32083061327694,277.21130177485725,26.54099721636632,0.0975771956484056,277.84648884447483,0.6351870696175865,0.0002423453146194531,0.0952419490689184,0.23667562794889818,2893,2621,272,9.636029411764707,0.0
4820,257.1369875275286,5.714155278389525,2.748627697404156,0.06108061549787014,2.748627697404156,0.06108061549787014,2.4924037088894693,251.89595612123617,5.241031406293626,0.11646736458430279,252.57532690364428,0.6793707824081139,0.00024023012107783376,0.10137023608631858,0.07760554088986282,2873,2828,45,62.84444444444444,0.0
4821,324.93452029125524,2.030840751820345,8.429167176309592,0.05268229485193495,8.429167176309592,0.05268229485193495,6.86691290124395,309.63844021370505,15.296080077553542,0.09560050048470964,310.5640023513288,0.9255621376237286,0.0002415980521074729,0.08981573712454036,0.20927926943272723,3991,3831,160,23.94375,0.0
4822,277.34844334660215,2.8890462848604392,5.404168251719052,0.056293419288740126,5.404168251719052,0.056293419288740126,4.738675642476892,267.2055994524096,10.142843894195945,0.10565462389787443,268.0588034286154,0.8532039762058048,0.00024377256463022995,0.09676708247902847,0.06563725872229043,3596,3500,96,36.458333333333336,0.0
4823,345.74091683169763,0.4960414875634112,32.631188784629714,0.04681662666374421,32.631188784629714,0.04681662666374421,35.68181208386977,277.4279159632015,68.31300086849949,0.09801004428766066,277.7907119695567,0.3627960063552109,0.0002486607308808848,0.0974895335181362,0.0660508122284682,2156,1459,697,2.0932568149210904,0.0
4824,263.871047057208,2.443250435714889,5.830542622601147,0.053986505764825436,5.830542622601147,0.053986505764825436,5.206499317168209,252.8340051174398,11.037041939769356,0.10219483277564219,253.62694011062308,0.7929349931832803,0.00024617665109695133,0.0948528420980084,0.2906900296766253,3329,3221,108,29.824074074074073,0.0
4825,326.94622035327984,1.9345930198418926,8.645853057039773,0.05115889382863771,8.645853057039773,0.05115889382863771,7.569554544385937,310.73081275185496,16.21540760142571,0.09594915740488585,311.44331802192187,0.712505270066913,0.00024111853470961523,0.09173314988969215,0.11128340084360389,3124,2955,169,17.485207100591715,0.0
4826,285.1352029232935,2.210350410258089,7.0292739298142015,0.05449049557995505,7.0292739298142015,0.05449049557995505,9.89363282834529,268.21229616513733,16.922906758159492,0.13118532370666272,269.1433258484119,0.9310296832745735,0.00024151223950053788,0.12396803934016733,0.2913012573537799,3984,3855,129,29.88372093023256,0.0
4827,290.2687708640444,2.2328366989541877,6.7058983447604,0.05158383342123385,6.7058983447604,0.05158383342123385,6.441052565173777,277.12181995411106,13.146950909934176,0.10113039161487827,277.8269601235879,0.7051401694768629,0.00024140368691436592,0.09570623646505003,0.16185338261925608,3051,2921,130,22.46923076923077,0.0
4828,272.2911572757778,1.3963649091065526,9.93938859500065,0.050971223564105904,9.93938859500065,0.050971223564105904,9.46371841009227,252.8880502706843,19.40310700509292,0.09950311284663035,253.6905737570887,0.8025234864044251,0.00024467179463549544,0.09538760778814905,0.1744517991221528,3475,3280,195,16.82051282051282,0.0
4829,336.0083863620514,1.235324949860483,13.33462302008705,0.04902434933855533,13.33462302008705,0.04902434933855533,12.090086773551775,310.583676568408,25.424709793638826,0.09347319777073097,311.13625877490495,0.5525822064969361,0.0002467986630178366,0.0914416455409796,0.23203501441867047,2511,2239,272,8.231617647058824,0.0
4830,287.709002650241,2.0261197369735284,7.388078309542529,0.05202872048973612,7.388078309542529,0.05202872048973612,11.672809472175004,268.64811486852636,19.060887781717533,0.13423160409660234,269.3388966649777,0.690781796451347,0.00024127900679404366,0.1293669435581923,0.3112153044094157,3005,2863,142,20.161971830985916,0.0
4831,306.38045285025464,1.045667074574248,14.478126865286836,0.049413402270603535,14.478126865286836,0.049413402270603535,14.312486342319971,277.58983964265235,28.790613207606807,0.09826147852425532,278.5037859814677,0.9139463388153217,0.00024281252359599408,0.09514220774330023,0.11708501389011872,4057,3764,293,12.84641638225256,0.0
4832,269.5520630672311,1.5763278541943337,8.907323044642036,0.052089608448199036,8.907323044642036,0.052089608448199036,7.718771066705813,252.92596895588372,16.626094111347847,0.09722862053419794,253.82291418518548,0.8969452293017639,0.00024406672906170446,0.09198332679558827,0.4778544828852773,3846,3675,171,21.49122807017544,0.0
4833,325.29361453862043,2.1400895693330293,7.925249576102067,0.05213979984277676,7.925249576102067,0.05213979984277676,6.226200046113945,311.142164916404,14.151449622216013,0.09310164225142115,311.93293720817906,0.7907722917750561,0.00024619311699098886,0.08789919296343011,0.16904577053242065,3364,3212,152,21.13157894736842,0.0
4834,369.81549604406746,0.39893796768507817,43.868418820162134,0.04732299764850284,43.868418820162134,0.04732299764850284,57.40914954643404,268.53792767748837,101.27756836659617,0.10925304030916523,268.57648429556775,0.03855661807938304,0.0007711323615876609,0.1092114474093848,0.036983720181524404,977,50,927,0.05393743257820928,0.0
4835,290.5885217372072,2.40155803088601,6.00313266997445,0.04961266669400372,6.00313266997445,0.04961266669400372,6.400144343551119,278.1852447236831,12.40327701352557,0.10250642159938488,278.60090565023097,0.4156609265478437,0.00024236788719990887,0.09907120733038208,0.053688408042489755,1836,1715,121,14.173553719008265,0.0
4836,451.0944832557652,0.21993880217248427,97.24294113478255,0.047412453015496125,97.24294113478255,0.047412453015496125,99.49119960825487,254.36034251277192,196.73414074303741,0.09592108276111039,254.589702766845,0.2293602540730717,0.0002525993987588895,0.09580925426080948,0.008190090397874883,2959,908,2051,0.4427108727450024,0.0
4837,352.8013866322208,0.9163672380057682,18.727006787652915,0.04864157607182575,18.727006787652915,0.04864157607182575,20.70796059259601,313.3664192519666,39.43496738024892,0.10242848670194525,313.9766353631926,0.6102161112260092,0.0002417654957313824,0.1008435097896836,0.3615523412049697,2909,2524,385,6.555844155844156,0.0
4838,303.98591923964295,1.1054033426896108,13.892008688111412,0.050516395229496046,13.892008688111412,0.050516395229496046,21.320340455526548,268.77357009600996,35.21234914363796,0.1280449059768653,269.6718655599784,0.8982954639684522,0.0002431110863243443,0.12477837701696196,0.0037820288828243065,3970,3695,275,13.436363636363636,0.0
4839,295.4439819248512,1.8237282834867357,8.352947391787298,0.051561403653008014,8.352947391787298,0.051561403653008014,8.618346600377208,278.47268793269063,16.971293992164505,0.10476107402570682,279.34053211681385,0.8678441841232143,0.0002439134862628483,0.09940401116072432,0.07862930138776392,3720,3558,162,21.962962962962962,0.0
4840,279.9812312042702,1.1665884633511259,11.779887592007086,0.04908286496669619,11.779887592007086,0.04908286496669619,13.720840792231002,254.4805028200251,25.500728384238087,0.10625303493432536,255.00418935324274,0.5236865332176421,0.000250328170754131,0.1040710077126145,0.13320136429547347,2332,2092,240,8.716666666666667,0.0
4841,,,,,,,,,,,,,,,0.33905446852872956,3763,25,3738,0.006688068485821295,
4842,316.1350393021694,0.7120158542841653,21.729930209854558,0.048941284256429185,21.729930209854558,0.048941284256429185,25.841998344502827,268.56311074782343,47.571928554357385,0.10714398323053465,269.29508101844317,0.7319702706197404,0.00024062139073627233,0.10549540153992391,0.75,3486,3042,444,6.851351351351352,0.0
4843,295.33608831611764,1.687634790377815,8.532785205854108,0.04875877260488062,8.532785205854108,0.04875877260488062,9.039500525214862,277.76380258505355,17.57228573106897,0.10041306132039411,278.2104928443391,0.4466902592855604,0.00023976932865569532,0.09786054555302014,0.35447369893608993,2038,1863,175,10.645714285714286,0.0
4844,270.90573331358905,1.641852929173267,8.593267770257295,0.05208041072883209,8.593267770257295,0.05208041072883209,8.484825412674354,253.82764013065525,17.07809318293165,0.1035035950480706,254.69712207477846,0.8694819441232085,0.0002438255592044892,0.09823400750794298,0.01710620220774217,3731,3566,165,21.612121212121213,0.0
4845,348.23330326527844,0.9540638445624067,17.471870947547625,0.047868139582322264,17.471870947547625,0.047868139582322264,19.115721674126462,311.64571064359757,36.58759262167409,0.10023997978540847,311.951569692289,0.3058590486914454,0.0002629914434148284,0.09940200978901212,0.6546776553564086,1528,1163,365,3.186301369863014,0.0
4846,278.2044057382968,3.434622293065393,4.458428507159652,0.05504232724888459,4.458428507159652,0.05504232724888459,6.2271537691970025,267.51882346194293,10.685582276356655,0.13192076884390933,268.16243931067197,0.6436158487290413,0.0006782042663108971,0.1239748941682081,0.75,1030,949,81,11.716049382716049,0.0
4847,290.0441016856405,2.2311084745049268,6.918105161930123,0.053216193553308644,6.918105161930123,0.053216193553308644,5.771024361943319,277.3549721617708,12.689129523873442,0.09760868864518032,278.2749026364172,0.919930474646435,0.00024189599648867603,0.09053230037864068,0.5045941415280595,3933,3803,130,29.253846153846155,0.0
4848,258.7918411391115,3.360933001806643,4.39864054753317,0.057125201916015195,4.39864054753317,0.057125201916015195,1.5839970099170841,252.8092035816603,5.982637557450254,0.07769659165519811,253.63231836167574,0.8231147800154304,0.00042915264860032864,0.06700678931734763,0.16830814895683943,1995,1918,77,24.90909090909091,0.0
4849,324.0447739329959,2.314605528092828,7.161987736440635,0.05115705526029025,7.161987736440635,0.05115705526029025,6.214369069692339,310.6684171268603,13.376356806132973,0.09554540575809267,311.27412499877937,0.605707871919094,0.0002419927574586872,0.09121892095868946,0.09822199327663839,2643,2503,140,17.87857142857143,0.0
4850,291.5533214693446,1.331293705339473,10.962280024078188,0.0500560731693068,10.962280024078188,0.0500560731693068,13.996254771150234,266.5947866741203,24.958534795228424,0.1139659123069791,267.23840252284936,0.6436158487290413,0.00036260047815720635,0.11102702715294636,0.15291250406107793,1994,1775,219,8.105022831050228,0.0
4851,304.49726207581125,1.07217345801342,14.026388722282881,0.049388692684094654,14.026388722282881,0.049388692684094654,12.454165751712708,278.0167076018199,26.48055447399559,0.09324138899294221,278.8987811054883,0.88207350366838,0.0002446127298026567,0.0901354963743766,0.07085075711211175,3890,3606,284,12.69718309859155,0.0
4852,281.01179029181753,0.9461676440801937,14.7889797408524,0.04979454458199461,14.7889797408524,0.04979454458199461,13.865334718646864,252.35747583231478,28.65431445949926,0.09647917326430727,253.1805906123302,0.8231147800154304,0.0005320716095768781,0.09370774302857686,0.12974249489570866,1844,1547,297,5.2087542087542085,0.0
4853,328.9477435214003,1.6956069253680428,9.881876750613126,0.050937509023779,9.881876750613126,0.050937509023779,7.920732229970326,311.14513454081157,17.80260898058345,0.09176602567311057,311.92865095728484,0.783516416473276,0.00024600201459129545,0.08772728125832709,0.010681544041972302,3379,3185,194,16.417525773195877,0.0
4854,275.02923153633014,19.64494510973787,3.527881793121445,0.2519915566515318,3.527881793121445,0.2519915566515318,3.9056496752309613,267.59570006797867,7.433531468352406,0.5309665334537433,268.400126029333,0.8044259613543545,0.00024229697631155257,0.47350753621408004,0.3323195592558932,3334,3292,42,78.38095238095238,1.0
4855,299.5053861021456,1.2965601129963014,11.51235316084097,0.049837026670307226,11.51235316084097,0.049837026670307226,9.036957535626698,278.95607540568244,20.549310696467668,0.0889580549630635,279.78545852528896,0.8293831196065184,0.0002445115329028651,0.08536765184786434,0.1196598702783831,3623,3392,231,14.683982683982684,0.0
4856,302.33322376099045,0.5893435161032953,24.417016777154128,0.04759652393207432,24.417016777154128,0.04759652393207432,23.87552328110837,254.04068370273353,48.2925400582625,0.09413750498686647,254.2844280708414,0.24374436810785483,0.00024085411868365102,0.09366236976637245,0.09381794649289077,1525,1012,513,1.97270955165692,0.0
4857,330.13292004484674,1.8239387847781587,8.806117741103641,0.048652584204992494,8.806117741103641,0.048652584204992494,8.6572983893127,312.66950391442106,17.46341613041634,0.09648296204649913,313.00622055857525,0.336716644154194,0.0002533609060603416,0.0946226490954226,0.23636866416654811,1510,1329,181,7.342541436464089,0.0
4858,282.9985595318194,2.9175109230084475,5.054065788221508,0.052103771012592864,5.054065788221508,0.052103771012592864,7.985401094578037,269.95909264902184,13.039466882799545,0.1344274936371087,270.4932578177661,0.5341651687442663,0.0002501944584282278,0.12892063622735364,0.3391526826460449,2232,2135,97,22.010309278350515,0.0
4859,481.5825781544024,0.21011456289459093,108.71961124562763,0.04743438536022148,108.71961124562763,0.04743438536022148,93.97207865483665,278.89088825397175,202.69168990046427,0.08843441967734043,279.0703847895636,0.17949653559185208,0.00025715836044677947,0.0883561053075213,0.22523097801172298,2990,679,2311,0.29381220250973605,1.0
4860,270.49356644469435,2.0036560477384766,6.9286176964308765,0.051323094047636124,6.9286176964308765,0.051323094047636124,9.331574305004096,254.23337444325466,16.260192001434973,0.12044586667729609,254.8507107283649,0.6173362851102411,0.00024114698637118793,0.11587300530614407,0.18623148066467365,2695,2560,135,18.962962962962962,0.0
4861,334.46919457326567,1.615793210498868,10.318017013429095,0.049845492818498045,10.318017013429095,0.049845492818498045,12.417003396651126,311.73417416317716,22.73502041008022,0.10983101647381749,312.3484260109906,0.6142518478134207,0.00024211740158195532,0.10686361624287483,0.5214312540756509,2744,2537,207,12.256038647342995,0.0
4862,290.23303772284976,1.6397346764002811,8.886150227396417,0.05020423857286111,8.886150227396417,0.05020423857286111,12.125629764958148,269.22125773049834,21.011779992354565,0.11871062142573201,269.7999207504265,0.5786630199281717,0.0002470807087652313,0.11544133882725,0.386521737696512,2519,2342,177,13.231638418079097,0.0
4863,284.74830356916755,5.932256324357657,2.9842037372131083,0.06217091119193976,2.9842037372131083,0.06217091119193976,1.916309594771974,279.84779023718306,4.900513331985082,0.10209402774968922,280.6503137235875,0.8025234864044251,0.0002447464124441674,0.08537478844958457,0.18383059090251663,3327,3279,48,68.3125,0.0
4864,266.52920170651373,2.33797545356591,5.523097799135493,0.048448226308206076,5.523097799135493,0.048448226308206076,7.397368717523932,253.6087351898509,12.920466516659424,0.11333742558473178,253.80904162666548,0.2003064368145715,0.0002591286375350213,0.11158035157761628,0.15019195583931833,887,773,114,6.780701754385965,0.0
4865,339.8984580367469,1.287494159230102,12.581315459651705,0.04765649795322616,12.581315459651705,0.04765649795322616,15.703975885996215,311.61316669108874,28.28529134564792,0.10714125509715121,311.8047543947923,0.1915877037035898,0.0002530881158567897,0.10641554409831273,0.4386305193208955,1021,757,264,2.867424242424242,0.0
4866,293.77827960761056,1.4912603025767033,9.930049207433038,0.05040634115448243,9.930049207433038,0.05040634115448243,14.689552062675602,269.1586783375051,24.61960127010864,0.12497259527973928,269.8219373988054,0.6632590613003231,0.00024048551896313383,0.12160579801423936,0.010835436401066545,2955,2758,197,14.0,0.0
4867,301.44996296056524,1.4152580420683814,10.650338704799452,0.05000159016337771,10.650338704799452,0.05000159016337771,10.663414316028593,280.13620993973996,21.313753020828045,0.10006456817290162,280.95317196301903,0.8169620232790749,0.00024489269282945887,0.09622906571617941,0.75,3549,3336,213,15.661971830985916,0.0
4868,263.0582493884169,2.828583326757171,4.85714936120563,0.05222741248608204,4.85714936120563,0.05222741248608204,5.209869438618625,252.9912305885905,10.067018799824254,0.10824751397660488,253.5138405084749,0.5226099198844167,0.0002511340316599792,0.10262805247249475,0.1828175034963806,2174,2081,93,22.376344086021504,0.0
4869,320.6431043982898,3.3055990144153586,5.211842487939686,0.053730334927213255,5.211842487939686,0.053730334927213255,4.554875671655282,310.87638623869,9.766718159594967,0.10068781607829863,311.57272969615497,0.6963434574649909,0.00024136688300346307,0.09350901754778158,0.1258843934908782,2982,2885,97,29.742268041237114,0.0
4870,281.1889947613813,2.627934530480199,5.920467993755999,0.05533147657715887,5.920467993755999,0.05533147657715887,6.742627408502813,268.5258993591249,12.663095402258811,0.1183466860024188,269.45231310159534,0.9264137424704586,0.00024226300796821617,0.10968861364285956,0.33216686905484494,3931,3824,107,35.73831775700935,0.0
4871,291.4083867411957,2.312764974136474,6.266266564697524,0.04973227432299623,6.266266564697524,0.04973227432299623,4.523142828530581,280.6189773479696,10.789409393228105,0.08563023327958813,281.090714368431,0.4717370204614326,0.00024043680961337034,0.08188628867273587,0.2039422603879757,2088,1962,126,15.571428571428571,0.0
4872,275.1237612245775,1.2977535906819693,10.907351895124958,0.051449773090212064,10.907351895124958,0.051449773090212064,10.88749422302294,253.32891510642753,21.7948461181479,0.10280587791579197,254.2692821240903,0.9403670176627656,0.0002423001849169713,0.09837018443626036,0.18148303711427616,4093,3881,212,18.306603773584907,0.0
4873,330.26976227074715,1.794944360167104,9.291941837884716,0.05049968390154737,9.291941837884716,0.05049968390154737,9.999261046888932,310.97855938596604,19.291202884773647,0.1048434939389872,311.64541341742506,0.6668540314590246,0.00024030775908433317,0.10121928724631571,0.2490016643932904,2959,2775,184,15.081521739130435,0.0
4874,291.2119560560975,1.6089058345640745,8.863342091268361,0.0489687408357368,8.863342091268361,0.0489687408357368,13.401119719795133,268.9474942450372,22.264461811063494,0.1230080763042182,269.3095128454472,0.36201860041001055,0.00024932410496557203,0.12100797353950436,0.01263798420495732,1633,1452,181,8.022099447513812,0.0
4875,306.19896799807634,1.1340702518447272,13.09759552497936,0.04850961305547911,13.09759552497936,0.04850961305547911,12.447024049766469,280.654348423335,25.54461957474583,0.09460970212868826,281.2819589743665,0.6276105510314665,0.00024250794089314778,0.09228521860633279,0.0860381909071748,2858,2588,270,9.585185185185185,0.0
4876,267.74074875584006,2.5499118929127627,5.833079328454697,0.05555313646147331,5.833079328454697,0.05555313646147331,7.02814464918265,254.87952477819567,12.861223977637348,0.12248784740606998,255.81508633712815,0.935561558932477,0.00024180965596600596,0.1135777373210658,0.1268910251858415,3974,3869,105,36.84761904761905,0.0
4877,320.5911536808951,4.058115869378419,4.279395665346382,0.05416956538413141,4.279395665346382,0.05416956538413141,4.088278249567111,312.2234797659776,8.367673914913492,0.10591992297358852,312.83031851789656,0.6068387519189855,0.00024186478753247727,0.09823841978479173,0.09080053129355292,2588,2509,79,31.759493670886076,0.0
4878,281.7942954257451,2.3482857952145424,6.210738933776309,0.05175615778146924,6.210738933776309,0.05175615778146924,7.017288339420247,268.56626815255095,13.228027273196556,0.1102335606099713,269.16723533235745,0.6009671798065028,0.0002425210572261916,0.10522550077823022,0.43951494550969983,2598,2478,120,20.65,0.0
4879,295.95038308654193,1.9217557343281944,7.669472045497141,0.049801766529202214,7.669472045497141,0.049801766529202214,7.068114789623905,281.2127962514237,14.737586835121046,0.09569861581247432,281.79145927135187,0.5786630199281717,0.0002476093367257902,0.09194106373500043,0.15467100114369714,2491,2337,154,15.175324675324676,0.0
4880,280.5253179195581,1.108795723002206,12.602239091966062,0.04981122170737574,12.602239091966062,0.04981122170737574,12.930224306858236,254.99285452073218,25.532463398824298,0.10091882766333715,255.6856891058278,0.6928345850956248,0.00024132169456482925,0.09818035104241231,0.13724533844901998,3124,2871,253,11.347826086956522,0.0
4881,346.26236253115394,1.0429589232866083,16.43230039671752,0.04949488071300458,16.43230039671752,0.04949488071300458,17.73331234473403,312.0967497896993,34.165612741451554,0.10290847211280589,312.9050579509892,0.808308161289915,0.00024449732646397916,0.1004738089763998,0.23741940523814264,3638,3306,332,9.957831325301205,0.0
4882,285.17206735657123,1.7495218856231365,8.039411445374848,0.049321542609661644,8.039411445374848,0.049321542609661644,8.319864328449967,268.812791582749,16.359275773824812,0.10036365505413995,269.20778413490166,0.39499255215264384,0.0002467161475032129,0.09794038786300353,0.014022687215174301,1764,1601,163,9.822085889570552,0.0
4883,507.7327616544269,0.1986434904751279,120.31844530516446,0.04707294417259955,120.31844530516446,0.04707294417259955,106.19346345668873,281.22085289259553,226.5119087618532,0.08861968261418357,281.6199242580833,0.3990713654877709,0.017350928934250907,0.08846355140702018,0.1819189478540011,2579,23,2556,0.008998435054773083,0.0
4884,270.99212257132535,1.8434838270158187,7.467747415778885,0.05080100282842779,7.467747415778885,0.05080100282842779,8.167621682634262,255.35675347290498,15.635369098413147,0.1063630550912459,255.9419841678291,0.585230694924121,0.00024682863556479165,0.10238189390133502,0.03835762361518391,2518,2371,147,16.12925170068027,0.0
4885,327.7280858724282,2.4457319841225984,7.072866759402198,0.05278258775673282,7.072866759402198,0.05278258775673282,7.250124170381014,313.40509494264074,14.322990929783213,0.10688799201330756,314.2068152290451,0.8017202864043611,0.000245174399512037,0.10090500480136645,0.4428326483791807,3404,3270,134,24.402985074626866,0.0
4886,275.8217611217892,4.309715017527957,3.5189948970062086,0.05498429526572201,3.5189948970062086,0.05498429526572201,3.9083236120131915,268.39444261277185,7.4273185090194005,0.11605185170342813,268.9452059392686,0.5507633264967353,0.0002472007749087681,0.10744617472688489,0.15023230228143802,2292,2228,64,34.8125,0.0
4887,286.48544585854484,3.769545340244011,3.868085717629525,0.05089586470565164,3.868085717629525,0.05089586470565164,2.3485456886251086,280.2688144522931,6.216631406254633,0.08179778166124517,280.66788581778087,0.3990713654877709,0.0002469501024057988,0.07654684264163111,0.3206158660266283,1692,1616,76,21.263157894736842,0.0
4888,284.1241430514078,1.0523116409311402,14.879230125900659,0.055108259725557995,14.879230125900659,0.055108259725557995,14.246635514611398,254.99827741089643,29.125865640512057,0.10787357644634095,255.53341409964082,0.5351366887443874,0.0002469481720094081,0.10589158871024816,0.030025940245423044,2437,2143,294,7.289115646258503,1.0
4889,332.6795056005237,2.092323934594489,9.902933812371638,0.06228260259353231,9.902933812371638,0.06228260259353231,9.447724858720221,313.32884692942457,19.350658671091857,0.12170225579303055,314.03707869843515,0.708231769010581,0.00023894459143406917,0.11724796793766398,0.37709419106704445,3123,2941,182,16.15934065934066,1.0
4890,334.48045848437505,0.5621520310661765,28.762934250402843,0.0483410659670636,28.762934250402843,0.0483410659670636,36.77129839352233,268.9462258404644,65.53423264392518,0.11014156746878181,269.60948490176474,0.6632590613003231,0.00024092228888497025,0.10902684635732825,0.6945207779951943,3348,2753,595,4.6268907563025214,0.0
4891,307.8719794699516,1.0366059914813186,14.50875857028671,0.04885103895719431,14.50875857028671,0.04885103895719431,13.031970245336197,280.33125065433023,27.540728815622906,0.09272972665192898,281.11097237909803,0.7797217247677963,0.00024596899834946256,0.09010440097930499,0.2977757786647999,3467,3170,297,10.673400673400673,0.0
4892,265.02648557407156,3.680923410750994,3.6510902672616465,0.050709587045300646,3.6510902672616465,0.050709587045300646,5.249014070002204,256.12638123680154,8.900104337263851,0.12361256023977571,256.4358898656358,0.30950862883423724,0.00025749469952931553,0.11931382928383034,0.03634509288735899,1274,1202,72,16.694444444444443,0.0
4893,329.4919056815904,2.8404474627723313,5.6678153230163595,0.048860476922554824,5.6678153230163595,0.048860476922554824,8.681386237606375,315.1427041209645,14.349201560622735,0.12370001345364426,315.3916096893636,0.2489055683990955,0.0002442645420992105,0.12155427579505904,0.13342093324058624,1135,1019,116,8.78448275862069,0.0
4894,286.2038361884604,2.1044399719739735,7.041962683635815,0.051779137379675114,7.041962683635815,0.051779137379675114,9.74862406390207,269.4132494409241,16.790586747537887,0.1234601966730727,270.08327210785046,0.6700226669263429,0.00023946485594222408,0.11853355941624955,0.1498622361038997,2934,2798,136,20.573529411764707,0.0
4895,298.3052244983651,1.5219654311141075,9.743503495302322,0.04971175252705266,9.743503495302322,0.04971175252705266,7.819647957791176,280.742073045275,17.563151453093496,0.08960791557700763,281.4430528250091,0.700979779734098,0.0002410521938562923,0.08603148812936728,0.049271071591192594,3104,2908,196,14.83673469387755,0.0
4896,308.5953354348196,0.5757375661097381,25.93934382342957,0.048394298178040245,25.93934382342957,0.048394298178040245,26.02284567468837,256.6331459367111,51.96218949811794,0.09694438339201107,257.3058827158857,0.6727367791745564,0.00023923783043191908,0.09568927746069766,0.22309196684750532,3348,2812,536,5.246268656716418,0.0
4897,324.2158602078773,3.4861920452459927,5.147938480716994,0.05535417721201069,5.147938480716994,0.05535417721201069,4.127767639779222,314.94015408737914,9.275706120496217,0.09973877548920664,315.747249448669,0.8070953612898393,0.00024427825704898286,0.0910603307441756,0.3117499940135531,3397,3304,93,35.526881720430104,0.0
4898,280.7194430749669,2.5754077346327238,5.639312100648469,0.051736808262829996,5.639312100648469,0.051736808262829996,5.496972741743548,269.5831582325759,11.136284842392017,0.10216775084763319,270.1288524549691,0.5456942223931947,0.0002488345747346989,0.09716138183484205,0.056390369507653304,2302,2193,109,20.119266055045873,0.0
4899,288.1240802777497,3.0651497901888267,5.18321008797889,0.05514053285083925,5.18321008797889,0.05514053285083925,1.824575586978881,281.11629460279187,7.007785674957771,0.07455091143572097,281.9841387869151,0.8678441841232143,0.0002441880090386084,0.0653185264982409,0.15159709570480118,3648,3554,94,37.808510638297875,0.0
4900,273.50806787723786,1.47842198852561,9.578897895976976,0.05177782646474041,9.578897895976976,0.05177782646474041,6.97969071343573,256.94947926782584,16.558588609412705,0.08950588437520382,257.81732345194905,0.8678441841232143,0.00024398205907315556,0.08481483473129088,0.07194795097711904,3742,3557,185,19.227027027027027,0.0
4901,348.41075647780053,1.1850706002646276,14.555188359221965,0.04950744339871417,14.555188359221965,0.04950744339871417,17.882208273840433,315.9733598447367,32.4373966330624,0.1103312810648381,316.6932213886257,0.7198615438890101,0.0002403544386941603,0.10788277241215924,0.2941846190290107,3289,2995,294,10.187074829931973,0.0
4902,286.92008791896615,1.9518373327820826,7.232655045417439,0.04920173500283972,7.232655045417439,0.04920173500283972,10.670536141166622,269.01689673238343,17.90319118658406,0.12179041623526571,269.3455761457212,0.32867941333779527,0.0002545928840726532,0.11955450185880899,0.5942260568747315,1438,1291,147,8.782312925170068,0.0
4903,303.68010821985536,1.3377978335676448,11.062340705644766,0.04873277843896373,11.062340705644766,0.04873277843896373,10.001831123808643,282.61593639040257,21.064171829453407,0.09279370849979475,283.18518859386063,0.5692522034580634,0.00024536732907675144,0.09028598954182698,0.3980053933923955,2547,2320,227,10.220264317180616,0.0
4904,289.6933413184188,0.7850768057409723,18.197614096474307,0.04931602736171899,18.197614096474307,0.04931602736171899,14.999003987978313,256.4967232339743,33.19661808445262,0.08996373464621307,257.293768408872,0.7970451748976757,0.0002455468807448169,0.08780372062207806,0.3167944712502049,3615,3246,369,8.796747967479675,0.0
4905,343.4017621327346,1.4550922124268415,11.738644695903929,0.049740019897898,11.738644695903929,0.049740019897898,14.617362011552359,317.0457554252796,26.356006707456288,0.11167799452311987,317.6804490548973,0.6346936296176864,0.00024327084308841946,0.10898861473659871,0.03296725573477488,2845,2609,236,11.055084745762711,0.0
4906,277.4776251491701,2.95188962924649,5.315986066394361,0.05655304325951448,5.315986066394361,0.05655304325951448,2.9383149591894835,269.22332412358696,8.254301025583844,0.087811713038126,270.1488862612107,0.9255621376237286,0.00024178739227370132,0.07796530731871691,0.030306126727055016,3922,3828,94,40.723404255319146,0.0
4907,303.19725187863173,1.562872432364081,9.439473654354734,0.048657080692550175,9.439473654354734,0.048657080692550175,9.51899860949834,284.23877961478047,18.958472263853075,0.0977240838342942,284.7216121290908,0.48283251431030294,0.00023808309384137227,0.09523525644093278,0.1491859532734452,2222,2028,194,10.45360824742268,0.0
4908,273.792523614067,1.5043545253520165,9.116178849520887,0.050088894777587295,9.116178849520887,0.050088894777587295,7.284354492637931,257.3919902719108,16.400533342158816,0.09011282056131217,257.94275359840753,0.5507633264967353,0.00024675776276735455,0.08708664843768948,0.11272418908356485,2414,2232,182,12.263736263736265,0.0
4909,346.1206649252779,1.3956478424406367,12.108995091022177,0.04882659310896039,12.108995091022177,0.04882659310896039,16.808925470343866,317.20274436391287,28.917920561366042,0.11660451839260501,317.64133353779175,0.4385891738788814,0.0002401912233728814,0.11483601365921825,0.1854884219003452,2074,1826,248,7.362903225806452,0.0
4910,282.1805288648743,2.497172821813047,6.068818613543219,0.053706359411886895,6.068818613543219,0.053706359411886895,6.344199060509027,269.76751119082314,12.413017674052245,0.10984971392966589,270.54261730125495,0.7751061104318069,0.000246221763161311,0.10299036781964031,0.12116254171064611,3261,3148,113,27.858407079646017,0.0
4911,318.04987209336787,0.9299703862379177,16.581010566014516,0.04848248703513017,16.581010566014516,0.04848248703513017,17.46526454705827,284.0035969802939,34.04627511307278,0.09955051202652859,284.7760878495044,0.7724908692105146,0.00024640857072105726,0.09729176679492244,0.3914349276260509,3477,3135,342,9.166666666666666,0.0
4912,263.00320692439595,4.174654078165015,3.4440389300103424,0.05466728460333877,3.4440389300103424,0.05466728460333877,2.4936894385991764,257.0654785557822,5.937728368609519,0.09424965664459553,257.59051405122204,0.5250354954398517,0.00025037458056263793,0.08591575989164936,0.17918915138830016,2160,2097,63,33.285714285714285,0.0
4913,336.7181220509108,1.8811068271000602,9.20975669523248,0.051451154721969164,9.20975669523248,0.051451154721969164,10.41246421119854,317.095901144482,19.622220906431018,0.10962134584598333,317.8929463193797,0.7970451748976757,0.0002456225500455087,0.10516857950576028,0.7477055327283324,3424,3245,179,18.12849162011173,0.0
4914,289.59762616877947,1.626952956004379,9.342049062485401,0.052483421699356186,9.342049062485401,0.052483421699356186,10.073860499487637,270.18171660681196,19.415909561973038,0.1090781436065901,271.1072787444357,0.9255621376237286,0.00024191378401038386,0.10387835631653809,0.11897670728876619,4004,3826,178,21.49438202247191,0.0
4915,299.3398400869862,2.0089922153489006,7.6685003581137945,0.05146644535646842,7.6685003581137945,0.05146644535646842,7.411312582038818,284.26002714683545,15.079812940152612,0.1012067982560578,285.06429566818974,0.8042685213542882,0.00024475609292583326,0.09580902294494276,0.11975383192952904,3435,3286,149,22.053691275167786,0.0
4916,273.62998701341985,1.4632619626386087,9.454550207199295,0.05055909201710853,9.454550207199295,0.05055909201710853,7.560352187170338,256.61508461905396,17.014902394369635,0.09098878285759163,257.27318494778297,0.6581003287290059,0.00024159336590638984,0.08746952976276409,0.3655351556506048,2911,2724,187,14.566844919786096,0.0
4917,332.2474105224885,2.2756671953595102,7.604570186399622,0.0520860971671207,7.604570186399622,0.0520860971671207,7.867294795400994,316.7755455406873,15.471864981800616,0.10597167795753847,317.53801754775145,0.7624720070641615,0.0002462764880698196,0.10074926695025381,0.6083237711566198,3242,3096,146,21.205479452054796,0.0
4918,290.24844222013235,1.5604754958071632,9.447232519666464,0.05079157268637884,9.447232519666464,0.05079157268637884,10.237282891993118,270.56392680847944,19.684515411659582,0.10583072801967518,271.22718586977976,0.6632590613003231,0.00024039835494756183,0.10226481908791714,0.20838498811212958,2945,2759,186,14.833333333333334,0.0
4919,310.00427324863495,1.174258610790284,13.111579554192103,0.04966507406890948,13.111579554192103,0.04966507406890948,12.444844873305101,284.4478488211364,25.556424427497205,0.09680463798294396,285.3617951599517,0.9139463388153217,0.00024268357376933662,0.09334272003289099,0.26935731584740097,4030,3766,264,14.265151515151516,0.0
4920,272.40966320224265,1.530391366304734,8.668551503152946,0.04869972754580307,8.668551503152946,0.04869972754580307,7.264936909697553,256.4761747893963,15.9334884128505,0.08951397984747471,256.77159006686907,0.2954152774727845,0.00025845606078108883,0.087854343457155,0.040656126270732784,1321,1143,178,6.421348314606742,0.0
4921,325.7910507602305,4.654157868003293,4.024539508192665,0.0574934215456095,4.024539508192665,0.0574934215456095,4.635820252138501,317.13069099989616,8.660359760331165,0.12371942514758807,317.90579711032797,0.7751061104318069,0.0002460654318831133,0.1126464807128936,0.5077934260523307,3220,3150,70,45.0,0.0
4922,295.84046776352784,1.1163791236359542,13.098868239295612,0.04942969146904005,13.098868239295612,0.04942969146904005,12.381487997254908,270.36011152698484,25.48035623655052,0.0961522876850963,270.93449917681846,0.5743876498336249,0.0002471547546616286,0.09398478711965803,0.049267474624457464,2589,2324,265,8.769811320754718,0.0
4923,292.86028740364713,3.366210200041921,4.660214426697073,0.0535656830654836,4.660214426697073,0.0535656830654836,3.5616449061285493,284.63842807082347,8.221859332825623,0.09450413026236348,285.30991492999806,0.6714868591745926,0.00023913349685704866,0.08678589050171352,0.3112399252281648,2895,2808,87,32.275862068965516,0.0
4924,268.3309179450828,1.8764399856299494,7.61367309812219,0.05324246921763769,7.61367309812219,0.05324246921763769,4.055885703204694,256.66135914376105,11.669558801326884,0.08160530630298521,257.5434326474294,0.88207350366838,0.00024474847493573254,0.07543696012344998,0.13600155334756892,3747,3604,143,25.202797202797203,0.0
4925,323.9794929315401,5.585853326405864,3.3224080024899254,0.05728289659465389,3.3224080024899254,0.05728289659465389,3.102416507808357,317.55466842123747,6.424824510298283,0.11077283638445315,318.1987751499664,0.644106728728957,0.0007797902284854201,0.09966754795816699,0.09259145422311121,884,826,58,14.241379310344827,0.0
4926,281.7338684613958,5.217293860396218,3.4658530101838196,0.06418246315155221,3.4658530101838196,0.06418246315155221,5.871097485420933,272.3969179657922,9.336950495604752,0.17290649065934727,273.3324795247247,0.935561558932477,0.00024162230344330503,0.15558127660502005,0.36593473593575254,3926,3872,54,71.70370370370371,0.0
4927,502.3158428612819,0.2045259946503591,115.39235615667565,0.04698385836998194,115.39235615667565,0.04698385836998194,102.3558637250162,284.5676229796095,217.74821988169185,0.08865969864889733,284.67384340879744,0.1062204291879425,0.00031519415189300445,0.08861644928847087,0.14776420688212966,2793,337,2456,0.13721498371335505,0.0
4928,291.08054720453765,0.7560533693624355,18.82145750496641,0.04888690261030237,18.82145750496641,0.04888690261030237,15.521068817562309,256.73802088202115,34.34252632252872,0.08920136707150317,257.39612121075015,0.6581003287290059,0.00024185973124917528,0.08749201556827922,0.24617776079594478,3106,2721,385,7.067532467532468,0.0
4929,331.1469425405062,2.3157128848986446,7.343283036302452,0.051351629624492676,7.343283036302452,0.051351629624492676,7.040132200922699,316.76352730328017,14.383415237225151,0.10058332333723882,317.4076340320091,0.644106728728957,0.00033900354143629315,0.09607908047900042,0.03126441434346816,2043,1900,143,13.286713286713287,0.0
4930,289.0716260558572,2.0796519860133613,6.925031200002829,0.0498203683453441,6.925031200002829,0.0498203683453441,9.274589084012177,272.87200577184854,16.199620284015005,0.11654403082025183,273.2408604445086,0.36885467266006344,0.00024722163046921145,0.11389040008164478,0.03526737085462628,1631,1492,139,10.733812949640289,0.0
4931,292.87624065216437,3.3281390983200496,4.934965986586032,0.05607915893847763,4.934965986586032,0.05607915893847763,3.3609732940433332,284.58030137153696,8.295939280629366,0.09427203727987915,285.4764728408386,0.8961714693016347,0.0002445215468762987,0.08408827058324743,0.05667863783787652,3753,3665,88,41.64772727272727,0.0
4932,275.7296019390865,1.4436104813564736,9.875559146132167,0.05170449814728883,9.875559146132167,0.05170449814728883,7.5530963907528985,258.3009464022109,17.428655536885067,0.09124950542871763,259.1783148832849,0.8773684810739724,0.0002437134669649923,0.08665595317173609,0.24358613307549604,3791,3600,191,18.848167539267017,0.0
4933,333.57499911491914,2.0591049328081428,8.136814416610749,0.050227249485251535,8.136814416610749,0.050227249485251535,8.344929689699711,317.09325500860996,16.481744106310458,0.10173916115006455,317.6255246855046,0.5322696768946571,0.00025059777631575194,0.09845354586058347,0.07295966648848662,2286,2124,162,13.11111111111111,0.0
4934,305.59260190918417,0.8935456196174976,16.53673318302439,0.04835302100299529,16.53673318302439,0.04835302100299529,16.29427891870023,272.76158980746845,32.83101210172462,0.09599711140855151,273.1547421170583,0.39315230958982283,0.0002466451126661373,0.09484754325183009,0.1534189241524473,1936,1594,342,4.6608187134502925,0.0
4935,316.25352359300496,0.9913903560909246,15.386418537961871,0.04823328695285853,15.386418537961871,0.04823328695285853,14.993850647393401,285.87325440764835,30.380269185355274,0.09523595355910744,286.53289730132974,0.6596428936813936,0.00024065775033980065,0.09316810749741447,0.4834651085691348,3060,2741,319,8.592476489028213,0.0
4936,278.78430568319686,1.2445727932285575,11.060065376065346,0.049375291857434576,11.060065376065346,0.049375291857434576,8.642707560522695,259.0815327466171,19.70277293658804,0.08795880775262518,259.58777844805354,0.5062457014364554,0.00024694912265192946,0.08569878229974696,0.19604227978925337,2274,2050,224,9.151785714285714,0.0
4937,345.54211753999357,1.2385022134049948,13.978679490418276,0.05010279387246694,13.978679490418276,0.05010279387246694,14.72522507089434,316.83821297868053,28.703904561312616,0.1028813783559592,317.7011701358151,0.8629571571345878,0.00024363556102049343,0.0997883419504604,0.0014417867419069808,3821,3542,279,12.695340501792115,0.0
4938,297.3083390629124,1.1093594741153447,13.505946115944338,0.050395321328150514,13.505946115944338,0.050395321328150514,11.298395128736047,272.5039978182399,24.804341244680387,0.09255351210701637,273.36211211860814,0.8581143003682428,0.00024482576330049725,0.08935159307576221,0.535761355411978,3773,3505,268,13.078358208955224,0.0
4939,304.68514356413107,1.4440054197352183,10.099726777997208,0.04786600368719056,10.099726777997208,0.04786600368719056,8.853677180657314,285.7317396054759,18.953403958654523,0.08982655904575604,286.0932141774765,0.3614745720005885,0.00025084980707882617,0.08811340941542443,0.06791227391067878,1652,1441,211,6.829383886255924,0.0
4940,269.8651150552719,3.1379664541310683,4.467614978858125,0.051949011382071225,4.467614978858125,0.051949011382071225,4.780170225177244,260.61732985123945,9.24778520403537,0.10753238609343453,261.0708063192835,0.45347646804407304,0.00023792049739982846,0.10225940390684131,0.2222067875554785,1992,1906,86,22.162790697674417,0.0
4941,325.3776833229083,3.0127563270639657,5.892210210714465,0.05455750195105986,5.892210210714465,0.05455750195105986,2.6304427429381576,316.8550303692539,8.522652953652623,0.07891345327456133,317.7031478193644,0.8481174501105215,0.00024413282962306319,0.07106051392170272,0.1614285269690754,3582,3474,108,32.166666666666664,0.0
4942,384.26848018533406,0.3759965559543386,49.018747517136255,0.04796354942968322,49.018747517136255,0.04796354942968322,62.37630974344461,272.87342292477183,111.39505726058087,0.10899712060722198,273.59949140377194,0.7260684790001051,0.0002402609129715768,0.10828668178235042,0.131972331762654,4044,3022,1022,2.9569471624266144,0.0
4943,304.4706726749034,1.4030906574880342,10.727859679741336,0.04943714138129648,10.727859679741336,0.04943714138129648,8.139660077483995,285.60315291767733,18.86751975722533,0.08694709565541628,286.31717002085065,0.7140171031733189,0.00024057180026055219,0.08365669425830771,0.020683747273778863,3185,2968,217,13.67741935483871,0.0
4944,272.39507128334367,3.492244503632611,6.955283936610055,0.08917030687961609,6.955283936610055,0.08917030687961609,4.488847823902461,260.95093952283605,11.444131760512516,0.14671963795528867,261.72700615028384,0.7760666274477899,0.00024274839770027835,0.13677006580845932,0.2291365062994828,3275,3159,116,27.232758620689655,1.0
4945,336.1193920038206,1.7878691064033012,9.693367931860317,0.05156046772266126,9.693367931860317,0.05156046772266126,8.986562364343627,317.4394617076182,18.679930296203942,0.09936133136278692,318.2985339312868,0.8590722236685906,0.00044145540784614113,0.09479179825815871,0.07016442412486867,2134,1946,188,10.351063829787234,0.0
4946,304.32669218374417,0.9363898221038283,16.23805009894182,0.04996323107366714,16.23805009894182,0.04996323107366714,14.76723090668338,273.32141117812785,31.0052810056252,0.09540086463269293,274.2206500693285,0.899238891200639,0.0002432347555316849,0.09263397573666365,0.19815438575483313,4022,3697,325,11.375384615384615,0.0
4947,302.2189019295049,1.7368902409741662,8.851855695590418,0.05087273388270355,8.851855695590418,0.05087273388270355,6.171018979709743,287.1960272542012,15.02287467530016,0.08633836020287448,288.0201456929849,0.8241184387836711,0.00024563887892210763,0.08160204733632191,0.24174213213359508,3529,3355,174,19.2816091954023,0.0
4948,279.39698619298997,1.633900504052573,8.90472821318167,0.05207443399521444,8.90472821318167,0.05207443399521444,6.370951175660366,264.12130680415453,15.275679388842036,0.08933145841428092,264.98915098827774,0.8678441841232143,0.0002438449519874162,0.0842563462263873,0.20385619004218825,3730,3559,171,20.81286549707602,0.0
4949,324.7734299454903,3.0930802851951458,5.762488430224799,0.05488084219261714,5.762488430224799,0.05488084219261714,2.6513358233362396,316.35960569192775,8.413824253561039,0.08013165955772418,317.21867791559634,0.8590722236685906,0.0005147227223898086,0.07195001933232345,0.4361033077598222,1774,1669,105,15.895238095238096,0.0
4950,309.76905278205095,0.8875904091176245,17.305664549021294,0.04958643137255385,17.305664549021294,0.04958643137255385,18.994732663158175,273.4686555698813,36.30039721217947,0.10401259946183229,274.29803868948784,0.8293831196065184,0.00024472797863868943,0.10163614353169946,0.012538959053927101,3738,3389,349,9.710601719197708,0.0
4951,299.3462362733319,2.2507235810024953,6.9205379789736465,0.052034120142659,6.9205379789736465,0.052034120142659,4.39978321785793,288.02591507649754,11.320321196831577,0.08511519696865848,288.8276353629019,0.8017202864043611,0.000245174399512037,0.0790872248904511,0.04011736606003069,3403,3270,133,24.586466165413533,0.0
4952,273.203631615419,3.6919409677759325,4.23607811571275,0.0572442988609831,4.23607811571275,0.0572442988609831,4.498478694674077,264.469074805035,8.734556810386827,0.11803455149171388,265.2581856568099,0.7891108517749217,0.00024605888736355526,0.10737089133255501,0.26480718436801,3281,3207,74,43.33783783783784,0.0
4953,335.7596618244004,2.381274197336173,7.515900702317565,0.05330426030012458,7.515900702317565,0.05330426030012458,9.001424724324124,319.24233639776367,16.51732542664169,0.1171441519619978,320.13163341336485,0.889297015601187,0.0002449854037468835,0.11083708092932999,0.009353060829198512,3771,3630,141,25.74468085106383,0.0
4954,308.0069233599638,0.8927736908984458,17.059246523235203,0.04944709137169624,17.059246523235203,0.04944709137169624,17.349830050849505,273.5978467858888,34.40907657408471,0.09973645383792669,274.3703376550993,0.7724908692105146,0.00024688107037728176,0.09749734986917247,0.4807450187033737,3474,3129,345,9.069565217391304,0.0
4955,307.62037118222725,1.5228731246644913,9.855489711009048,0.04878955302479727,9.855489711009048,0.04878955302479727,9.641138877758522,288.1237425934564,19.49662858876757,0.09651796331073055,288.66684407032585,0.543101476869424,0.00024935788653325253,0.09382934213812572,0.27490060187824383,2380,2178,202,10.782178217821782,0.0
4956,281.2776478553226,1.3022113326635305,10.82646588159893,0.050122527229624673,10.82646588159893,0.050122527229624673,6.366260503823696,264.0849214699065,17.192726385422624,0.07959595548806771,264.7549441368328,0.6700226669263429,0.00023972188441014059,0.07649399869671188,0.4550620143877495,3011,2795,216,12.939814814814815,0.0
4957,330.72560430358726,2.90110179213673,6.235590160147254,0.054698159299537315,6.235590160147254,0.054698159299537315,5.467323754552126,319.02269038889403,11.70291391469938,0.10265713960262614,319.9047638925624,0.88207350366838,0.0002446127298026567,0.09491965272828813,0.08861276416769215,3720,3606,114,31.63157894736842,0.0
4958,302.1798658079365,0.9716394398969019,15.246977329994655,0.049025650578760946,15.246977329994655,0.049025650578760946,13.389350071744047,273.54353840620684,28.636327401738704,0.09207822315671609,274.1235332661349,0.5799948599280924,0.0002469113920511249,0.09021328791576066,0.6326372429527964,2660,2349,311,7.553054662379421,0.0
4959,304.887875440626,1.6752081068166262,9.310523361548357,0.051156721766749215,9.310523361548357,0.051156721766749215,7.501721928273128,288.07563015080086,16.812245289821483,0.09237497411989826,288.99504286544743,0.9194127146465689,0.000242205667715113,0.08732325590757442,0.012568548921535694,3978,3796,182,20.857142857142858,0.0
4960,288.19441191492683,1.0753522832646523,13.51461267679351,0.05042765924176683,13.51461267679351,0.05042765924176683,10.232767567450082,264.44703167068974,23.747380244243594,0.08860962777702834,265.3395294691213,0.8924977984315774,0.0002441186538379588,0.0852794121112146,0.13487355208008012,3924,3656,268,13.64179104477612,0.0
4961,344.5826927284493,1.7143417548679067,9.711306833177542,0.048314959369042496,9.711306833177542,0.048314959369042496,13.480811188256439,321.39057470701823,23.19211802143398,0.11538367174842776,321.6730702154689,0.2824955084506655,0.00026500516740212527,0.11397822145761381,0.04907927733620454,1267,1066,201,5.303482587064677,0.0
4962,288.01346184331214,1.6271946996797295,8.79037540483354,0.04966313788041548,8.79037540483354,0.04966313788041548,5.574828952901498,273.64825748558405,14.365204357735038,0.08115934665387027,274.092057469441,0.443799983856934,0.00023963282065709177,0.07865200211226642,0.27875440221305325,2029,1852,177,10.463276836158192,0.0
4963,294.7664766446628,3.9302196885955043,3.9568384592744366,0.052757846123659156,3.9568384592744366,0.052757846123659156,1.582223950663547,289.2274142347235,5.5390624099379835,0.07385416546583978,289.7583408716182,0.5309266368947192,0.0002504370928748675,0.06677514364059486,0.2361016743327582,2195,2120,75,28.266666666666666,0.0
4964,284.212519949584,1.2860295020343169,11.175361757199019,0.05056724777013131,11.175361757199019,0.05056724777013131,8.12945575139861,264.90770244099235,19.30481750859763,0.08735211542351869,265.6820546314243,0.774352190431955,0.0002467661537386727,0.08384825935818875,0.2940193948745673,3359,3138,221,14.199095022624434,0.0
4965,329.90877990606623,4.781286665305307,3.824242586061308,0.05542380559509142,3.824242586061308,0.05542380559509142,5.44629048540628,320.638246834603,9.270533071467588,0.13435555176039982,321.23571663021903,0.5974697956160071,0.00024386522270041107,0.1256965692151768,0.2259479094454946,2519,2450,69,35.507246376811594,0.0
4966,303.5638079436965,0.9792380901409564,15.403136183307053,0.049687536075184044,15.403136183307053,0.049687536075184044,14.491087577202961,273.6695841831954,29.894223760510016,0.09643297987261296,274.4625191763787,0.7929349931832803,0.0002460238886699598,0.09387512505586382,0.3869770480664556,3533,3223,310,10.396774193548387,0.0
4967,302.0052694332546,2.396867217724243,6.630639004251423,0.0526241190813605,6.630639004251423,0.0526241190813605,5.222011220162358,290.15261920883836,11.85265022441378,0.09406865257471254,290.9992907888536,0.8466715800152542,0.00024463206588132166,0.08734903686032548,0.0488271614885889,3587,3461,126,27.46825396825397,0.0
4968,274.3191993487419,2.078175752641984,6.467356052554266,0.048995121610259595,6.467356052554266,0.048995121610259595,2.9834381698801735,264.86840512631284,9.450794222434439,0.07159692592753363,265.12993462452823,0.2615294982153955,0.0002791136587144029,0.06961564185010358,0.15189738611093162,1069,937,132,7.098484848484849,0.0
4969,337.9364140288444,2.166259064287464,8.016031098462541,0.05138481473373424,8.016031098462541,0.05138481473373424,9.06666207676426,320.8537208536188,17.0826931752268,0.10950444343094103,321.54805047871446,0.6943296250956337,0.00024158998785512654,0.10505361250083303,0.2162605957616961,3030,2874,156,18.423076923076923,0.0
4970,530.5268923530709,0.21760742098157135,115.14076417873802,0.047227548883813794,115.14076417873802,0.047227548883813794,142.01075088374,273.37537729061773,257.15151506247804,0.10547642127255047,273.42185135929094,0.04647406867320569,0.0005403961473628569,0.10545735889818704,0.6701567423997403,2524,86,2438,0.03527481542247744,0.0
4971,555.7015297841347,0.19181965128896605,136.18733985026932,0.04700978248197077,136.18733985026932,0.04700978248197077,129.57765188816984,289.93653804572864,265.76499173843916,0.09173800198082126,289.98192941992556,0.04539137419692452,0.0006217996465332125,0.09172233357411429,0.024438018852606547,2970,73,2897,0.025198481187435277,0.0
4972,613.8054878772393,0.17241727187562902,169.85252455019233,0.04771138330061582,169.85252455019233,0.04771138330061582,180.08433044983985,263.8686328772792,349.9368550000322,0.09829686938203153,264.1301623754946,0.2615294982153955,0.0029058833135043945,0.09822340603981594,0.08891689201959707,3650,90,3560,0.025280898876404494,0.0
4973,335.1546065714558,2.5980977253601227,6.586156245694677,0.05105547477282695,6.586156245694677,0.05105547477282695,7.68198969790933,320.8864606278519,14.268145943604008,0.1106057825085582,321.42159731659626,0.5351366887443874,0.00025018078015165375,0.10645743608418258,0.11494182016144805,2268,2139,129,16.58139534883721,0.0
4974,,,,,,,,,,,,,,,0.11908163483053613,3693,1,3692,0.00027085590465872155,
4975,295.46313192922753,4.61661143639418,3.6123539994503573,0.05644303124141183,3.6123539994503573,0.05644303124141183,1.4259870285122815,290.42479090126335,5.038341027962639,0.07872407856191624,291.1149518977147,0.6901609964513682,0.0002417376519969766,0.06794031299238767,0.01751622160304578,2919,2855,64,44.609375,0.0
4976,280.45043908773346,1.6211008039753378,8.904273399912588,0.05146978843880109,8.904273399912588,0.05146978843880109,5.7696060588871205,265.7765596289378,14.673879458799709,0.08482011247861103,266.55388193638555,0.7773223074477755,0.00024536688997720186,0.08032691994998789,0.13935872169122376,3341,3168,173,18.3121387283237,0.0
4977,,,,,,,,,,,,,,,0.19988877381138082,3368,129,3239,0.03982710713183081,
4978,277.69284367269915,4.5523416995524455,3.5625749209043747,0.05840286755580942,3.5625749209043747,0.05840286755580942,1.3119954464727925,272.81827330532565,4.874570367377167,0.07991098962913389,273.52310499480245,0.704831689476805,0.00024146340852237237,0.06835637176879841,0.08662200657590802,2980,2919,61,47.85245901639344,0.0
4979,318.53861596615934,1.2020325130798466,13.070581505255587,0.04932294907643618,13.070581505255587,0.04932294907643618,13.522533346565297,291.9455011143359,26.593114851820886,0.1003513767993241,292.7696195531196,0.8241184387836711,0.00024563887892210763,0.09724149589826324,0.03612520263368424,3620,3355,265,12.660377358490566,0.0
4980,285.5823613891321,1.2749212562014824,11.179299920971058,0.04990758893290651,11.179299920971058,0.04990758893290651,8.187585595809878,266.2154758723557,19.366885516780936,0.08645931034277203,266.8617122161629,0.6462363438072316,0.0002413130484717071,0.0835743266650409,0.29654913437957475,2902,2678,224,11.955357142857142,0.0
4981,335.31437114414825,2.7942864262012352,6.1786239983837925,0.051488533319864936,6.1786239983837925,0.051488533319864936,7.918658297648562,321.2170888481153,14.097282296032354,0.11747735246693629,321.7730423825485,0.5559535344332289,0.00024720032655990617,0.11284440634666452,0.08019548389211195,2369,2249,120,18.741666666666667,0.0
4982,280.50496767281993,2.4605698918668413,5.83913381763162,0.05122047208448789,5.83913381763162,0.05122047208448789,1.742791527251029,272.9230423279423,7.581925344882649,0.06650811706037411,273.4083563206093,0.48531399266698827,0.0002381324792281591,0.06225097677377745,0.18719284595476893,2152,2038,114,17.87719298245614,0.0
4983,331.22848107179925,0.8493037976199981,18.71957020932549,0.04799889797262946,18.71957020932549,0.04799889797262946,19.651006908258296,292.8579039542162,38.370577117583785,0.09838609517329176,293.45977254394484,0.6018685897286105,0.00024259112846779945,0.09684284237911388,0.18592398239161412,2871,2481,390,6.361538461538461,0.0
4984,278.84366231782224,1.7212571748013719,8.085952305937028,0.04991328583911745,8.085952305937028,0.04991328583911745,4.64685182566609,266.11085818622314,12.732804131603118,0.07859755636792048,266.58737607563694,0.4765178894137989,0.0002400593901328962,0.07565608791472406,0.2975417177012787,2147,1985,162,12.253086419753087,0.0
4985,341.4718434774236,1.9292194546747095,8.923276150755736,0.050413989552292295,8.923276150755736,0.050413989552292295,11.682905606870918,320.86566171979825,20.606181757626654,0.11641910597529183,321.50035534941594,0.6346936296176864,0.00024261988899758653,0.11283326625993022,0.23672211670259458,2793,2616,177,14.779661016949152,0.0
4986,291.47952787766576,1.558714052821742,9.596043083023723,0.05131573841189157,9.596043083023723,0.05131573841189157,6.6520766507017015,275.231408143944,16.248119733725424,0.0868883408220611,276.0580895977498,0.8266814538058043,0.00024494265297949757,0.08246758438457726,0.028937529294353226,3562,3375,187,18.048128342245988,0.0
4987,314.3567844721049,1.489842580436516,10.089664166382063,0.04781831358474911,10.089664166382063,0.04781831358474911,10.90612797721883,293.36099232850347,20.995792143600895,0.09950612390332178,293.7286392142223,0.3676468857188411,0.000247573660416728,0.09776372160133924,0.3270820856955652,1696,1485,211,7.037914691943128,0.0
4988,292.1696062125038,1.0434628793303709,13.634552296801077,0.04869482963143242,13.634552296801077,0.04869482963143242,12.693104767835166,265.84194914787395,26.32765706463624,0.09402734665941515,266.31505178585917,0.473102637985221,0.00024027559064764906,0.09233769438087376,0.2478738834035994,2249,1969,280,7.0321428571428575,0.0
4989,353.21862631770864,1.248122354479536,13.825383515042715,0.04885294528283645,13.825383515042715,0.04885294528283645,18.485271452978395,320.9079713496874,32.31065496802111,0.1141719256820534,321.55439135130814,0.6464200016207542,0.0002431064315986289,0.11188775606501944,0.75,2942,2659,283,9.395759717314487,0.0
4990,279.885826202368,5.597716524047359,3.2354354691160028,0.06470870938232005,3.2354354691160028,0.06470870938232005,0.9563736585521383,275.69401707470047,4.191809127668141,0.08383618255336282,276.6101271481457,0.9161100734452248,0.00024210097078362176,0.06551398108444573,0.16524889834613532,3834,3784,50,75.68,0.0
4991,307.80440648830245,2.152478367051066,7.120155221396012,0.049791295254517566,7.120155221396012,0.049791295254517566,7.991416545261927,292.6928347216451,15.111571766657939,0.105675327039566,293.25673437285286,0.5638996512077483,0.00024538714151773206,0.1017319728353118,0.29171283468463116,2441,2298,143,16.06993006993007,0.0
4992,301.09495242115713,0.8881857003573956,16.581740985375866,0.048913690222347685,16.581740985375866,0.048913690222347685,17.814692366221152,266.69851906957024,34.39643335159702,0.10146440516695286,267.3087780607964,0.6102589912261465,0.00024245490314904507,0.09966423115150663,0.6791151478284974,2856,2517,339,7.424778761061947,0.0
4993,338.94750068129065,2.1052639793868986,8.326164894302163,0.05171530990249791,8.326164894302163,0.05171530990249791,10.715049598206178,319.9062861887817,19.04121449250834,0.11826841299694622,320.71055471013597,0.8042685213542882,0.00024483060010785027,0.11327295634257567,0.75,3446,3285,161,20.403726708074533,0.0
4994,286.07198438399564,2.4039662553276946,6.520619189700895,0.05479511924118399,6.520619189700895,0.05479511924118399,3.0911898653403114,276.4601753289562,9.611809055041206,0.08077150466421182,277.41654898750835,0.9563736585521383,0.00024059714680556938,0.07273475123098565,0.08463414781544998,4094,3975,119,33.403361344537814,0.0
4995,322.1613715088138,1.0425934353036044,14.900862659333344,0.048222856502696906,14.900862659333344,0.048222856502696906,15.752186365583611,291.50832248390157,30.653049024916953,0.09920080590588011,292.0889454916844,0.5806230077828332,0.00024519552693531805,0.09732176704572613,0.2346625933073483,2677,2368,309,7.663430420711974,0.0
4996,284.9817077307853,1.7271618650350622,8.51226156322223,0.051589464019528665,8.51226156322223,0.051589464019528665,8.238210852188786,268.2312353153759,16.750472415411018,0.10151801463885465,269.0241703085592,0.7929349931832803,0.0002464061507716844,0.09671234801349149,0.09512797084516933,3383,3218,165,19.503030303030304,0.0
4997,346.20905020695363,1.5954334110919521,10.756432030437818,0.04956881120017428,10.756432030437818,0.04956881120017428,14.771672165996051,320.6809460105178,25.52810419643387,0.11764103316328972,321.3405889041992,0.6596428936813936,0.00024074558163554512,0.1146012041601587,0.18631611164892092,2957,2740,217,12.626728110599078,0.0
4998,306.7359291968503,1.123574832222895,13.700783846191682,0.05018602141462154,13.700783846191682,0.05018602141462154,16.22088795442596,276.81425739623796,29.921671800617645,0.10960319340885584,277.660366419336,0.8461090230980517,0.00047614463877211687,0.10650389295792775,0.75,2050,1777,273,6.509157509157509,0.0
4999,310.99636480756294,1.5549818240378146,10.113581326584194,0.05056790663292097,10.113581326584194,0.05056790663292097,9.566413628660712,291.3163698523174,19.679994955244908,0.09839997477622454,292.212541321619,0.8961714693016347,0.0002441884112538514,0.09391911742971956,0.10918219496807069,3870,3670,200,18.35,0.0
5000,291.21888887511136,1.470802469066219,9.9545127592151,0.050275316965732834,9.9545127592151,0.050275316965732834,12.712082597004155,268.55229351889557,22.666595356219254,0.11447775432433967,269.2138013725769,0.6615078536813144,0.00024081101335322693,0.11113680556835595,0.03473309868309116,2945,2747,198,13.873737373737374,0.0
5001,335.56767874013667,2.4141559621592568,7.294588608053204,0.052479054734195715,7.294588608053204,0.052479054734195715,7.937974253665516,320.3351158784162,15.23256286171872,0.1095867831778325,321.14660103494975,0.8114851565335357,0.00024479190242338933,0.10374876046897062,0.20674641946493466,3454,3315,139,23.848920863309353,0.0
5002,290.1925662588276,1.8251104796152677,8.301950224718665,0.05221352342590355,8.301950224718665,0.05221352342590355,5.6103594626276845,276.2802565714833,13.91230968734635,0.08749880306507138,277.12636559458133,0.8461090230980517,0.00047136992930253577,0.08217736266821543,0.1833391116385883,1954,1795,159,11.28930817610063,0.0
5003,316.05087636130384,1.2795582038919184,12.071572921304156,0.04887276486357958,12.071572921304156,0.04887276486357958,12.115489021711028,291.86381441828985,24.187061943015184,0.09792332770451491,292.5159452252806,0.6521308069907263,0.00024126185978199272,0.09528312200819133,0.2498213698759173,2950,2703,247,10.94331983805668,0.0
5004,281.64621130740875,2.7344292359942597,5.666301925171438,0.05501264005020814,5.666301925171438,0.05501264005020814,5.784090033745315,270.19581934849316,11.450391958916754,0.11116885397006557,271.05740262998074,0.861583281487583,0.00024393637641211298,0.10280396774201947,0.16956683597618394,3635,3532,103,34.29126213592233,0.0
5005,562.2527407938237,0.25803246479753267,102.76487635196038,0.04716148524642514,102.76487635196038,0.04716148524642514,138.99357517768954,320.49428926421,241.7584515296499,0.11094926642021564,320.5417361425973,0.04744687838729078,0.0005157269389922911,0.11092749180873171,0.049584453249053695,2271,92,2179,0.04222120238641579,0.0
5006,284.64840564848373,3.5581050706060466,4.231439524218427,0.05289299405273033,4.231439524218427,0.05289299405273033,2.5734129537065655,277.8435531705595,6.804852477924992,0.0850606559740624,278.3617614391105,0.5182082685510068,0.00024961862646965643,0.0785830526171651,0.2350215003455105,2156,2076,80,25.95,0.0
5007,296.80239508051113,9.275074846265973,2.335453117819247,0.07298290993185147,2.335453117819247,0.07298290993185147,1.747961515392035,292.7189804472996,4.083414633211282,0.12760670728785256,293.6210929385004,0.9021124912007963,0.00024315700571450035,0.0994156919378355,0.3082535014102632,3742,3710,32,115.9375,0.0
5008,284.3338722999531,2.3306055106553534,6.641481470618711,0.054438372709989434,6.641481470618711,0.054438372709989434,7.740974354456057,269.95141647488003,14.382455825074768,0.117888982172744,270.89874504914997,0.9473285742699318,0.00024062193910844089,0.11012399385904209,0.75,4059,3937,122,32.27049180327869,0.0
5009,337.87162406159314,2.2083112683764257,8.015599705120582,0.05238954055634368,8.015599705120582,0.05238954055634368,9.715071501534794,320.14095285493704,17.730671206655376,0.11588673991278024,321.02988891053815,0.888936055601107,0.00024535911001962655,0.11007670033369275,0.0003955420486363437,3776,3623,153,23.679738562091504,0.0
5010,300.1241169010584,1.604941801609938,9.385772265460265,0.05019129553722067,9.385772265460265,0.05019129553722067,12.683741639104937,278.05460299649667,22.069513904565202,0.11801879093350376,278.66031086841576,0.605707871919094,0.00024247713047201522,0.11477971140450616,0.006069791381833056,2685,2498,187,13.358288770053475,0.0
5011,312.4297062883595,1.6272380535852058,9.46638285158264,0.049304077351992916,9.46638285158264,0.049304077351992916,10.018297399070434,292.94502603770616,19.484680250653074,0.1014827096388181,293.54769398743474,0.6026679497285841,0.00024213256316937888,0.09834381406731652,0.24551466369712216,2681,2489,192,12.963541666666666,0.0
5012,282.7769122332438,2.502450550736671,5.573119810125365,0.04931964433739261,5.573119810125365,0.04931964433739261,6.588397124417725,270.6153952987024,12.16151693454309,0.10762404366852292,270.91553079253504,0.30013549383261307,0.0002596327801320182,0.10496797735140516,0.03136975331995018,1269,1156,113,10.230088495575222,0.0
5013,338.01363469584726,2.0865039178756004,8.443527234291444,0.05212053848328052,8.443527234291444,0.05212053848328052,9.247216890712252,320.3228905708427,17.690744125003697,0.10920212422841788,321.22704994642436,0.9041593755816848,0.00024311895014296445,0.10362089351495618,0.47108349972518226,3881,3719,162,22.95679012345679,0.0
5014,286.05288425959156,2.7243131834246817,5.2464500010833355,0.04996619048650796,5.2464500010833355,0.04996619048650796,3.295906816247225,277.5105274422622,8.54235681733056,0.08135577921267201,277.8592012748238,0.3486738325616443,0.00024798992358580674,0.07803507604540712,0.40181550941133537,1511,1406,105,13.39047619047619,0.0
5015,312.446660820136,1.4532402828843536,10.559863299487777,0.04911564325343152,10.559863299487777,0.04911564325343152,9.993372295671406,291.8934252249783,20.553235595159183,0.09559644462864736,292.5107615100885,0.6173362851102411,0.00024161889828189475,0.09272511306998832,0.75,2770,2555,215,11.883720930232558,0.0
5016,300.4988093254358,1.084833246662223,13.872757949222178,0.05008215866145191,13.872757949222178,0.05008215866145191,16.7092084245553,269.91684295166624,30.581966373777476,0.11040421073565876,270.7211114730205,0.8042685213542882,0.000244979750640965,0.10750071426864714,0.13362642395895818,3560,3283,277,11.851985559566787,0.0
5017,349.13234474115575,1.2930827583005768,13.37588654476702,0.04954032053617415,13.37588654476702,0.04954032053617415,15.773605584973893,319.98285261141496,29.149492129740914,0.10796108196200338,320.81990981290255,0.8370572014875961,0.00045765839337758127,0.10486087010464147,0.10153843263879025,2099,1829,270,6.774074074074074,0.0
5018,291.83233544645464,3.4333215934877015,4.74664346516314,0.05584286429603694,4.74664346516314,0.05584286429603694,8.069820647161578,279.01587133413227,12.816464112324716,0.15078193073323196,279.7883622033428,0.7724908692105146,0.0002465658695213899,0.1416938028601394,0.20548133189709006,3218,3133,85,36.858823529411765,0.0
5019,304.8958695584963,2.1027301348861815,7.192599410265195,0.04960413386389789,7.192599410265195,0.04960413386389789,5.563229035343056,292.14004111288864,12.755828445608252,0.08797123065936725,292.66799839344185,0.5279572805532098,0.0008683507903835688,0.08433014596589287,0.2536851450377071,753,608,145,4.1931034482758625,0.0
5020,287.30411219310326,1.8299624980452438,7.864508660803864,0.05009241185225391,7.864508660803864,0.05009241185225391,9.28203736056571,270.1575661717379,17.146546021369574,0.10921366892592085,270.67429553723196,0.5167293654940295,0.0002502321382537673,0.10592239908198287,0.0028403917090145114,2222,2065,157,13.152866242038217,0.0
5021,390.53754046008135,0.5846370366168883,32.07005613983564,0.048009066077598264,32.07005613983564,0.048009066077598264,39.002795721748726,319.46468859850074,71.07285186158437,0.10639648482273109,320.30174579998834,0.8370572014875961,0.0004912307520467113,0.10514340517977995,0.05615714427040075,2372,1704,668,2.5508982035928143,0.0
5022,300.1149128352704,1.7970952864387448,8.705954030130187,0.05213146125826459,8.705954030130187,0.05213146125826459,11.641598694941194,279.7673601102031,20.34755272507138,0.12184163308425977,280.6139004902184,0.8465403800153126,0.00024410045559841771,0.11677252901228745,0.08269148328349729,3635,3468,167,20.766467065868262,0.0
5023,294.87182254312347,11.341223943966288,1.683542624600447,0.0647516394077095,1.683542624600447,0.0647516394077095,1.5803226118503062,291.60795730667155,3.263865236450753,0.12553327832502897,292.13591458722476,0.5279572805532098,0.0003423847474404733,0.10522722907302733,0.3903947869541753,1568,1542,26,59.30769230769231,0.0
5024,275.58684367156184,4.593114061192697,3.630146013970684,0.060502433566178064,3.630146013970684,0.060502433566178064,1.6668428851237422,270.2898547724683,5.296988899094426,0.08828314831824044,271.142296508674,0.8524417362057193,0.00024390321493725873,0.07407578604813049,0.09196017282647517,3555,3495,60,58.25,0.0
5025,338.8138634692498,1.9698480434258707,8.814417284287055,0.051246612117947996,8.814417284287055,0.051246612117947996,9.592374878170176,320.4070713067929,18.40679216245723,0.1070162335026583,321.24208420046557,0.8350128936726833,0.00024437017666745193,0.1021615073766524,0.1766541858464734,3589,3417,172,19.86627906976744,0.0
5026,287.02467894798406,5.035520683297966,3.4964302059519645,0.061340880806174815,3.4964302059519645,0.061340880806174815,3.4372372393793285,280.09101150265406,6.933667445331293,0.1216432885145841,280.93287417600277,0.8418626733487145,0.00024408891659864147,0.10687376792949627,0.09786238641277123,3506,3449,57,60.50877192982456,0.0
5027,298.3385933882789,4.031602613355121,4.284384281009049,0.05789708487850066,4.284384281009049,0.05789708487850066,1.50249220513183,292.55171690213933,5.786876486140879,0.07820103359649837,293.4645602025305,0.9128433003911596,0.00024284205916231966,0.06586531332092474,0.0015375339523870934,3833,3759,74,50.7972972972973,0.0
5028,282.0030057245244,2.5871835387571047,5.5568251202981935,0.05098004697521279,5.5568251202981935,0.05098004697521279,5.869398067686461,270.57678253654217,11.426223187984654,0.10482773566958398,271.05330042595597,0.4765178894137989,0.0002400593901328962,0.10045601191347212,0.28945986592020745,2094,1985,109,18.211009174311926,0.0
5029,349.72980706096223,1.4633046320542353,11.915239437628669,0.049854558316437945,11.915239437628669,0.049854558316437945,15.324171772527052,322.4903958508103,27.239411210155723,0.11397243184165574,323.3399315409208,0.8495356901105424,0.00024383917626594214,0.1104178892051942,0.10439514570452957,3723,3484,239,14.577405857740585,0.0
5030,304.5499972939799,2.085958885575205,9.967959991287564,0.06827369857046277,9.967959991287564,0.06827369857046277,14.177262913848836,280.40477438884864,24.1452229051364,0.16537823907627672,281.2397872825213,0.8350128936726833,0.0002416824583712542,0.15965897268122325,0.32219813963365596,3601,3424,177,19.34463276836158,1.0
5031,296.7396253807044,4.9456604230117405,3.395379283410523,0.05658965472350872,3.395379283410523,0.05658965472350872,0.8350128936726833,292.50923320362267,4.230392177083207,0.07050653628472012,293.1767125150818,0.6674793114591466,0.00024035985288410033,0.059381881093709885,0.23927384764942872,2837,2777,60,46.28333333333333,0.0
5032,283.4836386437205,3.0482111682120485,4.7465372242549195,0.051038034669407734,4.7465372242549195,0.051038034669407734,6.5620779619200675,272.1750234575479,11.308615186174986,0.12159801275456975,272.5892818258101,0.41425836826215345,0.0002438248194597725,0.11714362169796151,0.0073874263871402945,1792,1699,93,18.268817204301076,0.0
5033,338.92697158556666,2.801049351946832,6.178033800450081,0.051058130582232075,6.178033800450081,0.051058130582232075,8.992331042702517,323.7566067424152,15.170364843152598,0.12537491605911238,324.3623146143343,0.605707871919094,0.00024228314876763762,0.12036906587795333,0.048283678680036246,2621,2500,121,20.66115702479339,0.0
5034,293.46357259305796,6.243905799852297,3.1375124166803467,0.0667555833336244,3.1375124166803467,0.0667555833336244,6.50772942777553,283.81833074860356,9.645241844455876,0.20521791158416758,284.7747044071557,0.9563736585521383,0.00024071826291269526,0.18486953587026098,0.10031156702029875,4020,3973,47,84.53191489361703,0.0
5035,301.4277346168767,3.966154402853641,4.309653993814319,0.05670597360281998,4.309653993814319,0.05670597360281998,2.258461667772508,294.85961895529067,6.568115661586827,0.08642257449456352,295.69463184896335,0.8350128936726833,0.00024387058810533974,0.075435562735702,0.10309858570280994,3500,3424,76,45.05263157894737,0.0
5036,283.1276987070405,3.5390962338380065,4.5007887025754245,0.056259858782192806,4.5007887025754245,0.056259858782192806,5.913217049125706,272.7136929553417,10.41400575170113,0.13017507189626412,273.4897595827895,0.7760666274477899,0.00024566844806830955,0.12047423905313792,0.2790461635968313,3239,3159,80,39.4875,0.0
5037,346.64953275980974,1.7246245410935808,10.013584743049396,0.049818829567409934,10.013584743049396,0.049818829567409934,13.189017580484233,323.4469304362781,23.20260232353363,0.11543583245539119,324.1738532699974,0.7269228337192999,0.00023982937437126356,0.11181930094434012,0.619720368935532,3232,3031,201,15.07960199004975,0.0
5038,313.10452799404607,1.304602199975192,12.118082948615463,0.05049201228589776,12.118082948615463,0.05049201228589776,17.51647042836362,283.4699746170754,29.63455337697908,0.12347730573741283,284.2739626308812,0.8039880138057924,0.0004996817985119903,0.12012735567985354,0.39895080201608835,1849,1609,240,6.704166666666667,0.0
5039,314.51996791049646,1.6296371394326241,9.782093270909153,0.05068442109279354,9.782093270909153,0.05068442109279354,9.170775947711036,295.567098691879,18.952869218620187,0.0982013949151305,296.3641804409499,0.7970817490709123,0.00024480397698738095,0.0940714376660444,0.2593691051533824,3449,3256,193,16.870466321243523,0.0
5040,286.1692385696185,2.488428161474944,6.07550430965568,0.05283047225787548,6.07550430965568,0.05283047225787548,7.718641045281629,272.3750932146854,13.79414535493731,0.11994909004293314,273.0714366721504,0.6963434574649909,0.00024170199842589064,0.11389392954320102,0.16420165426484346,2996,2881,115,25.05217391304348,0.0
5041,333.62540859892624,3.834774811481911,4.4836765941434855,0.0515365125763619,4.4836765941434855,0.0515365125763619,6.037078922320916,323.1046530824631,10.520755516464401,0.12092822432717702,323.58487716413174,0.48022408166866626,0.00023891745356650063,0.11540840729648853,0.24667862609999247,2097,2010,87,23.103448275862068,0.0
5042,307.6678606172261,1.6541282828883124,9.569088081017462,0.051446710112997104,9.569088081017462,0.051446710112997104,15.855588369811358,282.2431841664038,25.42467645082882,0.13669180887542376,283.0471721802096,0.8039880138057924,0.0004586354899063277,0.1323692926721317,0.5565410651533966,1939,1753,186,9.424731182795698,0.0
5043,304.0396582250403,3.619519740774289,4.664397951345067,0.055528547039822226,4.664397951345067,0.055528547039822226,4.079041995262969,295.2962182784304,8.743439946608035,0.10408857079295279,296.08699057020544,0.7907722917750561,0.00024603991654482146,0.09467461493851001,0.19248953252508727,3298,3214,84,38.26190476190476,0.0
5044,298.20425838998653,1.2853631827154592,11.896165963433129,0.05127657742859107,11.896165963433129,0.05127657742859107,13.538857613462824,272.76923481309905,25.43502357689595,0.10963372231420668,273.7002644963736,0.9310296832745735,0.00024182589175962947,0.10562066333453843,0.10203328648981369,4082,3850,232,16.594827586206897,0.0
5045,337.6554385381571,2.767667529001288,6.006613132438874,0.04923453387244978,6.006613132438874,0.04923453387244978,8.774580870523323,322.8742445351945,14.781194002962197,0.12115732789313276,323.27450246244484,0.4002579272503226,0.0002525286607257556,0.11787652521075631,0.3831065251010841,1707,1585,122,12.991803278688524,0.0
5046,303.05549059040254,2.1341935957070604,7.621423918958964,0.05367199942928848,7.621423918958964,0.05367199942928848,12.96105949328171,282.473007178166,20.582483412240673,0.14494706628338502,283.4204829524358,0.947475774269833,0.00023986728462527417,0.1382747016758221,0.13358884983153985,4092,3950,142,27.816901408450704,0.0
5047,326.4017735450832,0.9516086692276478,16.724369650062847,0.0487590951896876,16.724369650062847,0.0487590951896876,14.502433712450966,295.17497018257177,31.226803362513813,0.09104024303939887,295.8455778094983,0.6706076269265395,0.00024044733844623146,0.08908511876263814,0.3392660839731434,3132,2789,343,8.131195335276969,0.0
5048,302.90337474702983,1.081797766953678,13.748431033104266,0.04910153940394381,13.748431033104266,0.04910153940394381,16.246491787252808,272.90845192668144,29.994922820357075,0.10712472435841813,273.43106184656585,0.5226099198844167,0.0002504120363605255,0.10525826035879991,0.45061270863266145,2367,2087,280,7.453571428571428,0.0
5049,367.7095392255933,0.8551384633153333,20.390793689462384,0.0474204504406102,20.390793689462384,0.0474204504406102,25.456903112956297,321.861842423177,45.84769680241868,0.10662255070329926,322.2621003504273,0.4002579272503226,0.007147462986612904,0.10569171831433948,0.08893446958018103,486,56,430,0.13023255813953488,0.0
5050,294.3895513789546,2.751304218494903,5.494796825630604,0.05135324136103368,5.494796825630604,0.05135324136103368,6.675798323574099,282.2189562297526,12.170595149204704,0.11374387989910939,282.6954741191664,0.4765178894137989,0.0002399385143070488,0.1092904416802633,0.32271346049719796,2093,1986,107,18.560747663551403,0.0
5051,313.53035245284264,1.8123141760279922,8.95830040864791,0.05178208328698214,8.95830040864791,0.05178208328698214,7.77633782551402,296.7957142186822,16.734638234161928,0.0967320129142308,297.68514608072974,0.8894318620475588,0.00024394730171353778,0.09159078827810924,0.0947676963437516,3819,3646,173,21.07514450867052,0.0
5052,300.4251138454033,1.1168219845554026,13.308614855370497,0.04947440466680482,13.308614855370497,0.04947440466680482,14.383758754304608,272.73274023573686,27.692373609675105,0.1029456268017662,273.3308717913528,0.5981315556159643,0.00024334074679249973,0.10072208942026202,0.19190598440786744,2727,2458,269,9.137546468401487,0.0
5053,334.61002871103915,3.1271965300097118,5.334374460673105,0.049853966922178555,5.334374460673105,0.049853966922178555,7.681322377151446,321.5943318732145,13.015696837824551,0.12164202652172477,322.02073633512737,0.42640446191285264,0.00023915000668135313,0.11765693809263347,0.0583813359639862,1890,1783,107,16.66355140186916,0.0
5054,315.7367935551895,1.028458610928956,15.389949290815478,0.0501301279831123,15.389949290815478,0.0501301279831123,18.04853582115402,282.29830844322646,33.4384851119695,0.10892014694452605,283.21278726204196,0.9144788188154962,0.00024243871124482932,0.10594138857702776,0.28918747512830123,4079,3772,307,12.286644951140065,0.0
5055,355.72178952695435,0.5262156649807017,32.48222454757279,0.04805062802895383,32.48222454757279,0.04805062802895383,25.702081528191002,297.5374834511922,58.18430607576379,0.08607145869195827,298.2384632309263,0.700979779734098,0.00024121809350794837,0.08503450635507108,0.401779318656736,3582,2906,676,4.298816568047338,0.0
5056,288.06937446906977,1.8004335904316862,8.407698645591067,0.052548116534944164,8.407698645591067,0.052548116534944164,7.390358169071078,272.2713176544132,15.798056814662145,0.0987378550916384,273.12375939061894,0.8524417362057193,0.00024411275378170656,0.09341009424031768,0.5473798907519267,3652,3492,160,21.825,0.0
5057,325.4859086196386,10.171434644363707,1.9242111809288032,0.0601315994040251,1.9242111809288032,0.0601315994040251,2.4706131924367583,321.0910842462729,4.394824373365561,0.1373382616676738,321.5739167605832,0.48283251431030294,0.0002383181215746806,0.1222497455954823,0.10908246817439249,2058,2026,32,63.3125,0.0
5058,293.50110873160907,2.877461850309893,5.386909992231633,0.05281284306109444,5.386909992231633,0.05281284306109444,6.330330249474628,281.7838684899052,11.71724024170626,0.11487490433045354,282.3895763618243,0.605707871919094,0.00024247713047201522,0.10893659186063484,0.75,2600,2498,102,24.49019607843137,0.0
5059,305.2250983371123,3.7222572967940524,4.7383462751000875,0.05778471067195229,4.7383462751000875,0.05778471067195229,3.454562651408878,297.03218941060686,8.192908926508967,0.09991352349401178,297.9780995247718,0.9459101141649171,0.00024038376471789507,0.08837803429683545,0.08228579996489316,4017,3935,82,47.98780487804878,0.0
5060,322.801749556872,0.6379481216538972,24.617652706685377,0.04865148756261932,24.617652706685377,0.04865148756261932,25.63525100345987,272.548845846743,50.25290371014525,0.09931403895285622,273.2084887404244,0.6596428936813936,0.00024100946060701264,0.09801039687044977,0.007917346897556854,3243,2737,506,5.409090909090909,0.0
5061,334.01198243035196,2.737803134675016,6.0593653052326815,0.04966692873141542,6.0593653052326815,0.04966692873141542,7.411867426256094,320.54074969886324,13.471232731488776,0.11041994042203915,320.9942261669073,0.45347646804407304,0.00023792049739982846,0.10670292019216929,0.75,2028,1906,122,15.62295081967213,0.0
5062,299.2667060930787,2.267172015856657,6.634219303878384,0.050259237150593813,6.634219303878384,0.050259237150593813,11.234499427374203,281.3979873618291,17.868718731252585,0.13536908129736808,281.83429212658825,0.4363047647591429,0.0002397278927248038,0.13206374217038225,0.2462165794943303,1952,1820,132,13.787878787878787,0.0
5063,314.06277030934166,1.5861756076229376,9.603262370674797,0.048501325104418166,9.603262370674797,0.048501325104418166,7.335152911025489,297.12435502764583,16.938415281700287,0.08554755192777923,297.4597929194824,0.335437891836591,0.0002525887739733366,0.08385342116090522,0.46193293630585686,1526,1328,198,6.707070707070707,0.0
5064,277.57774447429233,4.956745437040935,3.019727915093863,0.05392371276953327,3.019727915093863,0.05392371276953327,3.0192412261922073,271.53877533300874,6.038969141286071,0.1078387346658227,271.9576491588582,0.41887382584945954,0.00024184401030569256,0.10035884491846657,0.2115638916154694,1788,1732,56,30.928571428571427,0.0
5065,335.89562174365415,2.544663801088289,6.893897830822745,0.05222649871835413,6.893897830822745,0.05222649871835413,8.957768192833555,320.04395571999794,15.8516660236563,0.12008837896709318,320.86707050001337,0.8231147800154304,0.00043666566579067924,0.11385266093667255,0.1233963870174648,2017,1885,132,14.280303030303031,0.0
5066,293.247493818807,2.819687440565452,5.749976591867654,0.0552882364602659,5.749976591867654,0.0552882364602659,6.449466210192213,281.0480510167499,12.199442802059867,0.11730233463519103,281.9204627598481,0.8724117430981551,0.0002436904310330042,0.10891376018229747,0.22608551747043748,3684,3580,104,34.42307692307692,0.0
5067,375.9578486477949,0.3883862072807798,46.11797085218102,0.04764253187208783,46.11797085218102,0.04764253187208783,33.44099950240752,296.398878293219,79.55897035458854,0.08218901896135179,296.9355530137723,0.5366747205532647,0.0002498485663655795,0.08163460292770931,0.4998688301600396,3116,2148,968,2.21900826446281,0.0
5068,283.96471066587173,2.087975813719645,7.050823906621535,0.051844293431040696,7.050823906621535,0.051844293431040696,5.6795558951248495,271.23433086413024,12.730379801746384,0.09360573383637047,271.8666164185456,0.6322855544153754,0.00024253377614705615,0.08895657534798615,0.34811856301212174,2743,2607,136,19.169117647058822,0.0
5069,326.1783703732974,4.594061554553485,4.062915455347545,0.057224161342923165,4.062915455347545,0.057224161342923165,3.450992770787934,318.66446214716143,7.513908226135479,0.10582969332585182,319.48757692717686,0.8231147800154304,0.000520300113789779,0.09423652741014861,0.3054206621939102,1653,1582,71,22.281690140845072,0.0
5070,285.59937370807415,5.010515328211827,3.3185932747678484,0.058220934645049974,3.3185932747678484,0.058220934645049974,1.5134321553873633,280.7673482779194,4.832025430155212,0.08477237596763529,281.4379559048459,0.6706076269265395,0.00024070625517822668,0.07300732988119706,0.09440147559098477,2843,2786,57,48.87719298245614,0.0
5071,305.21513702008997,3.1465478043308246,5.2932717671385,0.05456981203235567,5.2932717671385,0.05456981203235567,3.5101893688979544,296.4116758840587,8.803461136036454,0.09075733129934488,297.20244817583375,0.7907722917750561,0.000246346508341139,0.0826050396315074,0.008034797725940734,3307,3210,97,33.09278350515464,0.0
5072,280.1686925133954,3.045311875145602,4.787830140139219,0.05204163195803499,4.787830140139219,0.05204163195803499,4.055656123658309,271.3252062496017,8.843486263797528,0.09612485069345139,271.7998589576821,0.4746527080803844,0.00023972358993958807,0.09096558212731858,0.13355323343307646,2072,1980,92,21.52173913043478,0.0
5073,339.33993871533244,1.834269939001797,9.014835206497757,0.04872883895404193,9.014835206497757,0.04872883895404193,11.10565738067703,319.2194461281588,20.120492587174788,0.10875941939013399,319.7022786424691,0.48283251431030294,0.00023843580953595206,0.10614951390736949,0.1718183335538015,2210,2025,185,10.945945945945946,0.0
5074,290.6389200019662,3.0593570526522758,5.23119918224301,0.055065254549926425,5.23119918224301,0.055065254549926425,4.35100611469079,281.0567147050349,9.5822052969338,0.10086531891509264,281.83695162980257,0.7802369247676779,0.0002453575235118484,0.09265229865435398,0.06783483509821053,3275,3180,95,33.473684210526315,0.0
5075,314.16861898063075,1.5708430949031538,9.95731588982401,0.049786579449120044,9.95731588982401,0.049786579449120044,7.113216570025315,297.09808652078596,17.070532459849325,0.08535266229924662,297.69049770249717,0.5924111817112134,0.0002436903256730619,0.08239060639066792,0.15032726881941016,2631,2431,200,12.155,0.0
5076,273.3867296936471,15.188151649647061,0.9237625208519091,0.05132014004732829,0.9237625208519091,0.05132014004732829,0.8495356901105424,271.6134314826861,1.7732982109624515,0.09851656727569175,271.74063719733954,0.127205714653428,0.0002596034992927102,0.09144958312819856,0.75,508,490,18,27.22222222222222,0.0
5077,339.1456617569579,1.8332197932808536,9.242495422254441,0.04995943471488887,9.242495422254441,0.04995943471488887,10.997135900338662,318.90603043436613,20.239631322593105,0.10940341255455732,319.6172198644331,0.7111894300669519,0.00024132657959516522,0.10555914536499905,0.06088117299486839,3132,2947,185,15.92972972972973,0.0
5078,293.2294542359507,3.1194622791058584,5.137399143580776,0.05465318237851889,5.137399143580776,0.05465318237851889,6.500973661507942,281.59108143086496,11.638372805088718,0.12381247664987997,282.32427666148465,0.7331952306196854,0.00023991990530748867,0.11601252738793671,0.08999807386408065,3150,3056,94,32.51063829787234,0.0
5079,310.93209579056406,1.9433255986910254,8.350360998098802,0.052189756238117516,8.350360998098802,0.052189756238117516,4.557524736617552,298.0242100558496,12.907885734716354,0.08067428584197721,298.881980036218,0.8577699803684027,0.00024368465351375077,0.07531322346466282,0.029761002913119228,3680,3520,160,22.0,0.0
5080,306.3562477147227,0.7936690355303697,19.125526961420324,0.049547997309379074,19.125526961420324,0.049547997309379074,16.007343647505422,271.223377105807,35.13287060892574,0.09101779950498896,272.07291279591755,0.8495356901105424,0.00024355954418306836,0.08881692984146417,0.3842141854270267,3874,3488,386,9.036269430051814,0.0
5081,345.5999350059501,1.3292305192536542,12.71229340134977,0.04889343615903758,12.71229340134977,0.04889343615903758,13.731397418506504,319.1562441860958,26.443690819856272,0.10170650315329335,319.8525876435608,0.6963434574649909,0.00024128324929486864,0.09902825908611267,0.3760335399902033,3146,2886,260,11.1,0.0
5082,299.4345408495676,2.20172456507035,7.3228189843763545,0.05384425723806143,7.3228189843763545,0.05384425723806143,9.346285263742857,282.76543660145626,16.66910424811921,0.12256694300087656,283.69099873908,0.9255621376237286,0.0002415350045990941,0.11576133904770312,0.6114806627981579,3968,3832,136,28.176470588235293,0.0
5083,300.9892909178154,5.788255594573373,2.736555957687254,0.05262607610937027,2.736555957687254,0.05262607610937027,0.8891285020474697,297.36360645808395,3.6256844597347238,0.06972470114874468,297.7051030432483,0.3414965851643501,0.0002511004302679045,0.06315745912629084,0.14664518991867226,1412,1360,52,26.153846153846153,0.0
5084,276.2994522935203,5.878711750925963,3.1217645500131597,0.06642052234070553,3.1217645500131597,0.06642052234070553,1.3090813862891082,271.86860635721996,4.430845936302267,0.09427331779366527,272.80416791615244,0.935561558932477,0.0002420599117548453,0.0743677527099543,0.0063127281016477355,3912,3865,47,82.23404255319149,0.0
5085,331.7880756624688,3.221243453033678,5.156319056471787,0.05006135006283288,5.156319056471787,0.05006135006283288,6.963428610261417,319.6683279957365,12.119747666733204,0.11766745307507966,320.10463276049563,0.4363047647591429,0.0002395962464355535,0.11343148448517665,0.16476528719636008,1924,1821,103,17.679611650485437,0.0
5086,306.4416376646077,1.4875807653621733,10.431937551484285,0.05064047355089459,10.431937551484285,0.05064047355089459,11.529523724212822,284.48017638891474,21.961461275697108,0.106609035318918,285.2174695939593,0.7372932050445797,0.00024039556734417337,0.10302994209052609,0.1733139508298791,3273,3067,206,14.888349514563107,0.0
5087,313.4692193111664,1.8119608052668579,8.988695539631157,0.051957777685729234,8.988695539631157,0.051957777685729234,5.908067486113623,298.57245628542273,14.89676302574478,0.08610845679621261,299.4615847874702,0.8891285020474697,0.0002442660719910631,0.08096898568610518,0.052745599266927456,3813,3640,173,21.040462427745666,0.0
5088,281.2782784700162,2.75763018107859,5.533777769461784,0.05425272323001749,5.533777769461784,0.05425272323001749,3.784831012080531,271.9596696884769,9.318608781542315,0.09135890962296386,272.6763398930548,0.7166702045778948,0.000239769222006656,0.08433273114668041,0.6430634884391111,3091,2989,102,29.30392156862745,0.0
5089,329.15251971556654,3.740369542222347,4.72745368901837,0.05372106464793602,4.72745368901837,0.05372106464793602,5.05941658339998,319.3656494431491,9.78687027241835,0.11121443491384488,320.06562826288314,0.6999788197340422,0.0002412888037690597,0.10326013014412959,0.32960385642968504,2989,2901,88,32.96590909090909,0.0
5090,308.603659720575,1.396396650319344,11.149146530742879,0.050448626835940626,11.149146530742879,0.050448626835940626,13.400430210969944,284.05408297886515,24.549576741712823,0.11108405765480915,284.80445781104777,0.7503748321826151,0.00024370731801968664,0.10768869642320025,0.18538903413923435,3300,3079,221,13.93212669683258,0.0
5091,316.67597857483815,1.5993736291658494,10.10535931038031,0.051037168234243986,10.10535931038031,0.051037168234243986,7.5100291680194005,299.0605900964356,17.61538847839971,0.0889666084767662,299.8899732160421,0.8293831196065184,0.00024472797863868943,0.08477780484240427,0.3735068769769896,3587,3389,198,17.116161616161616,0.0
5092,291.018465893364,1.5236568894940523,9.608984165118706,0.05030881761842254,9.608984165118706,0.05030881761842254,8.803848468494834,272.60563325975545,18.41283263361354,0.09640226509745309,273.19804444146666,0.5924111817112134,0.0002442932708087478,0.09330063587380809,0.038665424912551316,2616,2425,191,12.696335078534032,0.0
5093,336.8906733077981,1.8926442320662815,8.6361041998624,0.04851743932506966,8.6361041998624,0.04851743932506966,9.30004113624068,318.95452797169673,17.93614533610308,0.10076486143878136,319.37887175614924,0.4243437844525033,0.00023933659585589583,0.09838090759353307,0.5135389551576282,1951,1773,178,9.960674157303371,0.0
5094,301.73480566124385,1.6670431252002422,8.930597450673886,0.049340317407038044,8.930597450673886,0.049340317407038044,9.309733849001077,283.4944743615713,18.240331299674963,0.10077531104792797,283.9188181460238,0.4243437844525033,0.00023947166165491158,0.09843087024983457,0.43168755561009675,1953,1772,181,9.790055248618785,0.0
5095,307.1253421012973,3.1339320622581357,5.534220728577995,0.056471640087530556,5.534220728577995,0.056471640087530556,2.4394383352155273,299.15168303750374,7.973659063793522,0.08136386799789308,300.1080566960559,0.9563736585521383,0.00024077886670496935,0.07160495311470826,0.6952513980970707,4070,3972,98,40.53061224489796,0.0
5096,285.84126224985084,2.1017739871312564,7.259222431848123,0.053376635528295024,7.259222431848123,0.053376635528295024,6.166425969420516,272.4156138485855,13.425648401268639,0.0987180029505047,273.24988562225826,0.8342717736727536,0.00024465447908291897,0.09258365167347486,0.2823070178792477,3546,3410,136,25.073529411764707,0.0
5097,351.66337924517234,1.1492267295593868,15.109790769141927,0.049378401206346165,15.109790769141927,0.049378401206346165,17.375950578631546,319.1776378973998,32.48574134777347,0.1061625534240963,320.07054337583145,0.8929054784316577,0.00024389660705590214,0.10324456166451271,0.03559753073363936,3967,3661,306,11.9640522875817,0.0
5098,291.3872044968307,5.946677642792463,3.0539837724120282,0.062326199436980166,3.0539837724120282,0.062326199436980166,5.418006998259443,282.9152137261608,8.471990770671471,0.17289777083003002,283.6954506509285,0.7802369247676779,0.00024558921144717595,0.1569745682837186,0.3223560154185634,3226,3177,49,64.83673469387755,0.0
5099,310.39811761861256,2.900916987089837,5.595283382248309,0.05229236805839541,5.595283382248309,0.05229236805839541,4.359847565282962,300.4429866710834,9.95513094753127,0.09303860698627354,301.04388089089,0.6008942198066052,0.00024308018600590825,0.08742277315628538,0.15375430322774264,2579,2472,107,23.102803738317757,0.0
5100,284.02259736109886,2.558762138388278,5.810243394112394,0.05234453508209364,5.810243394112394,0.05234453508209364,5.597173765962452,272.6151802010272,11.407417160074846,0.10276952396463826,273.1844324044853,0.5692522034580634,0.00024589728011147446,0.09764112573525749,0.3126590245742591,2426,2315,111,20.855855855855857,0.0
5101,342.0553232274376,1.5909549917555237,10.133307963194605,0.04713166494509119,10.133307963194605,0.04713166494509119,12.638721751331559,319.28329351291336,22.772029714526163,0.10591641727686588,319.474535938175,0.1912424252616347,0.00025635713842042185,0.10502691762447729,0.18471657474515268,961,746,215,3.469767441860465,0.0
5102,327.83432411252693,0.8216399100564584,19.44006039151154,0.048721955868449976,19.44006039151154,0.048721955868449976,25.254949022004666,283.13931469901536,44.6950094135162,0.11201756745242156,283.78693024282256,0.6476155438072055,0.00024092840171399015,0.11039447085138938,0.0010295844895154005,3087,2688,399,6.7368421052631575,0.0
5103,311.9382989239168,2.244160423913071,7.441703235596083,0.053537433349612105,7.441703235596083,0.053537433349612105,4.295521153642312,300.20107453467926,11.737224389238396,0.0844404632319309,301.14132318611973,0.94024865144047,0.00024121309682926373,0.07767608444458333,0.6733052154022516,4037,3898,139,28.0431654676259,0.0
5104,277.52960109052174,5.550592021810434,2.9183826430275004,0.058367652860550005,2.9183826430275004,0.058367652860550005,1.8098681731169108,272.8013502743786,4.728250816144412,0.09456501632288823,273.3813451343067,0.5799948599280924,0.0002465964540510597,0.08296511912430106,0.2904298233152076,2402,2352,50,47.04,0.0
5105,334.63433151530467,2.104618437203174,8.002908103234297,0.050332755366253444,8.002908103234297,0.050332755366253444,8.347179771459878,318.284243640612,16.350087874694175,0.10283074135027784,318.9482009419123,0.6639573013003428,0.00024004240827922734,0.09865490926661853,0.22552767435604437,2925,2766,159,17.39622641509434,0.0
5106,297.05343871383684,1.9803562580922456,7.949277309481173,0.052995182063207816,7.949277309481173,0.052995182063207816,6.197361963634876,282.90679944072326,14.146639273116048,0.09431092848744031,283.8152522300668,0.9084527893435279,0.00024335729690424,0.08825457655846701,0.022775631291324316,3883,3733,150,24.886666666666667,0.0
5107,319.8828696558967,1.870660056467232,8.896811240057088,0.0520281359067666,8.896811240057088,0.0520281359067666,7.8418890173843465,303.14416939845137,16.738700257441437,0.09788713600842945,304.0424648624198,0.8982954639684522,0.00024317689874619712,0.09263394616068342,0.15725026338850512,3865,3694,171,21.60233918128655,0.0
5108,309.21457182457675,0.8784504881380021,17.361075280237227,0.04932123659158303,17.361075280237227,0.04932123659158303,17.262357175624857,274.5911393687254,34.62343245586209,0.09836202402233547,275.3172078477255,0.7260684790001051,0.0002401020102513575,0.09629932947969101,0.011809531931703532,3376,3024,352,8.590909090909092,0.0
5109,337.1397837934785,1.8125794827606372,9.318133608505033,0.05009749251884426,9.318133608505033,0.05009749251884426,8.880771622287966,318.94087856268743,18.198905230793,0.09784357650963978,319.6636792016875,0.7228006390000701,0.00024021290761052513,0.09395755156876881,0.1837933667084144,3195,3009,186,16.177419354838708,0.0
5110,310.7385172753186,1.0941497087159107,13.82215794276333,0.04866957022099764,13.82215794276333,0.04866957022099764,13.580670855632434,283.33568847692163,27.402828798395763,0.09648883379716817,283.810341185002,0.4746527080803844,0.00023948168924338266,0.0948175214447767,0.26895668065890277,2266,1982,284,6.97887323943662,0.0
5111,314.5671134889526,2.8859368209995653,5.875750526580617,0.053905968133767135,5.875750526580617,0.053905968133767135,4.785955479839686,303.9054074825294,10.661706006420303,0.09781381657266333,304.70503387160034,0.7996263890709088,0.0002453594320561242,0.09047779465460794,0.09366638064739163,3368,3259,109,29.89908256880734,0.0
5112,290.33425320093625,1.6040566475189848,8.992417649909251,0.04968186546911189,8.992417649909251,0.04968186546911189,6.786470996849175,274.5553645541813,15.778888646758427,0.08717618036883108,275.0381970684916,0.48283251431030294,0.0002379657537261227,0.0845085974168211,0.21542686552947998,2210,2029,181,11.209944751381215,0.0
5113,350.9094246073996,1.1247096942544859,15.189042273312188,0.048682827799077524,15.189042273312188,0.048682827799077524,16.682322242432974,319.038060091656,31.871364515745164,0.10215180934533706,319.70491412311503,0.6668540314590246,0.00024082846928819956,0.10001445668039931,0.09354354095762574,3081,2769,312,8.875,0.0
5114,323.1025105417543,0.8708962548295265,18.32710095998952,0.049399193962235896,18.32710095998952,0.049399193962235896,21.734763794155924,283.040645787612,40.06186475414545,0.1079834629491791,283.8930875238177,0.8524417362057193,0.00024432265296810525,0.10568577632867013,0.5567200629786839,3860,3489,371,9.404312668463612,0.0
5115,320.0633023122871,1.8394442661625694,9.034755195929808,0.05192388043637821,9.034755195929808,0.05192388043637821,7.099150702307725,303.92939641404655,16.133905898237533,0.09272359711630766,304.8126423977151,0.8832459836685302,0.00024432807293735275,0.08764747077340228,0.09673949528723824,3789,3615,174,20.775862068965516,0.0
5116,292.1223738752906,1.4249871896355637,10.248521031745682,0.049992785520710646,10.248521031745682,0.049992785520710646,7.399049244662592,274.4748035988871,17.647570276408274,0.08608570866540621,275.0757707786936,0.6009671798065028,0.00024301139498847667,0.08315416144681455,0.05346718628493363,2678,2473,205,12.06341463414634,0.0
5117,338.24281669327956,2.0133500993647595,8.622315734834032,0.05132330794544067,8.622315734834032,0.05132330794544067,9.03074695298892,320.58975400545796,17.653062687822953,0.10507775409418424,321.44978720694553,0.8600332014875676,0.00024425822251847984,0.0999585088472264,0.08096536053380987,3689,3521,168,20.958333333333332,0.0
5118,298.318969696473,1.685417907889678,8.954412903222321,0.050589903408035715,8.954412903222321,0.050589903408035715,5.7039816622746,283.66057513097917,14.658394565496922,0.08281578850563233,284.29576220059676,0.6351870696175865,0.0002423453146194531,0.07922716099365112,0.09610323842753132,2798,2621,177,14.807909604519773,0.0
5119,314.87432939551104,2.7864984902257612,6.109891790275624,0.05406983885199667,6.109891790275624,0.05406983885199667,3.0642784190365546,305.7001591861929,9.174170209312178,0.08118734698506352,306.5385902633275,0.8384310771346009,0.00045468062751334104,0.07376760293967755,0.14545316644398554,1957,1844,113,16.31858407079646,0.0
5120,301.19717576905487,1.0718760703525083,14.167856374876498,0.05041941770418683,14.167856374876498,0.05041941770418683,11.833208605806703,275.19611078837966,26.001064980683203,0.09253048035830322,276.0685225314778,0.8724117430981551,0.00024348639215689507,0.0894258122333703,0.03129185671650703,3864,3583,281,12.750889679715302,0.0
5121,339.1394352891962,1.960343556584949,8.636611469940936,0.049922609652837784,8.636611469940936,0.049922609652837784,9.087796856077375,321.41502696317866,17.724408326018313,0.10245322731802493,322.05230668518584,0.6372797220071789,0.00024249608904382757,0.0987695295029499,0.04043002475009416,2801,2628,173,15.190751445086706,0.0
5122,289.1173728866843,4.739629063716135,3.1716589397289754,0.05199440884801599,3.1716589397289754,0.05199440884801599,1.9470531022598152,283.99866084469886,5.118712041988791,0.08391331216375067,284.33409873653545,0.335437891836591,0.0002525887739733366,0.07841433033030865,0.07992630798730715,1389,1328,61,21.770491803278688,0.0
5123,330.6170139449755,1.0299595449999237,15.927180251503742,0.04961738396107085,15.927180251503742,0.04961738396107085,9.14516627140415,305.5446674220707,25.072346522907893,0.07810699851373175,306.3830984992053,0.8384310771346009,0.0004937756638012962,0.07549506369398819,0.0038435746682807803,2019,1698,321,5.289719626168225,0.0
5124,289.4602379402386,1.786791592223695,8.191823828182347,0.05056681375421202,8.191823828182347,0.05056681375421202,5.327873678827018,275.94054043323194,13.519697507009365,0.08345492288277385,276.52665304815605,0.5861126149241045,0.0002465766154497705,0.07983694377828726,0.243841028649058,2539,2377,162,14.67283950617284,0.0
5125,360.9660095827189,0.9279331865879664,19.07483539447165,0.049035566566765165,19.07483539447165,0.049035566566765165,20.11479791599004,321.7763762722609,39.18963331046169,0.10074455863871899,322.64807889535905,0.8717026230981446,0.00024383290156591457,0.09850367785953695,0.18041787042966462,3964,3575,389,9.190231362467866,0.0
5126,294.22082499043154,2.2807815890731127,6.757740468215939,0.05238558502492976,6.757740468215939,0.05238558502492976,3.1931932788945687,284.2698912433232,9.950933747110508,0.0771390212954303,284.9763405223232,0.7064492790000259,0.0003866717454844148,0.07166267029541348,0.05784981514034371,1956,1827,129,14.162790697674419,0.0
5127,329.7468983502404,1.053504467572653,15.37487957991785,0.04912102102210176,15.37487957991785,0.04912102102210176,8.483658417722836,305.88836035260215,23.85853799764069,0.07622536101482648,306.54986820628346,0.6615078536813144,0.00024098646764346608,0.07411191739283357,0.10781811971719435,3058,2745,313,8.76996805111821,0.0
5128,292.0227515663005,1.7591732022066295,8.465833999345495,0.0509989999960572,8.465833999345495,0.0509989999960572,6.097164013964857,277.4597535529929,14.562998013310352,0.08772890369464068,278.127232864452,0.6674793114591466,0.00024001413572784849,0.08370794398703892,0.095859222118861,2947,2781,166,16.753012048192772,0.0
5129,341.38822819463303,1.7967801483928054,9.134476991248324,0.04807619469078065,9.134476991248324,0.04807619469078065,9.858241014310124,322.3955101890738,18.992718005558448,0.09996167371346551,322.727840773103,0.33233058402925053,0.00025407537005294384,0.0982125653764737,0.038158699070663715,1498,1308,190,6.88421052631579,0.0
5130,312.66570427972374,0.9770803258741367,15.749078123240832,0.0492158691351276,15.749078123240832,0.0492158691351276,13.19321881869837,283.72340733778447,28.9422969419392,0.09044467794356001,284.4298566167845,0.7064492790000259,0.0005951552476832568,0.08823702394668516,0.30464786463198834,1507,1187,320,3.709375,0.0
5131,320.08186609456357,1.9052492029438308,8.08913464473493,0.04814961098056506,8.08913464473493,0.04814961098056506,5.964792245301396,306.02793920452245,14.053926890036326,0.0836543267264067,306.24235359064096,0.21441438611850572,0.00025647653841926523,0.08237805061858694,0.08326321593949615,1004,836,168,4.976190476190476,0.0
5132,294.075200470392,1.5080779511302156,9.428852842599056,0.04835309150050798,9.428852842599056,0.04835309150050798,7.015386009565191,277.63096161822955,16.444238852164247,0.0843294300110987,277.8704060083169,0.23944439008732843,0.0002473599071150087,0.0831015100619238,0.070201466580329,1163,968,195,4.964102564102564,0.0
5133,329.4735748810017,4.224020190782073,3.97572711715331,0.05097086047632449,3.97572711715331,0.05097086047632449,3.060917844677988,322.4369299191717,7.036644961831298,0.0902133969465551,322.8369472046595,0.4000172854878201,0.00024495853367288435,0.0850849702095152,0.018477001827022832,1711,1633,78,20.935897435897434,0.0
5134,305.0374542873649,1.2763073401144973,12.094645285169673,0.050605210398199464,12.094645285169673,0.050605210398199464,8.687199753197547,284.25560924899514,20.78184503836722,0.08695332652036493,285.11337922936355,0.8577699803684027,0.0002440312888672554,0.08336433078661647,0.23750252558556895,3754,3515,239,14.707112970711297,0.0
5135,314.13417114595336,4.245056366837208,4.152482733005183,0.056114631527097066,4.152482733005183,0.056114631527097066,2.3329479761464427,307.64874043679765,6.4854307091516255,0.08764095552907603,308.3657319213755,0.7169914845778749,0.00024035919697548605,0.07795188141321395,0.1034016245660041,3057,2983,74,40.310810810810814,0.0
5136,300.30277429880107,1.2307490749950865,12.37998396153114,0.05073763918660303,12.37998396153114,0.05073763918660303,10.226744769706784,277.6960455675694,22.606728731237922,0.09265052758704066,278.5379082409181,0.8418626733487145,0.0002438767883397203,0.0892002707290285,0.14658836036801404,3696,3452,244,14.147540983606557,0.0
5137,334.9827965920224,2.6376598156852156,6.28714940604095,0.049505113433393304,6.28714940604095,0.049505113433393304,5.499055473066164,323.19659171291664,11.786204879107114,0.09280476282761507,323.6291829978486,0.4325912849319593,0.0002408637443941867,0.08939853223758892,0.034836782698903335,1923,1796,127,14.141732283464567,0.0
5138,310.33403616554347,1.0813032619008482,13.858121215581543,0.048286136639656946,13.858121215581543,0.048286136639656946,11.044225566095065,285.4316893838652,24.902346781676606,0.08676775882117284,285.8145232267566,0.38283384289138667,0.0002466712905228007,0.08543384299228876,0.15906678034048127,1839,1552,287,5.407665505226481,0.0
5139,314.8563681101082,3.935704601376352,4.628104984866102,0.057851312310826276,4.628104984866102,0.057851312310826276,2.1085678673539405,308.11969525788595,6.7366728522200425,0.08420841065275053,309.02180774908675,0.9021124912007963,0.0002432881583605168,0.07293200451276789,0.2813643061779203,3788,3708,80,46.35,0.0
5140,296.38564473271595,1.5356769157135541,9.888122571058126,0.051233795704964384,9.888122571058126,0.051233795704964384,7.279084817334478,279.21843734432787,17.167207388392605,0.08894926107975443,279.9935434547597,0.7751061104318069,0.0002460654318831133,0.08493316724329675,0.027991940227366285,3343,3150,193,16.321243523316063,0.0
5141,341.93044001599674,1.7269214142222058,10.003360298374702,0.05052202170896314,10.003360298374702,0.05052202170896314,8.22310895748592,323.703970760135,18.22646925586062,0.0920528750295991,324.50649424653943,0.8025234864044251,0.0002451201852182117,0.08799972610837023,0.013825296110326235,3472,3274,198,16.535353535353536,0.0
5142,310.87628318378665,1.20029452966713,12.93775161668864,0.04995270894474378,12.93775161668864,0.04995270894474378,11.169098578965304,286.76943298812853,24.106850195653944,0.09307664168206156,287.5529494046018,0.783516416473276,0.0002457705195963852,0.09005148177291449,0.13898440370826393,3447,3188,259,12.308880308880308,0.0
5143,334.6969986464194,1.039431672814967,15.703609408350912,0.048768973317859975,15.703609408350912,0.048768973317859975,10.201685992797138,308.791703245274,25.905295401148052,0.08045122795387594,309.36095544873206,0.5692522034580634,0.0002456850252300662,0.07868336396797308,0.0493028637667976,2639,2317,322,7.195652173913044,0.0
5144,290.75901182578605,1.9645879177417975,7.3021641391928345,0.04933894688643807,7.3021641391928345,0.04933894688643807,3.892077007535363,279.5647706790601,11.194241146728197,0.07563676450492025,279.9134445116217,0.3486738325616443,0.00024869745546479623,0.07328086023084004,0.2266602121142114,1550,1402,148,9.472972972972974,0.0
5145,349.5605492795298,1.3708256834491366,12.563275294741253,0.049267746253887267,12.563275294741253,0.049267746253887267,12.571882009287492,324.42539197550195,25.135157304028745,0.09856924432952449,325.0886510368023,0.6632590613003231,0.00024048551896313383,0.09596822840285313,0.22458582859053422,3013,2758,255,10.815686274509805,0.0
5146,303.9003487880575,1.5505119836125383,9.268393259684096,0.04728772071267396,9.268393259684096,0.04728772071267396,8.031793241944342,286.60016228642303,17.30018650162844,0.08826625766136958,286.6698415460944,0.0696792596713749,0.00034666298343967607,0.08791075123450559,0.4522382137072327,397,201,196,1.0255102040816326,0.0
5147,319.51237402690913,3.2273977174435267,5.476032062424929,0.055313455176009385,5.476032062424929,0.055313455176009385,2.9148527845770786,311.12148917991067,8.390884847002008,0.08475641259597988,311.98307246139825,0.861583281487583,0.00024407458399081672,0.07605355116677653,0.300465009411937,3629,3530,99,35.656565656565654,0.0
5148,292.0569484453397,2.071325875498863,7.325104610964052,0.05195109653165995,7.325104610964052,0.05195109653165995,4.958852233789003,279.7729916005883,12.283956844753055,0.08712026131030536,280.4523623829964,0.6793707824081139,0.0002399755501264973,0.0823020288109453,0.2394835639113353,2972,2831,141,20.078014184397162,0.0
5149,386.09716602975595,0.6668344836437927,27.771376927434936,0.04796438156724514,27.771376927434936,0.04796438156724514,33.90519957058996,324.42058953173637,61.67657649802489,0.10652258462525888,325.02325748146495,0.6026679497285841,0.00024203532117613818,0.10548170733729016,0.09365178189227663,3069,2490,579,4.300518134715026,0.0
5150,300.0571852870494,2.1432656091932096,7.290131069058156,0.05207236477898683,7.290131069058156,0.05207236477898683,6.156503618458828,286.6105505995265,13.446634687516983,0.09604739062512131,287.3478438045711,0.7372932050445797,0.0002403172115529921,0.09078101058913067,0.4251718083501146,3208,3068,140,21.914285714285715,0.0
5151,321.0096114643859,2.5887871892289187,6.483289321868983,0.05228459130539503,6.483289321868983,0.05228459130539503,3.518348175602341,311.0079739669193,10.001637497471325,0.08065836691509133,311.6857063493276,0.6777323824082941,0.0002400752328757684,0.07519278318595422,0.31198002765836463,2947,2823,124,22.766129032258064,0.0
5152,289.3150321735761,2.4109586014464677,6.231582205444186,0.05192985171203488,6.231582205444186,0.05192985171203488,3.364768735247708,279.7186812328864,9.596350940691893,0.07996959117243245,280.30391192781053,0.585230694924121,0.00024682863556479165,0.0750926687147133,0.2778258189891858,2491,2371,120,19.758333333333333,0.0
5153,338.48579485098503,2.102396241310466,8.038727009675187,0.04992998142655396,8.038727009675187,0.04992998142655396,6.397305884144316,324.0497619571631,14.436032893819503,0.08966480058272983,324.6096380194758,0.5598760623126964,0.00024502234674516254,0.08618730951247955,0.19061623811353456,2446,2285,161,14.192546583850932,0.0
5154,,,,,,,,,,,,,,,0.75,3194,212,2982,0.07109322602280349,
5155,325.43271741760736,1.6688857303467044,9.866849183996585,0.050599226584597874,9.866849183996585,0.050599226584597874,4.784666646445203,310.781201587173,14.651515830441788,0.0751359786176502,311.49819307175085,0.7169914845778749,0.0002407627550630876,0.0714590992095206,0.3523835163837248,3173,2978,195,15.271794871794873,0.0
5156,299.5612974282883,1.8959575786600524,11.44962879923919,0.07246600505847588,11.44962879923919,0.07246600505847588,9.117064209431192,278.9946044196256,20.56669300867038,0.13016894309285051,279.58441608342514,0.5898116637995372,0.0002391774792374441,0.12643595787888076,0.15669728037300956,2624,2406,218,11.036697247706423,1.0
5157,334.52584502177615,3.3790489396139005,5.303969800618116,0.05357545253149612,5.303969800618116,0.05357545253149612,4.602476588555646,324.61939863260113,9.906446389173762,0.10006511504215922,325.3525938632208,0.7331952306196854,0.00023999843882804758,0.09265910261167001,0.035331935006752246,3154,3055,99,30.858585858585858,0.0
5158,298.16781770293755,2.484731814191146,5.902465524525123,0.049187212704376024,5.902465524525123,0.049187212704376024,6.351776454671381,285.91357572373613,12.254241979196504,0.10211868315997087,286.20528312081865,0.2917073970825186,0.0002630364265847778,0.09968778818432421,0.41896257067401166,1229,1109,120,9.241666666666667,0.0
5159,319.2724709229258,2.437194434526151,7.060430568378358,0.05389641655250655,7.060430568378358,0.05389641655250655,1.861222633361649,310.3508177211904,8.921653201740007,0.06810422291404586,311.29095177885324,0.9401340576628172,0.00024230259218113845,0.060927627053988825,0.6304623013638775,4011,3880,131,29.61832061068702,0.0
5160,294.3529781834045,2.4735544385160044,6.251715886581201,0.052535427618329425,6.251715886581201,0.052535427618329425,6.035006257961641,282.06625603886687,12.286722144542843,0.10324976592052809,282.6789072466802,0.6126512078133146,0.00024167700505456198,0.0981014364430615,0.15790763582640466,2654,2535,119,21.30252100840336,0.0
5161,519.6857640215744,0.29443952635783255,83.44682959829554,0.047278656996201436,83.44682959829554,0.047278656996201436,112.24568355098813,323.99325087232774,195.69251314928368,0.11087394512707291,324.0552994819209,0.062048609593148285,0.000352548918142888,0.11083879010745243,0.15201048302878917,1941,176,1765,0.09971671388101983,0.0
5162,306.71490814510685,1.589196415259621,9.818458437529365,0.05087284164522987,9.818458437529365,0.05087284164522987,10.130613007937654,286.76583669963816,19.94907144546702,0.10336306448428507,287.54190332708595,0.7760666274477899,0.0002459019732090589,0.09934199387575596,0.28838169724872387,3349,3156,193,16.352331606217618,0.0
5163,324.0717170952389,1.8104565200851335,8.968898035918672,0.05010557561965739,8.968898035918672,0.05010557561965739,3.958867353949927,311.1439517053766,12.927765389868599,0.07222215301602569,311.7239465653047,0.5799948599280924,0.0002467013440783039,0.06898195826778895,0.30965478079974673,2530,2351,179,13.134078212290502,0.0
5164,302.7017385475449,1.7701856055411982,8.887677899336216,0.05197472455752173,8.887677899336216,0.05197472455752173,10.714127705675082,283.0999329425397,19.6018056050113,0.11463044213456901,283.92405138132335,0.8241184387836711,0.00024563887892210763,0.10981103605977509,0.15655751212534597,3526,3355,171,19.619883040935672,0.0
5165,345.97982022578185,1.6167281318961768,10.721779867338745,0.05010177508102217,10.721779867338745,0.05010177508102217,11.466190647998246,323.79184971044583,22.187970515336993,0.1036821052118551,324.5088411950237,0.7169914845778749,0.00024084362935098249,0.1003316777138231,0.06589186644373513,3191,2977,214,13.911214953271028,0.0
5166,310.584200867208,1.529971432843389,10.231635112256624,0.050402143410131155,10.231635112256624,0.050402143410131155,12.700510539531251,287.65205521542134,22.932145651787877,0.11296623473787132,288.34488980051697,0.6928345850956248,0.00024174270240601004,0.10955325648616264,0.06333447872498255,3069,2866,203,14.118226600985222,0.0
5167,334.80411293516545,1.200014741703102,13.858179653002383,0.04967089481362861,13.858179653002383,0.04967089481362861,7.003358108801876,313.94257517336337,20.861537761804257,0.07477253678066043,314.66864365236347,0.7260684790001051,0.0002401020102513575,0.0721701407985734,0.49349355663184724,3303,3024,279,10.838709677419354,0.0
5168,303.77352171023676,1.7458248374151537,8.932157763901461,0.05133424002242219,8.932157763901461,0.05133424002242219,10.86933229906208,283.97203164727966,19.80149006296354,0.1138016670285261,284.70932485232424,0.7372932050445797,0.00024047397424806905,0.10956434975811793,0.23989227325091633,3240,3066,174,17.620689655172413,0.0
5169,343.5041638952107,1.7615598148472342,9.657237139440701,0.04952429302277283,9.657237139440701,0.04952429302277283,10.0949948722498,323.7519318835209,19.752232011690502,0.10129349749584873,324.2913328887712,0.5394010052502836,0.00024822871847689074,0.09852733849456154,0.6100644355612985,2368,2173,195,11.143589743589743,0.0
5170,301.9797407514732,2.1725161205141954,6.832748503831997,0.0491564640563453,6.832748503831997,0.0491564640563453,7.270498224435869,287.8764940232013,14.103246728267866,0.10146220667818609,288.2287306966823,0.35223667348100207,0.000249990541860186,0.09892812989058178,0.12442672886936634,1548,1409,139,10.136690647482014,0.0
5171,328.6491720053484,1.685380369258197,9.711544609960795,0.049802792871593816,9.711544609960795,0.049802792871593816,5.54403943878674,313.3935879566013,15.255584048747535,0.07823376435255146,313.9487472510348,0.5551592944334516,0.00024739719003273245,0.07538679361186484,0.3006722580805672,2439,2244,195,11.507692307692308,0.0
5172,331.2392000626853,0.7092916489564997,22.506386665962786,0.048193547464588406,22.506386665962786,0.048193547464588406,25.188063784764154,283.5447496119739,47.69445045072694,0.10212944421997204,283.96512279261697,0.4203731806430824,0.00023939247189241593,0.10122928751620631,0.27354101309560974,2223,1756,467,3.76017130620985,0.0
5173,335.1550436885436,3.1618400347975815,5.74600805494217,0.05420762315983179,5.74600805494217,0.05420762315983179,5.230241823379174,324.1787938102211,10.976249878321344,0.10354952715397495,324.99788639350027,0.8190925832791436,0.0002450905395808329,0.09582223863248454,0.3887122275039019,3448,3342,106,31.528301886792452,0.0
5174,296.21142493287675,3.2196894014443127,5.033096844824289,0.05470757440026401,5.033096844824289,0.05470757440026401,4.353568984247204,286.8247591038007,9.386665829071493,0.10202897640295101,287.5824516959833,0.7576925921825932,0.00024560537834119716,0.09379318735753743,0.535124831058738,3177,3085,92,33.53260869565217,0.0
5175,323.90988058267703,2.9446352780243368,6.099718578732515,0.055451987079386506,6.099718578732515,0.055451987079386506,2.848312884701045,314.96184911924365,8.94803146343356,0.08134574057666873,315.91467995475,0.9528308355063473,0.000240431702121208,0.07268364207206394,0.15095602543215136,4073,3963,110,36.027272727272724,0.0
5176,300.81417101001125,2.0463549048300087,7.494653726234109,0.05098403895397353,7.494653726234109,0.05098403895397353,9.860479495444906,283.4590377883394,17.355133221679015,0.11806213075972119,284.0475174113135,0.5884796229740914,0.000245917101117464,0.11405886801835209,0.007682886453721949,2540,2393,147,16.27891156462585,0.0
5177,357.50879485087535,1.2160163090165828,14.682398926649023,0.04994013240356811,14.682398926649023,0.04994013240356811,18.080204244052084,324.7461916801767,32.762603170701105,0.11143742575068404,325.6039616605451,0.8577699803684027,0.00024410073431087157,0.10851984078343618,0.16124852483858376,3808,3514,294,11.952380952380953,0.0
5178,304.63739950996455,1.8804777747528676,8.240178891162696,0.05086530179730059,8.240178891162696,0.05086530179730059,9.195867497036943,287.2013531217631,17.43604638819964,0.10762991597654098,287.86099601544447,0.6596428936813936,0.00024092143669882893,0.10355804626246964,0.10825050592438856,2900,2738,162,16.901234567901234,0.0
5179,543.2636326512848,0.22338142789937696,114.6058783898026,0.04712412762738594,114.6058783898026,0.04712412762738594,113.17487827432478,315.48287598718207,227.78075666412738,0.09365985060202606,315.5532691645451,0.07039317736303019,0.00032741012726990787,0.09363090603895545,0.15462205035123588,2647,215,2432,0.0884046052631579,0.0
5180,311.3463926450054,1.2404238750797028,12.691114706952561,0.05056220998785881,12.691114706952561,0.05056220998785881,14.024044076338214,284.63123386172424,26.715158783290775,0.10643489555095927,285.49907804584745,0.8678441841232143,0.00024411932042847097,0.10297734900062919,0.0468239403564894,3806,3555,251,14.163346613545817,0.0
5181,332.63392499368615,4.007637650526339,4.5487966805277065,0.054804779283466346,4.5487966805277065,0.054804779283466346,2.8737162565607832,325.2114120565964,7.42251293708849,0.08942786671190951,325.905741681692,0.6943296250956337,0.00024158998785512654,0.08106244954209813,0.3651914618885712,2957,2874,83,34.626506024096386,0.0
5182,305.33720337981435,1.734870473748945,8.886852841154589,0.05049348205201471,8.886852841154589,0.05049348205201471,9.38785532122506,287.06249521743416,18.27470816237965,0.10383356910442983,287.69718884705185,0.6346936296176864,0.00024317763586884536,0.10022735529978698,0.23186334541401266,2786,2610,176,14.829545454545455,0.0
5183,336.7913552875764,1.4091688505756335,12.132454115825304,0.050763406342365286,12.132454115825304,0.050763406342365286,6.942174826024711,317.7167263457234,19.074628941850015,0.07981016293661095,318.6056624013245,0.888936055601107,0.0002456981911556404,0.07609076521444309,0.0340677861486256,3857,3618,239,15.138075313807532,0.0
5184,291.3414433318949,5.297117151488997,2.9839667558370606,0.054253941015219284,2.9839667558370606,0.054253941015219284,3.5166770851628826,284.84079949089937,6.500643840999944,0.11819352438181716,285.2651432753519,0.4243437844525033,0.0002389323110655987,0.11047818284623645,0.027155961496873715,1831,1776,55,32.29090909090909,0.0
5185,337.5949598952743,2.722539999155438,6.7076926291083545,0.054094295396035115,6.7076926291083545,0.054094295396035115,5.184369162469693,325.7028981036974,11.892061791578048,0.09590372412562942,326.61574140408857,0.9128433003911596,0.00024303602246835985,0.08854208460633667,0.42532374209417867,3880,3756,124,30.29032258064516,0.0
5186,306.80400265386925,1.6674130579014632,9.204530224237873,0.050024620783901484,9.204530224237873,0.050024620783901484,10.787170266471094,286.81230216316,19.991700490708965,0.10865054614515741,287.38155436661805,0.5692522034580634,0.00024589728011147446,0.10555678416984347,0.3983391941521859,2499,2315,184,12.581521739130435,0.0
5187,,,,,,,,,,,,,,,0.09858297632240465,3221,219,3002,0.07295136575616255,
5188,294.8059192222911,3.3500672638896716,4.9298176591103715,0.05602065521716331,4.9298176591103715,0.05602065521716331,5.410923669603562,284.4651778935811,10.340741328713934,0.11750842418993107,285.29184078738695,0.8266628938058602,0.0002459574215429516,0.10811452766936534,0.26206398988597357,3449,3361,88,38.19318181818182,0.0
5189,358.22832566890224,1.2438483530170217,14.307917526262939,0.04968026918841298,14.307917526262939,0.04968026918841298,17.468898955214854,326.45150918743,31.776816481477795,0.11033616833846456,327.2177279749262,0.7662187874962001,0.0002462934064597236,0.10767568643741675,0.39307279329887024,3399,3111,288,10.802083333333334,0.0
5190,300.9912287032357,2.1048337671554944,7.517646445335695,0.052570954163186676,7.517646445335695,0.052570954163186676,6.33146463965727,287.14211761824185,13.849111084992964,0.09684693066428647,287.97589318874,0.8337755704981191,0.00024486800895686317,0.09101633226920101,0.1902203357428789,3548,3405,143,23.81118881118881,0.0
5191,319.7119576119103,8.880887711441952,2.341262495333155,0.06503506931480986,2.341262495333155,0.06503506931480986,0.5226099198844167,316.8480851966908,2.8638724152175716,0.07955201153382144,317.54241482178645,0.6943296250956337,0.00024142198369111047,0.06026507750344005,0.12804683544777617,2912,2876,36,79.88888888888889,0.0
5192,295.5536380331107,3.24784217618803,4.8435482997386465,0.05322580549163348,4.8435482997386465,0.05322580549163348,5.590356890086014,285.11973284328883,10.43390518982466,0.11465829878928198,285.7371886377041,0.6174557944152639,0.00043208942926190616,0.10787307027919349,0.13337089080550868,1520,1429,91,15.703296703296703,0.0
5193,350.05814497561914,1.5839735066770098,10.682973591369299,0.04833924701977058,10.682973591369299,0.04833924701977058,12.85155369330596,326.5236176909468,23.534527284675256,0.10649107368631337,326.8190329684196,0.2954152774727845,0.00025981994500684654,0.10515435297375356,0.2424722219832347,1358,1137,221,5.144796380090498,0.0
5194,295.57920698702947,3.284213410966994,4.691763376221111,0.05213070418023457,4.691763376221111,0.05213070418023457,2.625746207272414,288.2616974035352,7.317509583493525,0.08130566203881694,288.7799056720862,0.5182082685510068,0.00024961862646965643,0.07554779238825833,0.1984900779700638,2166,2076,90,23.066666666666666,0.0
5195,333.0267832156617,1.486726710784204,11.060537453680197,0.049377399346786595,11.060537453680197,0.049377399346786595,5.654085394094409,316.31216036788487,16.714622847774606,0.07461885199899378,316.8347702877693,0.5226099198844167,0.00025065223975271787,0.0722857719995196,0.75,2309,2085,224,9.308035714285714,0.0
5196,557.2064416606902,0.20130290522423777,132.6875530616546,0.04793625471880585,132.6875530616546,0.04793625471880585,140.71117065657108,283.8077179425111,273.3987237182257,0.098771215216122,284.42517373692635,0.6174557944152639,0.0005300049737470077,0.09854814592621526,0.12105260082444147,3933,1165,2768,0.4208815028901734,0.0
5197,354.96633121997434,1.4977482329956724,12.03911885560789,0.05079796985488561,12.03911885560789,0.05079796985488561,15.164289169386393,327.76292319498543,27.203408024994282,0.11478231234174803,328.6621620861861,0.899238891200639,0.00024277507861788312,0.11098805541682812,0.10414952191399607,3941,3704,237,15.628691983122362,0.0
5198,310.5330740740478,1.5147954832880381,10.175644333872958,0.049637289433526625,10.175644333872958,0.049637289433526625,12.737606465795352,287.61982327438454,22.91325079966831,0.11177195512033322,288.17719668504265,0.5573734106581014,0.0002466254029460626,0.10905306043417157,0.42038887710623385,2465,2260,205,11.024390243902438,0.0
5199,333.837075669637,1.5599863349048457,10.667873094078708,0.04984987427139583,10.667873094078708,0.04984987427139583,5.650660969903811,317.5185416056527,16.31853406398252,0.07625483207468467,318.1194358254593,0.6008942198066052,0.00024308018600590825,0.07344691515970893,0.22349181565414256,2686,2472,214,11.551401869158878,0.0
5200,298.75044468419037,2.103876371015425,7.37070706659882,0.05190638779294944,7.37070706659882,0.05190638779294944,7.706754070957459,283.6729835466376,15.077461137556279,0.1061793037856076,284.401418700357,0.7284351537193743,0.00023969567414260424,0.10104947875938994,0.3834828810606723,3181,3039,142,21.401408450704224,0.0
5201,351.0218740998589,1.7377320499993014,10.302758599574865,0.05100375544343993,10.302758599574865,0.05100375544343993,12.993715297867993,327.72540020242036,23.29647389744286,0.11532907870021217,328.5298261637747,0.8044259613543545,0.00024413534487233824,0.11134677196081283,0.1428889439437171,3497,3295,202,16.31188118811881,0.0
5202,317.8966556533576,1.181771954101701,13.268292848930432,0.04932450873208339,13.268292848930432,0.04932450873208339,16.08275255270678,288.5456102517278,29.35104540163721,0.10911169294288926,289.1262332595106,0.5806230077828332,0.0002457143494637466,0.10695324309980281,0.3869996063720009,2632,2363,269,8.784386617100372,0.0
5203,336.8175656858184,1.3105741855479316,12.72750871841065,0.04952338022727879,12.72750871841065,0.04952338022727879,6.51612479631126,317.5739321710971,19.24363351472191,0.0748779514191514,318.19400996518857,0.6200777940914577,0.00024184001329620035,0.07246519735653634,0.19660464412913825,2821,2564,257,9.976653696498055,0.0
5204,303.35072284116495,1.494338536163374,10.442247792254413,0.05143964429681977,10.442247792254413,0.05143964429681977,9.111506819604983,283.7969682293117,19.553754611859397,0.09632391434413495,284.7054210186552,0.9084527893435279,0.00024329212355209638,0.09184877745078689,0.06734737465717444,3937,3734,203,18.39408866995074,0.0
5205,337.99129598266313,3.484446350336733,5.411581866714381,0.05578950378056063,5.411581866714381,0.05578950378056063,4.785677679414221,327.79403643653745,10.197259546128603,0.10512638707349074,328.66188062066067,0.8678441841232143,0.0002441880090386084,0.0961795398144584,0.2716306092781906,3651,3554,97,36.63917525773196,0.0
5206,304.5608429467836,2.9284696437190734,5.803640539903744,0.055804235960612916,5.803640539903744,0.055804235960612916,9.391933777747681,289.36526862913706,15.195574317651424,0.14611129151587907,290.2908307667608,0.9255621376237286,0.0002415980521074729,0.1372116555771426,0.020273882792253062,3935,3831,104,36.83653846153846,0.0
5207,338.1754444134792,1.0979722221216859,15.215279403446909,0.04940025780339905,15.215279403446909,0.04940025780339905,5.79332415731119,317.16684085272345,21.008603560758097,0.06820975182064318,317.8896414917235,0.7228006390000701,0.0002399736517264509,0.06586299649920682,0.6679172457374989,3320,3012,308,9.779220779220779,0.0
5208,307.91521110738154,1.2776564776239898,11.759854048518891,0.04879607489011988,11.759854048518891,0.04879607489011988,12.62319728493003,283.53215977393984,24.38305133344892,0.1011744868607839,283.9678302278187,0.4356704538788563,0.0002684352765735405,0.0993667256413396,0.2134395069074344,1864,1623,241,6.734439834024896,0.0
5209,343.49005592001845,2.274768582251778,7.735675910792833,0.05122964179333002,7.735675910792833,0.05122964179333002,8.020725404419863,327.73365460480863,15.756401315212695,0.10434702857756752,328.3709343268158,0.6372797220071789,0.0002424038501358611,0.10012663306756713,0.166689760814279,2780,2629,151,17.410596026490065,0.0
5210,298.01400940829194,4.3190436146129265,3.7802020187431467,0.054785536503523864,3.7802020187431467,0.054785536503523864,4.840873071445458,289.39293431810665,8.621075090188604,0.12494311724911021,289.9551219693144,0.5621876512077506,0.0002448552487838635,0.11679547013010921,0.22422200635583067,2365,2296,69,33.27536231884058,0.0
5211,332.79644020047294,1.4856983937521113,10.937327492045632,0.04882735487520372,10.937327492045632,0.04882735487520372,4.682117441756418,317.17699526666865,15.61944493380205,0.06972966488304487,317.5770125521565,0.4000172854878201,0.0002442107970011112,0.06794387342998423,0.15539667140592428,1862,1638,224,7.3125,0.0
5212,,,,,,,,,,,,,,,0.20246952440447785,3948,209,3739,0.055897298742979405,
5213,341.52149802739723,2.3391883426534057,7.777455298791579,0.05327024177254506,7.777455298791579,0.05327024177254506,6.386721915074077,327.3573208135349,14.164177213865656,0.09701491242373737,328.2712671523502,0.9139463388153217,0.00024274803155785438,0.09075500599347266,0.43152531111468306,3911,3765,146,25.78767123287671,0.0
5214,312.71130689041684,1.727686778400093,9.197776059712725,0.050816442318854835,9.197776059712725,0.050816442318854835,13.132743612925651,290.3807872177847,22.330519672638374,0.12337303686540538,291.0522740769593,0.6714868591745926,0.00023964556001948345,0.11966316471523504,0.04844898477267634,2983,2802,181,15.480662983425415,0.0
5215,325.4449714377877,2.829956273372067,6.311497079426863,0.05488258329936403,6.311497079426863,0.05488258329936403,0.8234733187837264,318.31000103958104,7.13497039821059,0.06204322085400513,319.2141604151627,0.9041593755816848,0.00024305359558647442,0.054180965414129985,0.75,3835,3720,115,32.34782608695652,0.0
5216,293.93762331832295,2.7216446603548423,5.886642387032007,0.05450594802807413,5.886642387032007,0.05450594802807413,5.14597764729001,282.905003284003,11.032620034322017,0.10215388920668535,283.74620163735176,0.8411983533487728,0.000244321334112336,0.09436501556454804,0.018037220944052024,3551,3443,108,31.87962962962963,0.0
5217,341.6311751294386,3.222935614428666,5.8586305615423,0.05527009963719151,5.8586305615423,0.05527009963719151,6.217482050003355,329.5550625178944,12.076112611545655,0.11392559067495901,330.4443595334956,0.889297015601187,0.0002451880384894367,0.10553599618814166,0.0287810715822161,3733,3627,106,34.216981132075475,0.0
5218,298.8366361042026,6.098706859269441,3.20436215439157,0.06539514600799122,3.20436215439157,0.06539514600799122,5.229563931631446,290.4027100181836,8.433926086023016,0.17212094053108196,291.3110994475271,0.9083894293435151,0.00024288487415602007,0.15358238074847985,0.42059184480035583,3789,3740,49,76.3265306122449,0.0
5219,336.811130479932,2.105069565499575,10.860085444229961,0.06787553402643726,10.860085444229961,0.06787553402643726,4.1619247884923425,321.7891202472133,15.022010232722304,0.09388756395451439,322.61259356599703,0.8234733187837264,0.00024319944441338642,0.08874085571209349,0.36888346795262805,3546,3349,197,17.0,1.0
5220,300.55784949257486,1.7077150539350845,8.834211174769413,0.05019438167482621,8.834211174769413,0.05019438167482621,8.068392623247973,283.6552456945624,16.902603798017388,0.09603752157964425,284.21442607687504,0.5591803823126611,0.0002460098470359266,0.09286036031647624,0.1190702278995559,2449,2273,176,12.914772727272727,0.0
5221,351.99706177148187,1.882337228724502,9.514922292607826,0.05088193739362474,9.514922292607826,0.05088193739362474,12.548605710646598,329.9335337682312,22.063528003254426,0.11798678076606645,330.6708269732758,0.7372932050445797,0.00024023890682456166,0.11404403635404325,0.17045051878199047,3256,3069,187,16.41176470588235,0.0
5222,315.7211176204753,1.4753323253293238,11.007731634801818,0.05143799829346644,11.007731634801818,0.05143799829346644,13.760573416899206,290.95281256877956,24.768305051701024,0.11573974323224777,291.8594666643612,0.9066540955816436,0.0002435278258344463,0.11150304185100042,0.2698235910443145,3937,3723,214,17.397196261682243,0.0
5223,364.0383724772323,0.758413275994234,23.295141200059,0.048531544166789585,23.295141200059,0.048531544166789585,15.888238805467836,324.8549924717222,39.183380005526836,0.0816320416781809,325.57532185561126,0.7203293838890659,0.00023979007453031487,0.08013135546171052,0.023724142666878834,3484,3004,480,6.258333333333334,0.0
5224,302.98531080966654,1.7021646674700368,9.286590446549377,0.05217185644128864,9.286590446549377,0.05217185644128864,9.714297294112157,283.98442306901006,19.000887740661533,0.10674656034079513,284.9005331424553,0.9161100734452248,0.0002423571622870965,0.10159987453489469,0.42461317361767215,3958,3780,178,21.235955056179776,0.0
5225,334.91225696285915,5.074428135800896,3.911826055919409,0.059270091756354684,3.911826055919409,0.059270091756354684,1.2146558013266713,329.7857751056147,5.12648185724608,0.07767396753403152,330.61756987611284,0.8317947704981634,0.00024515024182085573,0.06507101646585314,0.5456711564456782,3459,3393,66,51.40909090909091,0.0
5226,311.07482873731965,1.7281934929851093,9.193627438615136,0.05107570799230631,9.193627438615136,0.05107570799230631,11.40749260004145,290.47370869866813,20.60112003865659,0.1144506668814255,291.17468847840223,0.700979779734098,0.0002407210782053908,0.11055633477176344,0.5839217533048213,3092,2912,180,16.177777777777777,0.0
5227,,,,,,,,,,,,,,,0.2527415920274052,2795,20,2775,0.007207207207207207,
5228,304.9975654440518,1.4185933276467526,10.522163612125702,0.048940295870352105,10.522163612125702,0.048940295870352105,10.815131107074649,283.6602707248578,21.33729471920035,0.09924323125209465,284.0646913939977,0.4044206691398813,0.0002439207895897957,0.09736220488397267,4.608936205841019e-05,1873,1658,215,7.711627906976744,0.0
5229,335.19218509602047,4.8578577550147894,3.998004809078272,0.057942098682293795,3.998004809078272,0.057942098682293795,1.215911481326657,329.97826880561706,5.213916290404929,0.07556400420876708,330.75433543306485,0.7760666274477899,0.00024613594273637483,0.06431666178196542,0.0396684517054382,3222,3153,69,45.69565217391305,0.0
5230,304.04689983613275,2.576668642679091,6.357852556236569,0.05388010640878448,6.357852556236569,0.05388010640878448,6.655042051541386,291.0340052283582,13.012894607777955,0.11027876786252505,291.860686682164,0.8266814538058043,0.00024487009887612686,0.10327299283024377,0.04039937729112353,3494,3376,118,28.610169491525422,0.0
5231,347.41092934186713,1.2104910430030213,14.069823579997378,0.04902377554006055,14.069823579997378,0.04902377554006055,8.491157472191617,324.8499482896884,22.560981052188993,0.07860969007731357,325.44741808530443,0.5974697956160071,0.00024386522270041107,0.07652791378593274,0.18942453001704962,2737,2450,287,8.536585365853659,0.0
5232,294.3661328528924,2.6050100252468353,6.093799634961355,0.0539274303978881,6.093799634961355,0.0539274303978881,4.319922103670706,283.95241111426276,10.413721738632061,0.09215682954541647,284.7493001291605,0.7968890148977152,0.0002464859309921792,0.08510471436930914,0.12356697409200024,3346,3233,113,28.61061946902655,0.0
5233,342.41006045704535,3.3901986183865875,5.159018897794652,0.05107939502766982,5.159018897794652,0.05107939502766982,5.975190517981218,331.2758510412707,11.13420941577587,0.11023969718589971,331.7144402151496,0.4385891738788814,0.0002401912233728814,0.10589723011777988,0.2156468635521378,1927,1826,101,18.07920792079208,0.0
5234,311.7528985307131,1.7035677515339513,9.46211902756269,0.051705568456626716,9.46211902756269,0.051705568456626716,10.821004773937375,291.46977472921685,20.283123801500064,0.1108367420846998,292.29645618302266,0.8266814538058043,0.00024508789024779254,0.10631935709120452,0.0544353610566759,3556,3373,183,18.43169398907104,0.0
5235,334.9384090748722,2.481025252406461,7.0871077388809445,0.05249709436208107,7.0871077388809445,0.05249709436208107,2.519106406973151,325.3321949290237,9.606214145854096,0.07115714182114145,326.1065471194556,0.774352190431955,0.0002467661537386727,0.06542119966975238,0.28604637872331296,3273,3138,135,23.244444444444444,0.0
5236,307.90895581942686,1.4124264028414077,10.915540831230171,0.05007128821665216,10.915540831230171,0.05007128821665216,12.099870710915638,284.89354427728836,23.01541154214581,0.10557528230342114,285.53486242741883,0.6413181501304734,0.00024264780557339138,0.10263345592664236,0.09516789975691609,2861,2643,218,12.123853211009175,0.0
5237,348.0788054287284,3.2530729479320413,5.769253025877081,0.05391825257829048,5.769253025877081,0.05391825257829048,9.489513982370454,332.82003842048243,15.258767008247535,0.14260529914250034,333.5973607279302,0.7773223074477755,0.000245521891171123,0.13534060468035694,0.21115327148777396,3273,3166,107,29.588785046728972,0.0
5238,305.4982985099932,2.3499869116153325,7.0013467507063725,0.053856513466972095,7.0013467507063725,0.053856513466972095,6.732289361470293,291.76466239781917,13.733636112176665,0.10564335470905127,292.6730518271627,0.9083894293435151,0.00024307985799933504,0.09865574371408106,0.6110494492897942,3867,3737,130,28.746153846153845,0.0
5239,337.2379819324158,2.5548331964576954,6.894065218754178,0.05222776680874377,6.894065218754178,0.05222776680874377,4.163633828947923,326.1802828847224,11.057699047702101,0.08377044733107653,326.8914723147893,0.7111894300669519,0.00024108116273455996,0.07838264861838222,0.09079908805688319,3082,2950,132,22.348484848484848,0.0
5240,303.48791740933257,1.4950143714745447,10.455575309151952,0.05150529708941848,10.455575309151952,0.05150529708941848,9.03337815711916,283.998963943068,19.488953466271113,0.09600469687818282,284.8914617414996,0.8924977984315774,0.00024445297135896395,0.0916081559991772,0.7176421245446818,3854,3651,203,17.985221674876847,0.0
5241,351.0166724777805,2.4719483977308485,7.317585658768778,0.05153229337161112,7.317585658768778,0.05153229337161112,11.284844675288923,332.41424214372523,18.6024303340577,0.13100303052153311,333.10707672882086,0.6928345850956248,0.00024123766890516183,0.12612391372506793,0.14261163442688485,3014,2872,142,20.225352112676056,0.0
5242,314.41231063560576,1.5799613599779183,9.955818971701378,0.050029241063826016,9.955818971701378,0.050029241063826016,13.338450690434456,291.11804097347294,23.294269662135832,0.11705663146801926,291.7078526372725,0.5898116637995372,0.00024504015945140724,0.11409275376046876,0.75,2606,2407,199,12.095477386934673,0.0
5243,348.4200696160715,1.590959221991194,11.079786911461444,0.0505926342989107,11.079786911461444,0.0505926342989107,8.256496802689298,329.08378590193047,19.336283714150742,0.0882935329413276,329.90790434071414,0.8241184387836711,0.00024556568497725596,0.08453043504729382,0.10549949134315284,3575,3356,219,15.32420091324201,0.0
5244,296.7014933013354,2.45207845703583,6.623385503300156,0.054738723167769884,6.623385503300156,0.054738723167769884,5.16624162150606,284.91186617653375,11.789627124806216,0.09743493491575385,285.8474277354662,0.935561558932477,0.0002416847220182064,0.08970302120553039,0.02338197850758661,3992,3871,121,31.99173553719008,0.0
5245,348.24751925685314,2.720683744194165,6.517207071874209,0.050915680249017256,6.517207071874209,0.050915680249017256,9.409459975244545,332.3208522097368,15.926667047118753,0.12442708630561526,332.8698042232411,0.5489520135042767,0.0002468309413238654,0.12013839870009413,0.002038098261664345,2352,2224,128,17.375,0.0
5246,309.4418687409377,1.6726587499510146,9.177272090931037,0.049606876167194794,9.177272090931037,0.049606876167194794,9.437663580849403,290.8269330691601,18.61493567178044,0.10062127390151589,291.2972991247211,0.47036605556104405,0.0004501110579531522,0.09807875468225181,0.75,1230,1045,185,5.648648648648648,0.0
5247,343.8247519776439,1.9874263120095024,8.326421618560301,0.048129604731562435,8.326421618560301,0.048129604731562435,6.49530757059506,329.0030227884963,14.821729189155361,0.08567473519742984,329.2243493195547,0.22132653105836653,0.00024924158902969203,0.0843953910872211,0.12946147544857922,1061,888,173,5.132947976878612,0.0
5248,299.4845669802771,2.4151981208086863,6.193959097196988,0.04995128304191119,6.193959097196988,0.04995128304191119,7.173409757586114,286.1171981254977,13.367368854783102,0.10780136173212179,286.49265295259397,0.3754548270962914,0.0002445959785643592,0.10477350022325121,0.03411411577803847,1659,1535,124,12.379032258064516,0.0
5249,355.02285409814795,1.9614522325864527,8.572232560799579,0.047360400888395465,8.572232560799579,0.047360400888395465,14.58149331479376,331.86912822255545,23.153725875593338,0.12792113743421735,331.9784697441871,0.1093415216316771,0.0002931408086640137,0.1273170406296178,0.0871004094590262,554,373,181,2.0607734806629834,0.0
5250,310.1477425771277,1.6323565398796194,9.41400971350191,0.049547419544746896,9.41400971350191,0.049547419544746896,10.272676474522086,290.4610563891065,19.686686188023998,0.10361413783170526,290.93142244466753,0.47036605556104405,0.0004909875319008811,0.10113852701294826,0.11520067936794476,1148,958,190,5.042105263157895,0.0
5251,352.1021526635268,1.3647370258276232,12.874597564265192,0.049901540946764314,12.874597564265192,0.049901540946764314,9.819902838130474,329.4076522611442,22.69450040239567,0.08796317985424677,330.1701242682084,0.7624720070641615,0.0002466748647894408,0.08500786199735819,0.19900832147072833,3349,3091,258,11.98062015503876,0.0
5252,302.54670057900375,1.9148525353101504,8.351235479562346,0.05285592075672371,8.351235479562346,0.05285592075672371,7.64429396979267,286.5511711296547,15.995529449355017,0.1012375281604748,287.4711016043011,0.919930474646435,0.00024189599648867603,0.09541518338419394,0.013647657783394607,3961,3803,158,24.069620253164558,0.0
5253,351.3743679782767,2.1425266340138824,8.24646233245451,0.05028330690521042,8.24646233245451,0.05028330690521042,11.640707081002347,331.4871985648208,19.887169413456856,0.1212632281308345,332.0724292597449,0.585230694924121,0.0002464129241785773,0.1176947482837305,0.303804047429594,2539,2375,164,14.481707317073171,0.0
5254,315.3989236733207,1.5536892791789199,10.403427339212891,0.05124841053799454,10.403427339212891,0.05124841053799454,14.678421651472718,290.3170746826386,25.081848990685607,0.12355590635805717,291.1636150626539,0.8465403800153126,0.00024388947854085642,0.11938575670279229,0.42974802961066416,3674,3471,203,17.098522167487683,0.0
5255,338.1032400682907,3.715420220530667,5.166062346289537,0.05676991589329161,5.166062346289537,0.05676991589329161,2.9214733026162776,330.01570441938884,8.087535648905813,0.0888740181198441,330.9559530708293,0.94024865144047,0.00024121309682926373,0.07854161535671844,0.11127688346005016,3989,3898,91,42.83516483516483,0.0
5256,315.0554412614822,1.197929434454305,12.99531403257565,0.04941184042804429,12.99531403257565,0.04941184042804429,14.505974242778848,287.5541529861355,27.501288275354497,0.10456763602796387,288.10931228056893,0.5551592944334516,0.00024739719003273245,0.10245676418598203,0.493766489089694,2507,2244,263,8.532319391634982,0.0
5257,350.871369032094,2.063949229600553,8.606157001040405,0.0506244529472965,8.606157001040405,0.0506244529472965,11.636059810482266,330.62915222057177,20.24221681152267,0.11907186359719218,331.2906600742531,0.6615078536813144,0.00024046087011316407,0.11518064092847587,0.501881890612367,2921,2751,170,16.18235294117647,0.0
5258,299.2491664462334,2.624992688124854,5.927753770479655,0.0519978400919268,5.927753770479655,0.0519978400919268,3.3317715638561367,289.9896411119,9.259525334335791,0.08122390644154202,290.59053533170663,0.6008942198066052,0.00024308018600590825,0.07595290451339272,0.06704868759175042,2586,2472,114,21.68421052631579,0.0
5259,346.7746158396669,1.6998755678415045,10.031835784881062,0.04917566561216207,10.031835784881062,0.04917566561216207,7.152375711554669,329.5904043432397,17.18421149643573,0.08423633086488103,330.07062842490836,0.48022408166866626,0.00023879864826885442,0.08188229124881646,0.3028516602958007,2215,2011,204,9.857843137254902,0.0
5260,305.3727987947134,1.735072720424508,9.139489243653532,0.05192891615712234,9.139489243653532,0.05192891615712234,8.836888226904193,287.3964213241625,17.976377470557726,0.10213850835544162,288.23453709307364,0.838115768911166,0.0002444911811292783,0.09737648694113493,0.12532954232483462,3604,3428,176,19.477272727272727,0.0
5261,339.16601269427065,4.404753411613904,3.632296690139075,0.04717268428752045,3.632296690139075,0.04717268428752045,4.834013897481782,330.6997021066509,8.466310587620857,0.10995208555351763,330.7582514035,0.05854929684915078,0.0004182092632082198,0.10919170507494315,0.09572807738982192,217,140,77,1.8181818181818181,0.0
5262,,,,,,,,,,,,,,,0.12063633309730903,3813,715,3098,0.23079406068431246,
5263,343.31667048876193,2.019509826404482,8.873886597917489,0.0521993329289264,8.873886597917489,0.0521993329289264,4.119936237627371,330.32284765322265,12.99382283554486,0.07643425197379329,331.25809177215524,0.9352441189325873,0.00024247967822986448,0.07093281598003935,0.12014081463416915,4027,3857,170,22.688235294117646,0.0
5264,305.6857621952547,2.0515822966124477,7.81528647080496,0.05245158705238228,7.81528647080496,0.05245158705238228,8.794328065903528,289.0761476585517,16.609614536708488,0.11147392306515763,289.86908265173497,0.7929349931832803,0.0002464061507716844,0.10615221170147476,0.19692974164354382,3367,3218,149,21.59731543624161,0.0
5265,344.83246877570855,2.6731199129899887,6.913582538322356,0.05359366308777021,6.913582538322356,0.05359366308777021,7.634992722207926,330.28389351518103,14.548575260530281,0.11277965318240528,331.1831324063817,0.899238891200639,0.00024277507861788312,0.10580880906454941,0.2715382277538083,3833,3704,129,28.713178294573645,0.0
5266,297.6180253235211,2.8344573840335343,5.285809059730729,0.05034103866410218,5.285809059730729,0.05034103866410218,2.758900257287678,289.5733160065047,8.044709317018407,0.07661627920969911,289.95871510952315,0.3853991030184716,0.00024816426466096046,0.07294581156188543,0.1610280296692963,1658,1553,105,14.790476190476191,0.0
5267,334.8229015902182,5.073074266518457,3.86837330217083,0.05861171669955803,3.86837330217083,0.05861171669955803,0.0,330.95452828804923,3.86837330217083,0.05861171669955803,331.78280100765596,0.8282727196067299,0.0002447614419641637,0.04606213003882148,0.052133583771592384,3450,3384,66,51.27272727272727,0.0
5268,307.17595658986625,2.047839710599108,7.683677579282488,0.05122451719521659,7.683677579282488,0.05122451719521659,9.707695901328634,289.7845831092602,17.391373480611122,0.11594248987074081,290.39883495707363,0.6142518478134207,0.00024183143614701601,0.11184747755195076,0.12136869626874613,2690,2540,150,16.933333333333334,0.0
5269,394.01347153023744,0.6501872467495667,29.317458199675677,0.04837864389385425,29.317458199675677,0.04837864389385425,34.493257435698524,330.20275589487505,63.8107156353742,0.10529821061942937,330.9255565338751,0.7228006390000701,0.00024021290761052513,0.10410547029102692,0.645846201796985,3615,3009,606,4.965346534653466,0.0
5270,306.1353282244893,1.73940527400278,9.182055830705067,0.0521707717653697,9.182055830705067,0.0521707717653697,8.085101947550811,288.8681704462356,17.26715777825588,0.0981088510128175,289.7674093374362,0.899238891200639,0.00024277507861788312,0.09299953913098333,0.4580870707447957,3880,3704,176,21.045454545454547,0.0
5271,338.7546488076048,5.943064014168505,3.327823555719483,0.05838286939858742,3.327823555719483,0.05838286939858742,1.8711136094741505,333.55571164241246,5.198937165193634,0.0912094239507655,334.23344402482076,0.6777323824082941,0.00024033063205967876,0.07931938215410571,0.04188797899519159,2877,2820,57,49.473684210526315,0.0
5272,309.77820507713477,1.526001010232191,10.289923633502069,0.05068927898276881,10.289923633502069,0.05068927898276881,10.843021648558988,288.645259795079,21.13294528206106,0.10410317872936482,289.3462395748131,0.700979779734098,0.00024130112899624714,0.10065007636611648,0.75,3108,2905,203,14.310344827586206,0.0
5273,353.4240264780585,1.621211130633296,11.126535826761032,0.051039155168628586,11.126535826761032,0.051039155168628586,12.287922714132947,330.0095679371675,23.41445854089398,0.10740577312336687,330.9289806518141,0.9194127146465689,0.00024207812391958107,0.10318828360662592,0.2772157232063819,4016,3798,218,17.422018348623855,0.0
5274,306.1981309793823,1.8011654763493077,8.943748192050286,0.05261028348264874,8.943748192050286,0.05261028348264874,8.125045202173396,289.1293375851601,17.068793394223682,0.10040466702484518,290.06958623660057,0.94024865144047,0.00024127499395444445,0.09487379260459848,0.036047700167955554,4067,3897,170,22.923529411764704,0.0
5275,343.2820856499475,3.0112463653504165,6.134106169653227,0.05380794885660725,6.134106169653227,0.05380794885660725,3.9028183293171423,333.24516115098163,10.036924498970368,0.08804319735938919,334.05346931227155,0.808308161289915,0.0002443495046221025,0.08095277489189413,0.01861246825501439,3422,3308,114,29.017543859649123,0.0
5276,296.83983458265516,3.7574662605399385,4.055991367984022,0.05134166288587369,4.055991367984022,0.05134166288587369,3.7734376500293365,289.01040556464454,7.829429018013358,0.09910669643054884,289.37982020033246,0.3694146356879173,0.00024611234889268307,0.09443056180155313,0.003958118539230782,1580,1501,79,19.0,0.0
5277,355.737192849125,1.718537163522343,10.607212041556313,0.05124257024906431,10.607212041556313,0.05124257024906431,13.16458381252528,331.96539699504547,23.771795854081592,0.1148395934979787,332.8918107375159,0.9264137424704586,0.00024226300796821617,0.11036416479038198,0.319440030888245,4031,3824,207,18.47342995169082,0.0
5278,308.1825079697244,2.9632933458627346,5.810872412177896,0.055873773194018234,5.810872412177896,0.055873773194018234,9.464761904577472,292.90687365297003,15.275634316755369,0.14688109919957085,293.8262863676166,0.9194127146465689,0.0002421418790220092,0.13804059232795943,0.1667243535016496,3901,3797,104,36.50961538461539,0.0
5279,348.0454992773982,2.5591580829220457,9.063773890738151,0.06664539625542758,9.063773890738151,0.06664539625542758,5.561879895921493,333.4198454907473,14.625653786659644,0.10754157196073268,333.94751425018717,0.5276687594398481,0.00024611416018649636,0.10366165461184597,0.1435013185950993,2280,2109,171,12.333333333333334,1.0
5280,306.59098908831925,1.6572485896665905,9.606531181396441,0.0519271955751159,9.606531181396441,0.0519271955751159,8.700067062495464,288.28439084443244,18.306598243891905,0.09895458510211841,289.1617593255064,0.8773684810739724,0.0002441882775045846,0.09421205277196129,0.75,3778,3593,185,19.42162162162162,0.0
5281,343.16808230605784,3.574667524021436,5.173367761173422,0.05388924751222315,5.173367761173422,0.05388924751222315,6.137872620174221,331.8568419247115,11.311240381347643,0.11782542063903795,332.5708590278848,0.7140171031733189,0.00024105911653386864,0.1103877424809691,0.022115865221849162,3058,2962,96,30.854166666666668,0.0
5282,336.43487057098014,0.9866125236685634,17.014066517633815,0.04989462321886749,17.014066517633815,0.04989462321886749,25.62973439720986,293.7910696561444,42.64380091484367,0.1250551346476354,294.68397513457603,0.8929054784316577,0.0002436969100523083,0.12243664350851645,0.25697525332770965,4005,3664,341,10.744868035190615,0.0
5283,364.82815914696926,1.0793732519141102,16.593642303607542,0.04909361628286255,16.593642303607542,0.04909361628286255,12.358860576854113,335.87565626652076,28.952502880461655,0.08565829254574454,336.57199972398575,0.6963434574649909,0.00024136688300346307,0.08359810480172633,0.13440170938088158,3223,2885,338,8.535502958579881,0.0
5284,297.0861697587104,4.069673558338499,3.9990835469222974,0.054781966396195855,3.9990835469222974,0.054781966396195855,4.163458828700186,288.9236273830909,8.162542375622483,0.1118156489811299,289.5160385648021,0.5924111817112134,0.00024399142574596928,0.10370042731381246,0.15221467675087297,2501,2428,73,33.26027397260274,0.0
5285,348.9971249254197,2.1023923188278295,8.412768512614408,0.05067932838924342,8.412768512614408,0.05067932838924342,8.756487622024906,331.82786879078094,17.169256134639312,0.10342925382312838,332.47999959777167,0.6521308069907263,0.00024144050610541516,0.0995007549858316,0.3888894957010507,2867,2701,166,16.271084337349397,0.0
5286,315.7780632812462,1.8466553408260011,8.817629755811682,0.051565086291296386,8.817629755811682,0.051565086291296386,12.895625360705935,294.06480816473254,21.713255116517615,0.12697810009659424,294.8421304721803,0.7773223074477755,0.0002458324817987905,0.12243235560857245,0.23185657109615931,3333,3162,171,18.49122807017544,0.0
5287,,,,,,,,,,,,,,,0.1386526584456078,2392,85,2307,0.03684438664932813,
5288,318.7502929508346,1.005521428866986,15.915640635060809,0.050207068249403186,15.915640635060809,0.050207068249403186,13.61280184541397,289.2218504703685,29.52844248047478,0.093149660821687,290.13469377075967,0.9128433003911596,0.00024303602246835985,0.0902700289592269,0.04955096703702111,4073,3756,317,11.848580441640378,0.0
5289,357.05439931343903,1.5869084413930623,11.097520309935005,0.04932231248860002,11.097520309935005,0.04932231248860002,12.856412945187685,333.100466058321,23.953933255122692,0.10646192557832307,333.6578394689791,0.5573734106581014,0.0002464073433501775,0.10398471041982198,0.17803913700186058,2487,2262,225,10.053333333333333,0.0
5290,308.67053521299044,3.2837290980105367,4.963131664499095,0.052799273026586116,4.963131664499095,0.052799273026586116,9.432284270738137,294.2751192777555,14.395415935237232,0.1531427227152897,294.8204755801487,0.545356302393202,0.00024721500561795197,0.14734105992384838,0.20076843194033245,2300,2206,94,23.46808510638298,0.0
5291,353.53732709137444,1.9007383176955615,9.546804981351194,0.05132690850188814,9.546804981351194,0.05132690850188814,6.991115685347722,336.99940642468255,16.537920666698916,0.08891355197149955,337.7964515995802,0.7970451748976757,0.0002453956819266243,0.08462836285910867,0.14948005437850043,3434,3248,186,17.462365591397848,0.0
5292,313.6752146692306,1.3520483390915112,11.539815451516747,0.049740583842744594,11.539815451516747,0.049740583842744594,11.264119275228268,290.8712799424925,22.803934726745013,0.09829282209803884,291.42023195599677,0.5489520135042767,0.0002471643464674816,0.09592664962600801,0.10974535052309875,2453,2221,232,9.573275862068966,0.0
5293,354.1175407878395,1.9564505015902736,9.01592280721462,0.04981172821665536,9.01592280721462,0.04981172821665536,11.955156906129105,333.14646107449767,20.971079713343727,0.11586231885825263,333.6990432809946,0.5525822064969361,0.000247461803178207,0.11280937849085589,0.05138455763949423,2414,2233,181,12.337016574585636,0.0
5294,308.9230265571789,2.808391150519808,5.956181031440945,0.05414710028582677,5.956181031440945,0.05414710028582677,8.64151197896308,294.32533354677753,14.597693010404026,0.13270630009458206,295.1161058385526,0.7907722917750561,0.0002458869066464727,0.12551746107842104,0.2319474340108627,3326,3216,110,29.236363636363638,0.0
5295,358.1904317657484,1.4560586657144243,12.481152658973711,0.05073639292265736,12.481152658973711,0.05073639292265736,8.241367149279085,337.467911957503,20.722519808252798,0.08423788539940162,338.3604097559346,0.8924977984315774,0.0002445869549004049,0.08060984556834867,0.21565106070261209,3895,3649,246,14.833333333333334,0.0
5296,309.97173923467494,1.6400621123527774,9.794340365251564,0.05182190669445272,9.794340365251564,0.05182190669445272,9.10875934241676,291.06863952701156,18.903099707668325,0.10001640056967367,291.91050220036027,0.8418626733487145,0.000243806160830789,0.09556210071065964,0.46900909798250723,3642,3453,189,18.26984126984127,0.0
5297,362.7767684409225,1.268450239303925,14.306356668689178,0.050022226114297824,14.306356668689178,0.050022226114297824,15.471282137978733,332.9991296342598,29.77763880666791,0.10411761820513254,333.8882581363073,0.8891285020474697,0.0002445347915422084,0.10100877728886447,0.06754240112377374,3922,3636,286,12.713286713286713,0.0
5298,309.027735595477,3.911743488550342,4.518897785456179,0.057201237790584544,4.518897785456179,0.057201237790584544,8.590476277923472,295.91836153210033,13.10937406337965,0.16594144384024875,296.76647898221086,0.8481174501105215,0.0002442031241320246,0.15520577991476128,0.17415269543948853,3552,3473,79,43.962025316455694,0.0
5299,394.5951164287719,0.6385034246420258,29.549212269689715,0.0478142593360675,29.549212269689715,0.0478142593360675,27.528462041306966,337.517442117781,57.077674310996684,0.09235869629611114,337.92509449944646,0.40765238166545714,0.00024410322255416595,0.09169906461055899,0.13226344360782605,2288,1670,618,2.7022653721682848,0.0
5300,310.14596564429803,1.6855759002407502,9.472618597514666,0.05148162281257971,9.472618597514666,0.05148162281257971,8.765325118496321,291.9080219282914,18.23794371601099,0.09911925932614668,292.665714520474,0.7576925921825932,0.00024576470716269644,0.0950013648033914,0.19750609006723607,3267,3083,184,16.755434782608695,0.0
5301,,,,,,,,,,,,,,,0.11430937612180969,3538,937,2601,0.3602460592079969,
5302,311.0910875313941,2.5924257294282844,5.816838065728463,0.048473650547737196,5.816838065728463,0.048473650547737196,9.701849393255088,295.572400072414,15.518687458983552,0.1293223954915296,295.791157703811,0.2187576313970112,0.00024972332351256985,0.1274994152298594,0.75,996,876,120,7.3,0.0
5303,344.3370243995762,3.7025486494578086,5.209380444525652,0.05601484348952314,5.209380444525652,0.05601484348952314,1.8555574529759724,337.2720865020792,7.064937897501625,0.07596707416668413,338.12162219218976,0.8495356901105424,0.00024390918464270526,0.0668322817998541,0.2099189988434773,3576,3483,93,37.45161290322581,0.0
5304,306.42655117520076,1.8799174918723973,8.285768077701231,0.05083293299203209,8.285768077701231,0.05083293299203209,6.854392412258903,291.28639068524467,15.140160489960135,0.09288442018380451,291.86083017507826,0.574439489833594,0.0002464347875733994,0.08936025153449383,0.3050954602640559,2494,2331,163,14.300613496932515,0.0
5305,362.5111215574109,1.3230332903555142,13.779891398942011,0.05029157444869347,13.779891398942011,0.05029157444869347,15.909799908683908,332.8214302497895,29.68969130762592,0.1083565376190727,333.74784399225996,0.9264137424704586,0.00024264372511012536,0.10497546556624426,0.030023905861071398,4092,3818,274,13.934306569343066,0.0
5306,319.208784637352,1.6369681263453948,9.769318798034432,0.05009907075915093,9.769318798034432,0.05009907075915093,14.262735454707354,295.1767303846152,24.032054252741787,0.1232413038602143,295.76195634023134,0.5852259556161243,0.00041155130493398335,0.12024014511343921,0.1642196805887579,1617,1422,195,7.292307692307692,0.0
5307,522.2948850800697,0.2778164282340796,88.89572893425868,0.04728496219907377,88.89572893425868,0.04728496219907377,96.07007008775099,337.3290860580712,184.96579902200966,0.09838606330957961,337.7266047614273,0.39751870335612693,0.0002450793485549488,0.0981746171907672,0.2931970874046783,3502,1622,1880,0.8627659574468085,0.0
5308,305.1946767249781,1.9563761328524236,7.906472587708374,0.0506825165878742,7.906472587708374,0.0506825165878742,5.905712558525238,291.3824915787484,13.812185146233613,0.0885396483732924,291.91016033818823,0.5276687594398481,0.0002506739949833008,0.08515715632557594,0.03831328565615877,2261,2105,156,13.493589743589743,0.0
5309,343.8048710222597,3.5813007398152052,5.01620061259619,0.05225208971454365,5.01620061259619,0.05225208971454365,4.74197385593061,334.0466965537321,9.7581744685268,0.10164765071382083,334.5860975589824,0.5394010052502836,0.00024868649389132483,0.09602889024247219,0.32853359836099116,2265,2169,96,22.59375,0.0
5310,307.802766523072,2.988376374010408,5.377884795873241,0.05221247374634214,5.377884795873241,0.05221247374634214,8.65819531400848,293.7666864131934,14.036080109881722,0.13627262242603613,294.3519123688095,0.5852259556161243,0.0005676294428866385,0.1305908170316749,0.75,1134,1031,103,10.009708737864077,0.0
5311,352.3675995753024,2.230174680856344,10.149228323630439,0.06423562230145848,10.149228323630439,0.06423562230145848,4.502156289744335,337.71621496193006,14.651384613374773,0.09273028236313148,338.44228344093017,0.7260684790001051,0.0002382896222514293,0.08813491224286217,0.75,3205,3019,186,16.231182795698924,1.0
5312,294.77109150662,5.45872391678926,3.2557820502513346,0.060292260189839526,3.2557820502513346,0.060292260189839526,1.526441459630405,289.98886799674005,4.78222350988174,0.08855969462743962,290.71493647574016,0.7260684790001051,0.0002401020102513575,0.0751139820533303,0.3772509221719247,3078,3024,54,56.0,0.0
5313,349.80560760532376,2.3320373840354915,7.8118047932418895,0.052078698621612594,7.8118047932418895,0.052078698621612594,8.926536958629185,333.06726585345564,16.738341751871076,0.11158894501247384,333.85429753474546,0.7870316812898182,0.00045837605200338855,0.10634206713718868,0.15634238120105692,1867,1717,150,11.446666666666667,0.0
5314,318.8926080028077,1.6105687272869076,10.186909014395502,0.05144903542623991,10.186909014395502,0.05144903542623991,14.768612388166048,293.9370866002532,24.95552140256155,0.126037986881624,294.7720994939259,0.8350128936726833,0.00024387058810533974,0.12182075004485764,0.020366134190453522,3622,3424,198,17.292929292929294,0.0
5315,345.137508991382,5.478373158593365,3.608945696251495,0.0572848523214523,3.608945696251495,0.0572848523214523,0.9565080585521173,340.572055236579,4.565453754803612,0.07246751991751765,341.25847380342793,0.6864185668489426,0.00024101775521381412,0.06157198711038189,0.5516267072980554,2911,2848,63,45.20634920634921,0.0
5316,317.16853868423436,1.2059640254153399,13.158649686896352,0.050032888543332134,13.158649686896352,0.050032888543332134,11.802410367983612,292.20747862935946,24.961060054879965,0.0949089735926995,292.9578534615421,0.7503748321826151,0.00024402433566914314,0.0920558373486399,0.02315120709386065,3338,3075,263,11.692015209125476,0.0
5317,472.7439910955154,0.3791050449843748,59.81210980273551,0.04796480337027707,59.81210980273551,0.04796480337027707,80.619638140902,332.31224315190525,140.4317479436375,0.11261567597725541,333.09927483319507,0.7870316812898182,0.0004949884787986277,0.1119845358960067,0.1598786529680183,2837,1590,1247,1.2750601443464313,0.0
5318,323.1364456483384,1.3577161581862958,11.961244157052379,0.05025732839097638,11.961244157052379,0.05025732839097638,17.239415894219974,293.93578559707385,29.20066005127235,0.12269184895492584,294.6677558676936,0.7319702706197404,0.00024062139073627233,0.11961634361615466,0.3383949520630267,3280,3042,238,12.781512605042018,0.0
5319,348.63929679422495,3.085303511453318,6.2528573542349015,0.05533502083393718,6.2528573542349015,0.05533502083393718,1.9314253597372044,340.45501408025416,8.184282713972106,0.07242728065462041,341.4115221388063,0.9565080585521173,0.0002401476421170267,0.06396260757007673,0.75,4096,3983,113,35.24778761061947,0.0
5320,307.97294820391926,1.7301851022692094,9.188649887028037,0.0516216285788092,9.188649887028037,0.0516216285788092,6.9990196522483075,291.78527866464674,16.187669539276342,0.09094196370379967,292.56134529209453,0.7760666274477899,0.00024613594273637483,0.08658203883047601,0.020324726987837494,3331,3153,178,17.713483146067414,0.0
5321,335.7852321481746,8.836453477583541,2.3046452910643924,0.06064856029116822,2.3046452910643924,0.06064856029116822,1.6940595677269812,331.7865272893814,3.9987048587913736,0.10522907523135194,332.34871494058916,0.5621876512077506,0.0002452825703349697,0.09043466335751155,0.25106723319140656,2330,2292,38,60.31578947368421,0.0
5322,319.64278546784135,1.544168045738364,10.16603912703555,0.04911130013060652,10.16603912703555,0.04911130013060652,16.182960580040117,293.29378576077283,26.348999707075667,0.12728985365737036,293.6815664851247,0.38778072435184185,0.000248418145004383,0.12541651682471822,0.39999350992229665,1768,1561,207,7.541062801932367,0.0
5323,360.9265273890967,1.9300883817598753,9.693107018967453,0.05183479689287408,9.693107018967453,0.05183479689287408,8.132394922049343,343.10102544808774,17.825501941016796,0.09532353979153367,344.00941487743125,0.9083894293435151,0.000242819949035957,0.09046584230837132,0.09367326106780638,3928,3741,187,20.005347593582886,0.0
5324,308.78172684154015,1.5362274967240803,10.083897342641396,0.05016864349572834,10.083897342641396,0.05016864349572834,6.705111221568586,291.99271827733423,16.789008564209983,0.08352740579208946,292.59018807295024,0.5974697956160071,0.00024346772437490102,0.08055491924671596,0.013554463301943542,2655,2454,201,12.208955223880597,0.0
5325,513.8639785196551,0.3125693299997902,78.18822302000412,0.04755974636253292,78.18822302000412,0.04755974636253292,103.93948752256915,331.7362679771138,182.12771054257325,0.11078327891884018,332.17257274187295,0.4363047647591429,0.0002392021736618108,0.11051788672614488,0.10522572918330297,3468,1824,1644,1.1094890510948905,0.0
5326,305.05822546689933,2.9617303443388283,5.396527866730393,0.05239347443427566,5.396527866730393,0.05239347443427566,6.569448367283485,293.0922492328891,11.965976234013878,0.11617452654382406,293.68466041460033,0.5924111817112134,0.000243790609757701,0.11042296167280582,0.37686379868250697,2533,2430,103,23.59223300970874,0.0
5327,353.1792343495176,3.3959541764376695,5.299424372009208,0.05095600357701161,5.299424372009208,0.05095600357701161,4.524225647935509,343.355584329576,9.823650019944717,0.0944581732686992,343.7901406369956,0.43455630741959794,0.0002398213617105949,0.09027974723578872,0.1581865566874967,1916,1812,104,17.423076923076923,0.0
5328,300.04863089331707,2.941653244052128,4.955758154011191,0.04858586425501168,4.955758154011191,0.04858586425501168,3.322660658397808,291.77021208091014,8.278418812408999,0.08116096874910783,291.92429534108487,0.15408326017472973,0.0002837629100823752,0.07965034855129605,0.17969990748679265,645,543,102,5.323529411764706,0.0
5329,348.91827786292015,1.9712897054402267,8.895083470011585,0.05025470887012195,8.895083470011585,0.05025470887012195,8.252712460479415,331.7704819324333,17.147795930491,0.0968802029971243,332.3713761522399,0.6008942198066052,0.00024317855920947195,0.09348532039932334,0.15835775086884496,2648,2471,177,13.96045197740113,0.0
5330,318.8710771458441,1.4762549867863153,11.08209675078931,0.05130600347587643,11.08209675078931,0.05130600347587643,14.743692450073013,293.045287944989,25.825789200862324,0.11956383889288114,293.92853392865754,0.8832459836685302,0.00024446332235497653,0.11547473711660435,0.33089050576768386,3829,3613,216,16.72685185185185,0.0
5331,356.40585102504065,2.54575607875029,7.145582192952347,0.05103987280680248,7.145582192952347,0.05103987280680248,5.707223820228819,343.55304501186583,12.852806013181166,0.09180575723700833,344.1415246348399,0.5884796229740914,0.00024571174236914046,0.08760233135857659,0.13662015517638793,2535,2395,140,17.107142857142858,0.0
5332,310.80996104900123,1.6104143059533742,10.042148636765159,0.052031858221581136,10.042148636765159,0.052031858221581136,8.135892804344849,292.6319196078957,18.178041441110008,0.09418674321818657,293.57205366555854,0.9401340576628172,0.00024230259218113845,0.08931558229763051,0.75,4073,3880,193,20.10362694300518,0.0
5333,361.7509442207722,1.305960087439611,13.678951240334477,0.04938249545247104,13.678951240334477,0.04938249545247104,16.51772786687411,331.5542651135697,30.19667910720859,0.10901328197548227,332.21112569673096,0.6568605831612331,0.0002420267439798206,0.10664194413011287,0.4001483130125507,2991,2714,277,9.797833935018051,0.0
5334,309.1572172095871,1.981777033394789,8.247152839476845,0.0528663643556208,8.247152839476845,0.0528663643556208,8.166456889377969,292.74360748073696,16.413609728854816,0.10521544697983856,293.64297302470527,0.8993655439683153,0.00024386267461179914,0.09945028323642191,0.08534401531210278,3844,3688,156,23.641025641025642,0.0
5335,359.7043516630938,2.8101902473679203,6.63758524662814,0.05185613473928234,6.63758524662814,0.05185613473928234,7.896410875777292,345.17035554069525,14.533996122405432,0.11354684470629244,345.81797108450246,0.6476155438072055,0.00024119759545892199,0.10848734827024487,0.008991326880732231,2813,2685,128,20.9765625,0.0
5336,314.6941217918916,1.2689279104511757,12.590234488683743,0.050767074551144126,12.590234488683743,0.050767074551144126,9.285156737795887,292.8187305654169,21.87539122647963,0.08820722268741786,293.71490203471853,0.8961714693016347,0.0002441884112538514,0.0845936280531171,0.6405479679065138,3918,3670,248,14.798387096774194,0.0
5337,362.9815057767437,1.2262888708673774,14.734589475346013,0.04977901849779058,14.734589475346013,0.04977901849779058,16.645780943744285,331.6011353576614,31.380370419090298,0.10601476492935911,332.40365884406583,0.8025234864044251,0.0002448957846824611,0.1033035369347225,0.34599952925623256,3573,3277,296,11.070945945945946,0.0
5338,304.5787143492148,2.417291383723927,6.392261868925631,0.05073223705496533,6.392261868925631,0.05073223705496533,5.863563249072058,292.3228892312213,12.25582511799769,0.09726845331744198,292.7994071206351,0.4765178894137989,0.0002395766160954243,0.09348656530618796,0.32454496944046696,2115,1989,126,15.785714285714286,0.0
5339,352.96196647642273,4.70615955301897,4.392687087357327,0.05856916116476436,4.392687087357327,0.05856916116476436,3.5660843852240305,345.00319500384694,7.958771472581358,0.10611695296775144,345.9098490994286,0.9066540955816436,0.00024333174867999021,0.09402823169325529,0.20735989433615032,3801,3726,75,49.68,0.0
5340,313.1375058554204,1.4105293056550468,11.172323074400794,0.05032577961441799,11.172323074400794,0.05032577961441799,8.568486533217992,293.3966962478062,19.740809607618786,0.08892256580008462,294.11336645238407,0.7166702045778948,0.000239769222006656,0.08569432163529872,0.015846200239820973,3211,2989,222,13.463963963963964,0.0
5341,335.95887708746113,5.894015387499318,3.536677559467301,0.06204697472749651,3.536677559467301,0.06204697472749651,0.7265065958351897,331.6956929321598,4.263184155302491,0.07479270447899107,332.5918644014614,0.8961714693016347,0.0002443215565162581,0.05907039799999518,0.1602148478896197,3725,3668,57,64.35087719298245,0.0
5342,307.0282733489878,2.08862770985706,7.7512399927732405,0.05272952376036218,7.7512399927732405,0.05272952376036218,6.860555880357651,292.4164774758608,14.611795873130891,0.09939997192606048,293.2458605954673,0.8293831196065184,0.00024472797863868943,0.09375790988789438,0.04630521120384401,3536,3389,147,23.05442176870748,0.0
5343,355.4045764583134,3.518857192656568,5.530111388718587,0.05475357810612462,5.530111388718587,0.05475357810612462,4.058139228884329,345.8163258407171,9.588250617602917,0.09493317443171205,346.62781099725066,0.8114851565335357,0.000244496883559366,0.0868986679313141,0.013249972920675646,3420,3319,101,32.86138613861386,0.0
5344,516.322570102137,0.2247812669142956,110.08139971550061,0.04792398768633026,110.08139971550061,0.04792398768633026,112.56944452311745,293.67172586354945,222.65084423861805,0.09693114681698653,294.0203996961111,0.3486738325616443,0.00024781366919804143,0.09677935150458244,0.75,3704,1407,2297,0.6125380931649979,0.0
5345,344.9019730323421,3.2233829255359074,5.3048933902726985,0.04957844289974485,5.3048933902726985,0.04957844289974485,6.05596350942983,333.54111613264445,11.36085689970253,0.10617623270750028,333.85541218281196,0.3142960501675134,0.00025511043033077385,0.10323888644420677,0.41373408590584404,1339,1232,107,11.514018691588785,0.0
5346,311.17915595780414,1.673006214826904,9.239651756464482,0.04967554707776604,9.239651756464482,0.04967554707776604,10.115380062426311,291.8241241389203,19.355031818890794,0.10405931085425157,292.2757349825463,0.4516108436259856,0.00023794038125710517,0.10163129556590247,0.24475239772050372,2084,1898,186,10.204301075268818,0.0
5347,350.99937738038693,5.238796677319208,3.2879870229509613,0.04907443317837256,3.2879870229509613,0.04907443317837256,2.57656967949697,345.1348206779444,5.864556702447931,0.08753069705146166,345.3128502271379,0.17802954919352487,0.00027097343865072277,0.0848735396007316,0.08450383567992503,724,657,67,9.805970149253731,0.0
5348,346.90356062306546,0.5715050422126284,29.084430175162968,0.047915041474733064,29.084430175162968,0.047915041474733064,23.567526889341025,294.2516035585734,52.65195706450399,0.08674128017216473,294.6726146528672,0.4210110942938172,0.00024071531977919796,0.08604768693607621,0.02152844502802509,2356,1749,607,2.8813838550247115,0.0
5349,352.0209527285094,2.2279807134715788,7.808466770471824,0.0494206757624799,7.808466770471824,0.0494206757624799,10.837162570600412,333.3753233874422,18.645629341072237,0.11801031228526732,333.7875339331099,0.41221054566767634,0.0002434793536135123,0.11540138478100968,0.17610062583639774,1851,1693,158,10.715189873417721,0.0
5350,307.9059493979496,1.8774753012070098,8.63977980805971,0.05268158419548604,8.63977980805971,0.05268158419548604,7.27332451286793,291.9928450770269,15.91310432092764,0.09703112390809537,292.8949575682277,0.9021124912007963,0.00024315700571450035,0.09153043798610908,0.47670043564062325,3874,3710,164,22.621951219512194,0.0
5351,376.54112509079414,1.1585880772024435,16.13819277810924,0.04965597777879766,16.13819277810924,0.04965597777879766,15.1920180017255,345.2109143109585,31.33021077983474,0.09640064855333766,346.0521126643073,0.8411983533487728,0.00024439231648715074,0.09381234592765185,0.08138018487170484,3767,3442,325,10.590769230769231,0.0
5352,313.9087664687979,1.4076626299049235,11.033275864730413,0.049476573384441315,11.033275864730413,0.049476573384441315,8.687493914011839,294.1879966900592,19.720769778742252,0.0884339451961536,294.7273976953095,0.5394010052502836,0.0002484573953248658,0.08601510660757143,0.035546112877455016,2394,2171,223,9.73542600896861,0.0
5353,345.75802645243425,2.930152766546053,6.333674878614445,0.05367521083571563,6.333674878614445,0.05367521083571563,5.891739514986057,333.5326120588386,12.225414393600502,0.10360520672542799,334.35927495264445,0.8266628938058602,0.0002459574215429516,0.09659958898126945,0.08246372093753962,3479,3361,118,28.483050847457626,0.0
5354,317.68330257263733,1.4775967561518015,10.9437479571996,0.05090115328930046,10.9437479571996,0.05090115328930046,13.260727744280757,293.4788268711627,24.204475701480355,0.11257895675107142,294.2759086202336,0.7970817490709123,0.00024495444040286183,0.1088715997786219,0.4877328557843157,3469,3254,215,15.134883720930233,0.0
5355,353.61055736372646,3.722216393302384,4.994150631864277,0.052570006651202913,4.994150631864277,0.052570006651202913,3.173612966694236,345.44279376517375,8.167763598558512,0.08597645893219487,345.9935570916705,0.5507633264967353,0.0002475340793243754,0.08017895023216816,0.0035762095342306566,2320,2225,95,23.42105263157895,0.0
5356,303.73875637146216,2.711953181888055,5.629060962441048,0.05025947287893793,5.629060962441048,0.05025947287893793,3.9856395592423723,294.12405584978114,9.614700521683421,0.0858455403721734,294.50688969267253,0.38283384289138667,0.0002466712905228007,0.08242738106062168,0.029569059272262166,1664,1552,112,13.857142857142858,0.0
5357,343.27218573802384,3.7312194101959113,5.1798247839638725,0.05630244330395513,5.1798247839638725,0.05630244330395513,3.927961567908824,334.16439938615554,9.107786351872697,0.0989976777377467,335.053527888203,0.8891285020474697,0.00024460206383699305,0.08933323749805248,0.04797598467780517,3727,3635,92,39.51086956521739,0.0
5358,309.42809727634517,2.1488062310857305,7.6788253773870245,0.053325176231854336,7.6788253773870245,0.053325176231854336,7.544483199056458,294.2047886999062,15.223308576443483,0.1057174206697464,295.07649132300435,0.8717026230981446,0.0002437647156314722,0.09966393023153348,0.2239812113186872,3720,3576,144,24.833333333333332,0.0
5359,373.1780844157179,1.323326540481269,14.177189774021103,0.05027372260291171,14.177189774021103,0.05027372260291171,11.84553093972022,347.15536370197424,26.02272071374132,0.09227915146716781,348.05747619317503,0.9021124912007963,0.00024302599439676625,0.08908017100192497,0.04096395965098054,3994,3712,282,13.163120567375886,0.0
5360,304.4864670886975,2.718629170434799,5.651538885144996,0.05046016861736603,5.651538885144996,0.05046016861736603,4.116737493373421,294.71819071018126,9.768276378518417,0.08721675337962873,295.1324490784434,0.41425836826215345,0.0002431093710458647,0.08351801794869727,0.14794257270864364,1816,1704,112,15.214285714285714,0.0
5361,350.04545784068796,2.6319207356442704,7.142769221812921,0.053705031742954296,7.142769221812921,0.053705031742954296,8.20742483593176,334.6952637829472,15.350194057744682,0.11541499291537355,335.60921012176254,0.9139463388153217,0.00024274803155785438,0.10854321593177003,0.4123576295755811,3898,3765,133,28.30827067669173,0.0
5362,331.24373665303165,1.0482396729526318,15.415877094476592,0.04878442118505251,15.415877094476592,0.04878442118505251,20.21162296956254,295.6162365890041,35.62750006403913,0.11274525336721244,296.07466471263456,0.45842812363048324,0.00023789731376776504,0.11129453145695281,0.0756998033380114,2243,1927,316,6.098101265822785,0.0
5363,356.56613753543,4.146117878318954,4.3045514464487304,0.05005292379591547,4.3045514464487304,0.05005292379591547,5.1417496650217345,347.1198364239615,9.446301111470465,0.10984071059849378,347.40233193241215,0.2824955084506655,0.000264756802671664,0.10655587910485888,0.30163976359131084,1153,1067,86,12.406976744186046,0.0
5364,320.70334038757164,1.0584268659655829,15.213522734671889,0.05020964598901614,15.213522734671889,0.05020964598901614,10.981490640643642,294.5083270122607,26.195013375315533,0.086452189357477,295.4075659034613,0.899238891200639,0.00024303753816233488,0.08348440423798788,0.1658575412770915,4003,3700,303,12.211221122112212,0.0
5365,353.0180222652,2.558101610617391,7.037460490359681,0.050996090509852765,7.037460490359681,0.050996090509852765,10.894955897206273,335.0856058776378,17.932416387565954,0.1299450462867098,335.65343856109575,0.5678326834579366,0.000246134669899409,0.12583031669640748,0.4015757159743316,2445,2307,138,16.717391304347824,0.0
5366,299.46336291952616,6.964264253942469,2.8057062587036334,0.06524898276054962,2.8057062587036334,0.06524898276054962,0.7624720070641615,295.8951846537582,3.568178265767795,0.08298088990157662,296.68595694553323,0.7907722917750561,0.00024626978878077114,0.06459083660448668,0.4951515375539657,3254,3211,43,74.67441860465117,0.0
5367,362.2800787237452,2.3223081969470845,7.92664854356593,0.050811849638243145,7.92664854356593,0.050811849638243145,6.932773606150704,347.42065657403236,14.859422149716634,0.09525270608792714,348.0075263696483,0.5868697956159394,0.0006197146733008864,0.0914907202185698,0.10495998138117102,1103,947,156,6.07051282051282,0.0
5368,310.9126221238055,1.7272923451322526,9.106714507051862,0.050592858372510346,9.106714507051862,0.050592858372510346,6.331519917976266,295.4743876987793,15.438234425028128,0.08576796902793404,296.1340305924607,0.6596428936813936,0.00024039464055444375,0.08210328628524874,0.02204432293069658,2924,2744,180,15.244444444444444,0.0
5369,360.4624487455819,1.5338827606194976,11.783710534051192,0.0501434490810689,11.783710534051192,0.0501434490810689,13.686639487119464,334.9920987244159,25.470350021170656,0.10838446817519429,335.69094266188085,0.6988439374649715,0.0002416472812811105,0.105410664185962,0.03918399481403867,3127,2892,235,12.306382978723404,0.0
5370,312.8102074233784,2.2667406335027422,7.2763185529347165,0.052726946035758816,7.2763185529347165,0.052726946035758816,9.501378137638767,296.0325107328092,16.777696690573485,0.1215775122505325,296.7949827398734,0.7624720070641615,0.00024675469484277074,0.11605235277902202,0.6793049838452134,3228,3090,138,22.391304347826086,0.0
5371,371.76687825741624,1.4409568924706055,12.72313405305633,0.04931447307386175,12.72313405305633,0.04931447307386175,12.405474330158768,346.638269874197,25.1286083832151,0.09739770691168644,347.22513966981296,0.5868697956159394,0.0003873728023867587,0.09512301778140805,0.04185339824539369,1773,1515,258,5.872093023255814,0.0
5372,,,,,,,,,,,,,,,0.17126909708576932,2409,1,2408,0.0004152823920265781,
5373,362.27525462060726,1.4096313409362151,12.474984975363848,0.04854079756950913,12.474984975363848,0.04854079756950913,15.513782744210857,334.2864869010373,27.988767719574703,0.1089057109711078,334.6351607335989,0.3486738325616443,0.00024887496970852556,0.1075490034513943,0.75,1658,1401,257,5.45136186770428,0.0
5374,313.49200939416437,2.528161366081971,6.49520794898827,0.052380709266034435,6.49520794898827,0.052380709266034435,9.709873387253765,297.28692805792684,16.205081336242035,0.13068613980840352,297.954407369386,0.6674793114591466,0.00024010047174789447,0.12530324213530952,0.36781908329703583,2904,2780,124,22.419354838709676,0.0
5375,376.69509597700016,1.1662386872352946,15.907777799462483,0.04925008606644732,15.907777799462483,0.04925008606644732,14.825122888275473,345.96219528925553,30.732900687737956,0.09514829934284197,346.6788654938334,0.7166702045778948,0.00024009052079661467,0.0929295061398351,0.0679349370318505,3308,2985,323,9.241486068111454,0.0
5376,302.39971785776083,3.687801437289766,4.108483975917672,0.05010346312094722,4.108483975917672,0.05010346312094722,3.111111515537914,295.18012236630625,7.2195954914555855,0.08804384745677543,295.48368373124254,0.3035613649362858,0.00025901140352925414,0.08434187959168656,0.14503723049142536,1254,1172,82,14.292682926829269,0.0
5377,346.8918132774031,4.564365964176357,4.465785948186843,0.058760341423511095,4.465785948186843,0.058760341423511095,6.54858574849186,335.87744158072496,11.014371696678703,0.14492594337735135,336.8030037183487,0.9255621376237286,0.00024172424591896804,0.13274749419808454,0.2537342006100971,3905,3829,76,50.38157894736842,0.0
5378,302.1701924521569,7.747953652619408,2.217508744503258,0.05685919857700662,2.217508744503258,0.05685919857700662,2.5241845595196537,297.42849914813655,4.7416933040229114,0.12158187959033107,297.8297029953869,0.40120384725037184,0.00024359675000022577,0.11129460145564106,0.05920185311606474,1686,1647,39,42.23076923076923,0.0
5379,360.00984241716765,2.5532612937387777,7.309108658846605,0.05183765006274188,7.309108658846605,0.05183765006274188,5.530638434723869,347.17009532359884,12.839747093570473,0.09106203612461329,347.8555602904478,0.6854649668489401,0.00024195727739108368,0.08620058245900612,0.33140436311055055,2974,2833,141,20.092198581560282,0.0
5380,327.4927943190903,0.9071822557315521,17.85002078840615,0.04944604096511399,17.85002078840615,0.04944604096511399,13.64573338918376,295.997040141508,31.495754177589912,0.08724585644761748,296.80413550279786,0.8070953612898393,0.0002445743519060119,0.08501013522518683,0.10580891306585727,3661,3300,361,9.141274238227147,0.0
5381,363.6251128481888,1.4781508652365398,12.087225260529424,0.04913506203467245,12.087225260529424,0.04913506203467245,14.682950652059844,336.8549369356033,26.770175912589266,0.1088218533032084,337.3280395735885,0.473102637985221,0.00024003177979970623,0.10689867184796861,0.25698797019367703,2217,1971,246,8.012195121951219,0.0
5382,318.5221902012154,1.8518731988442754,8.857510557630267,0.05149715440482713,8.857510557630267,0.05149715440482713,12.45276897584904,297.2119106677419,21.310279533479306,0.12389697403185643,297.9696032599245,0.7576925921825932,0.00024544625597103763,0.11949178454238886,0.35211856304499634,3259,3087,172,17.947674418604652,0.0
5383,355.0104579152385,4.671190235726822,4.338108253290348,0.057080371753820365,4.338108253290348,0.057080371753820365,3.183992929744818,347.48835673220697,7.522101183035166,0.09897501556625218,348.26859365697464,0.7802369247676779,0.0002452803913133222,0.08870874024031357,0.030822960316982062,3257,3181,76,41.85526315789474,0.0
5384,322.872575484535,1.0153225644167767,15.869223630853451,0.04990321896494796,15.869223630853451,0.04990321896494796,10.790261060689772,296.2130907929957,26.659484691543224,0.08383485752057618,297.0855025360938,0.8724117430981551,0.0002436904310330042,0.08109142436616719,0.04586066527485855,3898,3580,318,11.257861635220126,0.0
5385,368.0121263668698,1.2822722173061665,14.178551024384232,0.04940261680970116,14.178551024384232,0.04940261680970116,16.779089810690266,337.05448553180054,30.9576408350745,0.10786634437308189,337.6526170874165,0.5981315556159643,0.00024304411036812852,0.10578226229774661,0.1271839533790171,2748,2461,287,8.574912891986063,0.0
5386,322.31108995662953,1.6787035935241121,9.928746498391414,0.051712221345788616,9.928746498391414,0.051712221345788616,14.231107802822407,298.15123565542194,24.15985430121382,0.12583257448548865,299.0344816390905,0.8832459836685302,0.0002445310032304901,0.1212323349871826,0.0896574741011591,3804,3612,192,18.8125,0.0
5387,365.6107118004936,1.74100338952616,10.519400101554602,0.0500923814359743,10.519400101554602,0.0500923814359743,7.428173606230985,347.6631380927031,17.947573707785587,0.0854646367037409,348.31756859586426,0.6544305031611657,0.00024184423620146552,0.08234830097442553,0.3427534715165166,2916,2706,210,12.885714285714286,0.0
5388,324.82950186936546,0.9638857622236364,16.455236902301646,0.04882859614926304,16.455236902301646,0.04882859614926304,11.682609041299202,296.6916559257711,28.137845943600848,0.08349509182077403,297.2370122281643,0.545356302393202,0.00024699107898242846,0.08187682386113103,0.34901330917227824,2545,2208,337,6.551928783382789,0.0
5389,339.220492886235,13.04694203408596,1.6504641211253286,0.0634793892740511,1.6504641211253286,0.0634793892740511,0.888936055601107,336.6810927095089,2.539400176726436,0.09766923756640138,337.1576105989227,0.4765178894137989,0.00023921580793865408,0.07934162643508759,0.19010012311764513,2018,1992,26,76.61538461538461,0.0
5390,317.36777202082453,1.9234410425504518,8.648308915231178,0.052413993425643506,8.648308915231178,0.052413993425643506,10.68627700851198,298.0331860970862,19.334585923743155,0.1171793086287464,298.9164320807547,0.8832459836685302,0.0002445310032304901,0.11182630266708987,0.11942863819785998,3777,3612,165,21.89090909090909,0.0
5391,382.68078938536587,1.0370753099874415,17.92791660836601,0.04858513986007049,17.92791660836601,0.04858513986007049,17.35251748383257,347.4003552931531,35.28043409219858,0.09561093249918315,347.99116023695274,0.5908049437996397,0.0002447410703395359,0.0940098350905505,0.3057106006519916,2783,2414,369,6.542005420054201,0.0
5392,309.2864221064058,2.2741648684294544,6.684856440770046,0.04915335618213269,6.684856440770046,0.04915335618213269,5.477468548960587,297.1240971166769,12.162324989730633,0.0894288602186076,297.42423261050953,0.30013549383261307,0.0002600827502882262,0.0872219815874724,0.1608938927181498,1290,1154,136,8.485294117647058,0.0
5393,345.0010251679548,8.62502562919887,2.7346984724158387,0.06836746181039596,2.7346984724158387,0.06836746181039596,4.891619334643565,337.3747073608954,7.6263178070594035,0.1906579451764851,338.2636434164965,0.888936055601107,0.00024542685135314936,0.1684345437864579,0.03920726657133855,3662,3622,40,90.55,0.0
5394,319.1500718680477,2.007233156402816,8.023933147135656,0.05046498834676513,8.023933147135656,0.05046498834676513,12.313488319081898,298.8126504018337,20.337421466217556,0.12790831110828652,299.3700238124918,0.5573734106581014,0.0002469532169508646,0.12440281795947095,0.5105898858903402,2416,2257,159,14.19496855345912,0.0
5395,360.3352852178557,2.252095532611598,8.237912647965768,0.05148695404978605,8.237912647965768,0.05148695404978605,4.584690027837496,347.51268254205183,12.822602675803264,0.0801412667237704,348.23875102105194,0.7260684790001051,0.0002404200261589752,0.07560333873002349,0.0029834918641427066,3180,3020,160,18.875,0.0
5396,305.1574359038907,3.2463557011052204,4.9809253135994584,0.05298856716595168,4.9809253135994584,0.05298856716595168,3.5337913023488454,296.64271928794324,8.514716615948304,0.0905820916590245,297.22883190286734,0.5861126149241045,0.0002465766154497705,0.08434685107471658,0.6550871988679319,2471,2377,94,25.28723404255319,0.0
5397,365.09777727024016,1.478128652915952,12.390589994439706,0.050164331961294356,12.390589994439706,0.050164331961294356,14.719306240579726,337.98788103522566,27.109896235019434,0.10975666491910702,338.6822106603213,0.6943296250956337,0.00024117041510789638,0.10694561380533955,0.14892374396026753,3126,2879,247,11.65587044534413,0.0
5398,313.5600598844553,2.4689768494839,6.73816958983079,0.053056453463234565,6.73816958983079,0.053056453463234565,8.542545222597028,298.279345072031,15.280714812427817,0.12032058907423478,299.06286148850427,0.783516416473276,0.00024600201459129545,0.11415116847205548,0.2836843057684746,3312,3185,127,25.078740157480315,0.0
5399,367.3973978522922,1.5119234479518198,11.819861787786095,0.04864140653409916,11.819861787786095,0.04864140653409916,9.176480292043152,346.40105577245527,20.996342079829247,0.08640469991699279,346.80225961970564,0.40120384725037184,0.00024448741453404743,0.08475365527813407,0.75,1884,1641,243,6.753086419753086,0.0
5400,316.80873449401156,1.2723242349157091,12.357455357042978,0.04962833476724088,12.357455357042978,0.04962833476724088,7.8498339724249035,296.6014451645467,20.207289329467883,0.08115377240750155,297.21409637236,0.6126512078133146,0.0002421546275941955,0.07869332578976523,0.2871158487039338,2779,2530,249,10.160642570281125,0.0
5401,349.8652116223143,3.498652116223143,5.559749933942604,0.055597499339426044,5.559749933942604,0.055597499339426044,6.7651317275658585,337.54032996080787,12.324881661508464,0.12324881661508463,338.40328711794245,0.8629571571345878,0.00024349806916890173,0.11461924504371837,0.010470643097733046,3644,3544,100,35.44,0.0
5402,310.0572871651709,3.298481778352882,4.983350102472917,0.053014362792265075,4.983350102472917,0.053014362792265075,7.250657406275195,297.8232796564239,12.234007508748112,0.13014901605051182,298.4223328876501,0.5990532312262076,0.00038376247996553975,0.12377610933532786,0.6243829260481562,1655,1561,94,16.606382978723403,0.0
5403,352.4737787101824,6.911250562944753,3.17494577300891,0.062253838686449216,3.17494577300891,0.062253838686449216,0.872481451200656,348.4263514859729,4.0474272242095655,0.07936131812175619,349.2378366425064,0.8114851565335357,0.00024493967900197276,0.06344984446423486,0.2536303971646703,3364,3313,51,64.96078431372548,0.0
5404,303.8031484271921,3.164616129449918,5.347132627528582,0.05569929820342273,5.347132627528582,0.05569929820342273,2.7856579445872285,295.6703578550778,8.13279057211581,0.08471656845953969,296.51702943509304,0.8466715800152542,0.00024463206588132166,0.07589707283436553,0.75,3557,3461,96,36.052083333333336,0.0
5405,346.76142262896815,3.8105650838348146,5.006278646558319,0.05501405106108043,5.006278646558319,0.05501405106108043,5.121184426939635,336.6339595554716,10.127463073497953,0.11129080300547202,337.3712527605162,0.7372932050445797,0.00024008245035642454,0.10318867987309834,0.14131423925800846,3162,3071,91,33.747252747252745,0.0
5406,302.4987335488436,5.817283337477761,2.9939476728775887,0.057575916786107476,2.9939476728775887,0.057575916786107476,3.4518379955579803,296.05294788040874,6.445785668435569,0.12395741670068403,296.65200111163495,0.5990532312262076,0.0006266247188558657,0.11243716225401211,0.6253871395924762,1008,956,52,18.384615384615383,0.0
5407,353.2305862694375,5.6972675204747985,3.745397661342582,0.060409639699073904,3.745397661342582,0.060409639699073904,1.7767189338528624,347.7084696742402,5.5221165951954445,0.08906639669670072,348.58095112544083,0.872481451200656,0.0005060797280746264,0.07499411522575238,0.48860902608134893,1786,1724,62,27.806451612903224,0.0
5408,311.4005144225366,1.75932494024032,9.069740149812258,0.05124146977295061,9.069740149812258,0.05124146977295061,5.134360695186842,297.1964135775397,14.2041008449991,0.0802491573163791,297.9162751214287,0.7198615438890101,0.00024027421358111152,0.07618214294411238,0.10197980673069651,3173,2996,177,16.926553672316384,0.0
5409,351.2264485262531,2.5268089822032596,7.4918222771267375,0.05389800199371753,7.4918222771267375,0.05389800199371753,7.609659083361066,336.12496716576675,15.101481360487803,0.10864375079487627,337.06021128469934,0.9352441189325873,0.00024235400853396923,0.10191537583851615,0.07768234685909192,3998,3859,139,27.762589928057555,0.0
5410,324.7242583735076,1.2346929976178997,13.120491895073977,0.04988780188241056,13.120491895073977,0.04988780188241056,15.50385588963104,296.0999105888127,28.624347784705016,0.10883782427644492,296.81690207339057,0.7169914845778749,0.0002407627550630876,0.10611162091299256,0.025861916693656894,3241,2978,263,11.32319391634981,0.0
5411,386.17674153832354,1.0609251141162734,20.130861363063126,0.05530456418423935,20.130861363063126,0.05530456418423935,18.808511856209407,347.23736831903534,38.93937321927253,0.10697630005294652,348.109849770236,0.872481451200656,0.0004332082677262443,0.10457937298925149,0.26557728492139177,2378,1980,398,4.974874371859296,1.0
5412,311.75287518805317,1.7319604177114065,9.198499901619321,0.05110277723121845,9.198499901619321,0.05110277723121845,5.131269095653124,297.4231061907831,14.329768997272446,0.0796098277626247,298.13133795979365,0.708231769010581,0.00024105914534056536,0.07567520682366397,0.12404738217151134,3118,2938,180,16.322222222222223,0.0
5413,353.8381636816855,1.9990856705179971,9.240485862734603,0.052206134817709623,9.240485862734603,0.052206134817709623,8.039634858095269,336.5580429608592,17.28012072082987,0.09762780068265464,337.4401164645276,0.88207350366838,0.0002445449136868256,0.09264433456021418,0.37086768713857055,3784,3607,177,20.37853107344633,0.0
5414,310.0180988391444,2.3135679017846598,6.837888867650279,0.05102902140037522,6.837888867650279,0.05102902140037522,7.469466403263823,295.71074356823283,14.307355270914101,0.10677130799189628,296.2706196305455,0.5598760623126964,0.00024470107618561907,0.10259312842237955,0.34566615092626307,2422,2288,134,17.074626865671643,0.0
5415,,,,,,,,,,,,,,,0.33135951754434245,4020,927,3093,0.2997090203685742,
5416,324.51725549934145,0.9954517039857099,16.021743655340064,0.04914645293049099,16.021743655340064,0.04914645293049099,10.402524468662023,298.0929873753464,26.424268124002086,0.08105603719019044,298.7393625769671,0.6463752016206854,0.00024226956582484461,0.07907329117292745,0.2221228662062913,2994,2668,326,8.184049079754601,0.0
5417,365.316402633586,1.3140877792575036,13.972760764255698,0.050261729367826254,13.972760764255698,0.050261729367826254,14.809531587119864,336.53411028221603,28.78229235137556,0.10353342572437252,337.31383200698383,0.7797217247677963,0.00024596899834946256,0.10072867131871283,0.054205172148840575,3448,3170,278,11.402877697841726,0.0
5418,306.06056997217433,3.1552636079605603,5.18492488551826,0.05345283387132227,5.18492488551826,0.05345283387132227,5.3156114506557515,295.5600336360019,10.500536336174012,0.1082529519193197,296.21821204473076,0.6581784087288725,0.00024091449807059752,0.10146760749941827,0.1028984386441607,2829,2732,97,28.164948453608247,0.0
5419,368.44182996960944,2.09341948846369,8.90085703753788,0.05057305134964705,8.90085703753788,0.05057305134964705,9.894146037490827,349.64682689456936,18.79500307502871,0.10678979019902676,350.3195636737439,0.6727367791745564,0.00023889800396823736,0.1029674221355996,0.29302030499366083,2992,2816,176,16.0,0.0
5420,304.4643572095624,3.6245756810662195,4.67430523064818,0.055646490841049764,4.67430523064818,0.055646490841049764,1.3610105447939986,298.42904143412125,6.035315775442179,0.0718489973266926,299.1402308641882,0.7111894300669519,0.00024116291287451744,0.0633824564925503,0.04958732511590824,3033,2949,84,35.107142857142854,0.0
5421,376.60817447548266,1.020618359012148,18.47544667360244,0.05006896117507437,18.47544667360244,0.05006896117507437,21.227061752327927,336.9056660495612,39.70250842593037,0.10759487378300912,337.80490494076184,0.899238891200639,0.00024303753816233488,0.10515791201821358,0.19830407200174704,4069,3700,369,10.02710027100271,0.0
5422,,,,,,,,,,,,,,,0.2792973395178251,2804,43,2761,0.015574067366896052,
5423,,,,,,,,,,,,,,,0.445486197524815,3095,157,2938,0.05343771272974813,
5424,318.0094069220038,1.3886873664716324,11.44760994952479,0.04998956309836153,11.44760994952479,0.04998956309836153,7.304931140444069,299.25686583203947,18.752541089968858,0.08188882572038803,299.90324103366015,0.6463752016206854,0.00024208809049463872,0.07906622658665345,0.0030083810820542567,2899,2670,229,11.65938864628821,0.0
5425,345.3090690006334,3.352515233015858,5.5444524693509445,0.053829635624766455,5.5444524693509445,0.053829635624766455,2.713205219930387,337.05141131135315,8.25765768928133,0.08017143387651778,337.7457409364488,0.6943296250956337,0.00024158998785512654,0.07343036955519018,0.02570171128400034,2977,2874,103,27.902912621359224,0.0
5426,316.168946676127,1.6998330466458442,9.387521088819886,0.05047054348827896,9.387521088819886,0.05047054348827896,10.671830377521246,296.10959520979236,20.059351466341134,0.10784597562548996,296.74188076420774,0.6322855544153754,0.0002429064749963025,0.10444659092429716,0.027427848637444185,2789,2603,186,13.994623655913978,0.0
5427,362.23671250972325,2.808036531083126,6.430312754300449,0.04984738569225154,6.430312754300449,0.04984738569225154,6.663270524725931,349.14312923068655,13.09358327902638,0.1015006455738479,349.55318425635414,0.4100550256675888,0.0002669629073356698,0.09832192444472174,0.14762156789356595,1665,1536,129,11.906976744186046,0.0
5428,337.2265608086618,0.9341455978079275,20.508106872506048,0.0568091603116511,20.508106872506048,0.0568091603116511,16.557069595362464,300.1613843408045,37.06517646786851,0.10267361902456651,300.8760196839778,0.7146353431733132,0.00023718398379466088,0.1006940197359668,0.06192833469663128,3374,2970,404,7.351485148514851,1.0
5429,354.19507352187065,2.3613004901458043,8.019129322934148,0.05346086215289432,8.019129322934148,0.05346086215289432,6.192536792815645,339.98340740612434,14.211666115749793,0.09474444077166529,340.91398396939894,0.9305765632745988,0.00024221149486585081,0.08854059701647808,0.08327344419490146,3992,3842,150,25.613333333333333,0.0
5430,313.57595215377523,2.1928388262501763,7.576759271869825,0.05298433057251626,7.576759271869825,0.05298433057251626,8.808522501444031,297.1906703804668,16.385281773313856,0.11458239002317382,298.03878783057735,0.8481174501105215,0.00024413282962306319,0.10865149876362157,0.05363254188682731,3617,3474,143,24.293706293706293,0.0
5431,353.15997529753827,8.6136579340863,2.605056336142305,0.063537959418105,2.605056336142305,0.063537959418105,0.6928345850956248,349.86208437629625,3.2978909212379297,0.08043636393263243,350.5848850152963,0.7228006390000701,0.0002399736517264509,0.06280708005468158,0.0059964617717014335,3053,3012,41,73.46341463414635,0.0
5432,329.3310931947617,1.1278462095711017,14.281576480408505,0.048909508494549676,14.281576480408505,0.048909508494549676,11.218148325216134,303.8313683891445,25.499724805624638,0.0873278246767967,304.38032040264875,0.5489520135042767,0.00024749865351860985,0.0854478520277841,0.024111558926506405,2510,2218,292,7.595890410958904,0.0
5433,359.32973267274224,2.379667103792995,8.049849942993532,0.053310264523135975,8.049849942993532,0.053310264523135975,9.765973244455836,341.5139094852959,17.815823187449368,0.1179855840228435,342.42056358087757,0.9066540955816436,0.00024365871958657447,0.11198125226400443,0.6972017535704254,3872,3721,151,24.642384105960264,0.0
5434,321.1319605896506,1.3723588059386778,11.554642317079207,0.04937881332085131,11.554642317079207,0.04937881332085131,12.252280013156906,297.32503825942536,23.806922330236112,0.10173898431724834,297.8417676249194,0.5167293654940295,0.0002497483641827112,0.09953073916551797,0.26721885025403935,2303,2069,234,8.841880341880342,0.0
5435,354.9601504115665,6.453820916573936,3.2347410082376182,0.05881347287704761,3.2347410082376182,0.05881347287704761,1.544965000565071,350.18044440275935,4.779706008802689,0.08690374561459435,350.873278987855,0.6928345850956248,0.00024140577877896334,0.07430675315839091,0.4511490832164782,2925,2870,55,52.18181818181818,0.0
5436,318.04601211923364,1.8278506443634117,8.584337681219838,0.049335274029999064,8.584337681219838,0.049335274029999064,6.622770744106447,302.8389036939109,15.207108425326284,0.08739717485819704,303.27470479110116,0.4358010971902786,0.0007239220883559445,0.08489257085133609,0.75,776,602,174,3.4597701149425286,0.0
5437,353.69229773661095,2.50845601231639,7.543876838010857,0.05350267261000608,7.543876838010857,0.05350267261000608,5.30685336546162,340.84156753314096,12.850730203472477,0.0911399305210814,341.7175420942151,0.8759745610741447,0.00024400405600951108,0.08492734498153084,0.25408501447532217,3731,3590,141,25.46099290780142,0.0
5438,331.85185248082917,0.934793950650223,17.626761164076843,0.04965284834951223,17.626761164076843,0.04965284834951223,18.098999745411447,296.1260915713558,35.72576090948829,0.10063594622391067,297.00206613242995,0.8759745610741447,0.0002438681962901294,0.09816841224901189,0.3078146803859454,3947,3592,355,10.11830985915493,0.0
5439,367.02136954974844,2.224371936665142,8.548663534369416,0.05181008202648131,8.548663534369416,0.05181008202648131,8.096263498717008,350.3764425166514,16.644927033086425,0.10087834565506924,351.21021808714954,0.8337755704981191,0.0002449399443296472,0.09582516037938728,0.031951840058127345,3569,3404,165,20.63030303030303,0.0
5440,315.57184436890657,1.9242185632250401,8.113320476934282,0.04947146632277001,8.113320476934282,0.04947146632277001,5.698723721636043,301.7598001703402,13.812044198570325,0.08421978169859955,302.1956012675305,0.4358010971902786,0.00035088655168299406,0.08156245793521998,0.48525198865127095,1406,1242,164,7.573170731707317,0.0
5441,370.96363138552556,1.4322920130715273,13.12408434014739,0.05067214030944938,13.12408434014739,0.05067214030944938,16.2139318802474,341.625615165138,29.338016220394792,0.11327419390113819,342.4029374725858,0.7773223074477755,0.0002456770883210416,0.11027294947080991,0.03478886687616978,3423,3164,259,12.216216216216216,0.0
5442,330.37922393015583,1.0041921700004737,16.33579095060835,0.04965286003224422,16.33579095060835,0.04965286003224422,16.723655918674467,297.31977706088765,33.059446869282816,0.10048464094006936,298.1367390841667,0.8169620232790749,0.000245113118295552,0.09800147369601553,0.2670653642967409,3662,3333,329,10.130699088145896,0.0
5443,361.91024863369034,4.257767630984592,4.660659439653873,0.05483128752533969,4.660659439653873,0.05483128752533969,6.177992614598452,351.0715965794345,10.838652054252325,0.1275135535794391,351.7827860095015,0.7111894300669519,0.0002409178286134661,0.1191466191081043,0.5753894430354194,3037,2952,85,34.72941176470588,0.0
5444,320.6933687368869,1.6445813781378815,9.862377420410757,0.05057629446364491,9.862377420410757,0.05057629446364491,7.3797969547154025,303.45119436176606,17.24217437512616,0.08842140705192904,304.1563345312429,0.7051401694768629,0.00024082656061368267,0.08480530361868706,0.20871732316891212,3123,2928,195,15.015384615384615,0.0
5445,362.59427914999605,1.7184562992890808,10.697910815380842,0.050700999125027686,10.697910815380842,0.050700999125027686,11.15050525099332,340.74586308362746,21.848416066374163,0.103546995575233,341.3922830852482,0.6464200016207542,0.00024319789376251098,0.10048339367179074,0.75,2869,2658,211,12.597156398104266,0.0
5446,348.48413759922505,0.6663176627136235,25.441346422800056,0.04864502184091789,25.441346422800056,0.04864502184091789,26.863961299047105,296.1788298773861,52.30530772184716,0.10001014860773835,296.94130188445024,0.7624720070641615,0.0002465153595422443,0.09855226714106083,0.5658450141188496,3616,3093,523,5.91395793499044,0.0
5447,394.20806475243967,0.9661962371383325,19.87522218811289,0.04871377987282571,19.87522218811289,0.04871377987282571,23.900998903620803,350.43184366070363,43.77622109173369,0.10729465953856296,351.2509362439828,0.8190925832791436,0.0002453107467143287,0.10528707967759042,0.2973972157960816,3747,3339,408,8.183823529411764,0.0
5448,341.67555039112585,0.8499391800774275,19.526297148341897,0.04857287847846243,19.526297148341897,0.04857287847846243,19.538806325911082,302.61044691688085,39.06510347425298,0.09717687431406213,303.0542469007378,0.443799983856934,0.0002395034991132941,0.0960728942546967,0.07303491113248128,2255,1853,402,4.609452736318408,0.0
5449,354.6663695995501,2.728202843073462,6.352523931577278,0.0488655687044406,6.352523931577278,0.0488655687044406,8.015127352179661,340.2987183157975,14.367651283756938,0.11052039449043799,340.5160661254272,0.21734780962970035,0.00025600448719634907,0.10884848826248379,0.15728762840331,979,849,130,6.530769230769231,0.0
5450,311.99060802588383,2.0525697896439725,7.984927159177635,0.0525324155209055,7.984927159177635,0.0525324155209055,8.280028971482352,295.72565189523016,16.26495613065999,0.1070062903332894,296.55233334903596,0.8266814538058043,0.00024487009887612686,0.10156759655820966,0.6879302338882098,3528,3376,152,22.210526315789473,0.0
5451,358.3531402072706,4.977126947323203,3.947499739241834,0.054826385267247695,3.947499739241834,0.054826385267247695,4.327524370942228,350.0781160970839,8.275024110184063,0.1149308904192231,350.68833220830993,0.6102161112260092,0.00024205319763030906,0.10645566665223151,0.25456737347485614,2593,2521,72,35.013888888888886,0.0
5452,328.04228384826456,1.252069785680399,13.290034896087944,0.05072532403087002,13.290034896087944,0.05072532403087002,12.314671498311782,302.4375774538744,25.604706394399727,0.09772788700152568,303.333748923176,0.8961714693016347,0.0002441884112538514,0.09430738521026161,0.640000424579739,3932,3670,262,14.007633587786259,0.0
5453,353.8675845646221,2.786358933579702,6.5846616615211415,0.0518477296182767,6.5846616615211415,0.0518477296182767,7.435048344396819,339.8478745587065,14.019710005917961,0.11039141736943277,340.42795356648935,0.5800790077828424,0.0002463180500139458,0.1058238661270297,0.08087345224157616,2482,2355,127,18.543307086614174,0.0
5454,316.3717320047449,1.6059478781966745,9.971614525846787,0.05061733261851161,9.971614525846787,0.05061733261851161,10.014725205488503,296.38539227341994,19.986339731335292,0.10145350117429082,297.07822685851556,0.6928345850956248,0.000241827080312609,0.0979365743463418,0.13921014760285289,3062,2865,197,14.543147208121827,0.0
5455,376.0882990035527,1.3431724964412597,13.511557020735557,0.04825556078834128,13.511557020735557,0.04825556078834128,13.285709525526045,349.2910324572854,26.797266546261604,0.09570452337950573,349.755335007088,0.46430254980259633,0.00024032223074668547,0.09404629998737407,0.5842721190290376,2212,1932,280,6.9,0.0
5456,312.28272115012965,3.0919081301993034,5.553463821417428,0.054984790311063646,5.553463821417428,0.054984790311063646,3.7618169525599114,302.96744037615645,9.315280773977339,0.09223050271264692,303.78328254506755,0.8158421689111037,0.0005753470866791987,0.08415285747586233,0.36728914488685405,1519,1418,101,14.03960396039604,0.0
5457,367.2995670249502,1.475098662750804,12.602862696844275,0.050613906413029215,12.602862696844275,0.050613906413029215,15.457192454000733,339.2395118741124,28.06005515084501,0.11269098454154622,339.97148214473214,0.7319702706197404,0.0002402265410632558,0.10975134490047413,0.09767028085821039,3296,3047,249,12.236947791164658,0.0
5458,307.5791407901229,2.957491738366566,5.6839573679504065,0.05465343623029237,5.6839573679504065,0.05465343623029237,5.056885732254159,296.83829768992246,10.740843100204565,0.10327733750196696,297.64113964870603,0.8028419587835742,0.000524733306394493,0.09555770328285444,0.044174161073215146,1634,1530,104,14.711538461538462,0.0
5459,367.04303428402113,2.251797756343688,8.470241831612888,0.051964673813576,8.470241831612888,0.051964673813576,8.875246575205438,349.6975458771967,17.345488406818326,0.10641403930563391,350.5591291586843,0.861583281487583,0.00024400546063086463,0.10112825230267995,0.01921946735956226,3694,3531,163,21.662576687116566,0.0
5460,317.4397780278359,1.8455801048129996,8.895251049733327,0.0517165758705426,8.895251049733327,0.0517165758705426,6.113415194693289,302.4311117834143,15.008666244426616,0.0872596874675966,303.2469539523254,0.8158421689111037,0.00040488445107250806,0.08251641904366595,0.3752646834511779,2187,2015,172,11.715116279069768,0.0
5461,377.96500202113634,1.1960917785478997,15.58402674165605,0.04931654032169636,15.58402674165605,0.04931654032169636,20.882771434241704,341.4982038452449,36.46679817589775,0.11540126005030933,342.06603652870285,0.5678326834579366,0.000246028025761671,0.113604321178587,0.12064013555823294,2624,2308,316,7.30379746835443,0.0
5462,318.3963668308879,1.3964752931179296,11.543779626371785,0.05063061239636748,11.543779626371785,0.05063061239636748,10.6305257337674,296.22206147076076,22.174305360139186,0.09725572526376836,297.02490342954434,0.8028419587835742,0.0004401545826664332,0.09373448860238416,0.10111193279271902,2052,1824,228,8.0,0.0
5463,365.64691193900126,2.630553323302167,7.427850471443246,0.05343777317585069,7.427850471443246,0.05343777317585069,7.236989004484258,350.98207246306947,14.664839475927504,0.10550244227285974,351.9295482373393,0.947475774269833,0.0002401104344322942,0.09868606979612915,0.015484449242649134,4085,3946,139,28.388489208633093,0.0
5464,312.2098478155424,2.6684602377396787,6.096260387347012,0.05210478963544455,6.096260387347012,0.05210478963544455,3.139954838468384,302.9736325897302,9.236215225815396,0.07894201047705467,303.5954947038217,0.6218621140915275,0.00024159367291823135,0.07362694967282628,0.75,2691,2574,117,22.0,0.0
5465,362.65635323310835,2.1084671699599324,9.11032244490092,0.05296699095872628,9.11032244490092,0.05296699095872628,11.855277572535215,341.69075321567675,20.965600017436135,0.12189302335718682,342.57968927127786,0.888936055601107,0.00024542685135314936,0.11672479047575866,0.076857225160893,3794,3622,172,21.058139534883722,0.0
5466,307.0739054577018,3.374438521513207,5.168257223841877,0.05679403542683382,5.168257223841877,0.05679403542683382,4.970508064819342,296.9351401690451,10.138765288661219,0.1114150031721013,297.8345057130134,0.8993655439683153,0.00024406120596155096,0.10153186532624614,0.14521137738870493,3776,3685,91,40.494505494505496,0.0
5467,385.6772365812101,1.1277112180737137,16.813193271637523,0.049161383835197435,16.813193271637523,0.049161383835197435,17.699430306543036,351.16461300302853,34.51262357818056,0.10091410402976772,352.0275701601631,0.8629571571345878,0.00024391101106121756,0.09839083748844141,0.1691815791900808,3880,3538,342,10.345029239766081,0.0
5468,359.2421846151999,0.6508010590855071,26.775517385811327,0.04850637207574516,26.775517385811327,0.04850637207574516,29.208323933951306,303.2583432954457,55.98384131976263,0.10142000239087433,303.8036995978389,0.545356302393202,0.00024710299156918984,0.10043203807492938,0.6598163816347551,2759,2207,552,3.9981884057971016,0.0
5469,356.2763622817606,2.9689696856813383,6.636204400626336,0.0553017033385528,6.636204400626336,0.0553017033385528,7.267394194600229,342.3727636865365,13.903598595226565,0.11586332162688805,343.26970891583824,0.8969452293017639,0.00024380136702956343,0.10838877804935312,0.23559572589624622,3799,3679,120,30.658333333333335,0.0
5470,319.00577042478926,1.3691234782179798,11.552470628227457,0.04958141900526806,11.552470628227457,0.04958141900526806,10.732526007392835,296.7207737891815,22.284996635620292,0.09564376238463644,297.30085279696436,0.5800790077828424,0.0002463180500139458,0.09315415290911973,0.04913823711081022,2588,2355,233,10.107296137339056,0.0
5471,368.10690147945843,2.3297905156927747,8.053748604738265,0.05097309243505231,8.053748604738265,0.05097309243505231,7.872881017570535,352.1802718571455,15.9266296223088,0.1008014533057519,352.8885036261561,0.708231769010581,0.00024081325025861308,0.09631897375507815,0.1693466555343548,3099,2941,158,18.61392405063291,0.0
5472,313.4504154421386,2.6340371045557864,6.103743183855554,0.05129195952819793,6.103743183855554,0.05129195952819793,3.512349519291547,303.83432273899234,9.6160927031471,0.08080750170711848,304.3787381358618,0.5444153968694536,0.0002484780451252641,0.07623258240568737,0.03883402063729591,2310,2191,119,18.41176470588235,0.0
5473,358.58869058690584,3.17335124413191,6.303665604688015,0.05578465136892048,6.303665604688015,0.05578465136892048,8.48758683388337,343.7974381483375,14.791252438571384,0.13089603927939278,344.705827577681,0.9083894293435151,0.00024301482860982212,0.12285719477190106,0.3660178429388452,3851,3738,113,33.07964601769911,0.0
5474,327.99403078205114,0.9879338276567805,16.365618357716425,0.04929403119794104,16.365618357716425,0.04929403119794104,14.963356872452096,296.6650555518952,31.32897523016852,0.09436438322339916,297.37019572137206,0.7051401694768629,0.00024099117207001465,0.09224046705023821,0.06159872595867455,3258,2926,332,8.813253012048193,0.0
5475,378.75115207222757,1.4185436407199534,12.894396563010472,0.04829362008618154,12.894396563010472,0.04829362008618154,13.692444270726128,352.16431123848747,26.586840833736602,0.0995761828978899,352.6472850777245,0.4829738392370473,0.00041315127394101565,0.09776729211424363,0.25774179813379305,1436,1169,267,4.378277153558052,0.0
5476,318.3938122287673,1.9653939026467115,7.921636863961596,0.04889899298741726,7.921636863961596,0.04889899298741726,7.388136977576096,303.0840383872337,15.309773841537691,0.09450477679961537,303.3941928299091,0.3101544426754117,0.0002563259856821584,0.09259024320282813,0.6093413815967779,1372,1210,162,7.469135802469136,0.0
5477,352.12459201061256,4.694994560141501,4.478334937729141,0.05971113250305521,4.478334937729141,0.05971113250305521,4.088495849983246,343.55776122290104,8.566830787712387,0.11422441050283183,344.4619205984827,0.9041593755816848,0.00024318433985521376,0.10216895216173119,0.31416792745221755,3793,3718,75,49.57333333333333,0.0
5478,315.7314112086708,1.5179394769647634,10.266802243861274,0.04935962617240997,10.266802243861274,0.04935962617240997,8.688802467014511,296.77580649780725,18.955604710875786,0.09113271495613359,297.25280658722113,0.4770000894138775,0.000249477034212279,0.08883944529543114,0.02725488820897226,2120,1912,208,9.192307692307692,0.0
5479,366.96978576328297,2.1586457986075467,8.385260264107233,0.04932506037710137,8.385260264107233,0.04932506037710137,7.3899071783334875,351.19461832083834,15.77516744244072,0.09279510260259247,351.6775921600754,0.4829738392370473,0.0005500840993588237,0.08995408001886811,0.018928720391159004,1048,878,170,5.1647058823529415,0.0
5480,319.3129718400892,2.008257684528863,7.770689189296791,0.04887225905218107,7.770689189296791,0.04887225905218107,7.825284131939952,303.71699851885774,15.595973321236743,0.09808788252350152,303.9944867076672,0.2774881888094569,0.00026402301504229966,0.0963426737888175,0.21177546314243045,1210,1051,159,6.610062893081761,0.0
5481,356.4931714877614,3.564931714877614,5.333061177760197,0.05333061177760197,5.333061177760197,0.05333061177760197,7.028268163868233,344.1318421461349,12.36132934162843,0.1236132934162843,344.68700144056834,0.5551592944334516,0.0002475074874870493,0.11806170047193064,0.07211938060527245,2343,2243,100,22.43,0.0
5482,,,,,,,,,,,,,,,0.1475944282378805,2860,83,2777,0.02988836874324811,
5483,359.22450405297764,4.177029116895088,4.410558194022646,0.05128556039561216,4.410558194022646,0.05128556039561216,3.9936136624546634,350.8203321964943,8.404171856477308,0.09772292856368964,351.24149174564536,0.4211595491510707,0.00024218490462971288,0.09282572450386364,0.5670758528813167,1825,1739,86,20.22093023255814,0.0
5484,312.641176569301,2.6951825566319054,5.962845278082188,0.051403838604156794,5.962845278082188,0.051403838604156794,3.2756452646037815,303.40268602661854,9.23849054268597,0.07964215985074112,303.941179511869,0.5384934852504557,0.000249187175034917,0.07499997463303473,0.04029298146747351,2277,2161,116,18.629310344827587,0.0
5485,348.37494112432864,8.709373528108216,2.2084210440164944,0.05521052610041236,2.2084210440164944,0.05521052610041236,2.490127648585485,343.67639243172744,4.69854869260198,0.1174637173150495,344.0144611692149,0.3380687374874469,0.0002519141113915402,0.109011998877844,0.2556457462542312,1382,1342,40,33.55,0.0
5486,310.62139926556415,1.9659582231997732,8.272887781340907,0.05236004924899308,8.272887781340907,0.05236004924899308,6.418186083746377,295.9303254004851,14.691073865087285,0.09298148015878029,296.78276713669084,0.8524417362057193,0.00024397302123804214,0.08758627929666654,0.6753694250880926,3652,3494,158,22.11392405063291,0.0
5487,374.3347292124381,1.4854552746525322,12.05093902590916,0.04782118661075064,12.05093902590916,0.04782118661075064,12.145549624243358,350.1382405622835,24.196488650152517,0.09601781210377983,350.4837387348475,0.34549817256402093,0.0002494571643061523,0.09464678760948644,0.27311220783803947,1637,1385,252,5.496031746031746,0.0
5488,313.3597079664928,2.7013767928145933,6.35499913132728,0.054784475270062756,6.35499913132728,0.054784475270062756,4.159576483919409,302.8451323512493,10.514575615246688,0.09064289323488524,303.7691793737197,0.924047022470404,0.00024240478029129172,0.08267697062735453,0.07746027204211714,3928,3812,116,32.86206896551724,0.0
5489,378.0104733043222,1.2642490745963952,15.067701520245455,0.050393650569382796,15.067701520245455,0.050393650569382796,20.25529172459983,342.68748005948373,35.322993244845286,0.11813710115332872,343.5648485405577,0.8773684810739724,0.00024384893859754651,0.11520275840723913,0.30103920476290114,3897,3598,299,12.033444816053512,0.0
5490,306.4520620321814,2.8910571889828436,5.829629651492211,0.05499650614615294,5.829629651492211,0.05499650614615294,3.9364778334211223,296.6859545472737,9.766107484913334,0.09213308948031447,297.55116194440825,0.8652073971345544,0.00024406414587716628,0.08397075554502974,0.5874651527715287,3651,3545,106,33.443396226415096,0.0
5491,370.40842454226004,1.7472095497276416,10.700625647023841,0.050474649278414344,10.700625647023841,0.050474649278414344,9.744940296356845,349.96285859887826,20.445565943380686,0.09644134878953153,350.82444188036584,0.861583281487583,0.00024393637641211298,0.0923772767070481,0.21370500039392937,3744,3532,212,16.660377358490567,0.0
5492,331.4944848260652,1.3154543048653382,12.824971463721921,0.050892743903658416,12.824971463721921,0.050892743903658416,13.262452248734007,305.40706111361055,26.08742371245593,0.10352152266847592,306.209584600015,0.8025234864044251,0.0002448210757792633,0.10033690565892953,0.1810990992130428,3530,3278,252,13.007936507936508,0.0
5493,351.6301457518034,3.822066801650037,5.16479776537642,0.05613910614539587,5.16479776537642,0.05613910614539587,4.396089670819947,342.06925831560875,9.560887436196367,0.10392268952387355,342.83547710310495,0.7662187874962001,0.0002462934064597236,0.09559422444237459,0.7029824252936123,3203,3111,92,33.81521739130435,0.0
5494,499.89216759625333,0.2490743236652981,95.02857140040703,0.047348565720182874,95.02857140040703,0.047348565720182874,107.91256939102755,296.9510268048259,202.94114079143458,0.10111666207844273,297.10100983365805,0.1499830288321391,0.0002878752952632228,0.10104193211888156,0.1686694260135937,2528,521,2007,0.25959142999501744,0.0
5495,366.02982433639613,2.4080909495815535,7.618699528955848,0.05012302321681479,7.618699528955848,0.05012302321681479,6.8998803924478125,351.5112444149945,14.51857992140366,0.09551697316712934,352.10204935879415,0.5908049437996397,0.0002446397282814243,0.09163009853685516,0.14320081999676404,2567,2415,152,15.888157894736842,0.0
5496,324.132288117097,1.7809466380060275,9.326176896149505,0.05124273019862365,9.326176896149505,0.05124273019862365,10.075932894513016,304.7301783264361,19.40210979066252,0.10660499884979407,305.3898212201175,0.6596428936813936,0.00024074558163554512,0.10298058734604133,0.4645536022749184,2922,2740,182,15.054945054945055,0.0
5497,372.31964348084966,1.460077033258234,12.939487527229703,0.05074308834207727,12.939487527229703,0.05074308834207727,16.788699908378703,342.5914560452479,29.728187435608405,0.11658112719846433,343.43799642526324,0.8465403800153126,0.0002443117979842172,0.11326136100229972,0.3795990220089607,3720,3465,255,13.588235294117647,0.0
5498,308.9579518482208,2.2068425132015768,7.0903516112602425,0.050645368651858876,7.0903516112602425,0.050645368651858876,5.57364000151324,296.2939602354554,12.663991612773483,0.09045708294838202,296.82162899489526,0.5276687594398481,0.00025019855829295785,0.0866880203808965,0.3847235503033062,2249,2109,140,15.064285714285715,0.0
5499,369.4523879953724,2.0411734143390743,8.905554704168104,0.049201959691536484,8.905554704168104,0.049201959691536484,9.350241952351325,351.1965913388567,18.25579665651943,0.10086075500839464,351.73508482410716,0.5384934852504557,0.0002486119507158152,0.09788565287991854,0.19420216206549412,2347,2166,181,11.966850828729282,0.0
5500,318.70083445361706,2.8972803132147007,6.120045027114207,0.05563677297376552,6.120045027114207,0.05563677297376552,6.82793870212754,305.7528507243783,12.947983729241747,0.11770894299310679,306.64228258642584,0.8894318620475588,0.00024421522845896723,0.10962319879264752,0.0008282104249701661,3752,3642,110,33.10909090909091,0.0
5501,375.54001265532156,1.4225000479368242,13.209246279114238,0.050035023784523625,13.209246279114238,0.050035023784523625,19.259112174590882,343.0716542016223,32.46835845370512,0.12298620626403456,343.7767943710992,0.7051401694768629,0.00024140368691436592,0.1203152207735696,0.75,3185,2921,264,11.06439393939394,0.0
5502,330.7134894771559,0.9558193337490055,17.11423240813605,0.04946309944547991,17.11423240813605,0.04946309944547991,17.819287956368726,295.77996911265586,34.93352036450477,0.10096393168932015,296.59295698918936,0.8129878765334979,0.00024436064819161345,0.09861425574556808,0.42590508874923216,3673,3327,346,9.615606936416185,0.0
5503,357.7063316712406,4.769417755616542,4.124888780787953,0.0549985170771727,4.124888780787953,0.0549985170771727,3.0947981496215107,350.4866447408335,7.2196869304094635,0.09626249240545952,351.16601552324164,0.6793707824081139,0.00024031509812809122,0.08720421530665287,0.164477029400814,2902,2827,75,37.693333333333335,0.0
5504,320.7025923394558,2.486066607282603,7.096916632879677,0.0550148576192223,7.096916632879677,0.0550148576192223,7.517931821083266,306.0877438854934,14.614848453962942,0.11329339886792979,307.0278779431562,0.9401340576628172,0.00024261524068717864,0.10600553795581068,0.2093952389120659,4004,3875,129,30.03875968992248,0.0
5505,375.01196494973465,1.5890337497870113,11.917488526114221,0.05049783273777212,11.917488526114221,0.05049783273777212,19.291863126356702,343.8026132972698,31.20935165247092,0.1322430154765717,344.58285022203745,0.7802369247676779,0.00024543470423645105,0.12893692681227625,0.6835043146006683,3415,3179,236,13.470338983050848,0.0
5506,310.3551671055209,1.8809404067001265,8.6601786986984,0.05248593150726304,8.6601786986984,0.05248593150726304,5.984991542198941,295.7099968646319,14.645170240897341,0.08875860752058995,296.6244756834474,0.9144788188154962,0.00024218189057613777,0.08321631164893034,0.11114960364329818,3941,3776,165,22.884848484848487,0.0
5507,368.04564229813127,1.9576895866921875,9.304891780699279,0.04949410521648553,9.304891780699279,0.04949410521648553,8.865081020071557,349.875669497364,18.169972800770836,0.0966487914934619,350.48588560859,0.6102161112260092,0.0002414784769394575,0.09340296111458109,0.28629686872159255,2715,2527,188,13.441489361702128,0.0
5508,312.1680828550284,6.503501726146425,3.1338304691206287,0.06528813477334643,3.1338304691206287,0.06528813477334643,3.0711901914849022,305.9630621944266,6.2050206606055305,0.12927126376261522,306.8309063785498,0.8678441841232143,0.0002438449519874162,0.11119117659330395,0.1279627033068209,3607,3559,48,74.14583333333333,0.0
5509,357.21174462248064,3.2771719690135837,5.715814244494213,0.052438662793524896,5.715814244494213,0.052438662793524896,7.688592625768024,343.80733775222166,13.404406870262237,0.1229762098189196,344.39345036714576,0.5861126149241045,0.0002462658045899599,0.11759902986545759,0.2501032941440826,2489,2380,109,21.834862385321102,0.0
5510,322.6376928035777,1.1320620800125534,14.11517812553109,0.049526940791337154,14.11517812553109,0.049526940791337154,13.122024486114015,295.4004901919411,27.237202611645102,0.09556913197068458,296.0906511883925,0.6901609964513682,0.00024199193423961017,0.09314751443924635,0.75,3137,2852,285,10.007017543859648,0.0
5511,375.7224825687042,1.4619551850922343,12.328815751341436,0.04797204572506395,12.328815751341436,0.04797204572506395,13.641831114265187,349.751835703104,25.970646865606625,0.10105310064438376,350.11948258882285,0.3676468857188411,0.00024724067634084804,0.09962256801510257,0.023760971891988447,1744,1487,257,5.785992217898833,0.0
5512,335.40932556549933,1.118031085218331,15.217847757817696,0.050726159192725655,15.217847757817696,0.050726159192725655,14.52762126329685,305.6638565443873,29.745469021114545,0.09915156340371514,306.5723093337308,0.9084527893435279,0.0002436183398614985,0.09612338743922844,0.19122863321194927,4029,3729,300,12.43,0.0
5513,356.2069678850894,3.3924473131913278,5.767220735203761,0.05492591176384534,5.767220735203761,0.05492591176384534,6.842052245752711,343.5976949041353,12.609272980956472,0.12008831410434735,344.44423528415064,0.8465403800153126,0.00024395976369317367,0.11202602477084535,0.75,3575,3470,105,33.04761904761905,0.0
5514,312.52483694781677,2.1116543037014646,7.778301867994296,0.05255609370266416,7.778301867994296,0.05255609370266416,7.08836009605443,297.6581749837708,14.866661964048726,0.1004504186760049,298.49937333711955,0.8411983533487728,0.00024403781646323552,0.09476664601822443,0.020969559329842014,3595,3447,148,23.29054054054054,0.0
5515,370.03727979988753,1.7537311838857228,10.55947714001622,0.05004491535552711,10.55947714001622,0.05004491535552711,10.195879845754234,349.28192281412,20.755356985770455,0.09836662078564197,350.0499758416163,0.7680530274963075,0.0002463287451880396,0.09472655904393953,0.1538796247323262,3329,3118,211,14.777251184834123,0.0
5516,343.5951846133057,0.9261325730816866,18.254148738096696,0.049202557245543656,18.254148738096696,0.049202557245543656,20.05722768748683,305.28380818772666,38.311376425583525,0.10326516556761058,305.8638871955095,0.5800790077828424,0.00024642268809806387,0.10170161029055583,0.3636519619419687,2725,2354,371,6.345013477088949,0.0
5517,361.5432225654931,2.332536919777375,7.91458268804159,0.05106182379381671,7.91458268804159,0.05106182379381671,9.983789487383774,343.6448503900708,17.898372175425365,0.11547336887371203,344.2763695916915,0.6315192016206765,0.0006131254384666762,0.1113990514438815,0.2608837480756847,1185,1030,155,6.645161290322581,0.0
5518,317.1022189626692,1.6689590471719433,9.835846383356957,0.05176761254398398,9.835846383356957,0.05176761254398398,9.219626355859418,298.0467462234576,19.055472739216377,0.10029196178534935,298.94291769275924,0.8961714693016347,0.00024438818361102667,0.09557526984163145,0.04858385007287325,3857,3667,190,19.3,0.0
5519,372.08678393229184,1.730636204336241,10.679741192209327,0.04967321484748524,10.679741192209327,0.04967321484748524,11.33346060020699,350.0735821398787,22.013201792416318,0.10238698508100613,350.76436393633,0.690781796451347,0.00024178571804387363,0.09917404649284563,0.01003138807391224,3072,2857,215,13.288372093023256,0.0
5520,325.35549036613634,1.730614310458172,9.696202934141239,0.051575547522027865,9.696202934141239,0.051575547522027865,9.176594907679828,306.48269252431305,18.87279784182107,0.10038722256287802,307.19732786748636,0.7146353431733132,0.00024021356073052546,0.09658597073749985,0.1211935142978291,3163,2975,188,15.824468085106384,0.0
5521,358.41713471652383,2.5240643289896045,7.304990363833516,0.051443594111503635,7.304990363833516,0.051443594111503635,7.700092782346701,343.4120515703464,15.005083146180217,0.10566959962098744,344.0435707719671,0.6315192016206765,0.00038696029511070865,0.10122228129969532,0.052990067279779396,1774,1632,142,11.492957746478874,0.0
5522,315.55753052079285,1.7434117708331096,9.234048709258937,0.05101684369756319,9.234048709258937,0.05101684369756319,7.721974664522577,298.60150714701535,16.956023373781512,0.09367968714796415,299.3218365309044,0.7203293838890659,0.0002396305335625635,0.08969996679496371,0.29758510277770256,3187,3006,181,16.607734806629836,0.0
5523,372.2307603418526,1.6919580015538755,10.887380782629673,0.04948809446649852,10.887380782629673,0.04948809446649852,11.524895961588527,349.8184835976381,22.4122767442182,0.10187398520099182,350.4765839263671,0.6581003287290059,0.00024132758662596477,0.09888262007038871,0.5669510018603887,2947,2727,220,12.395454545454545,0.0
5524,318.1127642028273,2.918465726631443,5.990033884030433,0.054954439303031496,5.990033884030433,0.054954439303031496,5.5099803607624835,306.61274995803274,11.500014244792917,0.10550471784213686,307.41527344443716,0.8025234864044251,0.00024467179463549544,0.09814211704945075,0.24898034709417516,3389,3280,109,30.091743119266056,0.0
5525,359.1679125197395,2.378595447150593,7.7451622292596864,0.05129246509443501,7.7451622292596864,0.05129246509443501,8.509148561609436,342.91360172887335,16.254310790869123,0.10764444232363658,343.564124215864,0.650522486990667,0.00024174005462306464,0.10333634638328139,0.1112833177230641,2842,2691,151,17.821192052980134,0.0
5526,317.629466676967,1.815025523868383,8.93574026402205,0.051061372937268854,8.93574026402205,0.051061372937268854,9.147904766385636,299.5458216465629,18.083645030407688,0.10333511445947251,300.2441347497363,0.6983131031734047,0.0004450688994094357,0.09934475386988977,0.022170233756014568,1744,1569,175,8.965714285714286,0.0
5527,366.5278699229232,2.6180562137351657,7.176038050160375,0.05125741464400268,7.176038050160375,0.05125741464400268,7.558511757865517,351.79332011489737,14.734549808025893,0.10524678434304209,352.49429989463147,0.700979779734098,0.00024121809350794837,0.10023978591636933,0.25045621089520864,3046,2906,140,20.757142857142856,0.0
5528,,,,,,,,,,,,,,,0.3323123835145907,3691,185,3506,0.05276668568168853,
5529,349.98640009336305,8.139218606822396,2.9586011425399548,0.06880467773348732,2.9586011425399548,0.06880467773348732,3.3940504359422903,343.63374851488174,6.352651578482245,0.14773608322051732,344.5934366451597,0.959688130277982,0.00024058363757282076,0.12541775460937948,0.03768913919475381,4032,3989,43,92.76744186046511,0.0
5530,327.61520305788144,1.1495270282732681,14.11776286181056,0.04953601004144056,14.11776286181056,0.04953601004144056,14.625712910768016,298.87172728530004,28.743475772578577,0.10085430095641607,299.57004038847344,0.6983131031734047,0.0004977285125968672,0.09840407954178246,0.05363662765830668,1688,1403,285,4.922807017543859,0.0
5531,366.70688983841956,2.4946046927783643,6.9654377104098755,0.04738393000278827,6.9654377104098755,0.04738393000278827,7.9887989065227885,351.75265322148766,14.954236616932665,0.10172950079546031,351.90987225580466,0.15721903431699502,0.00027294971235589414,0.10065998355520339,0.31800852277615377,723,576,147,3.9183673469387754,0.0
5532,328.68932064511023,1.44797057552912,11.317482644115985,0.04985675173619377,11.317482644115985,0.04985675173619377,10.664806651307572,306.70703134968403,21.982289295423556,0.096838278834465,307.2132770511205,0.5062457014364554,0.0002470696444297001,0.09460812155942618,0.2247020050417632,2276,2049,227,9.026431718061675,0.0
5533,362.708850965171,2.1849930781034397,8.401954938757836,0.05061418637805925,8.401954938757836,0.05061418637805925,10.477766757072459,343.8291292693434,18.879721695830295,0.11373326322789334,344.431797219072,0.6026679497285841,0.00024184107131965652,0.11010273341023494,0.16796022034009184,2658,2492,166,15.012048192771084,0.0
5534,320.045276987217,1.8499726993480752,8.858205401100319,0.05120349942832554,8.858205401100319,0.05120349942832554,10.828118716442532,300.35895286967434,19.686324117542853,0.11379378102625927,301.07881441356335,0.7198615438890101,0.0002403544386941603,0.10963273163961644,0.016266033037027228,3168,2995,173,17.3121387283237,0.0
5535,356.3574978187487,8.099034041335198,2.701186141237989,0.06139059411904521,2.701186141237989,0.06139059411904521,1.3274403565760622,352.32887132093515,4.028626497814051,0.09155969313213753,353.034011490412,0.7051401694768629,0.00024099117207001465,0.07553378018947011,0.19443240321197663,2970,2926,44,66.5,0.0
5536,318.0659273926933,3.0006219565348426,5.86804641816638,0.05535892847326774,5.86804641816638,0.05535892847326774,4.782699154113061,307.4151818204116,10.65074557227944,0.10047873181395699,308.2434545400183,0.8282727196067299,0.0002447614419641637,0.09266483823278293,0.0919451241754814,3490,3384,106,31.92452830188679,0.0
5537,361.39771578985483,2.4093181052656987,7.758359995802551,0.051722399972017004,7.758359995802551,0.051722399972017004,9.028897639072284,344.6104581549823,16.787257634874834,0.11191505089916556,345.33652663398243,0.7260684790001051,0.0002403404432307531,0.10707459437248265,0.1908602495300329,3171,3021,150,20.14,0.0
5538,314.16388899525214,2.416645299963478,6.972620828499962,0.05363554483461509,6.972620828499962,0.05363554483461509,6.85182459783573,300.33944356891766,13.824445426335693,0.10634188789488995,301.20102685040524,0.861583281487583,0.00024400546063086463,0.09971432419112997,0.4493191033086532,3661,3531,130,27.161538461538463,0.0
5539,373.5647102118801,1.9059423990402045,9.71771969170032,0.049580202508675106,9.71771969170032,0.049580202508675106,11.647828407498537,352.1991621126872,21.365548099198858,0.10900789846530029,352.77924112047003,0.5800790077828424,0.00024652741512233,0.1060483116908676,0.1491445744725297,2549,2353,196,12.005102040816327,0.0
5540,310.828251881735,6.7571359104725,2.7757179709512196,0.06034169502067869,2.7757179709512196,0.06034169502067869,0.9161100734452248,307.1364238373353,3.6918280443964444,0.0802571313999227,307.75067568514874,0.6142518478134207,0.00024145119803986663,0.06690383036057126,0.75,2590,2544,46,55.30434782608695,0.0
5541,354.7383120557863,3.3153113276241712,5.832215836204351,0.054506690057984586,5.832215836204351,0.054506690057984586,4.59556226809832,344.3105339514848,10.427778104302671,0.09745587013366983,345.1388066710915,0.8282727196067299,0.00024512362225709674,0.08971500359527845,0.009436546981987703,3486,3379,107,31.57943925233645,0.0
5542,306.4986288938137,5.782992997996485,3.0174042665013667,0.0569321559717239,3.0174042665013667,0.0569321559717239,2.63472790365563,300.8464967236566,5.652132170156997,0.10664400321050937,301.40387013431473,0.5573734106581014,0.0002464073433501775,0.09612752376413156,0.014421699464037374,2315,2262,53,42.679245283018865,0.0
5543,370.98005722835865,2.290000353261473,7.987901051108366,0.04930803117968127,7.987901051108366,0.04930803117968127,10.39949137643589,352.59266480081897,18.387392427544256,0.11350242239224849,353.0364647846759,0.443799983856934,0.00023989188316591025,0.11076291631902929,0.3875312222044158,2012,1850,162,11.419753086419753,0.0
5544,322.32567861040707,2.460501363438222,7.1540006292403335,0.05461069182626209,7.1540006292403335,0.05461069182626209,7.122842583543161,308.0488353976216,14.276843212783493,0.10898353597544652,308.9649454710668,0.9161100734452248,0.00024242129490479618,0.10199032930794087,0.010939526590391324,3910,3779,131,28.84732824427481,0.0
5545,358.7551289137464,2.6772770814458684,6.864450649708581,0.05122724365454165,6.864450649708581,0.05122724365454165,6.816884982482634,345.0737932815566,13.681335632191214,0.10209951964321802,345.66459822535626,0.5908049437996397,0.000244944006550431,0.09769052752529939,0.03144384672236811,2546,2412,134,18.0,0.0
5546,344.4062796771291,0.8992331062066033,18.943064629217872,0.04945969877080384,18.943064629217872,0.04945969877080384,23.858460212368527,301.6047548355382,42.8015248415864,0.1117533285681107,302.4742367796614,0.8694819441232085,0.0002440308571774371,0.1094831407244587,0.4114006425709249,3946,3563,383,9.302872062663186,0.0
5547,361.6813905930885,5.094104092860402,3.5686618922684086,0.05026284355307618,3.5686618922684086,0.05026284355307618,4.876795318258701,353.23593338256023,8.44545721052711,0.11895010155671985,353.5394947474965,0.3035613649362858,0.0002583500978181156,0.11467458937453506,0.275140861469481,1246,1175,71,16.549295774647888,0.0
5548,361.7010650816328,0.7396749797170405,24.022823600389696,0.04912642863065377,24.022823600389696,0.04912642863065377,28.143597155757107,309.5346443254996,52.166420756146806,0.10667979704733498,310.2486614286729,0.7140171031733189,0.00024073401995054582,0.10521963937210614,0.15329321023182274,3455,2966,489,6.065439672801636,0.0
5549,379.2764422745588,1.3123752327839404,14.263213800460786,0.04935368097045255,14.263213800460786,0.04935368097045255,20.187741178527403,344.8254872955763,34.45095497898819,0.11920745667469963,345.4717236393835,0.6462363438072316,0.0002413130484717071,0.11697134475839197,0.28336136259281375,2967,2678,289,9.26643598615917,0.0
5550,326.21490478963074,1.4895657752951175,10.84993043497636,0.04954306134692402,10.84993043497636,0.04954306134692402,13.457690455429201,301.907283899219,24.30762089040556,0.1109937026959158,302.4656657026769,0.5583818034579053,0.0004192055581515806,0.10844401409567955,0.5183755893465332,1551,1332,219,6.082191780821918,0.0
5551,379.7939232449239,1.5629379557404277,12.254521196763125,0.050430128381741254,12.254521196763125,0.050430128381741254,14.948839954726282,352.59056209344317,27.203361151489407,0.11194798827773418,353.4888575574116,0.8982954639684522,0.00024350649606084363,0.10825129912556501,0.04032216564405644,3932,3689,243,15.181069958847736,0.0
5552,319.5421388165155,3.590361110297927,4.948894108109483,0.055605551776511046,4.948894108109483,0.055605551776511046,4.922697734467874,309.670546973937,9.871591842577358,0.11091676227615009,310.3989821276564,0.7284351537193743,0.00024009069008548923,0.10273209762763043,0.21648598800743457,3123,3034,89,34.08988764044944,0.0
5553,351.0391565974876,4.129872430558677,4.724777890635854,0.05558562224277476,4.724777890635854,0.05558562224277476,1.9333597220716001,344.3810189847811,6.6581376127074545,0.07833103073773476,345.1434909918453,0.7624720070641615,0.000246356060440763,0.06936077183108597,0.6469535832036399,3180,3095,85,36.411764705882355,0.0
5554,312.7775621793237,3.0366753609643076,5.384103534789657,0.05227284985232676,5.384103534789657,0.05227284985232676,6.399330192785328,300.99412845174834,11.783433727574984,0.11440226919975713,301.55251025520624,0.5583818034579053,0.000566310145494833,0.10898108664191701,0.00939371061554084,1089,986,103,9.572815533980583,0.0
5555,383.9776350840152,1.3060463778367866,14.374427685425372,0.04889261117491623,14.374427685425372,0.04889261117491623,17.02535162008371,352.5778557785168,31.399779305509085,0.10680197042690165,353.1835636504359,0.605707871919094,0.00024218627425793443,0.10474173956999779,0.038168497068227225,2795,2501,294,8.506802721088436,0.0
5556,327.785810067342,1.8010209344359451,9.40112870006887,0.051654553297081705,9.40112870006887,0.051654553297081705,8.753292134851336,309.6313892324242,18.154420834920206,0.0997495650270341,310.4057414228562,0.774352190431955,0.0002467661537386727,0.09549488266201014,0.2652074264017301,3320,3138,182,17.24175824175824,0.0
5557,354.01397567439903,3.4707252517097946,5.201646518645711,0.05099653449652657,5.201646518645711,0.05099653449652657,4.14090332897058,344.6714258267839,9.34254984761629,0.09159362595702245,345.1152258106408,0.443799983856934,0.0002395034991132941,0.08724264572311972,0.15929553097589633,1955,1853,102,18.166666666666668,0.0
5558,304.1280547188928,8.94494278584979,2.0985283885355632,0.06172142319222245,2.0985283885355632,0.06172142319222245,1.4698160149712294,300.55971031538434,3.5683444035067926,0.1049513059854939,301.10506661777754,0.545356302393202,0.00024699107898242846,0.08891141473868495,0.625317172709174,2242,2208,34,64.94117647058823,0.0
5559,357.40106613776675,7.148021322755335,2.7276822176180606,0.054553644352361215,2.7276822176180606,0.054553644352361215,2.3192629711666086,352.35412094898174,5.046945188784669,0.10093890377569338,352.8008112082673,0.4466902592855604,0.00024041456366284198,0.09200509858998884,0.011720940176701333,1908,1858,50,37.16,0.0
5560,315.6057556212327,3.9450719452654086,4.151003205832192,0.0518875400729024,4.151003205832192,0.0518875400729024,2.1474208559350245,309.3073315594645,6.298424061767217,0.07873030077209021,309.6701275658197,0.3627960063552109,0.00024832033289199924,0.07419535069266203,0.3020762195299085,1541,1461,80,18.2625,0.0
5561,372.3435220621941,1.8252133434421278,10.484923585072085,0.05139668424054944,10.484923585072085,0.05139668424054944,15.602772734456948,346.2558257426706,26.087696319529034,0.12788086431141682,347.1253076867938,0.8694819441232085,0.00024396238611762303,0.1236186979186289,0.034970085739587375,3768,3564,204,17.470588235294116,0.0
5562,321.5643296642904,1.5840607372625144,10.19602888590605,0.05022674328032537,10.19602888590605,0.05022674328032537,10.65926213236753,300.7090386460104,20.855291018273583,0.10273542373533785,301.3705464996917,0.6615078536813144,0.00024081101335322693,0.09947676435762906,0.04726072632092837,2950,2747,203,13.532019704433498,0.0
5563,401.08997848856234,0.9074433902456162,21.467294156144618,0.04856853881480683,21.467294156144618,0.04856853881480683,26.569116993611942,353.05356733882127,48.03641114975656,0.10867966323474335,353.78816742386584,0.7346000850445762,0.0002397519859806058,0.10701767209207351,0.012812270521862956,3506,3064,442,6.932126696832579,0.0
5564,344.23987044125624,0.9949129203504515,17.14952430895911,0.04956509915884135,17.14952430895911,0.04956509915884135,16.93489994646916,310.1554461858366,34.08442425542827,0.09850989669198922,310.82818296501114,0.6727367791745564,0.00023889800396823736,0.0965655707405928,0.09180304326559963,3162,2816,346,8.138728323699421,0.0
5565,383.73963535453026,1.2299347287004174,15.345055307523571,0.04918286957539606,15.345055307523571,0.04918286957539606,21.815750856334034,346.5788291906804,37.16080616385761,0.11910514796108207,347.19890698477184,0.6200777940914577,0.0002414633154561751,0.11711771913384111,0.39460245600503185,2880,2568,312,8.23076923076923,0.0
5566,312.2009573302721,3.507875925059237,4.978247418050386,0.05593536424775714,4.978247418050386,0.05593536424775714,5.326810397344161,301.8958995148787,10.305057815394548,0.11578716646510728,302.7042076761686,0.808308161289915,0.00024405439652473279,0.10670505229329771,0.15228635373568977,3401,3312,89,37.21348314606742,0.0
5567,368.74348201284215,3.0224875574823127,6.512544825625096,0.053381514964140134,6.512544825625096,0.053381514964140134,8.199858268908201,354.0310789183143,14.712403094533297,0.12059346798797785,354.83550487966863,0.8044259613543545,0.0002445063712323266,0.11399981256699604,0.046790127782742275,3412,3290,122,26.9672131147541,0.0
5568,350.1600041999686,0.9142558856396048,18.945321917767725,0.04946559247458936,18.945321917767725,0.04946559247458936,20.10242562624103,311.1122566559709,39.04774754400876,0.10195234345694193,311.82924814054877,0.7169914845778749,0.00024060116932143451,0.10008030302720589,0.2235360035326721,3363,2980,383,7.780678851174935,0.0
5569,372.2003688992961,2.228744723947881,8.416572419786304,0.05039863724422936,8.416572419786304,0.05039863724422936,15.5855432638607,348.19825321565395,24.002115683647006,0.14372524361465272,348.7534125100874,0.5551592944334516,0.00024728699083895395,0.1404009364623276,0.42566281745234846,2412,2245,167,13.44311377245509,0.0
5570,313.4233426195808,3.521610591231245,5.1057729916930565,0.057368235861719734,5.1057729916930565,0.057368235861719734,5.961140963693424,302.3564286641954,11.06691395538648,0.12434734781333125,303.29199022312787,0.935561558932477,0.00024193471914467986,0.11383542018486449,0.02810501063436277,3956,3867,89,43.449438202247194,0.0
5571,392.8257573491296,1.145264598685509,16.861127947616815,0.04915780742745427,16.861127947616815,0.04915780742745427,21.557906265360998,354.40672313616506,38.41903421297781,0.11200884610197613,355.18696006093273,0.7802369247676779,0.00024512627231155446,0.10973410288104048,0.17186260774133189,3526,3183,343,9.279883381924199,0.0
5572,323.73383629245814,3.025549871892132,5.791478311066076,0.054125965523982016,5.791478311066076,0.054125965523982016,5.55761030571216,312.38474767568255,11.349088616778236,0.10606624875493678,313.14244026786514,0.7576925921825932,0.00024576470716269644,0.09898500957563547,0.40133062600716585,3190,3083,107,28.813084112149532,0.0
5573,,,,,,,,,,,,,,,0.062298908562979705,3117,358,2759,0.12975715839072127,
5574,319.95870469214424,2.2219354492510015,7.246879953499951,0.05032555523263855,7.246879953499951,0.05032555523263855,9.129008254597693,303.5828164840407,16.375888208097642,0.11372144588956695,304.08906218547713,0.5062457014364554,0.0002462284540060581,0.1102058507407438,0.40798930858363747,2200,2056,144,14.277777777777779,0.0
5575,372.8065516698455,2.0827181657533265,8.982009068620497,0.050178821612405014,8.982009068620497,0.050178821612405014,9.365736617536413,354.4588059836974,18.347745686156912,0.10250137254836264,355.0656447356164,0.6068387519189855,0.00024186478753247727,0.09911121192306753,0.13887358865349597,2688,2509,179,14.016759776536313,0.0
5576,325.1679359604475,2.7556604742410804,6.266469962450477,0.0531056776478854,6.266469962450477,0.0531056776478854,6.35308652178901,312.5483794762122,12.619556484239487,0.10694539393423294,313.26504968079007,0.7166702045778948,0.00023992976383592057,0.10087191762421545,0.4171922104810619,3105,2987,118,25.3135593220339,0.0
5577,370.61121001379524,2.192965739726599,8.753623804897982,0.05179659056152652,8.753623804897982,0.05179659056152652,15.327499493661435,346.5300867152407,24.08112329855942,0.1424918538376297,347.32697573013843,0.7968890148977152,0.0002464859309921792,0.13777653422282138,0.75,3402,3233,169,19.130177514792898,0.0
5578,320.78326695525584,2.1104162299687883,7.8951091570715946,0.05194150761231312,7.8951091570715946,0.05194150761231312,10.00801666672146,302.8801411314564,17.903125823793054,0.11778372252495431,303.6574634389042,0.7773223074477755,0.0002456770883210416,0.11266975997599771,0.28361000421864446,3316,3164,152,20.81578947368421,0.0
5579,429.6334806743346,0.5759161939334244,35.6118068129604,0.047737006451689545,35.6118068129604,0.047737006451689545,39.79921826634677,354.2224555950402,75.41102507930717,0.10108716498566644,354.71437247427707,0.4919168792368964,0.00024031112810791227,0.10042775898131033,0.09797745230571309,2793,2047,746,2.7439678284182305,0.0
5580,330.03611049331266,1.8541354522096216,8.714553383798677,0.048958165077520654,8.714553383798677,0.048958165077520654,9.842008755081906,311.4795483544367,18.556562138880583,0.10425034909483473,311.8035370359885,0.32398868155178207,0.0002527212804616085,0.10243018796249538,0.75,1460,1282,178,7.202247191011236,0.0
5581,358.5512221459496,4.911660577341776,4.231716980185193,0.05796872575596155,4.231716980185193,0.05796872575596155,7.9642308263019,346.3552743394648,12.195947806487094,0.16706777817105609,347.1793927782485,0.8241184387836711,0.00024541942786887166,0.1557784844890567,0.21448600531016382,3431,3358,73,46.0,0.0
5582,321.77165714629405,2.0237211141276354,8.083888085294973,0.05084206342952813,8.083888085294973,0.05084206342952813,10.844133606412925,302.8436354545797,18.928021691707897,0.11904416158306853,303.4759210089951,0.6322855544153754,0.00024309325429272408,0.115067522876094,0.0369305887079463,2760,2601,159,16.358490566037737,0.0
5583,363.74090838292227,4.330248909320503,4.509245371655415,0.053681492519707316,4.509245371655415,0.053681492519707316,5.733359530010375,353.49830348126284,10.24260490166579,0.12193577263887845,354.0858096642371,0.5875061829742663,0.00024602436472959225,0.11494165141291865,0.4526241173289236,2472,2388,84,28.428571428571427,0.0
5584,323.30911698718955,2.6942426415599128,6.240844876040875,0.05200704063367396,6.240844876040875,0.05200704063367396,6.362657727895794,310.70561438325717,12.603502603936668,0.1050291883661389,311.3030841788732,0.5974697956160071,0.00024366631142577777,0.10005027340263647,0.39388194138427934,2572,2452,120,20.433333333333334,0.0
5585,360.92273026933844,3.084809660421696,5.860316923648762,0.050088178834604806,5.860316923648762,0.050088178834604806,9.034086583000317,346.0283267626919,14.894403506649079,0.12730259407392375,346.39597364841075,0.3676468857188411,0.00024824232661636804,0.12416031299938204,0.36122238592565736,1598,1481,117,12.658119658119658,0.0
5586,320.57866286728995,2.003616642920562,8.217602461576382,0.05136001538485239,8.217602461576382,0.05136001538485239,10.129498263239611,302.23156214246774,18.347100724815995,0.11466937953009997,302.94619748564105,0.7146353431733132,0.00024069900410013918,0.11020290863530562,0.2247878956029581,3129,2969,160,18.55625,0.0
5587,366.80860487719747,3.031476073365268,6.47713901013099,0.05353007446389248,6.47713901013099,0.05353007446389248,6.760586978253741,353.57087888882097,13.237725988384732,0.10940269411888208,354.4002620084275,0.8293831196065184,0.000244944807916869,0.10254828817165271,0.1021815026447257,3507,3386,121,27.983471074380166,0.0
5588,325.73550571129795,2.395114012583073,7.157088935691412,0.052625653938907446,7.157088935691412,0.052625653938907446,7.851659297665719,310.7267574779453,15.008748233357132,0.11035844289233185,311.4844500701279,0.7576925921825932,0.0002458444491182976,0.10478717383213286,0.032170219439876746,3218,3082,136,22.66176470588235,0.0
5589,351.74010846213196,10.991878389441624,2.2929425453897587,0.07165445454342996,2.2929425453897587,0.07165445454342996,3.0255757759657627,346.42159014077765,5.318518321355521,0.16620369754236003,347.2450634595614,0.8234733187837264,0.0002456662645536177,0.14047015633033055,0.038065516858750925,3384,3352,32,104.75,0.0
5590,321.97801696798547,2.0772775288257126,7.849765303197528,0.050643647117403406,7.849765303197528,0.050643647117403406,11.065218919392237,303.0630327453898,18.914984222589766,0.12203215627477268,303.641695765318,0.5786630199281717,0.0002473976143344043,0.11829884646882244,0.13410181716540137,2494,2339,155,15.09032258064516,0.0
5591,365.2300223615364,3.72683696287282,4.87157167976913,0.049709915099685004,4.87157167976913,0.049709915099685004,6.460451484421128,353.897999197354,11.332023164190257,0.11563288943051284,354.1981346911866,0.30013549383261307,0.0002587374946832871,0.11257028235050777,0.29792525760944955,1258,1160,98,11.83673469387755,0.0
5592,316.72746897885145,3.7262055173982525,4.504541880408335,0.05299461035774512,4.504541880408335,0.05299461035774512,1.3140733968425593,310.9088537016032,5.818615277250895,0.06845429737942228,311.43254023482086,0.5236865332176421,0.0002498504452374247,0.0622932793415363,0.20152731201460483,2181,2096,85,24.658823529411766,0.0
5593,358.5839107713259,4.21863424436854,4.772637083040664,0.05614867156518428,4.772637083040664,0.05614867156518428,6.585883500535147,347.2253901877518,11.35852058357581,0.1336296539244213,348.0183251809351,0.7929349931832803,0.00024617665109695133,0.12430100694577424,0.1443576639130697,3306,3221,85,37.89411764705882,0.0
5594,312.3358282381789,2.865466314111733,5.328070734276059,0.04888138288326659,5.328070734276059,0.04888138288326659,4.659700734366879,302.3480567695294,9.987771468642938,0.09163093090498109,302.58750115961675,0.23944439008732843,0.0002483862967710876,0.08943419338130432,0.6498287622514454,1073,964,109,8.844036697247706,0.0
5595,362.93703272592165,4.594139654758502,4.365987593735124,0.05526566574348258,4.365987593735124,0.05526566574348258,4.617502249173185,353.9535428830195,8.983489842908309,0.11371506130263682,354.6523868204845,0.6988439374649715,0.00024181451123355416,0.10486893551186295,0.01038756865295909,2969,2890,79,36.58227848101266,0.0
5596,331.58638877658336,1.8020999390031704,9.358624459803204,0.050862089455452196,9.358624459803204,0.050862089455452196,10.346117985607407,311.8816463311782,19.70474244541061,0.10709099155114461,312.5412892248596,0.6596428936813936,0.00024039464055444375,0.10350597582458561,0.026331198706657233,2928,2744,184,14.91304347826087,0.0
5597,351.9838103733921,10.666176071920972,2.2396173901203396,0.06786719364001029,2.2396173901203396,0.06786719364001029,2.834929227145949,346.9092637561271,5.0745466172662885,0.15377413991716027,347.63206439512714,0.7228006390000701,0.00024005335071407177,0.13187109025045285,0.46992925837776056,3044,3011,33,91.24242424242425,0.0
5598,321.83319622593035,2.076343201457615,7.835977030284808,0.0505546905179665,7.835977030284808,0.0505546905179665,11.207362789172521,302.7898564064669,19.04333981945733,0.12286025689972471,303.3537560576747,0.5638996512077483,0.0002450672104336151,0.1192221946339076,0.23697212188812955,2456,2301,155,14.845161290322581,0.0
5599,376.026771662632,1.7248934479937246,11.047266209863391,0.05067553307276785,11.047266209863391,0.05067553307276785,11.293456905944367,353.6860485468335,22.34072311580776,0.1024803812651732,354.53558423694403,0.8495356901105424,0.00024397923323105756,0.09858342855820156,0.3758887256781236,3700,3482,218,15.972477064220184,0.0
5600,320.22761287396565,5.521165739206304,3.3570383658024388,0.05787997182417998,3.3570383658024388,0.05787997182417998,3.9479692165932647,312.92260529157284,7.305007582395703,0.12594840659302936,313.577035794734,0.6544305031611657,0.0002413981937149265,0.11466512205571815,0.003938441948776017,2769,2711,58,46.741379310344826,0.0
5601,366.92976953944594,2.307734399619157,8.033676101791537,0.050526264791141744,8.033676101791537,0.050526264791141744,11.952851614164274,346.9432418234942,19.98652771595581,0.1257014321758227,347.49174711699857,0.5485052935043768,0.00024774403500649357,0.12225171334872563,0.16685400847950405,2373,2214,159,13.924528301886792,0.0
5602,310.2352203786993,3.5659220733183825,4.427325083571216,0.05088879406403697,4.427325083571216,0.05088879406403697,3.0024128692703016,302.8054824258511,7.429737952841518,0.08539928681427032,303.1842352965666,0.3787528707155161,0.0002456244297765993,0.08104580554175499,0.0015924557171729248,1629,1542,87,17.724137931034484,0.0
5603,366.59600398612224,3.394407444315947,5.926689015743077,0.05487675014576923,5.926689015743077,0.05487675014576923,5.368615250187986,355.30069972019623,11.295304265931062,0.1045861506104728,356.2073538157779,0.9066540955816436,0.00024365871958657447,0.09619120528096632,0.049433791465617105,3829,3721,108,34.4537037037037,0.0
5604,329.7554968302909,2.680938998620251,6.342815856279379,0.051567608587637224,6.342815856279379,0.051567608587637224,8.844067850289548,314.5686131237262,15.186883706568928,0.12347059924039779,315.1080141289765,0.5394010052502836,0.0002484573953248658,0.11908522521393823,0.023341858046023845,2294,2171,123,17.650406504065042,0.0
5605,357.65896902515624,3.930318340935783,5.2254346232203295,0.0574223584969267,5.2254346232203295,0.0574223584969267,5.185037488250828,347.2484969136872,10.410472111471158,0.114400792433749,348.2098317639652,0.9613348502780354,0.0002404539395392785,0.10383667319990139,0.26371282444415556,4089,3998,91,43.934065934065934,0.0
5606,313.07749479704876,3.2955525768110396,5.062751390090398,0.0532921198956884,5.062751390090398,0.0532921198956884,5.476392178713468,302.53835122823875,10.539143568803865,0.11093835335583016,303.1776667902459,0.6393155620071411,0.00024234858302014448,0.10420871586108277,0.5449041965150627,2733,2638,95,27.768421052631577,0.0
5607,379.8158496392232,1.6162376580392477,11.54548050809791,0.04912970428977834,11.54548050809791,0.04912970428977834,12.982736415547379,355.2876327155866,24.52821692364529,0.10437539116444804,355.84279201002005,0.5551592944334516,0.00024706688670825613,0.10201301118809847,0.13455873008115304,2482,2247,235,9.561702127659574,0.0
5608,332.71227678680543,1.7887756816494915,9.636828299037582,0.051810904833535384,9.636828299037582,0.051810904833535384,9.274995012965064,313.8004534748093,18.911823312002646,0.10167646941936906,314.58508157128267,0.7846280964733978,0.000245349623662726,0.09745803879313313,0.4118002663076368,3384,3198,186,17.193548387096776,0.0
5609,359.1749866328623,3.3884432701213427,5.874349581181814,0.055418392275300134,5.874349581181814,0.055418392275300134,6.0781350289305465,347.22250202275336,11.95248461011236,0.11275928877464492,348.11499982118494,0.8924977984315774,0.0002445199447757746,0.1043394982233716,0.3702201801158935,3756,3650,106,34.43396226415094,0.0
5610,326.57165400661347,1.5119058055861734,11.111374902077875,0.05144155047258275,11.111374902077875,0.05144155047258275,13.258614424925554,302.2016646796076,24.36998932700343,0.11282402466205292,303.1322412428822,0.9305765632745988,0.00024189668917977614,0.10851579983208934,0.29470489627692587,4063,3847,216,17.810185185185187,0.0
5611,366.5341667059354,3.3626987771186734,5.8422326857741345,0.05359846500710215,5.8422326857741345,0.05359846500710215,5.376116582251143,355.31581743791503,11.218349268025278,0.10292063548647044,356.09092354834684,0.7751061104318069,0.00024645663288769693,0.09580957025310588,0.057718406183312254,3254,3145,109,28.853211009174313,0.0
5612,336.3324130197691,1.5939924787666782,10.732842099219807,0.05086655023326923,10.732842099219807,0.05086655023326923,11.755347818046403,313.8442231025108,22.48818991726621,0.10657909913396309,314.52968806935974,0.6854649668489401,0.00024187190079355685,0.10333045000194008,0.25529180209969127,3045,2834,211,13.431279620853081,0.0
5613,357.23387470885814,4.013863760773687,4.604615682179238,0.0517372548559465,4.604615682179238,0.0517372548559465,4.78551054251102,347.84374848416996,9.390126224690258,0.1055070362324748,348.2763397691019,0.4325912849319593,0.00024126675121693213,0.10064645999726084,0.18510522744372793,1882,1793,89,20.146067415730336,0.0
5614,313.589511813356,2.930743101059402,5.574624428054319,0.052099293720133825,5.574624428054319,0.052099293720133825,5.372226818220952,302.6426605670756,10.946851246275271,0.10230702099322683,303.22273957485845,0.5800790077828424,0.00024652741512233,0.09688572185511739,0.132770401365633,2460,2353,107,21.990654205607477,0.0
5615,,,,,,,,,,,,,,,0.6955168173044513,2022,1,2021,0.0004948045522018803,
5616,336.4070852557329,1.5018173448916647,11.490458307527636,0.05129668887289123,11.490458307527636,0.05129668887289123,11.399001746617387,313.5176252015965,22.889460054145022,0.10218508952743313,314.3443066554023,0.8266814538058043,0.00024494265297949757,0.09849454732290448,0.2357472375533689,3599,3375,224,15.066964285714286,0.0
5617,381.99444591579663,1.2861765855750729,14.913033710624095,0.050212234715906044,14.913033710624095,0.050212234715906044,19.547261009520298,347.53415119565943,34.46029472014439,0.11602792835065451,348.4232796977069,0.8891285020474697,0.00024460206383699305,0.11303422969053781,0.009586788818296554,3932,3635,297,12.239057239057239,0.0
5618,332.0065219362232,1.3441559592559642,12.492061040294326,0.050575145912122775,12.492061040294326,0.050575145912122775,15.49399680150782,304.0204640944178,27.986057841802143,0.11330387790203297,304.8729058306235,0.8524417362057193,0.00024425264647728347,0.1098526967838044,0.049612877053505144,3737,3490,247,14.129554655870445,0.0
5619,366.3584230214567,3.663584230214567,5.427888334117389,0.054278883341173895,5.427888334117389,0.054278883341173895,5.9283155050998175,355.0022191822436,11.356203839217207,0.11356203839217206,355.79133003401853,0.7891108517749217,0.0002463661728925762,0.10567092987438173,0.17323061890374447,3303,3203,100,32.03,0.0
5620,332.4182994427424,1.921493060362673,9.174237397249707,0.053030273972541654,9.174237397249707,0.053030273972541654,9.17095522716022,314.0731068183386,18.345192624409925,0.10604157586364119,315.0041365016132,0.9310296832745735,0.0002416376027185501,0.1006599013938106,0.75,4026,3853,173,22.271676300578033,0.0
5621,357.06083538180087,4.0119194986719195,4.98925335587612,0.056059026470518206,4.98925335587612,0.056059026470518206,4.820403163297897,347.2511788626298,9.809656519174016,0.11022085976600018,348.0641667391633,0.8129878765334979,0.0002446547928177845,0.10108616452401784,0.24667270230065697,3412,3323,89,37.337078651685395,0.0
5622,322.18920322137024,2.459459566575345,6.8898579156447575,0.052594335233929444,6.8898579156447575,0.052594335233929444,10.282499743365634,305.01684556236273,17.17235765901039,0.1310866996871022,305.73148090553605,0.7146353431733132,0.00024045603740690218,0.12563146805980296,0.381484562486321,3103,2972,131,22.68702290076336,0.0
5623,369.85007383001584,2.283025147098863,8.273041191652263,0.05106815550402632,8.273041191652263,0.05106815550402632,6.940259651957604,354.63677298641096,15.213300843609867,0.09390926446672757,355.3492782564779,0.712505270066913,0.0002412818388306512,0.08951108378727142,0.10687153788626347,3115,2953,162,18.228395061728396,0.0
5624,321.28315491080775,4.942817767858581,3.216024238133064,0.04947729597127791,3.216024238133064,0.04947729597127791,3.609506649973355,314.4576240227018,6.825530888106419,0.10500816750932952,314.63838803364206,0.1807640109402655,0.0002654390762705808,0.10222718272562606,0.0011451289612978144,746,681,65,10.476923076923077,0.0
5625,374.45338901742184,1.5667505816628529,11.996446015976776,0.05019433479488191,11.996446015976776,0.05019433479488191,14.807210176558101,347.64973282489314,26.803656192534877,0.11214918909010409,348.3700622087822,0.7203293838890659,0.00023955084266347385,0.10913525861355498,0.0671787744786343,3246,3007,239,12.581589958158995,0.0
5626,318.8435015167936,3.1568663516514217,5.561667505850201,0.05506601490940793,5.561667505850201,0.05506601490940793,7.61636426332575,305.665469747619,13.17803176917595,0.13047556207104902,306.47256510890884,0.8070953612898393,0.0002443522135300755,0.12248451888994807,0.0312513386190858,3404,3303,101,32.7029702970297,0.0
5627,373.05737965546973,2.181622103248361,8.911574020979506,0.05211446795894448,8.911574020979506,0.05211446795894448,8.151001614764255,355.9948040197298,17.062575635743762,0.09978114406867697,356.92036615735356,0.9255621376237286,0.00024166113253883253,0.09436849998898349,0.18886153068524436,4001,3830,171,22.39766081871345,0.0
5628,322.121684514113,3.660473687660375,4.753129863022744,0.054012839352531185,4.753129863022744,0.054012839352531185,2.995254802159934,314.3732998489329,7.748384665182678,0.08804982574071225,314.9875516967463,0.6142518478134207,0.00024164116751118045,0.08106969110643934,0.025144065440372287,2630,2542,88,28.886363636363637,0.0
5629,360.2320321378288,3.6758370626309063,5.202216845032078,0.05308384535747018,5.202216845032078,0.05308384535747018,6.638274046133574,348.39154124666584,11.840490891165652,0.12082133562413931,348.99724911858493,0.605707871919094,0.0002425742378530613,0.11464064305350896,0.11231557815153792,2595,2497,98,25.479591836734695,0.0
5630,386.69191732702507,0.477987536869005,38.7955577987573,0.04795495401576922,38.7955577987573,0.04795495401576922,41.92088666727386,305.9754728609894,80.71644446603116,0.09977310811623136,306.6953344048784,0.7198615438890101,0.00024003385924941986,0.09888329162193656,0.3579571092227525,3808,2999,809,3.707045735475896,0.0
5631,371.49908473994947,2.224545417604488,8.015029268124927,0.047994187234281,8.015029268124927,0.047994187234281,7.253087672196898,356.23096779963134,15.268116940321825,0.09142584994204686,356.4495109597906,0.2185431601592427,0.00025062289009087464,0.09011720826442443,0.1939816049075489,1039,872,167,5.221556886227545,0.0
5632,322.42366227986736,3.5431171679106304,4.876565110259373,0.05358862758526783,4.876565110259373,0.05358862758526783,3.285683204117049,314.2614139654936,8.162248314376422,0.08969503642171892,314.85305906720487,0.5916451017112649,0.000244481446988126,0.08319344189739,0.06188343897088089,2511,2420,91,26.593406593406595,0.0
5633,363.8947944665683,3.3081344951506213,5.995919297590709,0.05450835725082463,5.995919297590709,0.05450835725082463,8.036470573876386,349.86240459510464,14.032389871467096,0.12756718064970088,350.6941993656028,0.8317947704981634,0.00024486157506569425,0.12000541000877754,0.36777934243195887,3507,3397,110,30.881818181818183,0.0
5634,318.7988804740287,2.951841485870636,5.961895435638637,0.05520273551517257,5.961895435638637,0.05520273551517257,6.94091016978382,305.89607486860814,12.902805605422458,0.11947042227243017,306.7677774917063,0.8717026230981446,0.00024417440422917216,0.11139910168817045,0.2692081677500937,3678,3570,108,33.05555555555556,0.0
5635,365.3145300946046,4.936682839116278,4.138852644345575,0.05593044113980507,4.138852644345575,0.05593044113980507,4.2868230201761435,356.88885443008485,8.42567566452172,0.11386048195299621,357.58519788754984,0.6963434574649909,0.00024161813236120436,0.10445043523046983,0.08088831614008996,2956,2882,74,38.945945945945944,0.0
5636,335.2453987706749,1.5169475057496602,11.38356873366688,0.05150936078582299,11.38356873366688,0.05150936078582299,9.68573208543853,314.17609795157773,21.06930081910541,0.09533620280138196,315.0361311530653,0.8600332014875676,0.00024405028419056967,0.09144464985343716,0.05383073833331764,3745,3524,221,15.945701357466064,0.0
5637,370.06031187320855,2.17682536396005,8.933421778233516,0.052549539871961856,8.933421778233516,0.052549539871961856,10.71330459547653,350.4135854995038,19.646726373710045,0.11556897866888262,351.33914763712755,0.9255621376237286,0.00024172424591896804,0.11012449550635879,0.3981611428639553,3999,3829,170,22.523529411764706,0.0
5638,329.16495302901376,1.6215022316700185,10.346493428691486,0.05096794792458861,10.346493428691486,0.05096794792458861,12.304305602594695,306.514153997726,22.650799031286184,0.11158029079451322,307.2987820941994,0.7846280964733978,0.0002452729279379174,0.10771512775770622,0.28898919081302665,3402,3199,203,15.758620689655173,0.0
5639,373.343002713191,2.685920882828712,7.15160677652287,0.05145040846419331,7.15160677652287,0.05145040846419331,8.880469889859796,357.3109260468125,16.032076666382665,0.1153386810531127,357.9777800782715,0.6668540314590246,0.00024030775908433317,0.11054117003539222,0.75,2914,2775,139,19.964028776978417,0.0
5640,358.447671916907,0.837494560553521,21.16723568978907,0.04945615815371278,21.16723568978907,0.04945615815371278,23.08430162577065,314.196134601357,44.251537315559716,0.1033914423260741,314.8313216709746,0.6351870696175865,0.00024253038167910902,0.10190736038769248,0.16080981025788788,3047,2619,428,6.119158878504673,0.0
5641,360.7172758315153,5.38383993778381,3.983518159804016,0.059455494922448,3.983518159804016,0.059455494922448,5.739256236693791,350.9945014350192,9.722774396497806,0.14511603576862397,351.85453463650674,0.8600332014875676,0.0002441195576178165,0.13227971932848565,0.04849445213903891,3590,3523,67,52.582089552238806,0.0
5642,339.8315744279337,1.0488628840368324,15.869654940044544,0.048980416481618966,15.869654940044544,0.048980416481618966,17.71005393975838,306.2518655481215,33.57970887980292,0.10364107678951519,306.873727662213,0.6218621140915275,0.00024159367291823135,0.10172174927691562,0.27727373640414044,2898,2574,324,7.944444444444445,0.0
5643,376.6956763012604,2.3543479768828774,8.407731547721374,0.05254832217325859,8.407731547721374,0.05254832217325859,10.760964337773657,357.52698041577037,19.168695885495033,0.11980434928434396,358.46472986721096,0.9377494514405953,0.00024075724042120546,0.11394341521280893,0.011018172595186115,4055,3895,160,24.34375,0.0
5644,326.49170625895704,3.0513243575603464,6.022698998526048,0.05628690652828082,6.022698998526048,0.05628690652828082,4.386150283731467,316.082856976705,10.408849282257515,0.09727896525474314,316.9912464060485,0.9083894293435151,0.00024269020287029524,0.08878934441970593,0.2588113891838475,3850,3743,107,34.981308411214954,0.0
5645,386.7592317485812,1.2557117913914975,15.152828763944399,0.049197495986832464,15.152828763944399,0.049197495986832464,20.09460400034095,351.5117989843013,35.24743276428535,0.11443971676716022,352.1594145281085,0.6476155438072055,0.00024092840171399015,0.1123370688976386,0.08389074453521062,2996,2688,308,8.727272727272727,0.0
5646,314.0082836379654,4.830896671353314,3.8989502331129775,0.05998384974019966,3.8989502331129775,0.05998384974019966,3.4000056448189753,306.70932776003406,7.298955877931952,0.1122916288912608,307.55586814004937,0.8465403800153126,0.00024381923387537807,0.09926793073716977,0.1425871381302386,3537,3472,65,53.41538461538462,0.0
5647,378.65667802785106,2.18876692501648,8.496600566188455,0.0491132980704535,8.496600566188455,0.0491132980704535,11.861195309387085,358.298882152282,20.35779587557554,0.11767512066806671,358.6988994377698,0.4000172854878201,0.0002442107970011112,0.1153628820235911,0.1017270231357088,1811,1638,173,9.468208092485549,0.0
5648,358.2151706802474,0.9868186520117008,18.31513918546623,0.050454928885581896,18.31513918546623,0.050454928885581896,22.206840103084915,317.69319139170375,40.521979288551144,0.11163079693815742,318.57526489537213,0.88207350366838,0.00024474847493573254,0.10920084238257653,0.4088860264428149,3967,3604,363,9.928374655647383,0.0
5649,367.12528257331974,2.549481128981387,6.997898889885741,0.04859652006865098,6.997898889885741,0.04859652006865098,8.976295596108685,351.15108808732884,15.974194485994426,0.11093190615273907,351.3804483414019,0.2293602540730717,0.0002528778986472676,0.10933912661054042,0.35512625307092094,1051,907,144,6.298611111111111,0.0
5650,342.2548250356299,0.997827478237988,16.965923090988987,0.04946333262679005,16.965923090988987,0.04946333262679005,18.082847767596604,307.2060541770327,35.04877085858559,0.10218300541861688,308.04106707070537,0.8350128936726833,0.0002441558168633577,0.09974856549540678,0.011070922594626609,3763,3420,343,9.970845481049563,0.0
5651,409.6457721471743,0.7954286837809209,25.014653395697536,0.048572142515917544,25.014653395697536,0.048572142515917544,26.764283339494796,357.8668354119802,51.77893673519233,0.1005416247285288,358.6514635084536,0.7846280964733978,0.00024557999889621217,0.09901807502664207,0.3371695844800797,3710,3195,515,6.203883495145631,0.0
5652,335.6289418341405,1.8962087109273476,9.383969549159563,0.05301677711389583,9.383969549159563,0.05301677711389583,8.874137193541856,317.37083509144554,18.25810674270142,0.10315314543899107,318.3147545767504,0.943919485304832,0.00024085723023853841,0.0978202669909047,0.6471050371196725,4096,3919,177,22.141242937853107,0.0
5653,365.14790219949396,2.6269633251762157,7.166283365526075,0.051555995435439386,7.166283365526075,0.051555995435439386,7.550047400546418,350.4315714334248,14.716330766072494,0.10587288320915463,351.06626506304247,0.6346936296176864,0.00024271266906986095,0.10130674198885964,0.048362090144337344,2754,2615,139,18.81294964028777,0.0
5654,318.31627186099104,2.744105791905095,6.135130009741195,0.05288905180811375,6.135130009741195,0.05288905180811375,5.413465833139071,306.7676760181125,11.548595842880266,0.09955686071448505,307.44704680052064,0.6793707824081139,0.00024048523271083676,0.09370021603853793,0.3848520823914896,2941,2825,116,24.353448275862068,0.0
5655,365.7852330397693,3.6948003337350435,5.198632906278036,0.05251144349775794,5.198632906278036,0.05251144349775794,3.1813827349469648,357.4052173985465,8.380015641225,0.08464662263863637,357.9913300134706,0.5861126149241045,0.00024616237502062346,0.07872629319493658,0.16592690025163392,2480,2381,99,24.050505050505052,0.0
5656,336.09320061332505,1.8671844478518058,8.89171259027627,0.049398403279312615,8.89171259027627,0.049398403279312615,9.468031057836242,317.7334569652187,18.359743648112513,0.1019985758228473,318.0416755921251,0.30821862690640955,0.00025835593202549,0.1002862501177775,0.030842961285770798,1373,1193,180,6.627777777777778,0.0
5657,365.8844259671205,2.5766508870923976,7.233651810430336,0.050941209932608,7.233651810430336,0.050941209932608,8.445683205478645,350.20509095121497,15.67933501590898,0.11041785222471114,350.76496701352767,0.5598760623126964,0.00024523699619478597,0.1064750630534705,0.56363731498368,2425,2283,142,16.077464788732396,0.0
5658,321.3479937723678,2.2315832900858874,7.687594871395692,0.05338607549580342,7.687594871395692,0.05338607549580342,7.245864856537082,306.4145340444352,14.933459727932775,0.1037045814439776,307.3284803832505,0.9139463388153217,0.00024287704991106078,0.0973577318688699,0.3194973187451069,3907,3763,144,26.131944444444443,0.0
5659,366.66348748936275,3.3950322915681737,5.943413373667553,0.055031605311736606,5.943413373667553,0.055031605311736606,3.6768997279775704,357.0431743877202,9.620313101645124,0.08907697316338077,357.95463592811143,0.9114615403912012,0.00024305641077098698,0.08063751445603076,0.2245554054020431,3858,3750,108,34.72222222222222,0.0
5660,342.33849687855945,1.342503909327684,12.929470514064498,0.05070380593750783,12.929470514064498,0.05070380593750783,12.378939176787298,317.0300871877196,25.308409690851796,0.09924866545432078,317.7620574583393,0.7319702706197404,0.0002404632952101644,0.09637819380478486,0.09862102305964981,3299,3044,255,11.937254901960785,0.0
5661,359.8281238597299,3.5277267045071556,5.375759885833359,0.05270352829248391,5.375759885833359,0.05270352829248391,4.385466710692754,350.06689726320565,9.761226596526113,0.09569829996594229,350.6650288188216,0.5981315556159643,0.00024334074679249973,0.08983426510694387,0.05539600311522008,2560,2458,102,24.098039215686274,0.0
5662,349.87476844012554,0.8006287607325527,20.52850731751824,0.04697598928493876,20.52850731751824,0.04697598928493876,22.678764807324796,306.6674963152707,43.20727212484304,0.09887247625822206,306.6990378875307,0.031541572260039175,0.0026284643550032647,0.09880029874735656,0.28241163640291234,449,12,437,0.02745995423340961,0.0
5663,370.1967731852392,3.938263544523821,5.168725022866424,0.05498643641347259,5.168725022866424,0.05498643641347259,5.666427415916814,359.3616207464588,10.835152438783238,0.1152675791359919,360.1746086229923,0.8129878765334979,0.0002442872225160751,0.1066187719387965,0.09851446431935074,3422,3328,94,35.40425531914894,0.0
5664,328.1701930243123,2.6253615441944986,6.121220512413477,0.04896976409930782,6.121220512413477,0.04896976409930782,5.100607338355303,316.9483651735495,11.22182785076878,0.08977462280615023,317.1237315351723,0.1753663616227641,0.0002681442838268564,0.08837169191312023,0.3773701809523118,779,654,125,5.232,0.0
5665,372.74708242817087,1.7337073601310273,10.773173898701579,0.05010778557535618,10.773173898701579,0.05010778557535618,12.072263316137878,349.90164521333577,22.845437214839457,0.1062578475108812,350.54802041495645,0.6463752016206854,0.00024226956582484461,0.1032514512242531,0.09868034160149364,2883,2668,215,12.409302325581395,0.0
5666,324.05813535123275,1.9521574418748961,8.738501693514372,0.052641576466954054,8.738501693514372,0.052641576466954054,8.274013232580046,307.04562042513544,17.01251492609442,0.10248502967526758,307.98575448279826,0.9401340576628172,0.00024230259218113845,0.09682157149659333,0.025802965805723943,4046,3880,166,23.373493975903614,0.0
5667,368.79924127698973,6.829615579203513,3.069599395928099,0.056844433257927755,3.069599395928099,0.056844433257927755,5.081196720992693,360.6484451600709,8.150796116920793,0.15094066883186652,361.233675854995,0.585230694924121,0.0002469327826684055,0.14010306337027284,0.33461222362507215,2424,2370,54,43.888888888888886,0.0
5668,338.01972190989386,1.9426420799419188,8.901292719412128,0.0511568547092651,8.901292719412128,0.0511568547092651,10.062151783935406,319.0562774065563,18.96344450334753,0.10898531323762949,319.6838879575878,0.6276105510314665,0.00024260168188305624,0.10537835604773606,0.5098366545123554,2761,2587,174,14.867816091954023,0.0
5669,358.9880030022707,3.485320417497774,5.531241007446377,0.05370136900433376,5.531241007446377,0.05370136900433376,3.754589203484329,349.70217279134204,9.285830210930706,0.09015369136825929,350.40700448081884,0.704831689476805,0.00024154615814832246,0.08331066525681431,0.11771395321375167,3021,2918,103,28.33009708737864,0.0
5670,379.62025375977896,0.5164901411697673,34.92223322347329,0.04751324248091604,34.92223322347329,0.04751324248091604,36.349783117645984,308.34823741865443,71.27201634111927,0.09696872971580853,308.7200012795938,0.37176386093938163,0.00024685515334620296,0.09646292854446958,0.06232785265524399,2241,1506,735,2.048979591836735,0.0
5671,380.6072671009092,2.1028025806680066,9.358150942931845,0.05170249139741351,9.358150942931845,0.05170249139741351,10.817709363195718,360.43140679478824,20.17586030612756,0.11146884147031802,361.3031094178864,0.8717026230981446,0.0002439693879367883,0.10665280487857913,0.15918710872051633,3754,3573,181,19.740331491712706,0.0
5672,330.7399852117087,3.180192165497199,5.627862313347275,0.05411406070526226,5.627862313347275,0.05411406070526226,5.7889444033437485,319.3231784950217,11.416806716691024,0.10977698766049061,320.04016997959957,0.7169914845778749,0.00024084362935098249,0.10288283877028011,0.16560974323306255,3081,2977,104,28.625,0.0
5673,367.62327131573693,2.483941022403628,7.87983954906572,0.05324215911530892,7.87983954906572,0.05324215911530892,8.956776601029105,350.78665516564615,16.836616150094827,0.11376091993307315,351.7006015044615,0.9139463388153217,0.00024261915020316478,0.10758560683294226,0.5529322131512799,3915,3767,148,25.4527027027027,0.0
5674,326.8900114975838,1.6678061811101215,10.09473560345224,0.051503753078837956,10.09473560345224,0.051503753078837956,8.660581611863563,308.1346942822613,18.755317215315802,0.09569039395569287,309.05080435570653,0.9161100734452248,0.0002425496620188575,0.09101636296876171,0.03914628116012864,3973,3777,196,19.270408163265305,0.0
5675,375.46673703430065,3.155182664153787,6.231896377235621,0.052368877119627066,6.231896377235621,0.052368877119627066,8.22368390338056,361.0111567536892,14.455580280616182,0.12147546454299313,361.6905275360973,0.6793707824081139,0.0002400603471406763,0.11576646637145667,0.6573806401354432,2949,2830,119,23.781512605042018,0.0
5676,326.9629708933319,4.88004434169152,3.813769239391319,0.05692192894613909,3.813769239391319,0.05692192894613909,4.2700136675866815,318.87918798635656,8.083782906978001,0.12065347622355226,319.55692036876485,0.6777323824082941,0.00024016030560180515,0.11053806753085128,0.15173818422363183,2889,2822,67,42.11940298507463,0.0
5677,376.9315306910398,1.6317382280997395,11.690630193900093,0.050608788718182224,11.690630193900093,0.050608788718182224,14.511046428217469,350.7298540689271,26.20167662211756,0.11342717152431844,351.5342800302815,0.8044259613543545,0.00024458071187423365,0.10994480805523094,0.12248233001514564,3520,3289,231,14.238095238095237,0.0
5678,315.5794389019345,5.441024808654043,3.634002478169284,0.06265521514084972,3.634002478169284,0.06265521514084972,3.2464962320270843,308.6989401917376,6.880498710196369,0.11862928810683394,309.64187023704244,0.9429300453048199,0.0002413437535973432,0.10237187353262188,0.03666273094495409,3965,3907,58,67.36206896551724,0.0
5679,373.877882418765,3.4300723157684865,5.702692088539109,0.05231827604164321,5.702692088539109,0.05231827604164321,6.924102105358543,361.25108822487164,12.626794193897652,0.11584214856786837,361.8711660189631,0.6200777940914577,0.00024174572869062677,0.11015336146607263,0.31808184143187646,2674,2565,109,23.53211009174312,0.0
5680,328.5635854942245,3.35268964790025,4.939414338362812,0.05040218712615114,4.939414338362812,0.05040218712615114,4.794410120828616,318.82976103503665,9.733824459191428,0.09932473937950437,319.1465629351435,0.31680190010683873,0.0002520301512385352,0.0960920669293983,0.24993243133621945,1355,1257,98,12.826530612244898,0.0
5681,370.67864860964687,2.036695871481576,9.078155257232062,0.04987997394083551,9.078155257232062,0.04987997394083551,10.519998425414997,351.08049492700343,19.59815368264706,0.10768216309146736,351.5921139250747,0.5116189980712988,0.00024835873692781495,0.10487106969545133,0.75,2242,2060,182,11.31868131868132,0.0
5682,328.28881977525975,1.5707599032309079,10.539608328714221,0.05042874798427857,10.539608328714221,0.05042874798427857,8.81801814538062,308.93119330115405,19.357626474094843,0.09262022236409016,309.68900200860185,0.7578087074477935,0.00042430498737278474,0.0889943433811383,0.056477747651342725,1995,1786,209,8.545454545454545,0.0
5683,,,,,,,,,,,,,,,0.034015580952427626,3772,355,3417,0.10389230318993269,
5684,331.98254384856523,2.6140357783351593,6.842573608496505,0.05387853235036619,6.842573608496505,0.05387853235036619,6.936438380062327,318.2035318600117,13.779011988558832,0.10849615739022703,319.0302133138175,0.8266814538058043,0.00024487009887612686,0.10198685460431273,0.2945848167751137,3503,3376,127,26.58267716535433,0.0
5685,361.9664684234217,4.309124624088353,4.73782482803075,0.05640267652417559,4.73782482803075,0.05640267652417559,5.421466237341747,351.80717735805183,10.159291065372496,0.12094394125443449,352.6114458794061,0.8042685213542882,0.00024468163107827445,0.11136931600018551,0.015376240328350832,3371,3287,84,39.13095238095238,0.0
5686,349.1887351447656,0.8537621886180088,19.879240633536398,0.04860450032649486,19.879240633536398,0.04860450032649486,20.75896862756008,308.55052588365857,40.63820926109648,0.09935992484375666,309.30833459110636,0.7578087074477935,0.0005515347215777246,0.09750709181823772,0.036690779439595644,1783,1374,409,3.359413202933985,0.0
5687,383.73225946148546,1.7130904440244887,11.400183911906083,0.05089367817815216,11.400183911906083,0.05089367817815216,11.847221564958545,360.4848539846246,23.24740547686463,0.10378306016457424,361.35726572772273,0.8724117430981551,0.00024375852000507267,0.0998883648828693,0.47704753597599847,3803,3579,224,15.977678571428571,0.0
5688,340.45479197288023,1.6607550827945377,10.287633346327635,0.05018357729915919,10.287633346327635,0.05018357729915919,10.96358720761873,319.2035714189394,21.251220553946364,0.10366449050705544,319.6739068013162,0.4703353823767884,0.00023996703182489203,0.10137017156860499,0.15338949391230017,2165,1960,205,9.560975609756097,0.0
5689,362.900830385066,5.336776917427441,3.895540363672003,0.05728735828929416,3.895540363672003,0.05728735828929416,5.402116633186779,353.60317338820914,9.297656996858782,0.13673024995380562,354.3235027720982,0.7203293838890659,0.00023955084266347385,0.12613717077893813,0.04694449904513931,3075,3007,68,44.220588235294116,0.0
5690,329.2523034732708,1.5034351756770354,10.322842162724575,0.047136265583217235,10.322842162724575,0.047136265583217235,10.403745340836622,308.525715969698,20.7265875035612,0.0946419520710557,308.59686585664826,0.07114988695025204,0.0003234085770466002,0.0943170667425686,0.10523709247490842,439,220,219,1.004566210045662,0.0
5691,369.44195610124984,4.505389708551827,4.522160737488967,0.055148301676694725,4.522160737488967,0.055148301676694725,4.318492156455704,360.6013032073083,8.840652893944672,0.10781284017005698,361.31249263737527,0.7111894300669519,0.00024116291287451744,0.0991397983399338,0.5437876885816877,3031,2949,82,35.96341463414634,0.0
5692,342.627776962491,1.557398986193141,11.44524083390297,0.05202382197228623,11.44524083390297,0.05202382197228623,11.582477633805638,319.6000584947858,23.02771846770861,0.10467144758049368,320.47603305585994,0.8759745610741447,0.000243936107233123,0.10068974503014115,0.23135556368288235,3811,3591,220,16.322727272727274,0.0
5693,417.2507520082197,0.7256534817534256,27.6439202505344,0.04807638304440765,27.6439202505344,0.04807638304440765,36.26884034187606,353.33799141581926,63.91276059241046,0.11115262711723557,353.9072436192773,0.5692522034580634,0.00024589728011147446,0.11016262328511718,0.3896231906242065,2890,2315,575,4.026086956521739,0.0
5694,329.0403805388237,1.4956380933582896,10.762373132611414,0.048919877875506425,10.762373132611414,0.048919877875506425,10.719180466996477,307.55882693920285,21.481553599607892,0.09764342545276315,308.02690822951627,0.46808129031342105,0.00024016484880113958,0.09551578322412463,0.2540272238891248,2169,1949,220,8.85909090909091,0.0
5695,376.8238088317994,2.216610640187055,8.881822625448644,0.052246015443815554,8.881822625448644,0.052246015443815554,7.3200097175606516,360.6219764887928,16.201832343009293,0.09530489613534879,361.5240889799936,0.9021124912007963,0.00024348515282072774,0.08999835206944574,0.23638360415634452,3875,3705,170,21.794117647058822,0.0
5696,331.6670883695424,3.0151553488140217,5.817266850828737,0.05288424409844306,5.817266850828737,0.05288424409844306,5.589154996611569,320.26066652210875,11.406421847440306,0.10369474406763915,320.84914614508284,0.5884796229740914,0.0002455067263137636,0.0983449293132687,0.046562962793359475,2507,2397,110,21.79090909090909,0.0
5697,370.6116261538134,2.555942249336644,7.529707315761756,0.05192901597077073,7.529707315761756,0.05192901597077073,10.414233646434923,352.6676851916193,17.943940962196677,0.12375131698066674,353.38467667619716,0.7169914845778749,0.00024027864764674092,0.11880654812149134,0.75,3129,2984,145,20.579310344827586,0.0
5698,324.8286445582528,1.7558305111256907,9.31004199875771,0.050324551344636266,9.31004199875771,0.050324551344636266,7.925497741342042,307.59310481814214,17.235539740099753,0.09316507967621489,308.25461267182345,0.6615078536813144,0.00024063581436206417,0.08958936154826669,0.4827623182825391,2934,2749,185,14.85945945945946,0.0
5699,379.51753924648483,1.8603800943455138,9.901955288544814,0.04853899651247458,9.901955288544814,0.04853899651247458,9.393431210366316,360.2221527475763,19.295386498911128,0.09458522793583886,360.5389546476831,0.31680190010683873,0.00025083285835854216,0.09303227744510646,0.022610951341448526,1467,1263,204,6.1911764705882355,0.0
5700,335.1549595387112,2.0561653959430135,8.630633638085778,0.05294867262629312,8.630633638085778,0.05294867262629312,7.225221719208321,319.2991041814214,15.855855357294098,0.09727518624106808,320.1120920579549,0.8129878765334979,0.000244728439654876,0.09228753055678703,0.4861817987609811,3485,3322,163,20.380368098159508,0.0
5701,365.84763867455104,3.5867415556328535,5.533034956876161,0.054245440753687854,5.533034956876161,0.054245440753687854,6.951464239953111,353.36313947772305,12.484499196829272,0.1223970509493066,354.12083206990565,0.7576925921825932,0.0002456850169204258,0.11496869220240578,0.16795084642808433,3186,3084,102,30.235294117647058,0.0
5702,316.5587157046932,3.3676459117520556,4.974522385303973,0.05292045090748908,4.974522385303973,0.05292045090748908,4.285930559805365,307.2982627595791,9.26045294510934,0.09851545686286531,307.9084788708051,0.6102161112260092,0.00024138295539003526,0.09202379610519287,0.75,2622,2528,94,26.893617021276597,0.0
5703,381.29057341932435,1.6650243380756522,11.587595971498656,0.05060085577073649,11.587595971498656,0.05060085577073649,10.040577213308325,359.66240023451815,21.628173184806982,0.09444617111269425,360.4814928177973,0.8190925832791436,0.0002453107467143287,0.09086934760492164,0.22386533890698956,3568,3339,229,14.580786026200874,0.0
5704,329.92385882467306,2.749365490205609,6.096809841495306,0.05080674867912755,6.096809841495306,0.05080674867912755,5.310257549753715,318.51679143343085,11.40706739124902,0.09505889492707517,318.89554430414637,0.3787528707155161,0.0002457838226577003,0.0919026210043891,0.4534844391889692,1661,1541,120,12.841666666666667,0.0
5705,,,,,,,,,,,,,,,0.08183829291124312,3065,29,3036,0.009552042160737812,
5706,322.85822420007116,1.82405776384221,8.949314358278365,0.050561098069369294,8.949314358278365,0.050561098069369294,7.086968812006944,306.8219410297754,16.03628317028531,0.09060046988861756,307.4996734121837,0.6777323824082941,0.0002400752328757684,0.08677147337789522,0.32734977002246524,3000,2823,177,15.94915254237288,0.0
5707,374.6331905877014,2.165509772183245,8.903222926360028,0.0514637163373412,8.903222926360028,0.0514637163373412,6.257082285612796,359.4728853757292,15.160305211972824,0.08763182203452499,360.2531223004969,0.7802369247676779,0.0002452803913133222,0.0831217820069624,0.3331209755258442,3354,3181,173,18.387283236994218,0.0
5708,339.3506627198235,1.6236873814345623,10.89630223918833,0.05213541741238435,10.89630223918833,0.05213541741238435,10.040025396786405,318.4143350838501,20.936327635974735,0.1001738164400705,319.2555334371989,0.8411983533487728,0.0002441794929894841,0.09614894393600293,0.0708077241022238,3654,3445,209,16.483253588516746,0.0
5709,362.10779222185374,4.210555723509927,4.681293435100437,0.05443364459419112,4.681293435100437,0.05443364459419112,5.4218501943926185,352.0046485923617,10.103143629493054,0.11747841429643087,352.66860589366206,0.6639573013003428,0.00024030304064435136,0.10975798056036838,0.09911244737145353,2849,2763,86,32.127906976744185,0.0
5710,320.17566317335195,1.9642678722291531,8.410262110545807,0.0515967000646982,8.410262110545807,0.0515967000646982,4.8911234557731404,306.8742776070237,13.301385566318947,0.08160359243140458,307.67116662192143,0.7968890148977152,0.00024595339965978864,0.0767147027695124,0.21655809901767498,3403,3240,163,19.87730061349693,0.0
5711,368.8922866211799,3.4475914637493448,5.864967717723166,0.05481278240862772,5.864967717723166,0.05481278240862772,3.6232743865905377,359.4040445168698,9.488242104313704,0.0886751598533991,360.25216196698034,0.8481174501105215,0.00024399236194203727,0.08074882854392106,0.5559957667353501,3583,3476,107,32.48598130841121,0.0
5712,343.156143220627,1.7597750934391128,9.897738084615018,0.050757631203153936,9.897738084615018,0.050757631203153936,13.563901499519943,319.6945036364932,23.46163958413496,0.12031610043146133,320.21953913193306,0.5250354954398517,0.00025001690259040556,0.11762361071125083,0.22398213393876176,2295,2100,195,10.76923076923077,0.0
5713,364.68842799749564,3.2854813333107713,6.051215136765002,0.054515451682567585,6.051215136765002,0.054515451682567585,6.76873223118173,351.8684806295503,12.819947367946732,0.11549502133285344,352.7180163196608,0.8495356901105424,0.00024397923323105756,0.10784154664716052,0.04032688699089704,3593,3482,111,31.36936936936937,0.0
5714,316.7437231694141,2.8535470555803073,5.618058709407466,0.05061314152619338,5.618058709407466,0.05061314152619338,3.6872721555464523,307.43839230445406,9.305330864953918,0.08383180959417944,307.8918687724981,0.45347646804407304,0.0002377957357336513,0.07974643600825222,0.21315344908862244,2018,1907,111,17.18018018018018,0.0
5715,391.3943031122135,1.1410912627178236,16.79611727478993,0.048968271938163055,16.79611727478993,0.048968271938163055,14.82475896944652,359.7734268679724,31.62087624423645,0.09218914356920248,360.4255576749631,0.6521308069907263,0.00024144050610541516,0.09028788757215857,0.0012726289896818344,3044,2701,343,7.87463556851312,0.0
5716,333.0508793495155,2.542373124805462,7.197306232055617,0.05494126894698944,7.197306232055617,0.05494126894698944,6.398624048027386,319.4549490694351,13.595930280083003,0.10378572732887789,320.3570615606359,0.9021124912007963,0.00024309148240387934,0.09689937243419573,0.75,3842,3711,131,28.328244274809162,0.0
5717,,,,,,,,,,,,,,,0.010220780298595855,3801,850,2951,0.28803795323619114,
5718,338.24871099497136,1.11266023353609,14.882665834862898,0.04895613761468059,14.882665834862898,0.04895613761468059,15.453569550660177,307.9124756094395,30.336235385523075,0.09979024797869433,308.6207073784501,0.708231769010581,0.0002405678563215289,0.09746053821224097,0.15902760234348534,3248,2944,304,9.68421052631579,0.0
5719,377.38841365211533,2.1814359170642503,9.04432790431531,0.05227935204806537,9.04432790431531,0.05227935204806537,6.845613212623903,361.49847253517487,15.889941116939212,0.09184937061814574,362.41295135399037,0.9144788188154962,0.00024231023286049185,0.08656336588511541,0.3659087706837454,3947,3774,173,21.815028901734102,0.0
5720,374.8557466678933,0.6599573004716431,27.755581789945733,0.048865460897791785,27.755581789945733,0.048865460897791785,27.09467982885394,320.0054850491001,54.85026161879968,0.096567362004929,320.7427782541447,0.7372932050445797,0.00024008245035642454,0.09526931058758557,0.008549680266924042,3639,3071,568,5.40669014084507,0.0
5721,376.0084994782221,1.6137703840267044,11.822481988912935,0.05074026604683663,11.822481988912935,0.05074026604683663,12.663902946749886,351.52211454256553,24.48638493566282,0.1050917808397546,352.4146123409971,0.8924977984315774,0.00024438603461981854,0.10126131818551506,0.18935302213890282,3885,3652,233,15.67381974248927,0.0
5722,327.18757305768304,1.731151180199381,9.665006189035045,0.05113759888378331,9.665006189035045,0.05113759888378331,9.021767334343167,308.5007995342951,18.686773523378214,0.09887181758401171,309.33891530320625,0.838115768911166,0.0002447053339886616,0.09443734261627931,0.16313058419223125,3614,3425,189,18.12169312169312,0.0
5723,,,,,,,,,,,,,,,0.3998935726617674,3924,919,3005,0.30582362728785356,
5724,345.04532728470826,1.3425888221194875,13.062801674217765,0.05082802207866834,13.062801674217765,0.05082802207866834,12.278494912384986,319.70403069810845,25.341296586602752,0.09860426687394067,320.50829921946274,0.8042685213542882,0.00024483060010785027,0.0954748173744962,0.43049957229982283,3542,3285,257,12.782101167315176,0.0
5725,361.65745680322243,3.6165745680322243,5.3816600567325725,0.05381660056732573,5.3816600567325725,0.05381660056732573,4.957906843386354,351.31788990310474,10.339566900118927,0.10339566900118927,352.01886968283884,0.700979779734098,0.0002408865222453945,0.0963858712038359,0.15057143325270772,3010,2910,100,29.1,0.0
5726,328.30123786410354,1.5783713358851132,10.518241750133342,0.05056846995256414,10.518241750133342,0.05056846995256414,9.070315379297199,308.71268073466376,19.58855712943054,0.09417575542995452,309.5241658911973,0.8114851565335357,0.000244496883559366,0.09027438448512616,0.06877752218611022,3527,3319,208,15.95673076923077,0.0
5727,392.8921888321936,1.1905823904005866,15.981964485537556,0.04843019541071987,15.981964485537556,0.04843019541071987,15.029294862767529,361.880929483882,31.011259348305085,0.09397351317668208,362.3288496463681,0.4479201624860707,0.00023825540557769717,0.09261617935098636,0.20438693457117552,2210,1880,330,5.696969696969697,0.0
5728,341.4011521723612,1.7689178869034259,9.826131642739982,0.050912599185181255,9.826131642739982,0.050912599185181255,10.532721098946013,321.04229943067526,20.358852741685993,0.10548628363567872,321.6298056136495,0.5875061829742663,0.0002457156766935451,0.1024422101487652,0.0031252004873749684,2584,2391,193,12.38860103626943,0.0
5729,370.61976849847724,1.9303112942629024,9.707648279544257,0.050560668122626336,9.707648279544257,0.050560668122626336,8.551078495092725,352.3610417238449,18.258726774636983,0.09509753528456762,353.0750588270182,0.7140171031733189,0.00024097776009899388,0.0913786962055158,0.32899279203252263,3155,2963,192,15.432291666666666,0.0
5730,321.1213383130614,2.7213672738395034,6.371084857497771,0.053992244555065856,6.371084857497771,0.053992244555065856,5.013445935768914,309.7368075197876,11.384530793266684,0.09647907451920919,310.5997646769222,0.8629571571345878,0.00024370436518909568,0.08916587827236643,0.748602764700081,3659,3541,118,30.008474576271187,0.0
5731,380.6728317465265,1.7542526808595693,11.00193250601992,0.050700149797326816,11.00193250601992,0.050700149797326816,8.271573889029014,361.3993253514741,19.273506395048933,0.088818001820502,362.196407100545,0.7970817490709123,0.00024495444040286183,0.08514481403678122,0.03559604487327306,3471,3254,217,14.995391705069125,0.0
5732,332.6731890429287,3.3946243779890684,5.638255429347909,0.0575332186668154,5.638255429347909,0.0575332186668154,4.924590998760777,322.11034261481586,10.562846428108687,0.10778414722559884,323.023185915207,0.9128433003911596,0.00024290667918870664,0.09846941967062933,0.08766981998201118,3856,3758,98,38.3469387755102,0.0
5733,375.57938277207904,1.6766936730896387,11.389366866511896,0.050845387796928106,11.389366866511896,0.050845387796928106,11.679128629436036,352.5108872761389,23.068495495947932,0.1029843548926247,353.4101261673395,0.899238891200639,0.00024303753816233488,0.0989698955568729,0.2607756154939125,3924,3700,224,16.517857142857142,0.0
5734,326.5154711807518,2.3322533655767983,6.981599687081443,0.049868569193438884,6.981599687081443,0.049868569193438884,7.740875918206029,311.79299557545824,14.722475605287473,0.10516054003776766,312.2594778794148,0.46648230395658175,0.0002405788055474893,0.10182852358097827,0.023778163687666165,2079,1939,140,13.85,0.0
5735,368.6597442869829,3.723835800878615,5.213247625019295,0.05265906691938682,5.213247625019295,0.05265906691938682,1.785690448911737,361.6608062130499,6.998938073931032,0.07069634418112153,362.24088522083275,0.5800790077828424,0.00024579618973849255,0.06483696026414305,0.16337728833150322,2459,2360,99,23.838383838383837,0.0
5736,367.36720069491366,0.8292713333970964,21.60009137805152,0.04875867128228334,21.60009137805152,0.04875867128228334,22.649907920455007,323.1172013964108,44.24999929850652,0.09988713159933753,323.7181685762173,0.6009671798065028,0.0002424232270296502,0.09853054654333265,0.09090208908423847,2922,2479,443,5.595936794582393,0.0
5737,369.9966499040163,2.269918097570652,8.214987098599622,0.05039869385643939,8.214987098599622,0.05039869385643939,7.958529183857763,353.8231336215631,16.173516282457385,0.0992240262727447,354.4206034171791,0.5974697956160071,0.00024396480016986816,0.09555856740390911,0.30376221947039994,2612,2449,163,15.024539877300613,0.0
5738,321.81690392043356,3.3875463570571953,5.169341838689058,0.05441412461777956,5.169341838689058,0.05441412461777956,5.339857979178532,311.3077041025608,10.50919981786759,0.11062315597755357,312.05807893474343,0.7503748321826151,0.00024394500396053808,0.10272447353358027,0.4878449648251717,3171,3076,95,32.37894736842105,0.0
5739,384.4586539499692,1.6936504579293796,11.194020868454365,0.0493128672619135,11.194020868454365,0.0493128672619135,10.629702902444478,362.6349301790631,21.823723770898845,0.09613975229470857,363.17242409961636,0.5374939205532883,0.0002489550349945754,0.09377193766675247,0.34387490524522946,2386,2159,227,9.51101321585903,0.0
5740,333.1811343926804,3.7020126043631154,5.262739776440575,0.058474886404895274,5.262739776440575,0.058474886404895274,4.952395855087616,322.9659987611476,10.215135631528192,0.1135015070169799,323.9012428800802,0.9352441189325873,0.00024216574804054565,0.10310990569555795,0.006179105861292555,3952,3862,90,42.91111111111111,0.0
5741,373.0273340196295,2.233696610895985,8.361150928309605,0.05006677202580602,8.361150928309605,0.05006677202580602,10.530895507323294,354.1352875840023,18.8920464356329,0.11312602656067604,354.68605091049903,0.5507633264967353,0.0002469790701779082,0.10982804256964354,0.15166935314800867,2397,2230,167,13.353293413173652,0.0
5742,337.76504539233224,1.3564861260736234,12.241062459523361,0.0491608934117404,12.241062459523361,0.0491608934117404,12.688941992756554,312.83504094004957,24.930004452279917,0.10012049980835308,313.47635909018004,0.6413181501304734,0.00024273964804332832,0.09754492490824176,0.3694215654409163,2891,2642,249,10.610441767068274,0.0
5743,376.66950810343565,2.228813657416779,8.313093360911886,0.04918990154385731,8.313093360911886,0.04918990154385731,6.039146864651229,362.31726787786647,14.352240225563115,0.0849244983761131,362.7122604300191,0.39499255215264384,0.00024640832947763185,0.0825872643397428,0.5182635719659174,1772,1603,169,9.485207100591715,0.0
5744,339.9636360793709,2.3445768005473853,7.683711070940001,0.052991110834068975,7.683711070940001,0.052991110834068975,7.837889139607114,324.44203586882327,15.521600210547115,0.10704551869342838,325.2887074488385,0.8466715800152542,0.0002444907825628802,0.10120640434849897,0.12994993114466524,3608,3463,145,23.882758620689657,0.0
5745,376.55527879495116,1.7678651586617427,10.80696438377239,0.05073692198954174,10.80696438377239,0.05073692198954174,12.235909819325343,353.512404591861,23.042874203097732,0.108182507995764,354.3441993623592,0.8317947704981634,0.00024486157506569425,0.1042773682281314,0.3899937945620877,3610,3397,213,15.948356807511738,0.0
5746,334.0265663413197,1.6136549098614479,9.93018928629986,0.047971928919323,9.93018928629986,0.047971928919323,11.63273185527305,312.46364519974645,21.56292114157291,0.10416870116701889,312.77186382665286,0.30821862690640955,0.0002581395535229561,0.10267972229307662,0.11567577004689156,1401,1194,207,5.768115942028985,0.0
5747,377.0736503101407,2.655448241620709,7.506791589774976,0.05286472950545758,7.506791589774976,0.05286472950545758,5.905804432334435,363.66105428802825,13.412596022109412,0.09445490156415079,364.51425826423406,0.8532039762058048,0.00024370293522016703,0.08844642285849742,0.15604327809592178,3643,3501,142,24.654929577464788,0.0
5748,350.6445606377624,1.3859468799911558,12.553945472539095,0.0496203378361229,12.553945472539095,0.0496203378361229,13.714493115416644,324.3761220498095,26.26843858795574,0.10382782050575391,324.99037389762293,0.6142518478134207,0.00024192668287255638,0.10139994758948416,0.25087255632411143,2792,2539,253,10.035573122529645,0.0
5749,368.94586410209513,2.580041007706959,7.258351684895734,0.05075770409017996,7.258351684895734,0.05075770409017996,7.789644420102832,353.89786799710146,15.047996104998566,0.10523074199299697,354.47786285702955,0.5799948599280924,0.00024712179800941305,0.10117483388157748,0.49221245496073607,2490,2347,143,16.412587412587413,0.0
5750,,,,,,,,,,,,,,,0.018330537312976958,4007,1882,2125,0.8856470588235295,
5751,379.9097707486708,2.466946563303057,7.991080564874791,0.05189013353814799,7.991080564874791,0.05189013353814799,7.6436907190388865,364.27499946475405,15.634771283913677,0.10152448885658232,365.04580009396454,0.7708006292104983,0.00024673515659747066,0.09651928996562491,0.5597487247403024,3278,3124,154,20.285714285714285,0.0
5752,354.11362821300213,1.2557220858617097,13.653847509501452,0.0484178989698633,13.653847509501452,0.0484178989698633,16.39747254041231,324.0623081630913,30.051320049913762,0.10656496471600625,324.42188627478663,0.3595781116953276,0.00025075182126591884,0.10528986502913298,0.10120613022536418,1716,1434,282,5.085106382978723,0.0
5753,386.29827845711907,1.3366722437962597,14.337032424105349,0.04960910873392854,14.337032424105349,0.04960910873392854,18.170983880398126,353.7902621526223,32.50801630450347,0.11248448548271098,354.5748902490957,0.7846280964733978,0.000245349623662726,0.1097695093703231,0.008315312128615915,3487,3198,289,11.065743944636678,0.0
5754,326.9688948303494,2.4041830502231574,7.199464022389006,0.05293723545874269,7.199464022389006,0.05293723545874269,7.850779050285382,311.9186517576725,15.050243072674387,0.11066355200495873,312.8178906488731,0.899238891200639,0.00024290623749341952,0.10405150133438464,0.13873890157151436,3838,3702,136,27.220588235294116,0.0
5755,378.8490531419675,2.525660354279783,7.798341249446286,0.051988941662975234,7.798341249446286,0.051988941662975234,6.331777709149492,364.7189341833689,14.130118958595776,0.09420079305730518,365.4851529708651,0.7662187874962001,0.00024668988650875727,0.08909266780734924,0.07860556667014862,3256,3106,150,20.706666666666667,0.0
5756,360.1136843735392,0.9654522369263785,17.960397943426894,0.04815120092071554,17.960397943426894,0.04815120092071554,18.346390277052933,323.80689615306574,36.30678822047983,0.09733723383506657,324.16969215942095,0.3627960063552109,0.00024815048314309914,0.09636459038637595,0.730135299141466,1835,1462,373,3.9195710455764075,0.0
5757,361.1165029712927,4.513956287141158,4.617644001112669,0.05772055001390837,4.617644001112669,0.05772055001390837,2.214299387338997,354.2845595828421,6.831943388451666,0.08539929235564583,355.20066965628735,0.9161100734452248,0.00024242129490479618,0.07394791643756662,0.19545914012542198,3859,3779,80,47.2375,0.0
5758,321.41498448964853,3.182326579105431,5.455768787328914,0.05401751274583083,5.455768787328914,0.05401751274583083,4.494020131937532,311.4651955703798,9.949788919266446,0.09851276157689551,312.2487119868531,0.783516416473276,0.0002456934513870417,0.09075517329500432,0.3955514649849192,3290,3189,101,31.574257425742573,0.0
5759,375.93215185027725,3.056358958132335,6.277421419025253,0.051035946496140266,6.277421419025253,0.051035946496140266,5.354614707887777,364.3001157233607,11.632036126913029,0.09456939940579698,364.82380225657835,0.5236865332176421,0.000250328170754131,0.09031178531462523,0.38742912358475223,2215,2092,123,17.008130081300813,0.0
5760,341.5232172369215,1.8263273649033234,9.594590012865096,0.05130796798323581,9.594590012865096,0.05130796798323581,8.758480940621212,323.1701462834403,18.35307095348631,0.09814476445714604,323.94263715265083,0.7724908692105146,0.0002467233692783502,0.09401379724208904,0.02110614728553628,3318,3131,187,16.74331550802139,0.0
5761,369.40866589041525,2.383281715422034,7.653724822761949,0.04937886982427064,7.653724822761949,0.04937886982427064,7.890195391827547,353.86474567583286,15.543920214589495,0.10028335622315802,354.28908946028537,0.4243437844525033,0.00023987777526992838,0.09754565438793472,0.5318372445992736,1924,1769,155,11.412903225806451,0.0
5762,343.10140481886947,1.0120985392887005,16.585451426817205,0.048924635477336886,16.585451426817205,0.048924635477336886,15.116984722112193,311.3989686699417,31.702436148929397,0.09351751076380353,312.11384582056144,0.7148771506197136,0.000354953898023691,0.09140872860857827,0.33272511729933285,2353,2014,339,5.941002949852507,0.0
5763,,,,,,,,,,,,,,,0.014092771463083409,3417,1773,1644,1.0784671532846715,
5764,336.4483098296703,2.9256374767797415,5.800710731577582,0.05044096288328332,5.800710731577582,0.05044096288328332,7.045551702164403,323.60204739592973,12.846262433741984,0.11170662985862595,324.0346386808617,0.4325912849319593,0.00024113226584836082,0.10794496651137904,0.7265745117028928,1909,1794,115,15.6,0.0
5765,360.4123540089929,3.7542953542603428,5.238193451537211,0.054564515120179284,5.238193451537211,0.054564515120179284,2.1923827065500063,352.9817778509082,7.430576158087217,0.07740183498007518,353.75613004134016,0.774352190431955,0.00024684481684155406,0.06933566632971615,0.28071571780697013,3233,3137,96,32.677083333333336,0.0
5766,322.03110282953526,2.90118110657239,5.848396467094121,0.05268825646030739,5.848396467094121,0.05268825646030739,6.352385483192393,309.8303208792465,12.200781950286514,0.1099169545070857,310.54519802986624,0.7148771506197136,0.0006913705518565896,0.10347661981683798,0.5472647897222487,1145,1034,111,9.315315315315315,0.0
5767,379.0366245438238,2.398965978125467,7.916226717167534,0.05010270074156667,7.916226717167534,0.05010270074156667,7.927624095141709,363.1927737315075,15.843850812309244,0.10027753678676736,363.7109820000585,0.5182082685510068,0.00024961862646965643,0.0969977376187677,0.02940510264306795,2234,2076,158,13.139240506329115,0.0
5768,340.86879030064574,2.04113048084219,8.485397157789327,0.050810761423888184,8.485397157789327,0.050810761423888184,9.175807630578447,323.2075855122846,17.661204788367776,0.10575571729561542,323.8539607139053,0.6463752016206854,0.00024208809049463872,0.10188520710623031,0.11376529994754492,2837,2670,167,15.988023952095809,0.0
5769,368.05728278251945,2.520940293030955,7.295519612537799,0.049969312414642454,7.295519612537799,0.049969312414642454,7.418023555341961,353.34373961464667,14.71354316787976,0.10077769293068328,353.83565649388356,0.4919168792368964,0.0002410175792439473,0.09740839923723212,0.24132655717926355,2187,2041,146,13.979452054794521,0.0
5770,323.16373592187597,2.859856070105097,5.765575359320424,0.051022790790446235,5.765575359320424,0.051022790790446235,6.220775733211667,311.17738482934396,11.986351092532091,0.10607390347373533,311.7333383637772,0.5559535344332289,0.0002469806905523007,0.1011539606911396,0.11375753103880015,2364,2251,113,19.920353982300885,0.0
5771,395.8179128923275,1.319393042974425,14.893126138662705,0.04964375379554235,14.893126138662705,0.04964375379554235,16.22438368161852,364.7004030720427,31.117509820281224,0.10372503273427075,365.468456099539,0.7680530274963075,0.0002465659799346092,0.10116485597596163,0.04817401756554318,3415,3115,300,10.383333333333333,0.0
5772,335.6751463744263,3.196906155946917,5.803243410711597,0.05526898486391998,5.803243410711597,0.05526898486391998,6.049368230556411,323.8225347331613,11.852611641268009,0.11288201563112389,324.74017568660656,0.9176409534452432,0.00024218552479420512,0.10414257797923537,0.20455884113130196,3894,3789,105,36.08571428571429,0.0
5773,384.30129186972135,1.5070638896851818,12.477958998723107,0.048933172544012186,12.477958998723107,0.048933172544012186,16.686831550883426,355.136501320118,29.164790549606533,0.11437172764551581,355.66018785333563,0.5236865332176421,0.0002499697055931466,0.11231805496621854,0.017339104254006088,2350,2095,255,8.215686274509803,0.0
5774,377.75519822114825,0.563813728688281,32.22531254842668,0.04809748141556221,32.22531254842668,0.04809748141556221,34.18729150874924,311.342594163983,66.41260405717591,0.09912328963757598,311.89517637047993,0.5525822064969361,0.00024735103245162763,0.09829854007562436,0.3088978065579795,2904,2234,670,3.334328358208955,0.0
5775,385.63530256800027,1.7936525700837223,10.81446353691197,0.05029983040424173,10.81446353691197,0.05029983040424173,9.94044161137549,364.8803974197101,20.754905148287463,0.09653444255017425,365.5867975087208,0.7064000890106854,0.00024100992460275857,0.09324886074083479,0.05726292788563114,3146,2931,215,13.632558139534884,0.0
5776,339.1274735150332,2.2021264513963197,7.866729216475093,0.051082657249838265,7.866729216475093,0.051082657249838265,7.6060358701424775,323.6547084284232,15.47276508661757,0.10047250056245176,324.3068392354139,0.6521308069907263,0.00024152992851508384,0.09623788493259285,0.75,2854,2700,154,17.532467532467532,0.0
5777,394.742826842019,1.1508537225714839,16.8890056860657,0.04923908363284461,16.8890056860657,0.04923908363284461,21.927262108867808,355.9265590470916,38.81626779493351,0.11316696150126387,356.6769338792742,0.7503748321826151,0.0002438657238162545,0.11097927977476613,0.06815984754894089,3420,3077,343,8.970845481049563,0.0
5778,318.16963331804595,4.419022684972861,3.7374367437127276,0.05190884366267677,3.7374367437127276,0.05190884366267677,3.4425777840679075,310.9896187902648,7.180014527780635,0.09972242399695326,311.42435222888344,0.4347334386186503,0.00024138447452451433,0.09368445957170163,0.030134804780573177,1873,1801,72,25.01388888888889,0.0
5779,389.44229776883935,1.8029736007816637,14.175277866704796,0.06562628641992961,14.175277866704796,0.06562628641992961,10.691275414110123,364.5757444880185,24.86655328081492,0.11512293185562462,365.28397625702905,0.708231769010581,0.0002362347461676388,0.11184408107319584,0.16275836837280622,3214,2942,272,10.816176470588236,1.0
5780,341.5335535764343,1.85616061726323,9.007725203359566,0.04895502827912808,9.007725203359566,0.04895502827912808,9.179869529037433,323.3459588440437,18.187594732397,0.09884562354563586,323.73697919617325,0.39102035212954434,0.0002473247009042026,0.09672051293620143,0.6998273706678901,1765,1581,184,8.592391304347826,0.0
5781,372.0772807577041,2.3699189857178604,7.776233003185148,0.04953014651710285,7.776233003185148,0.04953014651710285,8.733780633811648,355.5672671207135,16.510013636996796,0.105159322528642,355.99367158262635,0.42640446191285264,0.00023928420982763897,0.10244337054189652,0.21694621473943698,1939,1782,157,11.35031847133758,0.0
5782,340.98740385356587,1.045973631452656,15.896841760394041,0.0487633182834173,15.896841760394041,0.0487633182834173,15.077964754214918,310.0125973389602,30.974806514608957,0.09501474390984342,310.64778440857776,0.6351870696175865,0.00024271573160779004,0.09306631731591443,0.75,2943,2617,326,8.02760736196319,0.0
5783,381.9923781899033,2.5810295823642115,7.894984841077059,0.05334449216943959,7.894984841077059,0.05334449216943959,6.705843738932799,367.39154960989276,14.600828580009857,0.09865424716222876,368.3388781841627,0.9473285742699318,0.00024062193910844089,0.09225337841716638,0.058865394285476214,4085,3937,148,26.60135135135135,0.0
5784,343.02113257615133,1.6814761400791731,10.188175656855156,0.049942037533603705,10.188175656855156,0.049942037533603705,10.131995981447517,322.70096093785355,20.320171638302675,0.0996086845014837,323.3332464922689,0.6322855544153754,0.00024262684359761143,0.09650924550922747,0.34163932089404625,2810,2606,204,12.77450980392157,0.0
5785,369.7694957938122,3.081412464948435,6.508055413493745,0.05423379511244787,6.508055413493745,0.05423379511244787,7.112656291895519,356.1487840884274,13.620711705389263,0.11350593087824386,357.0529434640091,0.9041593755816848,0.00024338072021041314,0.1059712694150259,0.06386414294865972,3835,3715,120,30.958333333333332,0.0
5786,,,,,,,,,,,,,,,0.10874086032708874,2817,550,2267,0.24261138067931187,
5787,380.4016738551088,2.6416782906604777,7.319466543348411,0.05082962877325285,7.319466543348411,0.05082962877325285,5.335347926435134,367.74685938532434,12.654814469783545,0.08788065604016351,368.3090470365321,0.5621876512077506,0.0002448552487838635,0.08397657512900498,0.07777447466855847,2440,2296,144,15.944444444444445,0.0
5788,,,,,,,,,,,,,,,0.28503577336641683,4088,1060,3028,0.35006605019815057,
5789,389.7631015392892,1.3257248351676503,14.390797238304259,0.048948289926204966,14.390797238304259,0.048948289926204966,18.684862682819812,356.6874416181686,33.07565992112407,0.11250224462967372,357.2496292693763,0.5621876512077506,0.0002452825703349697,0.11059004173439756,0.08113677305891542,2586,2292,294,7.795918367346939,0.0
5790,315.826200595008,6.579712512396,3.046574236296318,0.06347029658950663,3.046574236296318,0.06347029658950663,2.218339139135878,310.56128721957543,5.264913375432196,0.10968569532150409,311.421320421063,0.8600332014875676,0.00024398105006739505,0.09176833695718756,0.016366519145321945,3573,3525,48,73.4375,0.0
5791,388.8523166068651,1.896840568813976,10.095079886517066,0.049244292129351545,10.095079886517066,0.049244292129351545,10.23100473035106,368.52623198999504,20.326084616868126,0.09915163227740549,368.9797084580391,0.45347646804407304,0.0002375466045280634,0.09693955194549256,0.10586650739560355,2114,1909,205,9.31219512195122,0.0
5792,334.1120045141495,2.4387737555777336,7.238686359911412,0.05283712671468184,7.238686359911412,0.05283712671468184,3.977448211570163,322.89586994267484,11.216134571481575,0.08186959541227427,323.72414266228157,0.8282727196067299,0.00024512362225709674,0.07582380913772198,0.1664933901747645,3516,3379,137,24.664233576642335,0.0
5793,383.99009521528956,1.573729898423318,12.186200213075635,0.04994344349621162,12.186200213075635,0.04994344349621162,14.843196911785071,356.96069809043206,27.029397124860708,0.11077621772483896,357.68055963432107,0.7198615438890101,0.00024027421358111152,0.10782596549577249,0.18699726942782036,3240,2996,244,12.278688524590164,0.0
5794,327.74679689761047,1.8208155383200582,8.966725839000555,0.049815143550003084,8.966725839000555,0.049815143550003084,6.5474633551227726,312.23260770348634,15.514189194123327,0.08618993996735182,312.81783839841046,0.585230694924121,0.0002470370176969696,0.08293865832888893,0.032729255911817745,2549,2369,180,13.161111111111111,0.0
5795,385.0886761756092,2.2131533113540756,8.718532690057115,0.050106509712971925,8.718532690057115,0.050106509712971925,7.331123168412205,369.0390203171369,16.049655858469322,0.09223940148545587,369.58471453953007,0.5456942223931947,0.0002486078461927994,0.08910322779355812,0.30931802119744134,2369,2195,174,12.614942528735632,0.0
5796,364.383465253499,0.7870053245215962,22.266816552062764,0.04809247635434722,22.266816552062764,0.04809247635434722,19.205090990803455,322.91155771064564,41.47190754286622,0.08957215452022942,323.2584030663206,0.3468453556749864,0.00024881302415709214,0.08882302848202678,0.28354040509884726,1857,1394,463,3.0107991360691146,0.0
5797,370.91522987922235,2.727317866758988,6.8691027421552935,0.05050810839820069,6.8691027421552935,0.05050810839820069,7.181434328197611,356.86469280887195,14.050537070352904,0.1033127725761243,357.37631180694325,0.5116189980712988,0.0002482382329312464,0.09955086817852281,0.19027914324101403,2197,2061,136,15.154411764705882,0.0
5798,330.03341451483766,1.6668354268426144,10.112993481096279,0.05107572465200141,10.112993481096279,0.05107572465200141,7.554564171795846,312.36585686194644,17.667557652892125,0.08923008915602083,313.231064259081,0.8652073971345544,0.0002439265286536663,0.08486035482705385,0.08642115878342338,3745,3547,198,17.914141414141415,0.0
5799,388.2797477018087,1.9810191209275954,9.878994512443743,0.05040303322675379,9.878994512443743,0.05040303322675379,9.430644508559908,368.9701086808045,19.30963902100365,0.0985185664336921,369.62696926396575,0.6568605831612331,0.0002419375996910619,0.09516723692777003,0.24252262531672386,2911,2715,196,13.85204081632653,0.0
5800,343.0623230324454,1.805591173854976,9.503196219942543,0.05001682221022391,9.503196219942543,0.05001682221022391,9.533413360313943,324.0257134521926,19.03660958025649,0.10019268200134994,324.6266076719992,0.6008942198066052,0.00024317855920947195,0.09703008084445389,0.4022393409725282,2661,2471,190,13.005263157894737,0.0
5801,368.94870513158753,3.0491628523271697,6.4552070809532065,0.05334881885085294,6.4552070809532065,0.05334881885085294,6.007593731155339,356.48590431948014,12.462800812108545,0.10299835381907889,357.2903302808345,0.8044259613543545,0.0002440612746827532,0.09635020537812425,0.7267716189221574,3417,3296,121,27.239669421487605,0.0
5802,320.7758640573595,3.0550082291177096,5.197773358622898,0.049502603415456176,5.197773358622898,0.049502603415456176,4.132163453092744,311.44592724564586,9.329936811715642,0.0888565410639585,311.7874238308102,0.3414965851643501,0.0002514702394435568,0.08560419263380287,0.4136034282237233,1463,1358,105,12.933333333333334,0.0
5803,398.45297481681814,1.289491827886143,14.862003681630604,0.04809709929330293,14.862003681630604,0.04809709929330293,16.213645367936124,367.37732576724807,31.075649049566728,0.10056844352610592,367.6874802099235,0.3101544426754117,0.00025527114623490673,0.09956470746567853,0.7070291085992721,1524,1215,309,3.9320388349514563,0.0
5804,345.2590876215522,1.7437327657654154,9.864329890526452,0.04981984793195178,9.864329890526452,0.04981984793195178,10.62027438119253,324.77448334983774,20.484604271718982,0.10345759733191405,325.33185676049584,0.5573734106581014,0.0002469532169508646,0.10064258010634539,0.016970048906159718,2455,2257,198,11.3989898989899,0.0
5805,370.756080146474,2.706248760193241,6.929915767990963,0.050583326773656664,6.929915767990963,0.050583326773656664,8.229618753369323,355.59654562511514,15.159534521360285,0.11065353665226486,356.121581120555,0.5250354954398517,0.0002496602450974093,0.10682116077313147,0.5561820699902,2240,2103,137,15.35036496350365,0.0
5806,334.3238565796512,1.3214381682990166,12.283963188653463,0.04855321418440104,12.283963188653463,0.04855321418440104,11.313242940957025,310.72665045004464,23.597206129610488,0.09326958944510075,311.1530549119575,0.42640446191285264,0.00023968772451537528,0.09158419631499484,0.15306426336519507,2032,1779,253,7.031620553359684,0.0
5807,385.3763923646468,2.039028531029877,9.578441217874209,0.05067958316335561,9.578441217874209,0.05067958316335561,8.434071499035554,367.3638796477376,18.01251271690976,0.09530430008946963,368.0502982145865,0.6864185668489426,0.00024101775521381412,0.09167245582042471,0.02089171178226934,3037,2848,189,15.068783068783068,0.0
5808,345.4272452997873,1.515031777630646,11.264155338323773,0.04940419008036743,11.264155338323773,0.04940419008036743,10.085137692448143,324.07795226902067,21.349293030771918,0.09363725013496454,324.61308895776506,0.5351366887443874,0.00024971380716023675,0.09129015939483427,0.5705629552326172,2371,2143,228,9.399122807017545,0.0
5809,369.92651098050123,3.273685937880542,6.177608048055159,0.05466909777039964,6.177608048055159,0.05466909777039964,7.333447284067688,356.41545564837793,13.511055332122847,0.11956686134621988,357.31162711767956,0.8961714693016347,0.0002442549657404292,0.11163614037895284,0.0850502355926892,3782,3669,113,32.469026548672566,0.0
5810,322.9723189817971,1.981425269826976,8.532054890053569,0.05234389503100349,8.532054890053569,0.05234389503100349,4.620596054868884,309.81966803687374,13.152650944922453,0.08069111009154879,310.75980209453655,0.9401340576628172,0.00024242755483827157,0.07492341648626112,0.75,4041,3878,163,23.791411042944784,0.0
5811,381.5951074473369,2.4305420856518274,8.239087428941566,0.052478263878608704,8.239087428941566,0.052478263878608704,6.269680866937051,367.0863391514579,14.508768295878617,0.09241253691642431,367.94929630859247,0.8629571571345878,0.00024391101106121756,0.08691599451429567,0.028955124589856496,3695,3538,157,22.53503184713376,0.0
5812,331.65909156592966,4.307260929427658,4.263139464115208,0.055365447585911796,4.263139464115208,0.055365447585911796,3.7275897032586727,323.66836239856,7.990729167373881,0.10377570347238807,324.32522298172125,0.6568605831612331,0.00024211595398497348,0.09524504654816109,0.08072119902249142,2790,2713,77,35.23376623376623,0.0
5813,362.1569996023777,5.248652168150402,4.0027657565281665,0.058011097920698064,4.0027657565281665,0.058011097920698064,1.9074601739605441,356.24677367188997,5.910225930488711,0.08565544826795232,357.04087090507323,0.7940972331832654,0.0002458505365892463,0.07414679271455761,0.2985733757768685,3299,3230,69,46.81159420289855,0.0
5814,320.7645195135633,2.376033477878247,6.712156681434554,0.04971967912173744,6.712156681434554,0.04971967912173744,2.7569420756124146,311.29542075651534,9.469098757046968,0.07014147227442198,311.71976454096784,0.4243437844525033,0.00023947166165491158,0.06699818498218857,0.17145786891728676,1907,1772,135,13.125925925925927,0.0
5815,385.6068419461933,2.3656861469091615,8.605274150053567,0.05279309294511391,8.605274150053567,0.05279309294511391,8.805456520136204,368.1961112760064,17.41073067018977,0.1068142985901213,369.13167283493885,0.935561558932477,0.00024199729925827136,0.10107465712426039,0.5198466648705562,4029,3866,163,23.717791411042946,0.0
5816,336.443582935975,2.6080897902013565,6.604301441400119,0.051196135204652084,6.604301441400119,0.051196135204652084,6.354626712804702,323.48465478177263,12.95892815420482,0.10045680739693659,324.05248746523057,0.5678326834579366,0.00024560237173786183,0.09605500364918142,0.18385069604983073,2441,2312,129,17.92248062015504,0.0
5817,415.58787586704966,0.734254197644964,27.53979089705222,0.04865687437641735,27.53979089705222,0.04865687437641735,31.988709170282846,356.0593757997176,59.52850006733507,0.10517402838751778,356.9059161797329,0.8465403800153126,0.00024417086242149196,0.10367837400585998,0.2467294022033002,4033,3467,566,6.125441696113074,0.0
5818,325.26493164689214,1.947694201478396,8.763586534307489,0.052476566073697536,8.763586534307489,0.052476566073697536,5.308499718746361,311.19284539383943,14.07208625305385,0.08426398953924462,312.1332124115022,0.9403670176627656,0.0002419884245143504,0.0786330493137122,0.08674107627348349,4053,3886,167,23.269461077844312,0.0
5819,387.0921873436657,2.2904863156429927,8.375658543213397,0.0495601097231562,8.375658543213397,0.0495601097231562,9.569904737230672,369.14662406321963,17.94556328044407,0.10618676497304183,369.5829288279788,0.4363047647591429,0.00023999161977950655,0.103605079974479,0.75,1987,1818,169,10.757396449704142,0.0
5820,332.91985670211056,3.111400529926267,5.714663823687154,0.053408073118571535,5.714663823687154,0.053408073118571535,4.19311745815412,323.012075420271,9.907781281841274,0.09259608674618013,323.7245806903379,0.712505270066913,0.00024111853470961523,0.08593715898852942,0.19491328481558412,3062,2955,107,27.61682242990654,0.0
5821,365.41733496402435,4.808122828474005,3.9061820822818705,0.05139713266160356,3.9061820822818705,0.05139713266160356,4.4879717241663,357.02318115757475,8.39415380644817,0.11044939219010749,357.39863598467105,0.3754548270962914,0.0002444367363908147,0.10550919709675399,0.035398773923134286,1612,1536,76,20.210526315789473,0.0
5822,319.5287334922232,2.5359423293033587,6.083222139049964,0.048279540786110825,6.083222139049964,0.048279540786110825,2.3990408041286173,311.04647054904285,8.482262943178581,0.06731954716808397,311.25693979604716,0.2104692470043119,0.0002576122974348983,0.06564915631885729,0.10642980372062993,943,817,126,6.484126984126984,0.0
5823,384.89580528206716,3.234418531782077,6.021952898560201,0.05060464620638824,6.021952898560201,0.05060464620638824,8.584490654191313,370.28936172931367,14.606443552751514,0.12274322313236567,370.73728189179974,0.4479201624860707,0.00023876341283905688,0.11897918815350772,0.14668382786976508,1995,1876,119,15.764705882352942,0.0
5824,349.94519654888836,1.3155834456725126,13.419454161510036,0.05044907579515051,13.419454161510036,0.05044907579515051,11.256898878648144,325.26884350872956,24.67635304015818,0.09276824451187285,326.1107061820783,0.8418626733487145,0.00024366502846561924,0.08960334724364695,0.25868724682322863,3721,3455,266,12.988721804511279,0.0
5825,363.87769480240763,6.997647976969377,3.0917765908841397,0.0594572421323873,3.0917765908841397,0.0594572421323873,3.0961066683066747,357.68981154321546,6.187883259190814,0.11899775498443874,358.3752765100644,0.6854649668489401,0.00024136090382004933,0.10581573639121608,0.08615723204911774,2892,2840,52,54.61538461538461,0.0
5826,324.15039356746115,2.146691348128882,7.941097815489523,0.052590051758208765,7.941097815489523,0.052590051758208765,4.531745315418675,311.6775504365537,12.472843130908199,0.0826016101384649,312.53566473692194,0.8581143003682428,0.0002444073769206046,0.07691873397708084,0.016254527988849077,3662,3511,151,23.251655629139073,0.0
5827,374.93255342265593,6.816955516775562,3.35114765338427,0.06092995733425945,3.35114765338427,0.06092995733425945,1.2937322926927664,370.28767347657504,4.644879946077037,0.08445236265594612,371.09598163786495,0.808308161289915,0.0002443495046221025,0.0697558506325632,0.5135286499348695,3363,3308,55,60.14545454545455,0.0
5828,343.15326740436694,1.7597603456634203,9.817968359358273,0.050348555689016784,9.817968359358273,0.050348555689016784,7.906631473685593,325.42866757132424,17.724599833043868,0.09089538375919932,326.0830980744854,0.6544305031611657,0.00024184423620146552,0.0875393298968284,0.0660982007811981,2901,2706,195,13.876923076923077,0.0
5829,,,,,,,,,,,,,,,0.7364914179374864,3488,778,2710,0.2870848708487085,
5830,328.7824709520039,1.9570385175714518,8.222925313520028,0.04894598400904778,8.222925313520028,0.04894598400904778,8.138410586671853,312.4211350518128,16.361335900191882,0.09738890416780882,312.7534656358421,0.33233058402925053,0.0002534939618834863,0.09541074592953469,0.2586785150722335,1479,1311,168,7.803571428571429,0.0
5831,397.6981023378289,1.736672935973052,11.481745030068712,0.050138624585452894,11.481745030068712,0.050138624585452894,16.123892478771495,370.0924648289856,27.605637508840207,0.12054863540978257,370.82443509960535,0.7319702706197404,0.00024030540729472763,0.11735225868219895,0.13262604975466274,3275,3046,229,13.301310043668122,0.0
5832,355.07169579484594,1.0992931758354363,15.604484334713296,0.04831109701149627,15.604484334713296,0.04831109701149627,14.331282168492407,325.1359292916454,29.935766503205706,0.09268039165079166,325.4203360021047,0.28440671045927957,0.0002635836056156437,0.0917998755193227,0.10493886207495962,1402,1079,323,3.3405572755417956,0.0
5833,375.0334729559322,2.5170031742008874,7.382513760113695,0.049547072215528155,7.382513760113695,0.049547072215528155,10.369122465456712,357.2818367303605,17.751636225570408,0.11913849815819066,357.6736344958483,0.39179776548780865,0.0004571735886672213,0.11650898295358317,0.25965077095702327,1006,857,149,5.751677852348993,0.0
5834,325.29832987281225,2.259016179672307,7.181060374288197,0.04986847482144582,7.181060374288197,0.04986847482144582,5.583313378854882,312.5339561196706,12.76437375314308,0.08864148439682694,312.94961704621846,0.4156609265478437,0.00024166332938828122,0.08575495018467905,0.09874497281407457,1864,1720,144,11.944444444444445,0.0
5835,372.06254283237354,12.402084761079118,1.491841095081617,0.04972803650272057,1.491841095081617,0.04972803650272057,0.43455630741959794,370.13614542986943,1.926397402501215,0.0642132467500405,370.26335114452286,0.127205714653428,0.0002601343857943313,0.059973056261689334,0.22495506388986541,519,489,30,16.3,0.0
5836,350.1224963615607,1.219939011712755,14.210605075263889,0.049514303398132016,14.210605075263889,0.049514303398132016,11.373299178391562,324.53859210790665,25.58390425365545,0.08914252353190052,325.1586699019981,0.6200777940914577,0.00024193437147540292,0.08698197372669894,0.2983930865370894,2850,2563,287,8.930313588850174,0.0
5837,366.41990435188086,5.909998457288401,3.4070365093239676,0.0549522017632898,3.4070365093239676,0.0549522017632898,6.1856090313558525,356.8272588111977,9.59264554067982,0.15472008936580356,357.36239549994207,0.5351366887443874,0.0002500638732450408,0.14608885245062567,0.46114432926651716,2202,2140,62,34.516129032258064,0.0
5838,325.3211341189624,3.6968310695336637,4.9202540206571745,0.055911977507467896,4.9202540206571745,0.055911977507467896,5.57061531043928,314.8302647878709,10.490869331096455,0.11921442421700518,315.62319978105415,0.7929349931832803,0.0002461002461773061,0.11020379929441178,0.14731227008496717,3310,3222,88,36.61363636363637,0.0
5839,388.88907043623476,2.025463908522056,9.449913308424241,0.04921829848137626,9.449913308424241,0.04921829848137626,10.126230258681971,369.3129268691241,19.576143567106215,0.1019590810786782,369.7474831765437,0.43455630741959794,0.0002396890829672355,0.09969576697755755,0.09063098193882979,2005,1813,192,9.442708333333334,0.0
5840,329.74171048341486,5.685201904886463,2.7191984332277386,0.0468827316073748,2.7191984332277386,0.0468827316073748,2.598307444626016,324.4242046055583,5.317505877853755,0.09168113582506474,324.4706786742315,0.04647406867320569,0.0005403961473628569,0.09087985877902313,0.03537771514947963,144,86,58,1.4827586206896552,0.0
5841,363.8492287635436,9.09623071908859,2.0195269988750577,0.050488174971876444,2.0195269988750577,0.050488174971876444,5.130014491706788,356.6996872729601,7.149541490581846,0.17873853726454617,356.88151555055015,0.18182827759005704,0.00026275762657522694,0.17419283032483576,0.38938725980870004,732,692,40,17.3,0.0
5842,336.68709663158666,1.5733041898672273,10.74454633500407,0.05020816044394425,10.74454633500407,0.05020816044394425,10.786663958507006,315.15588633808375,21.531210293511077,0.10061313221266859,315.80226153970443,0.6463752016206854,0.00024236040555706238,0.09759268734524404,0.04710617340651879,2881,2667,214,12.462616822429906,0.0
5843,392.56183685481983,2.2823362607838362,8.96167112005322,0.052102739070076856,8.96167112005322,0.052102739070076856,12.094426774265457,371.5057389605024,21.056097894318675,0.12241917380417834,372.39864443893407,0.8929054784316577,0.0002436969100523083,0.11722786288305674,0.07527879267991011,3836,3664,172,21.302325581395348,0.0
5844,350.59727695426,1.2006756060077397,14.70299727394514,0.05035273039022308,14.70299727394514,0.05035273039022308,11.442784951000249,324.45149472931917,26.14578222494539,0.08954035008542942,325.30926470968757,0.8577699803684027,0.00024368465351375077,0.08660278165949462,0.16552994324047177,3812,3520,292,12.054794520547945,0.0
5845,369.5955839109238,3.029471999269867,6.493253631073994,0.0532233904186393,6.493253631073994,0.0532233904186393,6.8822784991969,356.2200517806525,13.375532130270894,0.10963550926451553,356.9961184081003,0.7760666274477899,0.00024582408218175165,0.10327430740019244,0.75,3279,3157,122,25.87704918032787,0.0
5846,344.7905679378514,1.074113918809506,15.866629922462364,0.04942875365253073,15.866629922462364,0.04942875365253073,14.386039309360058,314.537898706036,30.252669231822424,0.09424507548854337,315.195999034765,0.6581003287290059,0.00024185973124917528,0.09219491870120368,0.3671471155382733,3042,2721,321,8.476635514018692,0.0
5847,386.23271654138193,2.882333705532701,7.087138094836036,0.05288909025997042,7.087138094836036,0.05288909025997042,7.708569435006893,371.43700901153807,14.795707529842929,0.11041572783464872,372.2414349728924,0.8044259613543545,0.00024443207576856714,0.10441254901857845,0.012118774283180755,3425,3291,134,24.559701492537314,0.0
5848,324.8771007456621,21.658473383044143,0.806000890098548,0.053733392673236534,0.806000890098548,0.053733392673236534,0.0,324.0710998555637,0.806000890098548,0.053733392673236534,324.22722531299587,0.15612545743215378,0.00027780330503941953,0.043325028844416615,0.10889896430239787,577,562,15,37.46666666666667,0.0
5849,371.60927976316475,3.0212136566110956,6.134857981457032,0.04987689415818725,6.134857981457032,0.04987689415818725,8.50667623598656,356.9677455457215,14.641534217443592,0.11903686355645197,357.33716018140944,0.3694146356879173,0.0002457848540837773,0.11603349253459598,0.15216774982718562,1626,1503,123,12.21951219512195,0.0
5850,330.7034462033987,1.857884529232577,8.962013449569218,0.0503483901661192,8.962013449569218,0.0503483901661192,6.864108535030482,314.87732421880696,15.8261219845997,0.08891079766629045,315.4451569022649,0.5678326834579366,0.0002459214739965078,0.08572072641086405,0.04548932754528323,2487,2309,178,12.97191011235955,0.0
5851,391.33355409974865,2.343314695208076,8.478922905964485,0.05077199344888913,8.478922905964485,0.05077199344888913,11.516846806994408,371.3377843867904,19.995769712958893,0.11973514798178977,371.9883068737811,0.650522486990667,0.00024129172366122662,0.1158398037483088,0.6446888880936967,2863,2696,167,16.143712574850298,0.0
5852,331.03988232724714,5.517331372120785,3.515090881261895,0.05858484802103158,3.515090881261895,0.05858484802103158,3.001369062522599,324.5234223834634,6.5164599437844934,0.10860766572974155,325.25539265408315,0.7319702706197404,0.0002407005164813352,0.09640816121939982,0.31103570801906244,3101,3041,60,50.68333333333333,0.0
5853,363.37009521889786,7.899349896062997,2.9625111924047074,0.06440241722618929,2.9625111924047074,0.06440241722618929,4.016436817281374,356.3911472092095,6.978948009686081,0.1517162610801322,357.23300988255824,0.8418626733487145,0.00024408891659864147,0.13341489861607878,0.08395441649395252,3495,3449,46,74.97826086956522,0.0
5854,328.0788173736496,2.294257464151396,7.557111860823276,0.05284693608967326,7.557111860823276,0.05284693608967326,5.675952509224089,314.84575300360825,13.233064370047366,0.09253891167865291,315.67243445741406,0.8266814538058043,0.00024494265297949757,0.08675792249115764,0.75,3518,3375,143,23.6013986013986,0.0
5855,387.54398757257354,2.532967239036428,8.068499011785116,0.052735287658726246,8.068499011785116,0.052735287658726246,8.85130337911869,370.6241851816699,16.919802390903804,0.11058694373139741,371.5234240728705,0.899238891200639,0.00024297187008933777,0.10470956535753614,0.457103285930998,3854,3701,153,24.18954248366013,0.0
5856,352.959480366319,1.0599383794784354,16.760491693976274,0.05033180688881764,16.760491693976274,0.05033180688881764,12.012332975266645,324.1866556970822,28.77282466924292,0.08640487888661537,325.0390974332879,0.8524417362057193,0.0002441826800933026,0.08384499379288612,0.2951123072907649,3824,3491,333,10.483483483483484,0.0
5857,393.62842014271246,1.0903834352983726,17.734683467781537,0.04912654700216492,17.734683467781537,0.04912654700216492,20.390306148361788,355.50343052657104,38.124989616143324,0.10560938951840255,356.2098306155817,0.7064000890106854,0.00024059948535786287,0.10365260256822918,0.27442015519409324,3297,2936,361,8.132963988919668,0.0
5858,336.9572571652409,1.4909613148904464,10.953576745604314,0.04846715374161201,10.953576745604314,0.04846715374161201,10.732939998159281,315.2707404214841,21.686516743763598,0.09595803868921945,315.562569565529,0.29182914404486837,0.0002622004888094055,0.09466675929076068,0.04165678036997633,1339,1113,226,4.924778761061947,0.0
5859,385.3217376796374,2.7522981262831245,6.955919575767357,0.0496851398269097,6.955919575767357,0.0496851398269097,7.093155302051628,371.27266280181766,14.049074877818985,0.10035053484156417,371.67485738558094,0.40219458376327566,0.00024287112546091526,0.09747771638611766,0.06792112119705962,1796,1656,140,11.82857142857143,0.0
5860,358.1110753527421,0.9020430109640859,19.621602950621632,0.049424692570835344,19.621602950621632,0.049424692570835344,13.797284218994946,324.69218818312856,33.41888716961658,0.08417855710230877,325.2887504315065,0.5965622483779498,0.00024369372891256118,0.08267588141369163,0.010505537064773307,2845,2448,397,6.166246851385391,0.0
5861,378.7761596903031,1.8123261229201104,10.646659437603402,0.05094095424690623,10.646659437603402,0.05094095424690623,11.899649300541114,356.22985095216063,22.546308738144518,0.10787707530212688,357.05923407176715,0.8293831196065184,0.0002445836389284926,0.1039087350169183,0.09517818693257141,3600,3391,209,16.22488038277512,0.0
5862,347.30548028295493,1.142452237772878,15.305460776438995,0.05034691044881248,15.305460776438995,0.05034691044881248,16.456701518961154,315.54331798756084,31.76216229540015,0.1044807970243426,316.4362234659925,0.8929054784316577,0.00024409663161062265,0.10154360795053433,0.03380420648818472,3962,3658,304,12.032894736842104,0.0
5863,392.375667089216,2.335569446959619,8.701515658618387,0.051794736063204685,8.701515658618387,0.051794736063204685,11.597261819264531,372.07688961132976,20.29877747788292,0.12082605641596975,372.91615738024075,0.839267768910986,0.00024432831700465385,0.11583041493437647,0.07541387769742869,3603,3435,168,20.446428571428573,0.0
5864,356.4228835336753,0.9530023623895062,18.79700361496087,0.05025936795444083,18.79700361496087,0.05025936795444083,11.843769032748241,325.78211088596913,30.640772647709113,0.08192719959280512,326.6436941674567,0.861583281487583,0.00024400546063086463,0.07962350097919409,0.05098741674100893,3905,3531,374,9.441176470588236,0.0
5865,379.4575711121945,1.8155864646516484,10.480237260467886,0.050144675887406155,10.480237260467886,0.050144675887406155,11.952362203818666,357.0249716479095,22.432599464286554,0.10733301179084476,357.68892894920987,0.6639573013003428,0.00023986896723278281,0.1041561825980126,0.2066623533589791,2977,2768,209,13.24401913875598,0.0
5866,342.8838531247602,1.2423328011766674,13.981039932362956,0.050655941783923755,13.981039932362956,0.050655941783923755,12.479204055609216,316.4236091367925,26.46024398797217,0.09587044923178323,317.33026323237414,0.9066540955816436,0.00024365871958657447,0.09258547062458722,0.008826260402884145,3997,3721,276,13.481884057971014,0.0
5867,409.0337393395298,1.1115047264661135,17.930297321923582,0.04872363402696626,17.930297321923582,0.04872363402696626,18.549055189575256,372.5543868280338,36.47935251149884,0.09912867530298597,373.20881733119495,0.6544305031611657,0.00024184423620146552,0.09735033154438819,0.09529452170409058,3074,2706,368,7.353260869565218,0.0
5868,334.58329391813913,3.1564461690390484,5.673658638630163,0.053525081496510966,5.673658638630163,0.053525081496510966,2.208438129518754,326.7011971499933,7.882096768148917,0.07435940347310299,327.3919789464446,0.690781796451347,0.00024144767439753477,0.06784259407258972,0.1053403271391744,2967,2861,106,26.99056603773585,0.0
5869,369.9602046686441,2.7816556742003318,7.185965075490357,0.05402981259767185,7.185965075490357,0.05402981259767185,5.411440023016667,357.36279957013767,12.597405098507023,0.09471733156772198,358.3057296154425,0.9429300453048199,0.00024103528765460634,0.08762763197895956,0.11666826982605016,4045,3912,133,29.413533834586467,0.0
5870,336.28093990151,1.6983885853611618,10.119037402631536,0.05110624950824008,10.119037402631536,0.05110624950824008,8.153143499378302,318.0087589995062,18.272180902009836,0.0922837419293426,318.7889959242739,0.7802369247676779,0.0002452803913133222,0.08834315140018249,0.1940597058626281,3379,3181,198,16.065656565656564,0.0
5871,377.7834553408404,7.870488652934175,2.8873560852377227,0.06015325177578589,2.8873560852377227,0.06015325177578589,2.1001185258219266,372.79598072977706,4.98747461105965,0.1039057210637427,373.4721861948726,0.6762054650955633,0.00046828633316867266,0.08981810720766248,0.04436264225660125,1492,1444,48,30.083333333333332,0.0
5872,373.8493861006432,0.7567801338069701,24.41675680354682,0.049426633205560365,24.41675680354682,0.049426633205560365,21.48974475988871,327.94288453721106,45.906501563435526,0.09292814081667111,328.6156213163856,0.6727367791745564,0.00023906779643729795,0.09156632547420561,0.08972641808486514,3308,2814,494,5.696356275303644,0.0
5873,381.06713449361246,1.5553760591576018,12.051346927124664,0.049189171131121076,12.051346927124664,0.049189171131121076,11.38862402201039,357.6271635444791,23.439970949135052,0.09567335081279613,358.1594332213738,0.5322696768946571,0.0002507158157770406,0.09350082151934157,0.6327920276728491,2368,2123,245,8.66530612244898,0.0
5874,326.95798649522726,3.336305984645176,5.42616225291011,0.055369002580715414,5.42616225291011,0.055369002580715414,3.2649519764158867,318.26687226590457,8.691114229325997,0.08868483907475508,319.0951449855113,0.8282727196067299,0.00024505110047536385,0.08023307662975472,0.12961464151590008,3478,3380,98,34.48979591836735,0.0
5875,399.68611876135947,1.525519537257097,12.982003655658557,0.04954963227350594,12.982003655658557,0.04954963227350594,14.93326288611479,371.77085221958305,27.91526654177335,0.10654681886173034,372.4470576846786,0.6762054650955633,0.0004755312694061627,0.10396588197206433,0.17299542292039405,1684,1422,262,5.427480916030534,0.0
5876,336.93898339402267,2.5144700253285275,6.618903151153243,0.04939479963547196,6.618903151153243,0.04939479963547196,2.6791367438552243,327.6409434990135,9.298039895008468,0.06938835742543634,327.92165935492426,0.28071585591078474,0.0002645766785210035,0.06729346297834636,0.039275725262996275,1195,1061,134,7.917910447761194,0.0
5877,,,,,,,,,,,,,,,0.15314110979556972,3396,17,3379,0.005031074282332051,
5878,323.1965368253693,5.2128473681511185,3.4208645187355007,0.05517523417315324,3.4208645187355007,0.05517523417315324,0.9084527893435279,318.8672195172928,4.329317308079029,0.06982769851740368,319.39814615418754,0.5309266368947192,0.00025102914273981996,0.06126436566422223,0.09649575471507887,2177,2115,62,34.11290322580645,0.0
5879,379.1756402156268,4.799691648299073,4.343263235802244,0.054978015643066376,4.343263235802244,0.054978015643066376,2.1571888484106694,372.6751881314117,6.500452084212913,0.08228420359763182,373.338447192712,0.6632590613003231,0.00024074739067162364,0.07388851927740239,0.0010758882078789611,2834,2755,79,34.87341772151899,0.0
5880,339.93054356809193,3.2374337482675424,5.659066911057795,0.05389587534340757,5.659066911057795,0.05389587534340757,4.045815091839813,330.2256615651943,9.704882002897609,0.09242744764664389,330.89314087665343,0.6674793114591466,0.00024035985288410033,0.08607050182322382,0.33532545104162637,2882,2777,105,26.447619047619046,0.0
5881,374.35499231083236,1.9599737817321066,9.30692912724787,0.048727377629569996,9.30692912724787,0.048727377629569996,8.566553955671225,356.48150922791433,17.873483082919094,0.0935784454603094,356.8230058130787,0.3414965851643501,0.00025561121644038183,0.09179050522384125,0.75,1527,1336,191,6.994764397905759,0.0
5882,331.19469674394463,2.1367399789931913,8.211429795574036,0.0529769664230583,8.211429795574036,0.0529769664230583,4.252950112572307,318.7303168358028,12.464379908146343,0.08041535424610544,319.6387696251463,0.9084527893435279,0.00024329212355209638,0.07455436850837618,0.10059770193402073,3889,3734,155,24.09032258064516,0.0
5883,407.7431476925997,1.1649804219788562,16.965275068363567,0.048472214481038764,16.965275068363567,0.048472214481038764,18.554475224236512,372.2233974000035,35.51975029260008,0.10148500083600023,372.76089132055677,0.5374939205532883,0.00024964882515247943,0.0999493039201226,0.30557777916214945,2503,2153,350,6.151428571428571,0.0
5884,349.18912288698516,1.6393855534600241,10.819524475061469,0.050795889554279196,10.819524475061469,0.050795889554279196,8.224219722889075,330.14537868903744,19.043744197950545,0.08940724975563637,330.7328848720117,0.5875061829742663,0.0002458184866001114,0.08664900476513357,0.16057106468929305,2603,2390,213,11.220657276995306,0.0
5885,363.30959703730446,5.58937841595853,3.8077366436857294,0.05858056374901122,3.8077366436857294,0.05858056374901122,2.1078328486496503,357.394027544972,5.915569492335379,0.0910087614205443,358.1665184141825,0.7724908692105146,0.00024688107037728176,0.07912428650956826,0.08556173346596552,3194,3129,65,48.13846153846154,0.0
5886,335.45086785003514,2.1641991474195814,7.866192696878968,0.050749630302444955,7.866192696878968,0.050749630302444955,6.847491372558807,320.73718378059834,14.713684069437775,0.09492699399637275,321.2738585011516,0.5366747205532647,0.00024973230365438095,0.09146457644440988,0.7206434262700441,2304,2149,155,13.864516129032259,0.0
5887,383.49185287503974,4.03675634605305,5.326884259153065,0.05607246588582174,5.326884259153065,0.05607246588582174,5.945391069040852,372.21957754684763,11.272275328193917,0.11865552977046229,373.11894309081595,0.8993655439683153,0.0002443264178126366,0.10918852404446099,0.75,3776,3681,95,38.747368421052634,0.0
5888,339.18076416235135,3.3918076416235134,5.358068347676827,0.053580683476768275,5.358068347676827,0.053580683476768275,4.331055824298801,329.4916399903766,9.689124171975628,0.09689124171975629,330.0891097859926,0.5974697956160071,0.00024356697742193524,0.09091654376358747,0.21316916507862516,2553,2453,100,24.53,0.0
5889,366.2477746933064,3.521613218204869,5.763769800520617,0.055420863466544394,5.763769800520617,0.055420863466544394,3.7590839491529096,356.7249209436361,9.522853749673526,0.09156590143916853,357.6069944473045,0.88207350366838,0.00024495237535917245,0.08308442544232592,0.03977339910284172,3705,3601,104,34.625,0.0
5890,337.3435555470983,2.121657582057222,7.889461547335429,0.04961925501468824,7.889461547335429,0.04961925501468824,8.533165692442708,320.92092830731895,16.422627239778137,0.10328696377218954,321.28240287931953,0.3614745720005885,0.000249809655840075,0.10101353879106127,0.2082354019532886,1606,1447,159,9.10062893081761,0.0
5891,397.34325411789587,1.8061057005358903,12.957193839903569,0.05889633563592531,12.957193839903569,0.05889633563592531,12.180645737139002,372.20541454085696,25.13783957704257,0.11426290716837531,372.92574392474603,0.7203293838890659,0.00023781095539421126,0.11098868269613563,0.5934686891100682,3249,3003,246,12.207317073170731,1.0
5892,358.491590422675,1.1870582464326986,15.392430238389226,0.050968312047646444,15.392430238389226,0.050968312047646444,13.807857297712644,329.29130288657257,29.200287536101868,0.09668969382815189,330.11798434037837,0.8266814538058043,0.0002452332998533979,0.09395233802084982,0.145896365976796,3673,3371,302,11.16225165562914,0.0
5893,378.3061088864972,1.9500314891056558,9.762335490710893,0.05032131696242728,9.762335490710893,0.05032131696242728,9.61305332232837,358.9307200734586,19.37538881303926,0.09987313821154259,359.56799979546577,0.6372797220071789,0.00024212755395409532,0.09658819119088374,0.29210877194464047,2826,2632,194,13.56701030927835,0.0
5894,331.92921402046477,2.63435884143226,6.8771856359908,0.05458083838087937,6.8771856359908,0.05458083838087937,4.6564810517336355,320.39554733274076,11.533666687724436,0.09153703720416219,321.32297059036455,0.9274232576237864,0.0002415164733395277,0.08417653515952557,0.32885696468906644,3966,3840,126,30.476190476190474,0.0
5895,,,,,,,,,,,,,,,0.5760828268207661,2461,59,2402,0.024562864279766863,
5896,350.8301538043604,1.6019641726226503,11.278626791699486,0.0515005789575319,11.278626791699486,0.0515005789575319,8.506663243967523,331.04486376869613,19.78529003566701,0.09034379011720096,331.75736903876304,0.712505270066913,0.0002407112398874706,0.08709034139542174,0.03753813136881945,3179,2960,219,13.515981735159817,0.0
5897,399.2461861705467,1.0732424359423298,18.11375321583874,0.04869288498881382,18.11375321583874,0.04869288498881382,22.56428887281072,358.5681440819005,40.67804208864946,0.10934957550712221,359.1566237048746,0.5884796229740914,0.00024530205209424404,0.10776764103675293,0.2001608216862678,2771,2399,372,6.448924731182796,0.0
5898,327.6051604350828,4.044508153519541,4.233947266324236,0.052270953905237484,4.233947266324236,0.052270953905237484,2.8118502981444635,320.5593628706156,7.0457975644687,0.08698515511689753,321.0031628544725,0.443799983856934,0.00023976228193243326,0.08150614297049703,0.09207202941547621,1932,1851,81,22.85185185185185,0.0
5899,385.38297236888434,5.5852604691142655,3.912950539618561,0.05670942811041393,3.912950539618561,0.05670942811041393,6.886000473704598,374.5840213555607,10.798951013323158,0.1565065364249733,375.3043507394498,0.7203293838890659,0.00023979007453031487,0.14606698013673283,0.1283864641970922,3073,3004,69,43.53623188405797,0.0
5900,354.87744061633316,1.4604009901906714,12.284943499959095,0.05055532304509915,12.284943499959095,0.05055532304509915,11.276806002996864,331.3156911133801,23.56174950295596,0.09696193211092988,331.8748714956928,0.5591803823126611,0.00024557768217508175,0.09466077827424021,0.4595193160746476,2520,2277,243,9.37037037037037,0.0
5901,,,,,,,,,,,,,,,0.1476353248781379,3889,3114,775,4.018064516129032,
5902,336.94140988709,2.3896553892701418,7.448691726718823,0.052827600898715056,7.448691726718823,0.052827600898715056,8.539143773612295,320.95357438675865,15.98783550033112,0.11338890425766751,321.71979317425485,0.7662187874962001,0.0002465311414080438,0.1079547284598238,0.024260230276695438,3249,3108,141,22.04255319148936,0.0
5903,388.97013052912575,3.41201868885198,5.939479561077234,0.05210069790418626,5.939479561077234,0.05210069790418626,8.277787849455535,374.7528631185937,14.21726741053277,0.12471287202221729,375.369075563704,0.61621244511025,0.00024155721094090552,0.11930749969668229,0.014151486483797271,2665,2551,114,22.37719298245614,0.0
5904,352.04659106805343,1.592971000307934,11.43395498806546,0.05173735288717403,11.43395498806546,0.05173735288717403,8.55557782209462,332.0570582578946,19.989532810160078,0.09045037470660669,332.81953026495876,0.7624720070641615,0.0002466748647894408,0.08700027512712522,0.25632604227098454,3312,3091,221,13.986425339366516,0.0
5905,379.08942825178906,1.9145930719787325,10.207138367179207,0.05155120387464246,10.207138367179207,0.05155120387464246,9.781457049312394,359.1008328352989,19.9885954164916,0.10095250210349292,359.9901298509001,0.889297015601187,0.0002449854037468835,0.09646110303479284,0.2189260561899573,3828,3630,198,18.333333333333332,0.0
5906,335.2893359853856,2.540070727162012,6.8092657357647965,0.05158534648306664,6.8092657357647965,0.05158534648306664,7.3124840798404875,321.16758616977904,14.121749815605284,0.10698295314852488,321.7267665520917,0.5591803823126611,0.0002460098470359266,0.10274673813101441,0.06280341953106472,2405,2273,132,17.21969696969697,0.0
5907,389.1932685299703,3.6373202666352364,5.718185306475228,0.053440984172665684,5.718185306475228,0.053440984172665684,8.439127067356367,375.03595615613904,14.157312373831594,0.13231133059655695,375.75059149931235,0.7146353431733132,0.00024037515747504649,0.12563249561362555,0.6859131662363325,3080,2973,107,27.785046728971963,0.0
5908,340.67814628353267,3.1544272804030804,6.089340616105832,0.05638278348246141,6.089340616105832,0.05638278348246141,2.3379051960093875,332.2509004714218,8.42724581211522,0.07803005381588167,333.16374377181296,0.9128433003911596,0.00024290667918870664,0.06957780103444175,0.08140731786329525,3866,3758,108,34.7962962962963,0.0
5909,366.59114333983734,6.009690874423563,3.6935607603054876,0.06055017639845062,3.6935607603054876,0.06055017639845062,2.511587483508947,360.38599509602363,6.205148243814435,0.10172374170187598,361.2619696570978,0.8759745610741447,0.00024400405600951108,0.08736350299573058,0.005701688613953593,3651,3590,61,58.85245901639344,0.0
5910,349.8951125642884,1.4108673893721306,12.479252977253843,0.05031956845666872,12.479252977253843,0.05031956845666872,15.897447614917837,321.51841197212,28.37670059217168,0.11442217980714388,322.1765903808489,0.6581784087288725,0.00024082634787005945,0.11176823461064321,0.19327079948470782,2981,2733,248,11.02016129032258,0.0
5911,385.92149411336936,5.435514001596752,3.945276866214064,0.055567279805831885,3.945276866214064,0.055567279805831885,6.559815755741738,375.41640149141404,10.505092621955802,0.147959051013462,376.0577196415445,0.6413181501304734,0.0002422811296299484,0.13892640101161766,0.1474032197265842,2718,2647,71,37.28169014084507,0.0
5912,352.76129328084835,1.7377403609894007,10.360074827180641,0.05103485136542188,10.360074827180641,0.05103485136542188,9.044117284883441,333.3571011687832,19.40419211206408,0.09558715326139941,333.9144745794413,0.5573734106581014,0.00024684384882998293,0.09284147143550282,0.27834858392930073,2461,2258,203,11.123152709359607,0.0
5913,400.3291014426311,1.0732683684789037,18.008292411670134,0.048279604320831455,18.008292411670134,0.048279604320831455,21.274365541170027,361.0464434897956,39.28265795284016,0.10531543687088515,361.49991995783967,0.45347646804407304,0.00023804539004938219,0.10409968226485639,0.022858084789049826,2278,1905,373,5.107238605898123,0.0
5914,352.6545319203599,1.4572501319023137,12.34393312809415,0.05100798813262045,12.34393312809415,0.05100798813262045,16.771780960038086,323.5388178322303,29.115714088132236,0.12031286813277783,324.367090551837,0.8282727196067299,0.00024483379237562217,0.11689025358893751,0.17925114043464419,3625,3383,242,13.979338842975206,0.0
5915,384.44077530340087,6.006887114115639,3.8613300355611586,0.0603332818056431,3.8613300355611586,0.0603332818056431,4.96264793113005,375.6167973367096,8.823977966691208,0.13787465572955013,376.50573339231073,0.888936055601107,0.0002456302999726739,0.12398502986078341,0.054057513472116625,3683,3619,64,56.546875,0.0
5916,346.58318571769723,2.1262772129920076,8.28082847374777,0.0508026286732992,8.28082847374777,0.0508026286732992,4.6915989806302605,333.6107582633183,12.97242745437803,0.07958544450538668,334.0271146743105,0.41635641099219356,0.00024178653367723204,0.07703111069562416,0.09559264251265631,1885,1722,163,10.56441717791411,0.0
5917,373.78331897784506,2.5778159929506557,7.702965796295229,0.05312390204341537,7.702965796295229,0.05312390204341537,5.141601157836931,360.9387520237135,12.844566954132159,0.08858322037332524,361.83492349301514,0.8961714693016347,0.0002444548470544557,0.08240272748158563,0.2322666377067435,3811,3666,145,25.282758620689656,0.0
5918,341.8790817948816,2.1637916569296305,8.34612869141303,0.0528235993127407,8.34612869141303,0.0528235993127407,9.933817935441084,323.5991351680309,18.279946626854112,0.11569586472692477,324.4034036893852,0.8042685213542882,0.0002450543940750421,0.11060555762972404,0.7179461323801206,3440,3282,158,20.772151898734176,0.0
5919,392.004140084513,2.214712655844706,9.17634375920115,0.05184375005198389,9.17634375920115,0.05184375005198389,7.684798466149687,375.142997859165,16.861142225350836,0.09526069053870528,376.020366340239,0.8773684810739724,0.00024398456092157185,0.09030380646482487,0.5977091739168827,3773,3596,177,20.316384180790962,0.0
5920,364.37661547340554,1.1678737675429665,15.883215567483447,0.050907742203472585,15.883215567483447,0.050907742203472585,15.261420090678712,333.2319798152407,31.14463565816216,0.09982255018641717,334.0586612690465,0.8266814538058043,0.0002452332998533979,0.09717293014217632,0.11198808660492432,3683,3371,312,10.804487179487179,0.0
5921,377.5161139224351,2.2076965726458195,8.712805381574217,0.05095207825481998,8.712805381574217,0.05095207825481998,7.682700898863914,361.1206076419978,16.39550628043813,0.09588015368677269,361.79063030892416,0.6700226669263429,0.00023946485594222408,0.09196189247667227,0.040026325389590056,2969,2798,171,16.362573099415204,0.0
5922,343.6944615703924,1.998223613781351,8.810877920873232,0.05122603442368158,8.810877920873232,0.05122603442368158,11.13421384771027,323.7493698018095,19.945091768583502,0.11595983586385757,324.34593205018746,0.5965622483779498,0.0002437933176861258,0.11249145069886582,0.48070189259533436,2619,2447,172,14.226744186046512,0.0
5923,395.9707388674449,1.7291298640499777,11.310800252837444,0.04939214084208491,11.310800252837444,0.04939214084208491,9.247261121834072,375.4126774927779,20.558061374671517,0.08977319377585816,375.99275650056074,0.5800790077828424,0.00024652741512233,0.08724009767198312,0.1153620695565678,2582,2353,229,10.275109170305678,0.0
5924,345.84456697996416,2.5061200505794505,7.205990151053753,0.052217319935172125,7.205990151053753,0.052217319935172125,4.611994740598448,334.02658208830735,11.817984891652202,0.08563757167863914,334.56407600886064,0.5374939205532883,0.00024907039877353486,0.0817426881964023,0.1166348694800945,2296,2158,138,15.63768115942029,0.0
5925,367.411425953806,5.174808816250788,3.7856417697053746,0.05331889816486443,3.7856417697053746,0.05331889816486443,2.2104300909140875,361.4153540931868,5.9960718606194625,0.084451716346753,361.9072709724237,0.4919168792368964,0.00024031112810791227,0.0775233095969334,0.08374596416138047,2118,2047,71,28.830985915492956,0.0
5926,344.42090847223676,2.391811864390533,7.770281474632449,0.05396028801828089,7.770281474632449,0.05396028801828089,11.287677874902101,325.362949122705,19.05795934953455,0.13234693992732327,326.2650616139058,0.9021124912007963,0.00024348515282072774,0.12608226984952056,0.10821743971177966,3849,3705,144,25.729166666666668,0.0
5927,,,,,,,,,,,,,,,0.75,3192,2928,264,11.090909090909092,
5928,347.4867729108548,3.1879520450537138,6.2005344509757805,0.05688563716491542,6.2005344509757805,0.05688563716491542,5.4576421838796705,335.8285962759953,11.658176634855451,0.10695574894362798,336.77450639016024,0.9459101141649171,0.0002404448688777115,0.09827767450178518,0.5184677430709144,4043,3934,109,36.091743119266056,0.0
5929,385.9959428028217,1.6637756155294037,11.577484808142932,0.04990295175923678,11.577484808142932,0.04990295175923678,12.694081795773172,361.72437619890684,24.271566603916106,0.1046188215686039,362.3656943490373,0.6413181501304734,0.00024264780557339138,0.10185451919734638,0.022918822007113704,2875,2643,232,11.392241379310345,0.0
5930,337.44359799471636,3.183430169761475,5.5121522877302835,0.05200143667670079,5.5121522877302835,0.05200143667670079,7.2350916349291765,324.69635407206056,12.747243922659461,0.1202570181382968,325.164435362374,0.46808129031342105,0.0002406587610865918,0.11584115690889035,0.32535355728145987,2051,1945,106,18.349056603773583,0.0
5931,391.73358702609744,1.9884953656147077,9.645443506078177,0.048961642162833385,9.645443506078177,0.048961642162833385,7.462431095230386,374.62571242479294,17.107874601308563,0.08684200305232773,375.0379229704606,0.41221054566767634,0.0002433356231804465,0.08474956373419708,0.14684584953192825,1891,1694,197,8.598984771573605,0.0
5932,353.4803868329195,2.0915999220882813,8.69032188831547,0.05142202300778385,8.69032188831547,0.05142202300778385,8.676439712762885,336.11362523183834,17.366761601078355,0.10276190296496068,336.6828774352964,0.5692522034580634,0.00024589728011147446,0.09939354673149774,0.75,2484,2315,169,13.698224852071005,0.0
5933,371.01655652692784,3.5001561936502625,5.839124966575086,0.055086084590331,5.839124966575086,0.055086084590331,4.253759916772424,360.92367164358075,10.092884883347509,0.0952158951259199,361.77611337978647,0.8524417362057193,0.00024425264647728347,0.08717399195416393,0.4070093342236305,3596,3490,106,32.924528301886795,0.0
5934,333.88559521867023,4.637299933592642,4.348712711375482,0.06039878765799281,4.348712711375482,0.06039878765799281,4.94489051980554,324.59199198749525,9.293603231181022,0.12907782265529197,325.52974143893584,0.9377494514405953,0.0002409428189724037,0.11605352471853318,0.08514205986534762,3964,3892,72,54.05555555555556,0.0
5935,385.19389298104284,2.811634255336079,6.95287986235836,0.05075094790042599,6.95287986235836,0.05075094790042599,4.666637035106987,373.57437608357804,11.619516897465347,0.08481399195230181,374.0980626167957,0.5236865332176421,0.00025008907985560753,0.08099146251275291,0.40955296650804485,2231,2094,137,15.284671532846716,0.0
5936,353.3625006136451,1.8997983903959414,9.656513878698226,0.05191674128332379,9.656513878698226,0.05191674128332379,8.626132995800162,335.0798537391456,18.28264687449839,0.09829380040052897,335.8001831230347,0.7203293838890659,0.0002397102775005211,0.09442106177747549,0.75,3191,3005,186,16.155913978494624,0.0
5937,376.064843864993,2.4741108149012696,7.879581338789558,0.0518393509130892,7.879581338789558,0.0518393509130892,7.55481963486227,360.63044289134154,15.434400973651828,0.10154211166876202,361.34711309591944,0.7166702045778948,0.00023968903163140294,0.09682717611232611,0.13783908464233718,3142,2990,152,19.67105263157895,0.0
5938,351.63421046615827,1.4530339275461086,12.1024155629085,0.05000998166491116,12.1024155629085,0.05000998166491116,15.866319574590761,323.6654753286616,27.968735137499262,0.11557328569214571,324.3067934787921,0.6413181501304734,0.00024273964804332832,0.11292321069159578,0.5668740591238475,2884,2642,242,10.917355371900827,0.0
5939,,,,,,,,,,,,,,,0.03758008159206838,4025,3821,204,18.730392156862745,
5940,354.0600761917576,2.662105836028253,6.963587549132444,0.05235780112129657,6.963587549132444,0.05235780112129657,9.484756492724728,337.61173214990254,16.448344041857172,0.12367175971321183,338.2219911411287,0.6102589912261465,0.00024245490314904507,0.11908334624533033,0.22118594502194355,2650,2517,133,18.924812030075188,0.0
5941,383.8515648772516,1.8454402157560172,10.71806702949195,0.05152916841101899,10.71806702949195,0.05152916841101899,10.981561342094665,362.1519365056665,21.699628371586613,0.10432513640185871,363.0633980460577,0.9114615403912012,0.00024299161300751833,0.09994310976535505,0.022502505559032215,3959,3751,208,18.033653846153847,0.0
5942,330.96566641873915,5.091779483365218,3.779854396669673,0.05815160610261035,3.779854396669673,0.05815160610261035,2.978354406106746,324.2074576159689,6.758208802776419,0.10397244311963721,324.91259778544577,0.7051401694768629,0.00024082656061368267,0.09312413281989813,0.05823023322136578,2993,2928,65,45.04615384615385,0.0
5943,390.29173325430816,2.001496067970811,10.069132169924288,0.05163657523038096,10.069132169924288,0.05163657523038096,5.742060679560836,374.4805404048295,15.811192849485124,0.08108304025376986,375.4182898562701,0.9377494514405953,0.0002411286838366149,0.07627406870788736,0.16090509813443532,4084,3889,195,19.943589743589744,0.0
5944,364.2685991390017,1.4868106087306192,12.307877836956667,0.050236236069210884,12.307877836956667,0.050236236069210884,14.485709877715408,337.4750114243275,26.793587714672075,0.10936158250886562,337.95668433786045,0.48167291353297514,0.0002385700413734399,0.10739557061690308,0.5053418798863731,2264,2019,245,8.240816326530613,0.0
5945,377.340515330902,2.515603435539347,7.925030540599346,0.05283353693732897,7.925030540599346,0.05283353693732897,7.16274887095642,362.2527359193466,15.087779411555767,0.10058519607703845,363.110505899715,0.8577699803684027,0.00024396188292616686,0.09486672954124667,0.75,3666,3516,150,23.44,0.0
5946,331.39180608708466,4.478267649825469,4.277829050173904,0.057808500678025725,4.277829050173904,0.057808500678025725,3.6347269322775446,323.4792501046393,7.912555982451448,0.10692643219528984,324.2500507338498,0.7708006292104983,0.0002468141624113027,0.0965102074761471,0.017100702785683097,3197,3123,74,42.2027027027027,0.0
5947,385.3995246200045,2.7140811592958065,7.343541202717454,0.051715078892376434,7.343541202717454,0.051715078892376434,3.708249270362103,374.34773414692927,11.051790473079556,0.07782951037379969,375.05596591593985,0.708231769010581,0.00024081325025861308,0.07284196270468073,0.75,3083,2941,142,20.711267605633804,0.0
5948,349.3507694861678,3.0915997299660867,5.9957109344070325,0.05305938880006224,5.9957109344070325,0.05305938880006224,6.927362339122055,336.42769621263983,12.923073273529088,0.1143634802967176,337.0345349645588,0.6068387519189855,0.0002416721433369118,0.1089932258549467,0.3527636488834105,2624,2511,113,22.221238938053098,0.0
5949,,,,,,,,,,,,,,,0.023151735840883703,4063,3758,305,12.321311475409836,
5950,333.24837670826537,3.267140948120249,5.519514347962169,0.05411288576433499,5.519514347962169,0.05411288576433499,4.688374177688274,323.0404881826205,10.207888525650443,0.10007733848676904,323.70796749407964,0.6674793114591466,0.00024010047174789447,0.09353342366848753,0.13167974701923413,2882,2780,102,27.254901960784313,0.0
5951,,,,,,,,,,,,,,,0.61454815593288,1655,1456,199,7.316582914572864,
5952,362.714869083685,1.4804688534027959,12.5053202186742,0.05104212334152734,12.5053202186742,0.05104212334152734,13.980860468155925,336.2286883968527,26.486180686830124,0.1081068599462454,336.906420779261,0.6777323824082941,0.00024041588591993407,0.10534060532417967,0.1338282578055896,3064,2819,245,11.506122448979593,0.0
5953,368.71132707367474,8.379802888038062,2.8602309368931893,0.0650052485657543,2.8602309368931893,0.0650052485657543,2.3789651643601246,363.47213097242184,5.239196101253314,0.11907263866484805,364.29560429120556,0.8234733187837264,0.0002461067898337497,0.10035733596520852,0.2028778840801806,3390,3346,44,76.04545454545455,0.0
5954,338.4789419125366,2.644366733691692,7.011149314733448,0.05477460402135506,7.011149314733448,0.05477460402135506,8.588373432386106,322.8794191654208,15.599522747119554,0.12187127146187152,323.8068424230446,0.9274232576237864,0.0002418313579201529,0.11462577726165613,0.30968161660962323,3963,3835,128,29.9609375,0.0
5955,,,,,,,,,,,,,,,0.35187311315394254,3742,3586,156,22.987179487179485,
5956,351.380873779739,2.5279199552499207,7.338181619116642,0.052792673518824766,7.338181619116642,0.052792673518824766,7.940156678584344,336.1025354820397,15.278338297700987,0.10991610286115817,336.7953700671353,0.6928345850956248,0.000241827080312609,0.1049316813856379,0.03681401227004244,3004,2865,139,20.611510791366907,0.0
5957,,,,,,,,,,,,,,,0.05145069941704605,2887,14,2873,0.004872955099199443,
5958,341.7975845448343,2.084131613078258,8.375982701338085,0.05107306525206149,8.375982701338085,0.05107306525206149,9.646647020980481,323.774954822519,18.022629722318566,0.10989408367267418,324.38760603033234,0.6126512078133146,0.00024205895211904964,0.10615840557623153,0.12022349162498358,2695,2531,164,15.432926829268293,0.0
5959,,,,,,,,,,,,,,,0.20178450010325832,2885,2662,223,11.937219730941704,
5960,345.12430445645987,4.541109269163946,4.112863394733152,0.054116623614909896,4.112863394733152,0.054116623614909896,3.5292966672298007,337.48214439449725,7.642160061962953,0.10055473765740727,338.00035266304826,0.5182082685510068,0.00024997986905499604,0.09373620780804745,0.010787664072495318,2149,2073,76,27.276315789473685,0.0
5961,371.17161415218266,6.186193569203044,3.437872308528373,0.05729787180880622,3.437872308528373,0.05729787180880622,4.1684364701179675,363.5653053735366,7.606308778646341,0.126771812977439,364.2116805751573,0.6463752016206854,0.00024190688683408884,0.11599889295042279,0.43753201023719157,2732,2672,60,44.53333333333333,0.0
5962,343.15139757706675,2.3665613626004602,7.448572241106158,0.0513694637317666,7.448572241106158,0.0513694637317666,10.349327892627343,325.35349744333143,17.7979001337335,0.12274413885333448,325.9735752374229,0.6200777940914577,0.00024193437147540292,0.11846774027340588,0.44982475755045925,2708,2563,145,17.675862068965518,0.0
5963,,,,,,,,,,,,,,,0.0905706519861269,1014,808,206,3.9223300970873787,
5964,353.4722608246609,2.3722970525145026,7.712436576069687,0.051761319302481124,7.712436576069687,0.051761319302481124,8.942235986172363,336.8175882624189,16.65467256224205,0.11177632592108759,337.3981029662184,0.5805147037995084,0.000841325657680447,0.10788025408350674,0.204836980855589,839,690,149,4.630872483221476,0.0
5965,379.2652325498409,2.545404245300946,7.786219537281155,0.05225650696161849,7.786219537281155,0.05225650696161849,8.073519514550526,363.4054934980104,15.859739051831681,0.10644120169014551,364.2023825129081,0.7968890148977152,0.00024610531652183916,0.10109295326800528,0.15564973578307217,3387,3238,149,21.731543624161073,0.0
5966,343.5402471437735,2.1337903549302704,8.386212309847323,0.052088275216443,8.386212309847323,0.052088275216443,9.542232531337504,325.6118023025856,17.928444841184827,0.11135680025580638,326.41889766387544,0.8070953612898393,0.0002446484878114093,0.10634378558942902,0.006801696383490707,3460,3299,161,20.490683229813666,0.0
5967,,,,,,,,,,,,,,,0.0006124182395979005,3611,3244,367,8.839237057220709,
5968,348.2706466614559,3.1951435473528065,5.7653496749095074,0.05289311628357346,5.7653496749095074,0.05289311628357346,5.926954887418333,336.57834209913085,11.692304562327841,0.10726884919566827,337.15885680293036,0.5805147037995084,0.0003375085487206444,0.10194302622500483,0.07618231288188326,1829,1720,109,15.779816513761467,0.0
5969,373.1154503776195,4.550188419239262,4.733473496848845,0.05772528654693713,4.733473496848845,0.05772528654693713,3.8768502070279283,364.50512667374346,8.610323703876773,0.10500394760825332,365.40928604932515,0.9041593755816848,0.00024311895014296445,0.09397761375968701,0.75,3801,3719,82,45.353658536585364,0.0
5970,,,,,,,,,,,,,,,0.44930821224738793,2889,2205,684,3.223684210526316,
5971,,,,,,,,,,,,,,,0.15992111566583844,3461,3336,125,26.688,
5972,353.43049417635234,1.9526546639577478,9.573799105639813,0.0528939177107172,9.573799105639813,0.0528939177107172,8.082202784684796,335.77449228602677,17.65600189032461,0.09754697176974923,336.63452548751434,0.8600332014875676,0.00024398105006739505,0.09279540712065194,0.26519402679923587,3706,3525,181,19.475138121546962,0.0
5973,370.04873572137944,5.782011495646554,3.647013508271831,0.05698458606674736,3.647013508271831,0.05698458606674736,2.377444420495067,364.0242777926135,6.024457928766898,0.09413215513698278,364.6943004595398,0.6700226669263429,0.00023937930222448837,0.08366305096624416,0.5580002651799987,2863,2799,64,43.734375,0.0
5974,367.6735182451873,0.9191837956129683,19.574523425748257,0.048936308564370645,19.574523425748257,0.048936308564370645,22.71236459411989,325.3866302253141,42.286888019868144,0.10571722004967037,326.11860049593383,0.7319702706197404,0.00024038432532667994,0.10388729437313372,0.1349592586827839,3445,3045,400,7.6125,0.0
5975,,,,,,,,,,,,,,,0.16926260941431792,2936,2722,214,12.719626168224298,
5976,,,,,,,,,,,,,,,0.29106240211353906,4056,2345,1711,1.3705435417884277,
5977,383.1445954412777,2.0710518672501497,9.054535042043128,0.04894343265969258,9.054535042043128,0.04894343265969258,10.061220911154805,364.02883948808335,19.115755953197933,0.10332841055782667,364.41890704049865,0.390067552415303,0.0002486090200225003,0.10121993730150845,0.07017670124582764,1754,1569,185,8.481081081081081,0.0
5978,344.43874337705097,1.945981601000288,8.752247735902323,0.049447727321482046,8.752247735902323,0.049447727321482046,9.697784348056302,325.9887112930876,18.450032083958625,0.10423746940089619,326.4325112769445,0.443799983856934,0.00023937431707493742,0.10173012485935845,0.03177507584200612,2031,1854,177,10.474576271186441,0.0
5979,,,,,,,,,,,,,,,0.08116157187555473,3073,2781,292,9.523972602739725,
5980,363.4724369036155,1.3412267044413857,13.795101585754365,0.050904433895772566,13.795101585754365,0.050904433895772566,14.35955140204669,335.31778391581156,28.154652987801057,0.10389170844207032,335.9971546982197,0.6793707824081139,0.00024023012107783376,0.10138480518596252,0.75,3099,2828,271,10.435424354243542,0.0
5981,,,,,,,,,,,,,,,0.017263796853740132,2754,2523,231,10.922077922077921,
5982,330.3824993045598,11.79937497516285,2.1575507193392993,0.0770553828335464,2.1575507193392993,0.0770553828335464,2.5027149050415574,325.7222336801781,4.660265624380857,0.16643805801360204,326.5900778643013,0.8678441841232143,0.0002438449519874162,0.1354436228663758,0.34217803317960716,3587,3559,28,127.10714285714286,0.0
5983,,,,,,,,,,,,,,,0.21751033514442497,3094,2728,366,7.453551912568306,
5984,366.7264582276716,1.6155350582716812,14.841477473195923,0.0653809580317001,14.841477473195923,0.0653809580317001,16.43315213781625,335.4518286166583,31.274629611012173,0.13777369872692588,336.2812117362648,0.8293831196065184,0.00024138041897745006,0.13412002859650576,0.2084327541924722,3663,3390,273,12.417582417582418,1.0
5985,,,,,,,,,,,,,,,0.5068943471321745,3417,3253,164,19.835365853658537,
5986,362.03330105098735,1.0373447021518263,16.89748865852504,0.04841687294706316,16.89748865852504,0.04841687294706316,19.389556600953938,325.74625579150324,36.28704525947898,0.10397434171770481,326.23156978417023,0.48531399266698827,0.00023789901601322955,0.10258375721151036,0.24721269992869566,2389,2040,349,5.845272206303725,0.0
5987,,,,,,,,,,,,,,,0.16158532370286594,2070,1783,287,6.2125435540069684,
5988,362.4911333497939,1.7682494309746046,10.620818634622788,0.05180887138840384,10.620818634622788,0.05180887138840384,12.940808321249278,338.9295063939189,23.561626955872065,0.11493476563840031,339.59952906084527,0.6700226669263429,0.00023937930222448837,0.11166636238511539,0.2962428685050327,3004,2799,205,13.653658536585366,0.0
5989,372.2728807097599,4.379680949526587,4.545031910021061,0.0534709636473066,4.545031910021061,0.0534709636473066,3.2806946981986584,364.44715410154095,7.825726608219719,0.09206737186140847,365.0272331093238,0.5800790077828424,0.00024590038481680474,0.0852429129463069,0.0318400992559873,2444,2359,85,27.75294117647059,0.0
5990,334.9845114565783,4.854847992124323,3.839700069665827,0.055647827096606185,3.839700069665827,0.055647827096606185,5.150246183429317,325.99456520348417,8.989946253095145,0.1302890761318137,326.63588335361464,0.6413181501304734,0.00024273964804332832,0.1209946101878787,0.1796295138503865,2711,2642,69,38.289855072463766,0.0
5991,,,,,,,,,,,,,,,0.21407168542236832,2686,2435,251,9.701195219123505,
5992,351.0067513865981,3.162222985464848,6.292860565257413,0.056692437524841564,6.292860565257413,0.056692437524841564,5.142642256426825,339.57124856491055,11.435502821684238,0.10302254794310124,340.491179039557,0.919930474646435,0.00024195961984388084,0.09473488600937967,0.4665346718022647,3913,3802,111,34.252252252252255,0.0
5993,374.26966513767866,6.135568280945551,3.6529684315999607,0.0598847283868846,3.6529684315999607,0.0598847283868846,4.65141171359187,365.965284992488,8.30438014519183,0.13613737942937426,366.79466811209454,0.8293831196065184,0.000244944807916869,0.12254093484564126,0.04443717686081072,3447,3386,61,55.50819672131148,0.0
5994,356.8665232604608,1.158657543053444,14.881660241419873,0.04831707870590868,14.881660241419873,0.04831707870590868,16.089096192198895,325.89576682683696,30.970756433618767,0.10055440400525574,326.3100251950991,0.41425836826215345,0.00024368139309538438,0.09920940930312229,0.015072992692239495,2008,1700,308,5.51948051948052,0.0
5995,,,,,,,,,,,,,,,0.09629840924026212,854,777,77,10.090909090909092,
5996,361.01253268298774,1.9101192205449087,9.731820926497704,0.05149111601321537,9.731820926497704,0.05149111601321537,11.471925833098567,339.80878592338695,21.20374675959627,0.11218913629416016,340.3577379368912,0.5489520135042767,0.0002476102902590332,0.10928462828622494,0.5265845373767206,2406,2217,189,11.73015873015873,0.0
5997,,,,,,,,,,,,,,,0.03640023981824925,3523,3291,232,14.185344827586206,
5998,342.81798710181283,2.1031778349804466,7.813574362817346,0.047936039035689236,7.813574362817346,0.047936039035689236,9.303415072760345,325.70099766623207,17.11698943557769,0.1050122051262435,325.88846986978206,0.18747220354998717,0.000260740199652277,0.10386206890816427,0.04457506879339235,882,719,163,4.411042944785276,0.0
5999,,,,,,,,,,,,,,,0.079593867615813,3977,3840,137,28.029197080291972,
6000,358.6949423362887,2.135088942477909,9.08292268124155,0.05406501595977113,9.08292268124155,0.05406501595977113,8.92052505505876,340.69149459998243,18.00344773630031,0.10716337938273994,341.60597341879793,0.9144788188154962,0.00024256732594575496,0.10172005308030223,0.13597240103945296,3938,3770,168,22.44047619047619,0.0
6001,376.583695973952,3.842690775244408,5.108588708187622,0.05212845620599614,5.108588708187622,0.05212845620599614,4.992285000516404,366.4828222652502,10.100873708704025,0.10307013988473496,367.04200264756287,0.5591803823126611,0.00024557768217508175,0.09736421761621554,0.6079020122501788,2375,2277,98,23.23469387755102,0.0
6002,342.5032372360363,1.9460411206592971,9.019180817365648,0.05124534555321391,9.019180817365648,0.05124534555321391,8.52906288232839,324.9549935363402,17.548243699694037,0.09970593011189793,325.7293457267722,0.774352190431955,0.0002465304649576425,0.09530620175718241,0.11000805253638646,3317,3141,176,17.84659090909091,0.0
6003,,,,,,,,,,,,,,,0.08557194772401999,3919,3443,476,7.233193277310924,
6004,354.14555836777345,2.6829208967255562,7.30518880706049,0.05534233944742795,7.30518880706049,0.05534233944742795,5.739933453067124,341.10043610764205,13.045122260127613,0.09882668378884556,341.9895646096895,0.8891285020474697,0.00024440035790199827,0.09209086180366609,0.1885495235617327,3770,3638,132,27.560606060606062,0.0
6005,,,,,,,,,,,,,,,0.6884594844821095,3293,3115,178,17.5,
6006,339.51593298953117,2.263439553263541,7.5280701224195985,0.05018713414946399,7.5280701224195985,0.05018713414946399,6.975061572268714,325.01280129483985,14.503131694688314,0.09668754463125542,325.5295306603339,0.5167293654940295,0.00024999001717176077,0.0932426821946486,0.18031799679192773,2217,2067,150,13.78,0.0
6007,,,,,,,,,,,,,,,0.3635816781693393,3590,3511,79,44.44303797468354,
6008,346.72587267735753,4.177420152739248,4.602517176428731,0.05545201417384013,4.602517176428731,0.05545201417384013,1.4167548417867692,340.7066006591392,6.0192720182155,0.07252134961705421,341.29641232293875,0.5898116637995372,0.0002451420049042133,0.06541518499299734,0.0506047911069345,2489,2406,83,28.987951807228917,0.0
6009,,,,,,,,,,,,,,,0.02481938926644034,1464,1275,189,6.746031746031746,
6010,344.3104687659568,1.6395736607902704,10.78437559653053,0.051354169507288244,10.78437559653053,0.051354169507288244,8.597598344523476,324.9284948248978,19.381973941054007,0.09229511400501908,325.86862888256064,0.9401340576628172,0.0002425526464558352,0.08781828515902924,0.3492160124737893,4086,3876,210,18.457142857142856,0.0
6011,,,,,,,,,,,,,,,0.19615795615300158,4018,3703,315,11.755555555555556,
6012,364.99836868723196,1.754799849457846,10.674708658466802,0.05132071470416732,10.674708658466802,0.05132071470416732,13.187197287820482,341.13646274094344,23.861905946287283,0.1147207016648427,341.75832485503497,0.6218621140915275,0.00024178153736062499,0.11173097996248552,0.5147982523915289,2780,2572,208,12.365384615384615,0.0
6013,,,,,,,,,,,,,,,0.43835882302846585,3732,3442,290,11.86896551724138,
6014,344.7656561110059,1.6110544678084389,10.796341273779984,0.05045019286813077,10.796341273779984,0.05045019286813077,9.351584541640932,324.6177302955798,20.147925815420916,0.09414918605336876,325.38020230264397,0.7624720070641615,0.0002465153595422443,0.09058623274935489,0.288769590988295,3307,3093,214,14.453271028037383,0.0
6015,,,,,,,,,,,,,,,0.08955199709612316,1703,1538,165,9.32121212121212,
6016,347.0348411600264,10.516207307879588,2.1134995997238617,0.06404544241587459,2.1134995997238617,0.06404544241587459,1.9113916653363958,343.0099498949653,4.0248912650602575,0.12196640197152296,343.56590342939853,0.5559535344332289,0.000246871018842464,0.105119325170542,0.28914806660577597,2285,2252,33,68.24242424242425,0.0
6017,,,,,,,,,,,,,,,0.29146593520067654,2789,2577,212,12.15566037735849,
6018,335.1942008024339,3.1923257219279417,5.812424588321238,0.05535642465067846,5.812424588321238,0.05535642465067846,3.1994370393269946,326.1823391747823,9.011861627648234,0.08582725359664985,327.09079196412586,0.9084527893435279,0.0002436183398614985,0.0771753222696004,0.025185413602685003,3834,3729,105,35.51428571428571,0.0
6019,,,,,,,,,,,,,,,0.21690290624542286,3970,332,3638,0.09125893347993402,
6020,,,,,,,,,,,,,,,0.43334643905063785,3188,955,2233,0.4276757725033587,
6021,,,,,,,,,,,,,,,0.0032453902174438554,3269,3054,215,14.204651162790698,
6022,341.05876041653505,2.2291422249446735,7.8131153419799295,0.05106611334627405,7.8131153419799295,0.05106611334627405,6.280298346495101,326.9653467280548,14.093413688475032,0.09211381495735314,327.61172192967547,0.6463752016206854,0.00024245131343611606,0.08788914043699074,0.18254136826999456,2819,2666,153,17.424836601307188,0.0
6023,,,,,,,,,,,,,,,0.11670784458169692,3634,3495,139,25.14388489208633,
6024,365.8989416262523,1.999447768449466,9.548653646712898,0.052178435227939336,9.548653646712898,0.052178435227939336,13.25047876962958,343.0998092099105,22.79913241634248,0.12458542304012285,343.8833256263838,0.783516416473276,0.0002456934513870417,0.12030391256758736,0.16584808227503345,3372,3189,183,17.42622950819672,0.0
6025,,,,,,,,,,,,,,,0.10399748431268563,3905,3666,239,15.338912133891213,
6026,335.29800890455704,3.5294527253111267,5.069758012227265,0.053365873812918574,5.069758012227265,0.053365873812918574,3.5125217943459575,326.7157290979799,8.582279806573222,0.09033978743761287,327.3571395849706,0.6414104869907078,0.00032625151932385953,0.08358809810091004,0.6041848695545013,2061,1966,95,20.694736842105264,0.0
6027,,,,,,,,,,,,,,,0.027012659943693507,4037,3905,132,29.583333333333332,
6028,,,,,,,,,,,,,,,0.041973015535404556,3872,3618,254,14.244094488188976,
6029,,,,,,,,,,,,,,,0.06247248638896963,3583,3308,275,12.02909090909091,
6030,344.5763137221288,1.758042416949637,9.832002848273266,0.050163279838128905,9.832002848273266,0.050163279838128905,8.212232025879075,326.53207884796893,18.04423487415234,0.09206242282730787,327.17348933495964,0.6414104869907078,0.0008762438346867592,0.08878992034269988,0.05219208814287413,928,732,196,3.7346938775510203,0.0
6031,,,,,,,,,,,,,,,0.5683943115079728,3458,1494,1964,0.7606924643584522,
6032,346.3783598798209,19.243242215545607,1.6165653308420516,0.08980918504678065,1.6165653308420516,0.08980918504678065,0.8600332014875676,343.90176134749026,2.476598532329619,0.1375888073516455,344.68148307225806,0.7797217247677963,0.00024565901851537376,0.09427093375349058,0.23760951770645988,3192,3174,18,176.33333333333334,0.0
6033,,,,,,,,,,,,,,,0.44508055396840973,3292,2968,324,9.160493827160494,
6034,,,,,,,,,,,,,,,0.1864539470041109,2680,35,2645,0.013232514177693762,
6035,,,,,,,,,,,,,,,0.1898728480277896,2436,2218,218,10.174311926605505,
6036,356.82241660672753,3.3662492132710145,5.949899470279722,0.05613112707811058,5.949899470279722,0.05613112707811058,7.064852323413561,343.807664813035,13.014751793693282,0.12278067729899322,344.66769801452256,0.8600332014875676,0.00024398105006739505,0.11466715653023558,0.20024592776508143,3631,3525,106,33.25471698113208,0.0
6037,,,,,,,,,,,,,,,0.3529612476575039,713,643,70,9.185714285714285,
6038,335.23393426422695,4.721604707946859,4.038627903666192,0.05688208315022805,4.038627903666192,0.05688208315022805,4.314766117324552,326.8805402432354,8.353394020990745,0.1176534369153626,327.61373547385506,0.7331952306196854,0.0002404707217512907,0.1073267435263646,0.03025019635811077,3120,3049,71,42.943661971830984,0.0
6039,,,,,,,,,,,,,,,0.15427411925088563,4074,3927,147,26.714285714285715,
6040,364.16208746873167,2.4277472497915444,7.569489799233516,0.050463265328223435,7.569489799233516,0.050463265328223435,11.793245768212728,344.799351901288,19.362735567446244,0.12908490378297496,345.22051145043906,0.4211595491510707,0.00024162911597881278,0.12627717345528405,0.01986913850100791,1893,1743,150,11.62,0.0
6041,,,,,,,,,,,,,,,0.4271002119282912,2079,1865,214,8.714953271028037,
6042,344.5514486135196,1.7669305057103568,9.629433931578049,0.04938171246963102,9.629433931578049,0.04938171246963102,8.551844060234544,326.370170621703,18.181277991812593,0.09323732303493637,326.85039470337165,0.48022408166866626,0.00023832460628717928,0.09077463543665615,0.6423213824718914,2210,2015,195,10.333333333333334,0.0
6043,,,,,,,,,,,,,,,0.16325010382820437,3937,3696,241,15.336099585062241,
6044,,,,,,,,,,,,,,,0.0933366676786136,3985,3761,224,16.790178571428573,
6045,,,,,,,,,,,,,,,0.11257714046246292,3598,3439,159,21.628930817610062,
6046,339.61354541086985,2.443262916624963,7.170736003488627,0.051588028802076455,7.170736003488627,0.051588028802076455,5.915181572145002,326.52762783523167,13.08591757563363,0.09414329191103331,327.190886896532,0.6632590613003231,0.00024092228888497025,0.08937164398804212,0.4246201604566977,2892,2753,139,19.805755395683452,0.0
6047,,,,,,,,,,,,,,,0.5511976490104189,3438,3321,117,28.384615384615383,
6048,362.5461287580474,2.589615205414624,7.110398850743318,0.05078856321959513,7.110398850743318,0.05078856321959513,11.204107731369731,344.2316221759361,18.314506582113047,0.13081790415795033,344.6959247257387,0.46430254980259633,0.00024044668555287226,0.12750145737363386,0.22760738519332335,2071,1931,140,13.792857142857143,0.0
6049,,,,,,,,,,,,,,,0.3605464430461325,3268,3052,216,14.12962962962963,
6050,348.6152982251915,1.7786494807407731,9.990193782794037,0.05097037644282672,9.990193782794037,0.05097037644282672,10.93355196032121,327.6915524820745,20.923745743115248,0.10675380481181249,328.4806633338494,0.7891108517749217,0.0002461356368605495,0.1027277290374597,0.10465473401768577,3402,3206,196,16.357142857142858,0.0
6051,,,,,,,,,,,,,,,0.3093779872494906,3717,3584,133,26.94736842105263,
6052,358.1657024436688,3.4773369169288233,5.382689417585542,0.05225912055908293,5.382689417585542,0.05225912055908293,7.894030986438793,344.88898203964754,13.276720404024335,0.12890019809732364,345.4057114051416,0.5167293654940295,0.00024999001717176077,0.1238834081410411,0.007295299220913876,2170,2067,103,20.067961165048544,0.0
6053,,,,,,,,,,,,,,,0.4212749957548567,1706,1483,223,6.650224215246637,
6054,337.5687187125841,3.3094972422802362,5.1382599724757405,0.050375097769370006,5.1382599724757405,0.050375097769370006,4.750615893273789,327.6798428468312,9.88887586574953,0.09694976338970127,328.0552976739275,0.3754548270962914,0.00024539531182764143,0.09326883371231949,0.06287220479293865,1632,1530,102,15.0,0.0
6055,,,,,,,,,,,,,,,0.48590480989287244,3704,3390,314,10.796178343949045,
6056,359.8244528242092,3.0754226737111896,5.925403279788913,0.050644472476828316,5.925403279788913,0.050644472476828316,9.50178266826856,344.39726687615484,15.427185948057474,0.1318562901543374,344.79375172198706,0.39648484583221943,0.0002458058560646122,0.12846753078822318,0.03839251854606118,1730,1613,117,13.786324786324787,0.0
6057,,,,,,,,,,,,,,,0.06423145985422707,3321,3033,288,10.53125,
6058,340.2026780014919,2.7435699838829994,6.246167163376231,0.05037231583367928,6.246167163376231,0.05037231583367928,6.2877145553038645,327.66879628280867,12.533881718680096,0.1010796912796782,328.1051010475678,0.4363047647591429,0.0002392021736618108,0.09756110446712976,0.033481204968666134,1948,1824,124,14.709677419354838,0.0
6059,,,,,,,,,,,,,,,0.0348782409080286,3015,2723,292,9.325342465753424,
6060,,,,,,,,,,,,,,,0.020466602976057402,3178,2977,201,14.810945273631841,
6061,,,,,,,,,,,,,,,0.29345640517499305,3234,3114,120,25.95,
6062,343.15031363135995,2.0185312566550584,8.578509396532551,0.050461819979603244,8.578509396532551,0.050461819979603244,7.104454617325018,327.46734961750053,15.68296401385757,0.09225272949327983,328.06831679730703,0.6009671798065028,0.0002426189664136063,0.08871762843560539,0.3831536218654037,2647,2477,170,14.570588235294117,0.0
6063,,,,,,,,,,,,,,,0.020230750166547296,4017,3817,200,19.085,
6064,360.2057955340217,2.9048854478550137,6.780421309945897,0.05468081701569272,6.780421309945897,0.05468081701569272,8.653971560819173,344.7714026632584,15.43439287076507,0.1244709102481054,345.69133313790485,0.919930474646435,0.00024164183731190832,0.11705211609771668,0.3725720727902626,3931,3807,124,30.701612903225808,0.0
6065,,,,,,,,,,,,,,,0.35401735209416074,1458,1375,83,16.566265060240966,
6066,338.00148949784193,3.1886932971494524,5.853430169538129,0.055221039335265364,5.853430169538129,0.055221039335265364,4.124494610228567,328.02356471807093,9.977924779766695,0.09413136584685562,328.9218601820394,0.8982954639684522,0.00024344050514050195,0.0856568803377599,0.010861812707616991,3796,3690,106,34.81132075471698,0.0
6067,,,,,,,,,,,,,,,0.02852110962635379,2849,2643,206,12.830097087378642,
6068,355.4317144924819,3.7413864683419145,5.301691566384571,0.05580727964615338,5.301691566384571,0.05580727964615338,5.033961287576403,345.096061638523,10.335652853960974,0.10879634583116815,345.92272453232886,0.8266628938058602,0.00024581114891640207,0.10009463115950558,0.39382577481956105,3458,3363,95,35.4,0.0
6069,,,,,,,,,,,,,,,0.18011890212369508,2992,2595,397,6.5365239294710324,
6070,,,,,,,,,,,,,,,0.015273511591658462,3054,221,2833,0.07800917755030004,
6071,,,,,,,,,,,,,,,0.03165234215816781,3825,3717,108,34.416666666666664,
6072,349.47567261113636,13.441372023505245,1.8329996233281514,0.07049998551262121,1.8329996233281514,0.07049998551262121,1.2410292774809477,346.40164371032847,3.074028900809099,0.11823188080034996,347.0492592541357,0.6476155438072055,0.00024155745759313896,0.09332359065387244,0.07292669726666645,2707,2681,26,103.11538461538461,0.0
6073,,,,,,,,,,,,,,,0.017135929119604043,2124,1634,490,3.3346938775510204,
6074,341.23579096008507,2.2598396752323513,7.631421548664736,0.0505392155540711,7.631421548664736,0.0505392155540711,5.579055731973085,328.0253136794445,13.210477280637821,0.08748660450753525,328.5812672138777,0.5559535344332289,0.000246871018842464,0.08380479302124079,0.27534384326804684,2403,2252,151,14.913907284768213,0.0
6075,,,,,,,,,,,,,,,0.3511657811070563,2476,2071,405,5.11358024691358,
6076,,,,,,,,,,,,,,,0.38124066166915327,825,686,139,4.9352517985611515,
6077,,,,,,,,,,,,,,,0.631738820372675,4012,3875,137,28.284671532846716,
6078,352.9946412920692,1.4708110053836216,12.241962828687551,0.051008178452864796,12.241962828687551,0.051008178452864796,11.427184247159403,329.32549421622684,23.669147075846954,0.09862144614936232,330.24954123869725,0.924047022470404,0.00024215068723018975,0.09477125022238321,0.057479482218241174,4056,3816,240,15.9,0.0
6079,,,,,,,,,,,,,,,0.5786008313846196,3480,3351,129,25.976744186046513,
6080,,,,,,,,,,,,,,,0.051074875415679344,1861,1720,141,12.198581560283689,
6081,,,,,,,,,,,,,,,0.10828629773664034,3054,2807,247,11.364372469635628,
6082,351.0597777184405,1.5672311505287522,11.141637946558717,0.0497394551185657,11.141637946558717,0.0497394551185657,10.430352396308308,329.4877873755763,21.571990342867025,0.09630352831637065,330.08019855728753,0.5924111817112134,0.0002441925728405661,0.09365883554086148,0.023791858583990688,2650,2426,224,10.830357142857142,0.0
6083,,,,,,,,,,,,,,,0.46747596893919763,3388,2995,393,7.620865139949109,
6084,357.5488436415949,3.030074946115211,6.214968592506397,0.0526692253602237,6.214968592506397,0.0526692253602237,7.264758761301437,344.06911628778903,13.479727353807833,0.11423497757464265,344.73062414147034,0.6615078536813144,0.00024072338198009985,0.10862897881461477,0.7111607666929558,2866,2748,118,23.28813559322034,0.0
6085,,,,,,,,,,,,,,,0.7429629492899039,3345,3148,197,15.97969543147208,
6086,343.1216576227382,2.4508689830195585,7.234987821897349,0.05167848444212392,7.234987821897349,0.05167848444212392,7.458122176466077,328.4285476243756,14.693109998363425,0.1049507857025959,329.1000344835502,0.6714868591745926,0.00023956006392243762,0.10015445099420016,0.10686501141867666,2943,2803,140,20.021428571428572,0.0
6087,,,,,,,,,,,,,,,0.04375427565605605,3794,3665,129,28.410852713178294,
6088,,,,,,,,,,,,,,,0.17360420420413902,4014,3814,200,19.07,
6089,,,,,,,,,,,,,,,0.3259980960001485,1651,1422,229,6.209606986899563,
6090,343.40869456736505,2.543768107906408,6.718107069225187,0.04976375606833472,6.718107069225187,0.04976375606833472,7.072723073447605,329.61786442469406,13.790830142672792,0.10215429735313179,330.00326352771253,0.3853991030184716,0.0002473678453263617,0.09929948918261121,0.06920944528224027,1693,1558,135,11.540740740740741,0.0
6091,,,,,,,,,,,,,,,0.21112939061526959,2812,2695,117,23.034188034188034,
6092,,,,,,,,,,,,,,,0.026091831315625313,2902,2771,131,21.15267175572519,
6093,,,,,,,,,,,,,,,0.21576669700652928,2370,2154,216,9.972222222222221,
6094,337.1056926005615,4.747967501416359,4.234175129512201,0.05963626942974932,4.234175129512201,0.05963626942974932,2.995610881943321,329.8759065891079,7.229786011455523,0.1018279719923313,330.7999536115783,0.924047022470404,0.00024253202689511916,0.08881322519694639,0.0035207533342145325,3881,3810,71,53.66197183098591,0.0
6095,,,,,,,,,,,,,,,0.0611550313844873,1148,993,155,6.406451612903226,
6096,,,,,,,,,,,,,,,0.05315834436009936,1936,1770,166,10.662650602409638,
6097,,,,,,,,,,,,,,,0.08277156875942637,2121,2045,76,26.907894736842106,
6098,343.07588844465363,3.1188717131332147,5.809109118974051,0.052810082899764105,5.809109118974051,0.052810082899764105,6.337922725882663,330.9288565997988,12.147031844856714,0.11042756222597014,331.59281390109913,0.6639573013003428,0.00024047711021381486,0.1043915867595863,0.5798318453223601,2871,2761,110,25.1,0.0
6099,,,,,,,,,,,,,,,0.1925753641596657,2024,1856,168,11.047619047619047,
6100,,,,,,,,,,,,,,,0.75,3279,3118,161,19.366459627329192,
6101,,,,,,,,,,,,,,,0.02597531702735978,3906,3778,128,29.515625,
6102,,,,,,,,,,,,,,,0.06020451558129025,4066,3751,315,11.907936507936508,
6103,,,,,,,,,,,,,,,0.17539328073735305,2784,2042,742,2.752021563342318,
6104,,,,,,,,,,,,,,,0.30754162990933764,1587,1455,132,11.022727272727273,
6105,,,,,,,,,,,,,,,0.11410922893082898,1261,1051,210,5.004761904761905,
6106,,,,,,,,,,,,,,,0.22252211432214608,2435,2051,384,5.341145833333333,
6107,,,,,,,,,,,,,,,0.14480548491087575,4048,3772,276,13.666666666666666,
6108,,,,,,,,,,,,,,,0.75,2215,2063,152,13.572368421052632,
6109,,,,,,,,,,,,,,,0.04987156912648061,3936,3516,420,8.371428571428572,
6110,,,,,,,,,,,,,,,0.10955739147698296,4048,3767,281,13.405693950177936,
6111,,,,,,,,,,,,,,,0.11935377932672964,1365,1250,115,10.869565217391305,
6112,,,,,,,,,,,,,,,0.0602867871127728,4048,3863,185,20.88108108108108,
6113,,,,,,,,,,,,,,,0.06454836268835606,2186,2002,184,10.880434782608695,
6114,343.10056642068776,3.0096540914095415,6.179385983450382,0.05420514020570511,6.179385983450382,0.05420514020570511,3.769083478103312,333.15209695913677,9.948469461553694,0.08726727597854117,333.9767888092474,0.8246918501106393,0.00044795863667063514,0.08003313694245917,0.02993402628817421,1955,1841,114,16.149122807017545,0.0
6115,,,,,,,,,,,,,,,0.75,4087,3661,426,8.593896713615024,
6116,,,,,,,,,,,,,,,0.03298756153094473,2483,2264,219,10.337899543378995,
6117,,,,,,,,,,,,,,,0.02922227917156306,3886,3706,180,20.58888888888889,
6118,342.1557711460566,3.0549622423755056,6.083320822422033,0.05431536448591101,6.083320822422033,0.05431536448591101,3.769083478103312,332.30336684553413,9.852404300525345,0.08796789554040486,333.12805869564477,0.8246918501106393,0.0005037824374530478,0.08060457545010584,0.03652027290013393,1749,1637,112,14.616071428571429,0.0
6119,,,,,,,,,,,,,,,0.3591587950875237,2605,2543,62,41.016129032258064,
6120,,,,,,,,,,,,,,,0.3049670466261887,3455,3207,248,12.931451612903226,
6121,,,,,,,,,,,,,,,0.2036209497721302,1375,1336,39,34.256410256410255,
6122,349.79849082228384,1.7938384144732504,9.93117394882471,0.05092909717346005,9.93117394882471,0.05092909717346005,7.336589944805837,332.5307269286616,17.267763893630548,0.08855263535195153,333.2084593110699,0.6777323824082941,0.00024058657522481154,0.08507708467289213,0.010364028868025343,3012,2817,195,14.446153846153846,0.0
6123,,,,,,,,,,,,,,,0.09941717257675009,3197,3087,110,28.063636363636363,
6124,,,,,,,,,,,,,,,0.030746118134629796,3539,3458,81,42.69135802469136,
6125,,,,,,,,,,,,,,,0.08338314531169999,3755,3515,240,14.645833333333334,
6126,347.0228443868227,2.041310849334251,8.91081060576798,0.05241653297510576,8.91081060576798,0.05241653297510576,4.828218258797051,333.28381552226574,13.73902886456503,0.08081781685038253,334.13193297237626,0.8481174501105215,0.00024378196323958653,0.0758288906732145,0.22931624434158948,3649,3479,170,20.46470588235294,0.0
6127,,,,,,,,,,,,,,,0.09349412146434588,3429,3319,110,30.172727272727272,
6128,,,,,,,,,,,,,,,0.75,2083,2006,77,26.051948051948052,
6129,,,,,,,,,,,,,,,0.14672690441875602,2646,2454,192,12.78125,
6130,,,,,,,,,,,,,,,0.20181193994426394,3524,3275,249,13.152610441767068,
6131,,,,,,,,,,,,,,,0.08583017221326372,3566,3334,232,14.370689655172415,
6132,,,,,,,,,,,,,,,0.4833866407077494,3466,3142,324,9.697530864197532,
6133,,,,,,,,,,,,,,,0.05230553438082097,3906,3835,71,54.014084507042256,
6134,344.11437464740834,2.9665032297190375,6.349010824097795,0.054732851931877546,6.349010824097795,0.054732851931877546,2.76807012704694,334.99729369627244,9.117080951144736,0.0785955254409029,335.85049767247824,0.8532039762058048,0.00024363334557561531,0.0712403187493974,0.018037629945865774,3618,3502,116,30.189655172413794,0.0
6135,,,,,,,,,,,,,,,0.4598044135357213,2711,188,2523,0.0745144669044788,
6136,,,,,,,,,,,,,,,0.16141174623749066,3394,3280,114,28.771929824561404,
6137,,,,,,,,,,,,,,,0.28418066907352113,3930,3769,161,23.40993788819876,
6138,345.4421660390651,2.5400159267578317,7.0445818584829825,0.051798396018257226,7.0445818584829825,0.051798396018257226,3.4544665573357634,334.94311762325356,10.499048415818745,0.07719888541043195,335.5306238062278,0.5875061829742663,0.0002458184866001114,0.07287898700615655,0.04939858355874094,2526,2390,136,17.573529411764707,0.0
6139,,,,,,,,,,,,,,,0.75,2286,2251,35,64.31428571428572,
6140,,,,,,,,,,,,,,,0.16914547319674966,1748,1539,209,7.363636363636363,
6141,,,,,,,,,,,,,,,0.027780907237229258,1282,1200,82,14.634146341463415,
6142,,,,,,,,,,,,,,,0.14408931520506485,3667,3526,141,25.00709219858156,
6143,,,,,,,,,,,,,,,0.2686372343239327,2096,2018,78,25.871794871794872,
6144,,,,,,,,,,,,,,,0.022209418211332377,2063,1963,100,19.63,
6145,,,,,,,,,,,,,,,0.03868658645092182,3559,496,3063,0.16193274567417565,
6146,,,,,,,,,,,,,,,0.12796666129202094,1766,1663,103,16.145631067961165,
6147,,,,,,,,,,,,,,,0.22323953673776487,2852,2635,217,12.142857142857142,
6148,,,,,,,,,,,,,,,0.0268189640116816,3153,3077,76,40.48684210526316,
6149,,,,,,,,,,,,,,,0.6485363876397514,2561,2364,197,12.0,
6150,,,,,,,,,,,,,,,0.75,4041,3782,259,14.602316602316602,
6151,,,,,,,,,,,,,,,0.016724769240454407,3064,2835,229,12.379912663755459,
6152,,,,,,,,,,,,,,,0.75,2939,2685,254,10.570866141732283,
6153,,,,,,,,,,,,,,,0.10336108177011738,3583,3484,99,35.19191919191919,
6154,343.1990525961612,9.805687217033178,2.0376647060505,0.058218991601442865,2.0376647060505,0.058218991601442865,2.294947865515951,338.8664400245948,4.332612571566451,0.12378893061618432,339.2708606937347,0.4044206691398813,0.00024362690912041042,0.11223405435504381,0.22594287509105015,1695,1660,35,47.42857142857143,0.0
6155,,,,,,,,,,,,,,,0.75,3217,2884,333,8.66066066066066,
6156,,,,,,,,,,,,,,,0.03274428372242255,2177,1964,213,9.220657276995306,
6157,,,,,,,,,,,,,,,0.45520820525257477,3818,3636,182,19.978021978021978,
6158,,,,,,,,,,,,,,,0.32292838483772357,3740,3567,173,20.61849710982659,
6159,,,,,,,,,,,,,,,0.08161207741363796,2338,2248,90,24.977777777777778,
6160,,,,,,,,,,,,,,,0.31249878206563153,3588,3317,271,12.239852398523984,
6161,,,,,,,,,,,,,,,0.2180197964923991,3127,2821,306,9.218954248366012,
6162,,,,,,,,,,,,,,,0.07969784378747136,3560,3212,348,9.229885057471265,
6163,,,,,,,,,,,,,,,0.38955877513376436,4040,3792,248,15.290322580645162,
6164,,,,,,,,,,,,,,,0.25808761044504536,3453,673,2780,0.2420863309352518,
6165,,,,,,,,,,,,,,,0.12780456225709713,4050,3897,153,25.470588235294116,
6166,,,,,,,,,,,,,,,0.16148303229351768,2748,2609,139,18.769784172661872,
6167,,,,,,,,,,,,,,,0.23105894788432124,1498,1409,89,15.831460674157304,
6168,,,,,,,,,,,,,,,0.12956479574631885,3763,3567,196,18.198979591836736,
6169,,,,,,,,,,,,,,,0.16567043001555248,3314,3110,204,15.245098039215685,
6170,,,,,,,,,,,,,,,0.08174111638300019,1736,1415,321,4.40809968847352,
6171,,,,,,,,,,,,,,,0.36525399792594726,2873,2736,137,19.970802919708028,
6172,,,,,,,,,,,,,,,0.028582563722920895,3937,3825,112,34.151785714285715,
6173,,,,,,,,,,,,,,,0.07215057738631003,1857,1606,251,6.398406374501992,
6174,,,,,,,,,,,,,,,0.1719273888816133,2295,2122,173,12.265895953757225,
6175,,,,,,,,,,,,,,,0.24746482850059692,3258,3133,125,25.064,
6176,,,,,,,,,,,,,,,0.036143283862884346,1743,1634,109,14.990825688073395,
6177,,,,,,,,,,,,,,,0.02622998380138597,2816,501,2315,0.216414686825054,
6178,,,,,,,,,,,,,,,0.013575089805044627,3474,3392,82,41.36585365853659,
6179,,,,,,,,,,,,,,,0.017666962971588873,1187,1121,66,16.984848484848484,
6180,,,,,,,,,,,,,,,0.28338436394915334,2336,2138,198,10.797979797979798,
6181,,,,,,,,,,,,,,,0.75,3355,3072,283,10.855123674911662,
6182,,,,,,,,,,,,,,,0.12057289759422929,3788,3605,183,19.69945355191257,
6183,,,,,,,,,,,,,,,0.2842377501522151,3443,3247,196,16.566326530612244,
6184,,,,,,,,,,,,,,,0.04143592828563669,2369,2182,187,11.668449197860962,
6185,,,,,,,,,,,,,,,0.2431932886879622,1996,1616,380,4.252631578947368,
6186,,,,,,,,,,,,,,,0.025323761222580288,3157,2924,233,12.549356223175966,
6187,,,,,,,,,,,,,,,0.01990079206120754,3724,55,3669,0.014990460615971654,
6188,,,,,,,,,,,,,,,0.34818854171794555,1411,1255,156,8.044871794871796,
6189,,,,,,,,,,,,,,,0.36479381164167535,3860,3773,87,43.367816091954026,
6190,,,,,,,,,,,,,,,0.3934349539442792,3785,3490,295,11.830508474576272,
6191,,,,,,,,,,,,,,,0.05639029111284799,1860,1795,65,27.615384615384617,
6192,,,,,,,,,,,,,,,0.2712463149298401,4033,3665,368,9.959239130434783,
6193,,,,,,,,,,,,,,,0.16845889406477,2665,2399,266,9.018796992481203,
6194,,,,,,,,,,,,,,,0.07583949965919601,3711,3556,155,22.941935483870967,
6195,,,,,,,,,,,,,,,0.10525219044507139,1430,1185,245,4.836734693877551,
6196,,,,,,,,,,,,,,,0.4909437406931829,1971,1875,96,19.53125,
6197,,,,,,,,,,,,,,,0.1977561819053335,3255,2925,330,8.863636363636363,
6198,,,,,,,,,,,,,,,0.75,3884,3588,296,12.121621621621621,
6199,,,,,,,,,,,,,,,0.008027132229926792,2087,1952,135,14.459259259259259,
6200,,,,,,,,,,,,,,,0.14070804119614877,3620,3149,471,6.685774946921444,
6201,,,,,,,,,,,,,,,0.6160971242011328,2842,2569,273,9.41025641025641,
6202,,,,,,,,,,,,,,,0.12097691161307011,2463,2356,107,22.018691588785046,
6203,,,,,,,,,,,,,,,0.09442328521231502,3449,151,3298,0.04578532443905397,
6204,,,,,,,,,,,,,,,0.11803610495621797,3946,3777,169,22.349112426035504,
6205,,,,,,,,,,,,,,,0.15388743679841355,2669,2537,132,19.21969696969697,
6206,,,,,,,,,,,,,,,0.008352951382903484,1054,737,317,2.324921135646688,
6207,,,,,,,,,,,,,,,0.2033582710914743,2515,2429,86,28.24418604651163,
6208,,,,,,,,,,,,,,,0.4921731572792396,3501,3376,125,27.008,
6209,,,,,,,,,,,,,,,0.09025845451537862,2024,1898,126,15.063492063492063,
6210,,,,,,,,,,,,,,,0.30609422632642236,3264,3190,74,43.108108108108105,
6211,,,,,,,,,,,,,,,0.16906249082626346,3136,2930,206,14.223300970873787,
6212,,,,,,,,,,,,,,,0.036108579873143754,2061,1890,171,11.052631578947368,
6213,,,,,,,,,,,,,,,0.31445170777919884,2358,1,2357,0.00042426813746287653,
6214,,,,,,,,,,,,,,,0.1670916559833131,2758,2632,126,20.88888888888889,
6215,,,,,,,,,,,,,,,0.028959916803387387,2832,2794,38,73.52631578947368,
6216,,,,,,,,,,,,,,,0.2810014326782948,3625,3394,231,14.692640692640692,
6217,,,,,,,,,,,,,,,0.26976020825327396,3131,2879,252,11.424603174603174,
6218,,,,,,,,,,,,,,,0.2890927945709336,2423,36,2387,0.01508169250104734,
6219,,,,,,,,,,,,,,,0.21228085092252513,3791,3518,273,12.886446886446887,
6220,,,,,,,,,,,,,,,0.1615234667817731,3876,3730,146,25.54794520547945,
6221,,,,,,,,,,,,,,,0.4816397213046457,1231,1037,194,5.345360824742268,
6222,,,,,,,,,,,,,,,0.1766518656449989,3306,3080,226,13.628318584070797,
6223,,,,,,,,,,,,,,,0.12414227467957062,3805,3542,263,13.467680608365018,
6224,,,,,,,,,,,,,,,0.170646353451275,2661,2611,50,52.22,
6225,,,,,,,,,,,,,,,0.75,3869,2861,1008,2.8382936507936507,
6226,,,,,,,,,,,,,,,0.23989069981848843,2881,2628,253,10.387351778656127,
6227,,,,,,,,,,,,,,,0.10876098390463085,3215,3151,64,49.234375,
6228,,,,,,,,,,,,,,,0.75,2683,2530,153,16.535947712418302,
6229,,,,,,,,,,,,,,,0.09659317716636906,3895,3696,199,18.57286432160804,
6230,,,,,,,,,,,,,,,0.007137676682759775,2858,2713,145,18.71034482758621,
6231,,,,,,,,,,,,,,,0.011541994944764156,2510,2345,165,14.212121212121213,
6232,,,,,,,,,,,,,,,0.45340029606563803,3250,2735,515,5.310679611650485,
6233,,,,,,,,,,,,,,,0.10726409715493901,3929,3726,203,18.354679802955665,
6234,,,,,,,,,,,,,,,0.3387542921379918,3809,3667,142,25.823943661971832,
6235,,,,,,,,,,,,,,,0.00681706636578383,3007,2890,117,24.700854700854702,
6236,,,,,,,,,,,,,,,0.5548895347694724,2978,2873,105,27.36190476190476,
6237,,,,,,,,,,,,,,,0.10435527087656737,2836,2710,126,21.50793650793651,
6238,,,,,,,,,,,,,,,0.025605113034316673,3642,3559,83,42.87951807228916,
6239,,,,,,,,,,,,,,,0.10583460746329365,1033,809,224,3.611607142857143,
6240,,,,,,,,,,,,,,,0.11054501229477864,3560,3494,66,52.93939393939394,
6241,,,,,,,,,,,,,,,0.10818438338196756,3403,3340,63,53.01587301587302,
6242,,,,,,,,,,,,,,,0.2706158510293335,3459,3325,134,24.813432835820894,
6243,,,,,,,,,,,,,,,0.07112642427273386,3184,2934,250,11.736,
6244,,,,,,,,,,,,,,,0.2610898572611404,3793,3701,92,40.22826086956522,
6245,,,,,,,,,,,,,,,0.2244480148101502,1841,1726,115,15.008695652173913,
6246,,,,,,,,,,,,,,,0.6030693518798671,3318,3197,121,26.421487603305785,
6247,,,,,,,,,,,,,,,0.016935976176000622,3833,3755,78,48.14102564102564,
6248,,,,,,,,,,,,,,,0.09092936977367572,1810,1536,274,5.605839416058394,
6249,,,,,,,,,,,,,,,0.10296925151669711,1791,1657,134,12.365671641791044,
6250,,,,,,,,,,,,,,,0.004977215734697893,3684,3372,312,10.807692307692308,
6251,,,,,,,,,,,,,,,0.09867463325167591,2906,2665,241,11.058091286307054,
6252,,,,,,,,,,,,,,,0.15446790198370763,2266,2139,127,16.84251968503937,
6253,,,,,,,,,,,,,,,0.49761697941926286,3180,3101,79,39.25316455696203,
6254,,,,,,,,,,,,,,,0.20986101510652588,4078,3122,956,3.2656903765690375,
6255,,,,,,,,,,,,,,,0.5791959680946093,1609,1449,160,9.05625,
6256,,,,,,,,,,,,,,,0.07752244348785098,3051,2967,84,35.32142857142857,
6257,,,,,,,,,,,,,,,0.29764774893624235,2562,2352,210,11.2,
6258,,,,,,,,,,,,,,,0.2216764494837662,3306,3194,112,28.517857142857142,
6259,,,,,,,,,,,,,,,0.75,3842,3637,205,17.741463414634147,
6260,,,,,,,,,,,,,,,0.11859834992310425,1967,1750,217,8.064516129032258,
6261,,,,,,,,,,,,,,,0.12369738560596488,3621,3474,147,23.632653061224488,
6262,,,,,,,,,,,,,,,0.21247284797323118,3958,3788,170,22.28235294117647,
6263,,,,,,,,,,,,,,,0.4129905580007289,3499,3442,57,60.3859649122807,
6264,,,,,,,,,,,,,,,0.02635587474469503,3702,3474,228,15.236842105263158,
6265,,,,,,,,,,,,,,,0.28106815061505586,2857,2675,182,14.697802197802197,
6266,,,,,,,,,,,,,,,0.10235603210639965,4074,3923,151,25.980132450331126,
6267,,,,,,,,,,,,,,,0.1746749029973671,2242,1987,255,7.792156862745098,
6268,,,,,,,,,,,,,,,0.3619402286276454,1981,1869,112,16.6875,
6269,,,,,,,,,,,,,,,0.1037044615418381,2048,1778,270,6.5851851851851855,
6270,,,,,,,,,,,,,,,0.23851624073199673,2974,2658,316,8.41139240506329,
6271,,,,,,,,,,,,,,,0.11287764333724226,3000,2808,192,14.625,
6272,,,,,,,,,,,,,,,0.14317132617156858,3000,2912,88,33.09090909090909,
6273,,,,,,,,,,,,,,,0.1717672780951034,3025,390,2635,0.14800759013282733,
6274,,,,,,,,,,,,,,,0.4698758417703175,3531,3470,61,56.885245901639344,
6275,,,,,,,,,,,,,,,0.3867914370771359,2868,2745,123,22.317073170731707,
6276,,,,,,,,,,,,,,,0.458740587563625,2371,2116,255,8.298039215686275,
6277,,,,,,,,,,,,,,,0.19187827066525642,2009,1741,268,6.496268656716418,
6278,,,,,,,,,,,,,,,0.08469316581454223,3942,1,3941,0.0002537427048972342,
6279,,,,,,,,,,,,,,,0.012174524394140462,3340,3148,192,16.395833333333332,
6280,,,,,,,,,,,,,,,0.75,2668,2492,176,14.159090909090908,
6281,,,,,,,,,,,,,,,0.12855256638090395,2437,2250,187,12.032085561497325,
6282,,,,,,,,,,,,,,,0.06400902493714966,2038,1855,183,10.136612021857923,
6283,,,,,,,,,,,,,,,0.3395608977557458,2813,2708,105,25.79047619047619,
6284,,,,,,,,,,,,,,,0.024116116124559994,3400,3275,125,26.2,
6285,,,,,,,,,,,,,,,0.4647744910628262,1767,1666,101,16.495049504950494,
6286,,,,,,,,,,,,,,,0.02488150767590014,2534,2448,86,28.46511627906977,
6287,,,,,,,,,,,,,,,0.10268401674579763,3178,3052,126,24.22222222222222,
6288,,,,,,,,,,,,,,,0.01740981736907088,2380,2214,166,13.337349397590362,
6289,,,,,,,,,,,,,,,0.40384597806610145,3262,3121,141,22.134751773049647,
6290,,,,,,,,,,,,,,,0.16121708064497398,3884,3744,140,26.742857142857144,
6291,,,,,,,,,,,,,,,0.05884805227515244,1996,1564,432,3.6203703703703702,
6292,,,,,,,,,,,,,,,0.3969824073885775,2709,2547,162,15.722222222222221,
6293,,,,,,,,,,,,,,,0.26355567216660347,2577,2446,131,18.671755725190838,
6294,,,,,,,,,,,,,,,0.08982925586497004,3054,2981,73,40.83561643835616,
6295,,,,,,,,,,,,,,,0.4075718295689512,2783,2667,116,22.99137931034483,
6296,,,,,,,,,,,,,,,0.14180952803485525,2318,2113,205,10.307317073170731,
6297,,,,,,,,,,,,,,,0.19410370940863686,1070,911,159,5.729559748427673,
6298,,,,,,,,,,,,,,,0.0558099469442368,3070,2467,603,4.091210613598673,
6299,,,,,,,,,,,,,,,0.12866698054449444,3866,3615,251,14.402390438247012,
6300,,,,,,,,,,,,,,,0.24518323172924283,1903,1559,344,4.531976744186046,
6301,,,,,,,,,,,,,,,0.15093112238969297,3169,3082,87,35.42528735632184,
6302,,,,,,,,,,,,,,,0.3603906916430333,3635,3402,233,14.600858369098713,
6303,,,,,,,,,,,,,,,0.04979598807403818,3709,3558,151,23.56291390728477,
6304,,,,,,,,,,,,,,,0.004694635103078326,2736,2593,143,18.132867132867133,
6305,,,,,,,,,,,,,,,0.3037851040712667,2611,2293,318,7.210691823899371,
6306,,,,,,,,,,,,,,,0.4964145986341464,3710,3654,56,65.25,
6307,,,,,,,,,,,,,,,0.21500317702862048,2176,1962,214,9.16822429906542,
6308,,,,,,,,,,,,,,,0.05986676603811247,3378,3226,152,21.223684210526315,
6309,,,,,,,,,,,,,,,0.75,3508,3364,144,23.36111111111111,
6310,,,,,,,,,,,,,,,0.3389005658466431,1632,1503,129,11.651162790697674,
6311,,,,,,,,,,,,,,,0.15744701681296647,3337,3160,177,17.853107344632768,
6312,,,,,,,,,,,,,,,0.6918025056954775,3604,3478,126,27.603174603174605,
6313,,,,,,,,,,,,,,,0.1902063015445492,1818,1528,290,5.268965517241379,
6314,,,,,,,,,,,,,,,0.23825313608654142,2526,2430,96,25.3125,
6315,,,,,,,,,,,,,,,0.36646339199705835,3248,3084,164,18.804878048780488,
6316,,,,,,,,,,,,,,,0.1421686358335137,3939,3557,382,9.311518324607329,
6317,,,,,,,,,,,,,,,0.20874477052529983,3811,3658,153,23.908496732026144,
6318,,,,,,,,,,,,,,,0.24638238490297226,2126,2058,68,30.264705882352942,
6319,,,,,,,,,,,,,,,0.18467717312023524,905,803,102,7.872549019607843,
6320,,,,,,,,,,,,,,,0.11324716966782944,3296,3201,95,33.694736842105264,
6321,,,,,,,,,,,,,,,0.0399669906703366,3402,3039,363,8.37190082644628,
6322,,,,,,,,,,,,,,,0.040768786922853906,2684,2543,141,18.0354609929078,
6323,,,,,,,,,,,,,,,0.2890391410526263,2166,2055,111,18.513513513513512,
6324,,,,,,,,,,,,,,,0.08926721065927268,1353,1089,264,4.125,
6325,,,,,,,,,,,,,,,0.1429044745750616,1812,1662,150,11.08,
6326,,,,,,,,,,,,,,,0.09592095555694868,3992,3789,203,18.665024630541872,
6327,,,,,,,,,,,,,,,0.44330467495819903,3109,2898,211,13.734597156398104,
6328,,,,,,,,,,,,,,,0.01664916729214383,3813,3711,102,36.38235294117647,
6329,,,,,,,,,,,,,,,0.05690025574222091,3414,3268,146,22.383561643835616,
6330,,,,,,,,,,,,,,,0.13294353822311678,1056,177,879,0.20136518771331058,
6331,,,,,,,,,,,,,,,0.4339072272348403,2484,2189,295,7.420338983050847,
6332,,,,,,,,,,,,,,,0.2596447158932733,1092,790,302,2.615894039735099,
6333,,,,,,,,,,,,,,,0.07407868502741621,2765,1819,946,1.9228329809725158,
6334,,,,,,,,,,,,,,,0.22984404027693017,2262,2068,194,10.65979381443299,
6335,,,,,,,,,,,,,,,0.13016257339563708,3744,3398,346,9.820809248554914,
6336,,,,,,,,,,,,,,,0.030135057984352898,2647,2535,112,22.633928571428573,
6337,,,,,,,,,,,,,,,0.053272319918733047,2405,2303,102,22.57843137254902,
6338,,,,,,,,,,,,,,,0.07045369959382697,1413,1374,39,35.23076923076923,
6339,,,,,,,,,,,,,,,0.4389468107051471,2400,1933,467,4.139186295503212,
6340,,,,,,,,,,,,,,,0.1559797779418659,3067,2988,79,37.822784810126585,
6341,,,,,,,,,,,,,,,0.20514573194964214,1286,1108,178,6.224719101123595,
6342,,,,,,,,,,,,,,,0.1432341782694948,2383,2270,113,20.088495575221238,
6343,,,,,,,,,,,,,,,0.2602666070763462,2268,2146,122,17.59016393442623,
6344,,,,,,,,,,,,,,,0.009426436351986922,2926,70,2856,0.024509803921568627,
6345,,,,,,,,,,,,,,,0.043397493632255646,2680,2464,216,11.407407407407407,
6346,,,,,,,,,,,,,,,0.0366702618518957,2724,2489,235,10.591489361702127,
6347,,,,,,,,,,,,,,,0.07473525343857546,3705,3359,346,9.708092485549132,
6348,,,,,,,,,,,,,,,0.4068217954645661,2385,2057,328,6.271341463414634,
6349,,,,,,,,,,,,,,,0.2687269038897284,2385,2219,166,13.367469879518072,
6350,,,,,,,,,,,,,,,0.04839170365994505,2050,2025,25,81.0,
6351,,,,,,,,,,,,,,,0.47851740123451236,2815,2450,365,6.712328767123288,
6352,,,,,,,,,,,,,,,0.75,3678,3488,190,18.357894736842105,
6353,,,,,,,,,,,,,,,0.1663061501874381,2093,1962,131,14.977099236641221,
6354,,,,,,,,,,,,,,,0.0050273976910375495,3809,3703,106,34.93396226415094,
6355,,,,,,,,,,,,,,,0.49078646363363987,3284,3064,220,13.927272727272728,
6356,,,,,,,,,,,,,,,0.021915499258057025,2118,1996,122,16.360655737704917,
6357,,,,,,,,,,,,,,,0.23007452530464434,3539,3377,162,20.84567901234568,
6358,,,,,,,,,,,,,,,0.504674640655594,3735,3372,363,9.289256198347108,
6359,,,,,,,,,,,,,,,0.5770876327444512,2968,2827,141,20.04964539007092,
6360,,,,,,,,,,,,,,,0.13064310852860217,3738,3587,151,23.75496688741722,
6361,,,,,,,,,,,,,,,0.11291688988194437,2685,2548,137,18.598540145985403,
6362,,,,,,,,,,,,,,,0.26782025588818215,3644,3515,129,27.248062015503876,
6363,,,,,,,,,,,,,,,0.023661830309947618,2099,2001,98,20.418367346938776,
6364,,,,,,,,,,,,,,,0.7168881654606594,3061,2346,715,3.281118881118881,
6365,,,,,,,,,,,,,,,0.32205106056153454,3985,3876,109,35.559633027522935,
6366,,,,,,,,,,,,,,,0.03786861034313915,2527,2372,155,15.303225806451612,
6367,,,,,,,,,,,,,,,0.02967684302507223,2078,2033,45,45.17777777777778,
6368,,,,,,,,,,,,,,,0.33151666118874346,2824,2659,165,16.115151515151513,
6369,,,,,,,,,,,,,,,0.67552491294623,2153,2064,89,23.191011235955056,
6370,,,,,,,,,,,,,,,0.1845139403653775,1865,1698,167,10.167664670658683,
6371,,,,,,,,,,,,,,,0.44149600615537565,1285,1103,182,6.06043956043956,
6372,,,,,,,,,,,,,,,0.7473108447084087,3288,3126,162,19.296296296296298,
6373,,,,,,,,,,,,,,,0.6704334777236909,1802,1072,730,1.4684931506849315,
6374,,,,,,,,,,,,,,,0.07252393189173745,3679,3505,174,20.14367816091954,
6375,,,,,,,,,,,,,,,0.5397616213397214,3982,963,3019,0.31897979463398474,
6376,,,,,,,,,,,,,,,0.06797739706962602,3696,3584,112,32.0,
6377,,,,,,,,,,,,,,,0.032606008781385754,3869,3707,162,22.882716049382715,
6378,,,,,,,,,,,,,,,0.41086147815667573,4085,3885,200,19.425,
6379,,,,,,,,,,,,,,,0.09985308240902668,3144,3123,21,148.71428571428572,
6380,,,,,,,,,,,,,,,0.21946362761082128,3430,3350,80,41.875,
6381,,,,,,,,,,,,,,,0.12355386358899523,3744,3534,210,16.82857142857143,
6382,,,,,,,,,,,,,,,0.3449530829861942,2998,2819,179,15.748603351955307,
6383,,,,,,,,,,,,,,,0.06727661122477002,3025,2747,278,9.881294964028777,
6384,,,,,,,,,,,,,,,0.13742149980475915,1913,1580,333,4.744744744744745,
6385,,,,,,,,,,,,,,,0.03895240381370968,2967,2734,233,11.733905579399142,
6386,,,,,,,,,,,,,,,0.04813972160377489,1407,1069,338,3.162721893491124,
6387,,,,,,,,,,,,,,,0.75,1996,1797,199,9.030150753768844,
6388,,,,,,,,,,,,,,,0.14472054268958345,3955,3520,435,8.091954022988507,
6389,,,,,,,,,,,,,,,0.07335996098709074,2542,2418,124,19.5,
6390,,,,,,,,,,,,,,,0.22258323267260494,1730,1563,167,9.359281437125748,
6391,,,,,,,,,,,,,,,0.1685119747232875,2695,2647,48,55.145833333333336,
6392,,,,,,,,,,,,,,,0.11738292898257896,4051,3946,105,37.58095238095238,
6393,,,,,,,,,,,,,,,0.7425692049066583,3714,3255,459,7.091503267973856,
6394,,,,,,,,,,,,,,,0.09512847849600803,3915,3652,263,13.885931558935361,
6395,,,,,,,,,,,,,,,0.13781700788854323,3668,3462,206,16.805825242718445,
6396,,,,,,,,,,,,,,,0.2870071896650188,2976,2768,208,13.307692307692308,
6397,,,,,,,,,,,,,,,0.75,3241,3055,186,16.4247311827957,
6398,,,,,,,,,,,,,,,0.5288885375357495,4085,3575,510,7.009803921568627,
6399,,,,,,,,,,,,,,,0.6910452073889246,1724,1606,118,13.610169491525424,
6400,,,,,,,,,,,,,,,0.1127456257393078,3111,3019,92,32.81521739130435,
6401,,,,,,,,,,,,,,,0.3144060166093823,2760,2491,269,9.260223048327138,
6402,,,,,,,,,,,,,,,0.4306031777603039,2417,2319,98,23.663265306122447,
6403,,,,,,,,,,,,,,,0.005324860404698484,1435,1274,161,7.913043478260869,
6404,,,,,,,,,,,,,,,0.75,2911,2666,245,10.881632653061224,
6405,,,,,,,,,,,,,,,0.23273356476579465,4039,3851,188,20.48404255319149,
6406,,,,,,,,,,,,,,,0.46045753549037727,3990,3726,264,14.113636363636363,
6407,,,,,,,,,,,,,,,0.2713426626819455,2493,2374,119,19.949579831932773,
6408,,,,,,,,,,,,,,,0.7069123874882735,3125,2924,201,14.54726368159204,
6409,,,,,,,,,,,,,,,0.2933467192374337,2644,2565,79,32.46835443037975,
6410,,,,,,,,,,,,,,,0.38874064050719426,3361,3204,157,20.40764331210191,
6411,,,,,,,,,,,,,,,0.06850259903262668,2485,2274,211,10.777251184834123,
6412,,,,,,,,,,,,,,,0.20114703803460543,318,283,35,8.085714285714285,
6413,,,,,,,,,,,,,,,0.09250102511714431,2705,2617,88,29.738636363636363,
6414,,,,,,,,,,,,,,,0.75,3034,2976,58,51.310344827586206,
6415,,,,,,,,,,,,,,,0.11268954356773975,3817,3604,213,16.920187793427232,
6416,,,,,,,,,,,,,,,0.41816139508318884,3337,3006,331,9.081570996978853,
6417,,,,,,,,,,,,,,,0.03254248181292496,1653,1484,169,8.781065088757396,
6418,,,,,,,,,,,,,,,0.5042630855430161,3676,3565,111,32.11711711711712,
6419,,,,,,,,,,,,,,,0.4873615920409975,3675,3430,245,14.0,
6420,,,,,,,,,,,,,,,0.12294823122670095,2624,2510,114,22.017543859649123,
6421,,,,,,,,,,,,,,,0.6014012541520515,1958,1886,72,26.194444444444443,
6422,,,,,,,,,,,,,,,0.12479655967536019,3569,3430,139,24.676258992805757,
6423,,,,,,,,,,,,,,,0.75,814,662,152,4.355263157894737,
6424,,,,,,,,,,,,,,,0.07377191993623455,4014,3781,233,16.2274678111588,
6425,,,,,,,,,,,,,,,0.023646450677006214,3803,3662,141,25.97163120567376,
6426,,,,,,,,,,,,,,,0.43248891030907544,3086,2881,205,14.053658536585365,
6427,,,,,,,,,,,,,,,0.06712038206705984,4054,3877,177,21.903954802259886,
6428,,,,,,,,,,,,,,,0.05905292067041046,3720,3491,229,15.244541484716157,
6429,,,,,,,,,,,,,,,0.5523801030324194,2100,1946,154,12.636363636363637,
6430,,,,,,,,,,,,,,,0.6189098347945219,2671,2395,276,8.677536231884059,
6431,,,,,,,,,,,,,,,0.2494787314496989,3058,2830,228,12.412280701754385,
6432,,,,,,,,,,,,,,,0.5289584395379734,2482,2336,146,16.0,
6433,,,,,,,,,,,,,,,0.3639013571732903,1429,1299,130,9.992307692307692,
6434,,,,,,,,,,,,,,,0.13034057500271956,1582,1386,196,7.071428571428571,
6435,,,,,,,,,,,,,,,0.008617242265017921,2906,2678,228,11.74561403508772,
6436,,,,,,,,,,,,,,,0.5033097045943578,1665,1329,336,3.955357142857143,
6437,,,,,,,,,,,,,,,0.4331808936346988,2287,2140,147,14.5578231292517,
6438,,,,,,,,,,,,,,,0.7054254994297935,2423,2291,132,17.356060606060606,
6439,,,,,,,,,,,,,,,0.15923485510074897,1161,1108,53,20.90566037735849,
6440,,,,,,,,,,,,,,,0.13316614111545277,1556,1450,106,13.679245283018869,
6441,,,,,,,,,,,,,,,0.45996992399591363,3078,2639,439,6.011389521640091,
6442,,,,,,,,,,,,,,,0.3159183333332294,2449,2142,307,6.977198697068404,
6443,,,,,,,,,,,,,,,0.5234078908570154,1676,1487,189,7.867724867724868,
6444,,,,,,,,,,,,,,,0.42903498528289674,1644,1603,41,39.09756097560975,
6445,,,,,,,,,,,,,,,0.4348878819885158,3209,2913,296,9.841216216216216,
6446,,,,,,,,,,,,,,,0.29973154627805343,2450,2342,108,21.685185185185187,
6447,,,,,,,,,,,,,,,0.17647428621285144,2790,2722,68,40.029411764705884,
6448,,,,,,,,,,,,,,,0.108410729957086,3650,3356,294,11.414965986394558,
6449,,,,,,,,,,,,,,,0.23039865693044703,1515,1474,41,35.951219512195124,
6450,,,,,,,,,,,,,,,0.41973457870903985,3940,3715,225,16.511111111111113,
6451,,,,,,,,,,,,,,,0.3346481216153734,1957,1791,166,10.789156626506024,
6452,,,,,,,,,,,,,,,0.15094627900452906,3509,3243,266,12.191729323308271,
6453,,,,,,,,,,,,,,,0.0069329730479239515,1785,1592,193,8.248704663212436,
6454,,,,,,,,,,,,,,,0.013376256432138689,3377,3024,353,8.56657223796034,
6455,,,,,,,,,,,,,,,0.25652117590152557,2854,2633,221,11.914027149321267,
6456,,,,,,,,,,,,,,,0.24866872682150643,2659,2151,508,4.234251968503937,
6457,,,,,,,,,,,,,,,0.39137836525515013,2963,2744,219,12.529680365296803,
6458,,,,,,,,,,,,,,,0.036572313936858336,4048,3971,77,51.57142857142857,
6459,,,,,,,,,,,,,,,0.12798232897603157,3880,3564,316,11.278481012658228,
6460,,,,,,,,,,,,,,,0.24741454386980877,3704,3452,252,13.698412698412698,
6461,,,,,,,,,,,,,,,0.09411804949218094,3113,2860,253,11.304347826086957,
6462,,,,,,,,,,,,,,,0.021452674910960923,1599,1501,98,15.316326530612244,
6463,,,,,,,,,,,,,,,0.042941101862879805,1769,1714,55,31.163636363636364,
6464,,,,,,,,,,,,,,,0.1816066578508071,3282,3147,135,23.31111111111111,
6465,,,,,,,,,,,,,,,0.75,3274,2935,339,8.657817109144542,
6466,,,,,,,,,,,,,,,0.44390468089090973,1968,1880,88,21.363636363636363,
6467,,,,,,,,,,,,,,,0.360095471345403,1223,1146,77,14.883116883116884,
6468,,,,,,,,,,,,,,,0.46926469057189024,3184,2903,281,10.330960854092528,
6469,,,,,,,,,,,,,,,0.2893942955208786,2548,2237,311,7.192926045016077,
6470,,,,,,,,,,,,,,,0.3933274832875213,4092,3856,236,16.338983050847457,
6471,,,,,,,,,,,,,,,0.0961948093781757,1947,1712,235,7.285106382978723,
6472,,,,,,,,,,,,,,,0.16269702237400452,2321,2148,173,12.416184971098266,
6473,,,,,,,,,,,,,,,0.33216878280018136,1620,1354,266,5.090225563909774,
6474,,,,,,,,,,,,,,,0.07550606782433533,912,831,81,10.25925925925926,
6475,,,,,,,,,,,,,,,0.2907612012052141,2452,2315,137,16.8978102189781,
6476,,,,,,,,,,,,,,,0.4382817649775461,2309,2184,125,17.472,
6477,,,,,,,,,,,,,,,0.40177100617597716,2375,2224,151,14.728476821192054,
6478,,,,,,,,,,,,,,,0.0553686485829985,3000,2714,286,9.48951048951049,
6479,,,,,,,,,,,,,,,0.1338207473268085,956,871,85,10.24705882352941,
6480,,,,,,,,,,,,,,,0.05018939124965982,2271,2001,270,7.411111111111111,
6481,,,,,,,,,,,,,,,0.5226559839209131,2353,2168,185,11.718918918918918,
6482,,,,,,,,,,,,,,,0.7240041115946951,1700,1488,212,7.018867924528302,
6483,,,,,,,,,,,,,,,0.5392781984969588,3970,3831,139,27.56115107913669,
6484,,,,,,,,,,,,,,,0.0635576763111203,3980,3843,137,28.05109489051095,
6485,,,,,,,,,,,,,,,0.7396535247930842,1272,1133,139,8.151079136690647,
6486,,,,,,,,,,,,,,,0.6413525095108525,1777,1617,160,10.10625,
6487,,,,,,,,,,,,,,,0.26039737593009704,2638,2553,85,30.03529411764706,
6488,,,,,,,,,,,,,,,0.2462945791353377,4068,3938,130,30.29230769230769,
6489,,,,,,,,,,,,,,,0.593372037588324,2042,1890,152,12.43421052631579,
6490,,,,,,,,,,,,,,,0.75,4061,4011,50,80.22,
6491,,,,,,,,,,,,,,,0.05524466243628012,3105,2878,227,12.678414096916299,
6492,,,,,,,,,,,,,,,0.30204637816973445,2655,2552,103,24.776699029126213,
6493,,,,,,,,,,,,,,,0.04620796314748077,3862,3710,152,24.407894736842106,
6494,,,,,,,,,,,,,,,0.1281379912218199,3536,3376,160,21.1,
6495,,,,,,,,,,,,,,,0.14004921273181026,3538,3448,90,38.31111111111111,
6496,,,,,,,,,,,,,,,0.07532958292381409,2679,2449,230,10.647826086956522,
6497,,,,,,,,,,,,,,,0.02331990921243232,2880,2720,160,17.0,
6498,,,,,,,,,,,,,,,0.11468488859554782,1881,1661,220,7.55,
6499,,,,,,,,,,,,,,,0.7355171129213431,3477,3259,218,14.94954128440367,
6500,,,,,,,,,,,,,,,0.031206780183083538,3794,3553,241,14.742738589211617,
6501,,,,,,,,,,,,,,,0.31697980749595445,2137,2007,130,15.438461538461539,
6502,,,,,,,,,,,,,,,0.1428026336923267,4035,3772,263,14.342205323193916,
6503,,,,,,,,,,,,,,,0.6313979412327626,3895,3729,166,22.46385542168675,
6504,,,,,,,,,,,,,,,0.1511503501722018,2223,2081,142,14.654929577464788,
6505,,,,,,,,,,,,,,,0.27991560613872934,4006,3860,146,26.438356164383563,
6506,,,,,,,,,,,,,,,0.031536071583104786,3408,3162,246,12.853658536585366,
6507,,,,,,,,,,,,,,,0.31255978697208775,2909,2731,178,15.342696629213483,
6508,,,,,,,,,,,,,,,0.052848266513592534,1908,1841,67,27.47761194029851,
6509,,,,,,,,,,,,,,,0.4950107948113782,3392,3287,105,31.304761904761904,
6510,,,,,,,,,,,,,,,0.3809549365589646,2310,2195,115,19.08695652173913,
6511,,,,,,,,,,,,,,,0.08490599001970622,3635,3358,277,12.12274368231047,
6512,,,,,,,,,,,,,,,0.17038774812021984,3792,3603,189,19.063492063492063,
6513,,,,,,,,,,,,,,,0.03487280249919422,1613,1555,58,26.810344827586206,
6514,,,,,,,,,,,,,,,0.4850725162359595,3501,3409,92,37.05434782608695,
6515,,,,,,,,,,,,,,,0.22912442988445036,1928,1831,97,18.876288659793815,
6516,,,,,,,,,,,,,,,0.75,3071,2799,272,10.290441176470589,
6517,,,,,,,,,,,,,,,0.08315843901709741,3957,3686,271,13.601476014760147,
6518,,,,,,,,,,,,,,,0.2826717964458112,2910,2838,72,39.416666666666664,
6519,,,,,,,,,,,,,,,0.13546342657423338,3032,2750,282,9.75177304964539,
6520,,,,,,,,,,,,,,,0.13128358587641742,3619,3515,104,33.79807692307692,
6521,,,,,,,,,,,,,,,0.03943929238380406,2710,2571,139,18.496402877697843,
6522,,,,,,,,,,,,,,,0.08569053066662491,2460,2337,123,19.0,
6523,,,,,,,,,,,,,,,0.07588494053811701,2543,2277,266,8.56015037593985,
6524,,,,,,,,,,,,,,,0.24037448815215612,3894,279,3615,0.07717842323651453,
6525,,,,,,,,,,,,,,,0.594672859298953,3792,59,3733,0.015804982587731047,
6526,,,,,,,,,,,,,,,0.11536515205943942,1300,962,338,2.8461538461538463,
6527,,,,,,,,,,,,,,,0.2882146580245717,3438,3298,140,23.557142857142857,
6528,,,,,,,,,,,,,,,0.15319802799695026,3308,3154,154,20.48051948051948,
6529,,,,,,,,,,,,,,,0.0025934663040061423,3633,3419,214,15.976635514018692,
6530,,,,,,,,,,,,,,,0.035738175967935604,3364,3048,316,9.645569620253164,
6531,,,,,,,,,,,,,,,0.09761185245997694,3402,3272,130,25.16923076923077,
6532,,,,,,,,,,,,,,,0.2952460675774091,2034,1911,123,15.536585365853659,
6533,,,,,,,,,,,,,,,0.2902701978589448,4043,3616,427,8.468384074941453,
6534,,,,,,,,,,,,,,,0.31236107576773975,2310,2149,161,13.347826086956522,
6535,,,,,,,,,,,,,,,0.308138655708035,1829,1703,126,13.515873015873016,
6536,,,,,,,,,,,,,,,0.3330501480534167,2523,2379,144,16.520833333333332,
6537,,,,,,,,,,,,,,,0.07400437694491302,3709,3509,200,17.545,
6538,,,,,,,,,,,,,,,0.02503228415957892,4001,2801,1200,2.3341666666666665,
6539,,,,,,,,,,,,,,,0.015137239481646247,884,848,36,23.555555555555557,
6540,,,,,,,,,,,,,,,0.10118979204776224,3635,3530,105,33.61904761904762,
6541,,,,,,,,,,,,,,,0.06691804955244152,1478,1292,186,6.946236559139785,
6542,,,,,,,,,,,,,,,0.597108025296393,4031,3746,285,13.143859649122806,
6543,,,,,,,,,,,,,,,0.75,1800,1677,123,13.634146341463415,
6544,,,,,,,,,,,,,,,0.7005432747216673,1922,1783,139,12.827338129496402,
6545,,,,,,,,,,,,,,,0.75,3698,3506,192,18.260416666666668,
6546,,,,,,,,,,,,,,,0.22797015888841088,1765,1637,128,12.7890625,
6547,,,,,,,,,,,,,,,0.3448215840737703,2350,2116,234,9.042735042735043,
6548,,,,,,,,,,,,,,,0.011645018354329295,1617,1464,153,9.568627450980392,
6549,,,,,,,,,,,,,,,0.07314246048190398,3532,3277,255,12.850980392156863,
6550,,,,,,,,,,,,,,,0.24167102687056286,2730,2635,95,27.736842105263158,
6551,,,,,,,,,,,,,,,0.09006582776623873,2751,2409,342,7.043859649122807,
6552,,,,,,,,,,,,,,,0.1255064532938377,3069,2471,598,4.132107023411371,
6553,,,,,,,,,,,,,,,0.11586674517229767,2873,2733,140,19.521428571428572,
6554,,,,,,,,,,,,,,,0.75,3935,3653,282,12.953900709219859,
6555,,,,,,,,,,,,,,,0.20499548352790953,3711,3513,198,17.742424242424242,
6556,,,,,,,,,,,,,,,0.21716513737214882,3213,2727,486,5.611111111111111,
6557,,,,,,,,,,,,,,,0.0753748237518721,3279,3202,77,41.58441558441559,
6558,,,,,,,,,,,,,,,0.17516721028482607,3148,3000,148,20.27027027027027,
6559,,,,,,,,,,,,,,,0.6659853915389249,925,18,907,0.019845644983461964,
6560,,,,,,,,,,,,,,,0.5257220742082609,3992,3806,186,20.462365591397848,
6561,,,,,,,,,,,,,,,0.035367716371865754,2233,1957,276,7.090579710144928,
6562,,,,,,,,,,,,,,,0.09543130564338753,3367,3251,116,28.025862068965516,
6563,,,,,,,,,,,,,,,0.18898117377102608,962,839,123,6.821138211382114,
6564,,,,,,,,,,,,,,,0.03822828389820643,1820,1664,156,10.666666666666666,
6565,,,,,,,,,,,,,,,0.031062805633382595,3611,3086,525,5.878095238095238,
6566,,,,,,,,,,,,,,,0.011291751326552912,3749,3641,108,33.71296296296296,
6567,,,,,,,,,,,,,,,0.034204624376798165,2492,2352,140,16.8,
6568,,,,,,,,,,,,,,,0.5133061748326782,2764,2555,209,12.224880382775119,
6569,,,,,,,,,,,,,,,0.450155715046094,2320,1950,370,5.27027027027027,
6570,,,,,,,,,,,,,,,0.34440637881311886,1631,1359,272,4.9963235294117645,
6571,,,,,,,,,,,,,,,0.6517246509763481,3101,2773,328,8.454268292682928,
6572,,,,,,,,,,,,,,,0.08314388751114166,4012,3866,146,26.47945205479452,
6573,,,,,,,,,,,,,,,0.5237634665757014,3043,2833,210,13.49047619047619,
6574,,,,,,,,,,,,,,,0.23728844537708937,3662,3194,468,6.8247863247863245,
6575,,,,,,,,,,,,,,,0.3584135021271777,3280,3166,114,27.771929824561404,
6576,,,,,,,,,,,,,,,0.07654908228619206,2610,2507,103,24.339805825242717,
6577,,,,,,,,,,,,,,,0.09385900067150033,2783,2626,157,16.726114649681527,
6578,,,,,,,,,,,,,,,0.5579659852303394,3556,3363,193,17.424870466321245,
6579,,,,,,,,,,,,,,,0.09478233453455687,2142,1948,194,10.041237113402062,
6580,,,,,,,,,,,,,,,0.75,3913,3525,388,9.085051546391753,
6581,,,,,,,,,,,,,,,0.3606372632577859,3347,3248,99,32.80808080808081,
6582,,,,,,,,,,,,,,,0.041001993557529204,2569,2445,124,19.717741935483872,
6583,,,,,,,,,,,,,,,0.4793879266599106,2007,1851,156,11.865384615384615,
6584,,,,,,,,,,,,,,,0.2678121368091979,2770,2535,235,10.787234042553191,
6585,,,,,,,,,,,,,,,0.4001445480464554,3321,3067,254,12.0748031496063,
6586,,,,,,,,,,,,,,,0.013672709157617646,2536,2373,163,14.558282208588958,
6587,,,,,,,,,,,,,,,0.040224416126648066,4016,3796,220,17.254545454545454,
6588,,,,,,,,,,,,,,,0.0652959177205048,2869,2611,258,10.12015503875969,
6589,,,,,,,,,,,,,,,0.009130274622521029,3084,2635,449,5.868596881959911,
6590,,,,,,,,,,,,,,,0.07535194802153455,877,753,124,6.07258064516129,
6591,,,,,,,,,,,,,,,0.30601230046181627,2018,1831,187,9.79144385026738,
6592,,,,,,,,,,,,,,,0.14336587319303362,3023,2822,201,14.039800995024876,
6593,,,,,,,,,,,,,,,0.75,2489,2291,198,11.570707070707071,
6594,,,,,,,,,,,,,,,0.6550316077837124,2889,2733,156,17.51923076923077,
6595,,,,,,,,,,,,,,,0.010411757791416676,3963,3782,181,20.895027624309392,
6596,,,,,,,,,,,,,,,0.11021612827789795,3030,2845,185,15.378378378378379,
6597,,,,,,,,,,,,,,,0.3086330405180888,2295,221,2074,0.10655737704918032,
6598,,,,,,,,,,,,,,,0.16599396502533637,3925,3742,183,20.44808743169399,
6599,,,,,,,,,,,,,,,0.16980542296028034,1114,1048,66,15.878787878787879,
6600,,,,,,,,,,,,,,,0.4674383894823677,3485,3367,118,28.533898305084747,
6601,,,,,,,,,,,,,,,0.5041247616024975,3277,3068,209,14.679425837320574,
6602,,,,,,,,,,,,,,,0.032998638979051975,3121,2944,177,16.63276836158192,
6603,,,,,,,,,,,,,,,0.024562540837223423,2162,2024,138,14.666666666666666,
6604,,,,,,,,,,,,,,,0.5065664134021972,2730,2563,167,15.347305389221557,
6605,,,,,,,,,,,,,,,0.04981249865136306,2455,2192,263,8.334600760456274,
6606,,,,,,,,,,,,,,,0.0460693675697712,2599,2433,166,14.656626506024097,
6607,,,,,,,,,,,,,,,0.17769430201997238,3660,3480,180,19.333333333333332,
6608,,,,,,,,,,,,,,,0.07963553036120175,3320,3226,94,34.319148936170215,
6609,,,,,,,,,,,,,,,0.5538600447043791,3908,3805,103,36.94174757281554,
6610,,,,,,,,,,,,,,,0.22027759648040046,2887,2783,104,26.759615384615383,
6611,,,,,,,,,,,,,,,0.21899565193029957,2666,2543,123,20.67479674796748,
6612,,,,,,,,,,,,,,,0.75,2232,2156,76,28.36842105263158,
6613,,,,,,,,,,,,,,,0.18664511529777883,1636,1388,248,5.596774193548387,
6614,,,,,,,,,,,,,,,0.21145096739860492,3390,3225,165,19.545454545454547,
6615,,,,,,,,,,,,,,,0.1346430011637949,2198,2145,53,40.471698113207545,
6616,,,,,,,,,,,,,,,0.019986949218036898,3107,153,2954,0.05179417738659445,
6617,,,,,,,,,,,,,,,0.3655277155166914,1967,1703,264,6.450757575757576,
6618,,,,,,,,,,,,,,,0.2824549409906467,2752,2641,111,23.792792792792792,
6619,,,,,,,,,,,,,,,0.5459066826731487,1818,1636,182,8.989010989010989,
6620,,,,,,,,,,,,,,,0.006576283706863251,3234,3181,53,60.0188679245283,
6621,,,,,,,,,,,,,,,0.28588594831535374,3496,3321,175,18.97714285714286,
6622,,,,,,,,,,,,,,,0.2853586091637226,1779,1574,205,7.678048780487805,
6623,,,,,,,,,,,,,,,0.12528888369047309,4011,3681,330,11.154545454545454,
6624,,,,,,,,,,,,,,,0.22310601618414694,2373,2064,309,6.679611650485437,
6625,,,,,,,,,,,,,,,0.75,3610,3542,68,52.088235294117645,
6626,,,,,,,,,,,,,,,0.45346631582356167,2024,1660,364,4.56043956043956,
6627,,,,,,,,,,,,,,,0.04174263778554632,3217,3079,138,22.31159420289855,
6628,,,,,,,,,,,,,,,0.021134492345026956,3330,3132,198,15.818181818181818,
6629,,,,,,,,,,,,,,,0.4440196038906379,3989,3829,160,23.93125,
6630,,,,,,,,,,,,,,,0.2693639116380382,3285,3143,142,22.133802816901408,
6631,,,,,,,,,,,,,,,0.15130949612307631,4029,3836,193,19.875647668393782,
6632,,,,,,,,,,,,,,,0.75,4013,3896,117,33.2991452991453,
6633,,,,,,,,,,,,,,,0.22547633695694458,3133,2997,136,22.03676470588235,
6634,,,,,,,,,,,,,,,0.0014555693387592328,3484,3414,70,48.77142857142857,
6635,,,,,,,,,,,,,,,0.75,951,856,95,9.010526315789473,
6636,,,,,,,,,,,,,,,0.2669039870963843,1816,1710,106,16.132075471698112,
6637,,,,,,,,,,,,,,,0.75,4027,3875,152,25.49342105263158,
6638,,,,,,,,,,,,,,,0.09822934095086566,1831,1683,148,11.371621621621621,
6639,,,,,,,,,,,,,,,0.3287681966044147,2941,2551,390,6.541025641025641,
6640,,,,,,,,,,,,,,,0.33136526101020536,3260,3049,211,14.450236966824644,
6641,,,,,,,,,,,,,,,0.75,2621,2322,299,7.765886287625418,
6642,,,,,,,,,,,,,,,0.21050371424917103,2230,1956,274,7.138686131386861,
6643,,,,,,,,,,,,,,,0.05936350897513876,2971,2875,96,29.947916666666668,
6644,,,,,,,,,,,,,,,0.012476787199602768,3724,3560,164,21.70731707317073,
6645,,,,,,,,,,,,,,,0.2579562826590518,3070,2987,83,35.98795180722892,
6646,,,,,,,,,,,,,,,0.09758409909795773,2340,2089,251,8.322709163346614,
6647,,,,,,,,,,,,,,,0.014284168691801824,3471,3309,162,20.425925925925927,
6648,,,,,,,,,,,,,,,0.01833739661742584,3287,3159,128,24.6796875,
6649,,,,,,,,,,,,,,,0.75,3976,3718,258,14.410852713178295,
6650,,,,,,,,,,,,,,,0.12007043913899906,2806,2382,424,5.617924528301887,
6651,,,,,,,,,,,,,,,0.1272312315416002,3561,3421,140,24.435714285714287,
6652,,,,,,,,,,,,,,,0.049007005911562374,1944,1820,124,14.67741935483871,
6653,,,,,,,,,,,,,,,0.75,3691,3598,93,38.68817204301075,
6654,,,,,,,,,,,,,,,0.5015766020003412,3781,3719,62,59.983870967741936,
6655,,,,,,,,,,,,,,,0.02335477686347076,3050,2895,155,18.677419354838708,
6656,,,,,,,,,,,,,,,0.47822061267333993,1420,1292,128,10.09375,
6657,,,,,,,,,,,,,,,0.04446508586784148,3534,3351,183,18.311475409836067,
6658,,,,,,,,,,,,,,,0.37795594395083754,1773,1606,167,9.616766467065869,
6659,,,,,,,,,,,,,,,0.0838457686431866,3275,3126,149,20.97986577181208,
6660,,,,,,,,,,,,,,,0.34914533911273793,3979,3760,219,17.168949771689498,
6661,,,,,,,,,,,,,,,0.2653755889866716,2707,2620,87,30.114942528735632,
6662,,,,,,,,,,,,,,,0.03212941960964599,3520,3443,77,44.714285714285715,
6663,,,,,,,,,,,,,,,0.16875074545828284,1360,1206,154,7.8311688311688314,
6664,,,,,,,,,,,,,,,0.14156626988483367,3861,3727,134,27.813432835820894,
6665,,,,,,,,,,,,,,,0.4104298441845913,3686,3468,218,15.908256880733944,
6666,,,,,,,,,,,,,,,0.09280262855395449,1430,1307,123,10.626016260162602,
6667,,,,,,,,,,,,,,,0.2887654569942697,3996,3685,311,11.84887459807074,
6668,,,,,,,,,,,,,,,0.0351855228268505,3609,3307,302,10.950331125827814,
6669,,,,,,,,,,,,,,,0.27379476938449443,3047,2788,259,10.764478764478765,
6670,,,,,,,,,,,,,,,0.44602651930676984,3916,3657,259,14.11969111969112,
6671,,,,,,,,,,,,,,,0.1796948367486948,1276,1121,155,7.232258064516129,
6672,,,,,,,,,,,,,,,0.1681514202159633,3342,3102,240,12.925,
6673,,,,,,,,,,,,,,,0.5416053141022985,623,554,69,8.028985507246377,
6674,,,,,,,,,,,,,,,0.16177576088034584,3978,3721,257,14.478599221789883,
6675,,,,,,,,,,,,,,,0.20698817581228468,4018,3908,110,35.527272727272724,
6676,,,,,,,,,,,,,,,0.1375088357685854,1309,999,310,3.2225806451612904,
6677,,,,,,,,,,,,,,,0.3531499780267495,2956,2658,298,8.919463087248323,
6678,,,,,,,,,,,,,,,0.41649460526423354,1398,1219,179,6.810055865921788,
6679,,,,,,,,,,,,,,,0.23789385955797115,3260,3097,163,19.0,
6680,,,,,,,,,,,,,,,0.1423370901341059,1927,1750,177,9.887005649717514,
6681,,,,,,,,,,,,,,,0.13878891799845405,2149,2080,69,30.144927536231883,
6682,,,,,,,,,,,,,,,0.010319610507394827,3383,3285,98,33.52040816326531,
6683,,,,,,,,,,,,,,,0.10454066322654398,3452,3404,48,70.91666666666667,
6684,,,,,,,,,,,,,,,0.15568377111549125,3959,3931,28,140.39285714285714,
6685,,,,,,,,,,,,,,,0.06347486704589755,3877,3576,301,11.880398671096346,
6686,,,,,,,,,,,,,,,0.28977896896526545,2341,2120,221,9.592760180995475,
6687,,,,,,,,,,,,,,,0.04212528531206772,3603,3384,219,15.452054794520548,
6688,,,,,,,,,,,,,,,0.17095879491262167,1993,1921,72,26.680555555555557,
6689,,,,,,,,,,,,,,,0.24826566512342652,3414,3283,131,25.061068702290076,
6690,,,,,,,,,,,,,,,0.18594058879716613,2604,2250,354,6.3559322033898304,
6691,,,,,,,,,,,,,,,0.08587024370399376,2336,2256,80,28.2,
6692,,,,,,,,,,,,,,,0.14377683066277314,3296,3171,125,25.368,
6693,,,,,,,,,,,,,,,0.5943479339700843,973,870,103,8.446601941747574,
6694,,,,,,,,,,,,,,,0.16233586423663837,3577,3390,187,18.128342245989305,
6695,,,,,,,,,,,,,,,0.040220226375822676,3752,3593,159,22.59748427672956,
6696,,,,,,,,,,,,,,,0.034181192462710897,3889,3650,239,15.271966527196653,
6697,,,,,,,,,,,,,,,0.5830127929500577,4051,3825,226,16.924778761061948,
6698,,,,,,,,,,,,,,,0.46056004337310696,2091,2036,55,37.018181818181816,
6699,,,,,,,,,,,,,,,0.18510794959252053,2931,2769,162,17.09259259259259,
6700,,,,,,,,,,,,,,,0.08756021957401572,3537,3303,234,14.115384615384615,
6701,,,,,,,,,,,,,,,0.012226214716065442,3691,3509,182,19.28021978021978,
6702,,,,,,,,,,,,,,,0.019904923384729045,3663,3563,100,35.63,
6703,,,,,,,,,,,,,,,0.011535829749618642,1577,1487,90,16.522222222222222,
6704,,,,,,,,,,,,,,,0.028469216886605864,3616,3430,186,18.440860215053764,
6705,,,,,,,,,,,,,,,0.13830871289860625,2290,2126,164,12.963414634146341,
6706,,,,,,,,,,,,,,,0.024812683082473086,3814,3639,175,20.794285714285714,
6707,,,,,,,,,,,,,,,0.27033207079875865,2930,262,2668,0.09820089955022489,
6708,,,,,,,,,,,,,,,0.21010931807995803,3769,3500,269,13.011152416356877,
6709,,,,,,,,,,,,,,,0.07304984204324683,2756,2691,65,41.4,
6710,,,,,,,,,,,,,,,0.07354585825964932,2423,2198,225,9.768888888888888,
6711,,,,,,,,,,,,,,,0.02132672439211092,1157,319,838,0.38066825775656327,
6712,,,,,,,,,,,,,,,0.17501503877269897,2504,2306,198,11.646464646464647,
6713,,,,,,,,,,,,,,,0.030241380442930677,2455,2325,130,17.884615384615383,
6714,,,,,,,,,,,,,,,0.27086564930027635,3673,3347,326,10.266871165644172,
6715,,,,,,,,,,,,,,,0.0494762462944891,3871,3610,261,13.831417624521073,
6716,,,,,,,,,,,,,,,0.050286854493833744,2576,2297,279,8.232974910394265,
6717,,,,,,,,,,,,,,,0.12478905156763176,4028,3917,111,35.288288288288285,
6718,,,,,,,,,,,,,,,0.021741180465369325,3670,3368,302,11.152317880794701,
6719,,,,,,,,,,,,,,,0.5233959628667435,3220,3050,170,17.941176470588236,
6720,,,,,,,,,,,,,,,0.088329971677922,2104,1963,141,13.921985815602836,
6721,,,,,,,,,,,,,,,0.22120309630622614,3076,2650,426,6.220657276995305,
6722,,,,,,,,,,,,,,,0.15174152184272316,3303,2970,333,8.91891891891892,
6723,,,,,,,,,,,,,,,0.277362602239009,2689,2537,152,16.69078947368421,
6724,,,,,,,,,,,,,,,0.2444154979650648,2833,2585,248,10.423387096774194,
6725,,,,,,,,,,,,,,,0.07699649885421422,2561,2362,199,11.869346733668342,
6726,,,,,,,,,,,,,,,0.75,2941,2789,152,18.348684210526315,
6727,,,,,,,,,,,,,,,0.5126548657938201,2840,2589,251,10.314741035856574,
6728,,,,,,,,,,,,,,,0.05181500804519601,2340,2239,101,22.168316831683168,
6729,,,,,,,,,,,,,,,0.051168599874699794,3427,3260,167,19.520958083832337,
6730,,,,,,,,,,,,,,,0.34362042085604116,2757,2631,126,20.88095238095238,
6731,,,,,,,,,,,,,,,0.23161864883081762,3568,3375,193,17.487046632124354,
6732,,,,,,,,,,,,,,,0.5131819770319908,2964,2748,216,12.722222222222221,
6733,,,,,,,,,,,,,,,0.028104859148925243,1981,1906,75,25.413333333333334,
6734,,,,,,,,,,,,,,,0.19109421097618906,3190,3012,178,16.921348314606742,
6735,,,,,,,,,,,,,,,0.001466057655534314,2907,2783,124,22.443548387096776,
6736,,,,,,,,,,,,,,,0.031016443424732643,2630,2146,484,4.433884297520661,
6737,,,,,,,,,,,,,,,0.04710563787875799,886,679,207,3.2801932367149758,
6738,,,,,,,,,,,,,,,0.16210076140237106,3623,3466,157,22.076433121019107,
6739,,,,,,,,,,,,,,,0.2942566426011126,3401,3161,240,13.170833333333333,
6740,,,,,,,,,,,,,,,0.5077209863541157,1755,1440,315,4.571428571428571,
6741,,,,,,,,,,,,,,,0.75,3092,2926,166,17.626506024096386,
6742,,,,,,,,,,,,,,,0.23025512498429634,1627,1483,144,10.29861111111111,
6743,,,,,,,,,,,,,,,0.16673465814506017,3409,478,2931,0.16308427157966565,
6744,,,,,,,,,,,,,,,0.24091069716132552,3207,209,2998,0.06971314209472981,
6745,,,,,,,,,,,,,,,0.75,1171,1115,56,19.910714285714285,
6746,,,,,,,,,,,,,,,0.11185661876152153,4006,3822,184,20.77173913043478,
6747,,,,,,,,,,,,,,,0.28006355595402965,3481,3293,188,17.51595744680851,
6748,,,,,,,,,,,,,,,0.29303243347612806,3756,822,2934,0.28016359918200406,
6749,,,,,,,,,,,,,,,0.12563056377643989,1990,1956,34,57.529411764705884,
6750,,,,,,,,,,,,,,,0.09011934768091123,3306,3202,104,30.78846153846154,
6751,,,,,,,,,,,,,,,0.03340841801514216,2917,2411,506,4.764822134387352,
6752,,,,,,,,,,,,,,,0.0034932721264340216,1908,1776,132,13.454545454545455,
6753,,,,,,,,,,,,,,,0.029671251896616013,1905,1867,38,49.13157894736842,
6754,,,,,,,,,,,,,,,0.004003192333584593,3764,3607,157,22.97452229299363,
6755,,,,,,,,,,,,,,,0.75,3477,3415,62,55.08064516129032,
6756,,,,,,,,,,,,,,,0.48977017831794,3481,3339,142,23.514084507042252,
6757,,,,,,,,,,,,,,,0.05868686687722402,3668,3517,151,23.29139072847682,
6758,,,,,,,,,,,,,,,0.26147404720131817,2664,2557,107,23.897196261682243,
6759,,,,,,,,,,,,,,,0.26226976161729,3332,3192,140,22.8,
6760,,,,,,,,,,,,,,,0.14308151283580628,1802,1703,99,17.2020202020202,
6761,,,,,,,,,,,,,,,0.24591441304391992,2856,2677,179,14.955307262569832,
6762,,,,,,,,,,,,,,,0.3901756715117699,3835,3736,99,37.73737373737374,
6763,,,,,,,,,,,,,,,0.05296265575907455,3411,3298,113,29.1858407079646,
6764,,,,,,,,,,,,,,,0.0894967616568465,4041,3894,147,26.489795918367346,
6765,,,,,,,,,,,,,,,0.1556374917179255,2610,2398,212,11.31132075471698,
6766,,,,,,,,,,,,,,,0.16060833006849862,2257,2113,144,14.67361111111111,
6767,,,,,,,,,,,,,,,0.005514583570175091,2183,2005,178,11.264044943820224,
6768,,,,,,,,,,,,,,,0.04541209381068256,3197,3092,105,29.447619047619046,
6769,,,,,,,,,,,,,,,0.04134317290754552,2995,2684,311,8.630225080385852,
6770,,,,,,,,,,,,,,,0.3031677188671438,1682,1401,281,4.98576512455516,
6771,,,,,,,,,,,,,,,0.75,1371,1242,129,9.627906976744185,
6772,,,,,,,,,,,,,,,0.15942300903407158,2816,2711,105,25.81904761904762,
6773,,,,,,,,,,,,,,,0.4911649878031312,3223,2702,521,5.186180422264875,
6774,,,,,,,,,,,,,,,0.22000553371822207,3790,3670,120,30.583333333333332,
6775,,,,,,,,,,,,,,,0.05620449435355113,1568,1545,23,67.17391304347827,
6776,,,,,,,,,,,,,,,0.21066160977807158,2638,2406,232,10.370689655172415,
6777,,,,,,,,,,,,,,,0.448698817357581,2784,2691,93,28.93548387096774,
6778,,,,,,,,,,,,,,,0.013066120464372943,3783,3640,143,25.454545454545453,
6779,,,,,,,,,,,,,,,0.0019763617108310427,1456,1348,108,12.481481481481481,
6780,,,,,,,,,,,,,,,0.24884016802161568,3638,3575,63,56.74603174603175,
6781,,,,,,,,,,,,,,,0.31214912785617344,2192,591,1601,0.36914428482198625,
6782,,,,,,,,,,,,,,,0.75,3347,3188,159,20.050314465408807,
6783,,,,,,,,,,,,,,,0.4719843369987302,3228,3110,118,26.35593220338983,
6784,,,,,,,,,,,,,,,0.33397476515392555,3447,3312,135,24.533333333333335,
6785,,,,,,,,,,,,,,,0.22648583195746141,2756,2691,65,41.4,
6786,,,,,,,,,,,,,,,0.2020298380521126,2684,2577,107,24.08411214953271,
6787,,,,,,,,,,,,,,,0.08589544861365539,1519,1356,163,8.319018404907975,
6788,,,,,,,,,,,,,,,0.16711194108393101,3025,2915,110,26.5,
6789,,,,,,,,,,,,,,,0.16643211356608845,2634,2436,198,12.303030303030303,
6790,,,,,,,,,,,,,,,0.22353403895453994,1768,1522,246,6.186991869918699,
6791,,,,,,,,,,,,,,,0.23636249847959334,2765,2711,54,50.2037037037037,
6792,,,,,,,,,,,,,,,0.2838200411406433,2827,2689,138,19.485507246376812,
6793,,,,,,,,,,,,,,,0.4241431019315769,4051,3935,116,33.922413793103445,
6794,,,,,,,,,,,,,,,0.1673095702772116,2143,1935,208,9.302884615384615,
6795,,,,,,,,,,,,,,,0.3131947798356123,1933,1815,118,15.38135593220339,
6796,,,,,,,,,,,,,,,0.18785769093892668,2579,2360,219,10.776255707762557,
6797,,,,,,,,,,,,,,,0.13704731951406757,3510,3357,153,21.941176470588236,
6798,,,,,,,,,,,,,,,0.09489457668814794,2251,2109,142,14.852112676056338,
6799,,,,,,,,,,,,,,,0.0164042606854764,1770,1525,245,6.224489795918367,
6800,,,,,,,,,,,,,,,0.5584448507386242,1291,1107,184,6.016304347826087,
6801,,,,,,,,,,,,,,,0.13495097440227255,1853,1681,172,9.773255813953488,
6802,,,,,,,,,,,,,,,0.16029906209996625,3407,3174,233,13.622317596566523,
6803,,,,,,,,,,,,,,,0.17069468000113375,3650,3498,152,23.013157894736842,
6804,,,,,,,,,,,,,,,0.699074806059798,3151,2897,254,11.405511811023622,
6805,,,,,,,,,,,,,,,0.10645424491644917,3861,3676,185,19.87027027027027,
6806,,,,,,,,,,,,,,,0.2989304348686801,3618,153,3465,0.04415584415584416,
6807,,,,,,,,,,,,,,,0.005256609763364395,3638,3562,76,46.86842105263158,
6808,,,,,,,,,,,,,,,0.0849231275440161,2847,2688,159,16.90566037735849,
6809,,,,,,,,,,,,,,,0.05336059551746075,3658,3527,131,26.923664122137403,
6810,,,,,,,,,,,,,,,0.10534046989960189,4011,3881,130,29.853846153846153,
6811,,,,,,,,,,,,,,,0.06602495418792387,3462,3357,105,31.97142857142857,
6812,,,,,,,,,,,,,,,0.06201995579272079,3338,3175,163,19.478527607361965,
6813,,,,,,,,,,,,,,,0.5994167486746846,3177,3067,110,27.881818181818183,
6814,,,,,,,,,,,,,,,0.10355823283430254,3372,918,2454,0.3740831295843521,
6815,,,,,,,,,,,,,,,0.23038872382790032,3982,3879,103,37.66019417475728,
6816,,,,,,,,,,,,,,,0.4620302932548839,3955,3656,299,12.22742474916388,
6817,,,,,,,,,,,,,,,0.2674756970409362,4009,3813,196,19.45408163265306,
6818,,,,,,,,,,,,,,,0.035148660282857236,2274,1991,283,7.035335689045937,
6819,,,,,,,,,,,,,,,0.08682052803351326,1426,1182,244,4.844262295081967,
6820,,,,,,,,,,,,,,,0.3106655758017496,3656,3544,112,31.642857142857142,
6821,,,,,,,,,,,,,,,0.75,3751,3469,282,12.301418439716311,
6822,,,,,,,,,,,,,,,0.4475612728124361,1543,957,586,1.6331058020477816,
6823,,,,,,,,,,,,,,,0.2795308192578432,3419,3234,185,17.481081081081083,
6824,,,,,,,,,,,,,,,0.3316148136348147,2286,2146,140,15.32857142857143,
6825,,,,,,,,,,,,,,,0.3973753231648516,2197,1985,212,9.36320754716981,
6826,,,,,,,,,,,,,,,0.4020534891510579,3124,2958,166,17.819277108433734,
6827,,,,,,,,,,,,,,,0.4653276877040753,1456,1290,166,7.771084337349397,
6828,,,,,,,,,,,,,,,0.24311104550042728,2759,2670,89,30.0,
6829,,,,,,,,,,,,,,,0.08298067570990497,2480,2362,118,20.016949152542374,
6830,,,,,,,,,,,,,,,0.34582900203736244,3549,3377,172,19.63372093023256,
6831,,,,,,,,,,,,,,,0.27494558249145484,2592,2546,46,55.34782608695652,
6832,,,,,,,,,,,,,,,0.034556040622192086,2496,2024,472,4.288135593220339,
6833,,,,,,,,,,,,,,,0.055624759389957035,3747,3615,132,27.386363636363637,
6834,,,,,,,,,,,,,,,0.23269188377139471,1915,77,1838,0.041893362350380846,
6835,,,,,,,,,,,,,,,0.02659128991808757,3947,3760,187,20.106951871657753,
6836,,,,,,,,,,,,,,,0.1344568797528609,3637,3397,240,14.154166666666667,
6837,,,,,,,,,,,,,,,0.75,3989,3786,203,18.65024630541872,
6838,,,,,,,,,,,,,,,0.0904763976295726,2363,2179,184,11.842391304347826,
6839,,,,,,,,,,,,,,,0.05875119881466162,2819,2658,161,16.509316770186334,
6840,,,,,,,,,,,,,,,0.012048036488522484,873,762,111,6.864864864864865,
6841,,,,,,,,,,,,,,,0.004574242239414161,3832,3688,144,25.61111111111111,
6842,,,,,,,,,,,,,,,0.5319607700114375,2584,2210,374,5.909090909090909,
6843,,,,,,,,,,,,,,,0.11041969791381234,3758,3620,138,26.231884057971016,
6844,,,,,,,,,,,,,,,0.04317365077463364,3110,2848,262,10.870229007633588,
6845,,,,,,,,,,,,,,,0.4399906308703976,2761,2608,153,17.045751633986928,
6846,,,,,,,,,,,,,,,0.5621603213778599,3856,30,3826,0.007841087297438577,
6847,,,,,,,,,,,,,,,0.008123052118889973,3452,3289,163,20.177914110429448,
6848,,,,,,,,,,,,,,,0.01644564666548831,2852,2795,57,49.03508771929825,
6849,,,,,,,,,,,,,,,0.14080201045635476,3148,3010,138,21.81159420289855,
6850,,,,,,,,,,,,,,,0.24029778500403154,1729,1613,116,13.905172413793103,
6851,,,,,,,,,,,,,,,0.032153883199043776,2849,2467,382,6.458115183246074,
6852,,,,,,,,,,,,,,,0.06343150304815026,3889,3764,125,30.112,
6853,,,,,,,,,,,,,,,0.07454159059693666,2316,1972,344,5.732558139534884,
6854,,,,,,,,,,,,,,,0.10400169949298288,3096,3032,64,47.375,
6855,,,,,,,,,,,,,,,0.10971965977478249,2044,1868,176,10.613636363636363,
6856,,,,,,,,,,,,,,,0.01195020749946707,2669,2549,120,21.241666666666667,
6857,,,,,,,,,,,,,,,0.5253474575310975,2750,2566,184,13.945652173913043,
6858,,,,,,,,,,,,,,,0.07781999326311961,2795,2687,108,24.87962962962963,
6859,,,,,,,,,,,,,,,0.040976553360678736,3287,1145,2142,0.534547152194211,
6860,,,,,,,,,,,,,,,0.2929051098906257,2659,2510,149,16.845637583892618,
6861,,,,,,,,,,,,,,,0.18110138957649724,3460,3322,138,24.07246376811594,
6862,,,,,,,,,,,,,,,0.27677648204235084,3863,3670,193,19.015544041450777,
6863,,,,,,,,,,,,,,,0.3063884326847983,2188,2127,61,34.868852459016395,
6864,,,,,,,,,,,,,,,0.6530671869090838,2161,2032,129,15.751937984496124,
6865,,,,,,,,,,,,,,,0.14398628128174096,3333,3007,326,9.223926380368098,
6866,,,,,,,,,,,,,,,0.15272394682938284,2712,2582,130,19.861538461538462,
6867,,,,,,,,,,,,,,,0.4606531742247171,3564,3413,151,22.602649006622517,
6868,,,,,,,,,,,,,,,0.029395064197160536,3400,3206,194,16.52577319587629,
6869,,,,,,,,,,,,,,,0.02798213711957942,2483,2322,161,14.422360248447205,
6870,,,,,,,,,,,,,,,0.23576941989313127,3467,3320,147,22.58503401360544,
6871,,,,,,,,,,,,,,,0.3809943129865587,2890,2797,93,30.0752688172043,
6872,,,,,,,,,,,,,,,0.7361813512798108,3707,3565,142,25.1056338028169,
6873,,,,,,,,,,,,,,,0.43376477976653405,1396,1182,214,5.5233644859813085,
6874,,,,,,,,,,,,,,,0.010718899703306306,3911,3858,53,72.79245283018868,
6875,,,,,,,,,,,,,,,0.0278477444192049,4076,3956,120,32.96666666666667,
6876,,,,,,,,,,,,,,,0.2485131518021717,3753,3632,121,30.016528925619834,
6877,,,,,,,,,,,,,,,0.511732889475752,2806,2655,151,17.582781456953644,
6878,,,,,,,,,,,,,,,0.6047397601023476,3458,3257,201,16.203980099502488,
6879,,,,,,,,,,,,,,,0.04270673267251368,3858,3444,414,8.318840579710145,
6880,,,,,,,,,,,,,,,0.08637122796130825,3760,3433,327,10.498470948012232,
6881,,,,,,,,,,,,,,,0.14563318229147626,3460,3390,70,48.42857142857143,
6882,,,,,,,,,,,,,,,0.17625262644628492,3252,3146,106,29.67924528301887,
6883,,,,,,,,,,,,,,,0.3297074320412321,2045,1933,112,17.258928571428573,
6884,,,,,,,,,,,,,,,0.02614416100300332,3767,3284,483,6.799171842650104,
6885,,,,,,,,,,,,,,,0.2603876576231414,1587,1376,211,6.521327014218009,
6886,,,,,,,,,,,,,,,0.10184455622970745,2746,2262,484,4.6735537190082646,
6887,,,,,,,,,,,,,,,0.03705902012006845,4009,3877,132,29.37121212121212,
6888,,,,,,,,,,,,,,,0.4719493797956602,2754,2549,205,12.434146341463414,
6889,,,,,,,,,,,,,,,0.1445569317791069,3325,3177,148,21.466216216216218,
6890,,,,,,,,,,,,,,,0.13435650737869764,3557,3460,97,35.670103092783506,
6891,,,,,,,,,,,,,,,0.3663702862879745,3409,3170,239,13.263598326359833,
6892,,,,,,,,,,,,,,,0.07036406150359653,2577,2492,85,29.31764705882353,
6893,,,,,,,,,,,,,,,0.4140606079349709,3547,3272,275,11.898181818181818,
6894,,,,,,,,,,,,,,,0.10437938814311565,3189,3038,151,20.119205298013245,
6895,,,,,,,,,,,,,,,0.17581085827055176,2412,2238,174,12.862068965517242,
6896,,,,,,,,,,,,,,,0.022271708232892706,3416,2754,662,4.16012084592145,
6897,,,,,,,,,,,,,,,0.11647754766340768,2122,2089,33,63.303030303030305,
6898,,,,,,,,,,,,,,,0.35146637056595864,3858,3508,350,10.022857142857143,
6899,,,,,,,,,,,,,,,0.1118232327135047,3764,3723,41,90.8048780487805,
6900,,,,,,,,,,,,,,,0.2734026457060281,3796,3369,427,7.889929742388759,
6901,,,,,,,,,,,,,,,0.041104068705635655,3874,3762,112,33.589285714285715,
6902,,,,,,,,,,,,,,,0.3501055943479514,706,69,637,0.10832025117739404,
6903,,,,,,,,,,,,,,,0.1369252297793082,2696,2545,151,16.85430463576159,
6904,,,,,,,,,,,,,,,0.06475162828451175,3509,3304,205,16.117073170731707,
6905,,,,,,,,,,,,,,,0.4045801601293988,3224,2724,500,5.448,
6906,,,,,,,,,,,,,,,0.1333570447686725,2378,2271,107,21.22429906542056,
6907,,,,,,,,,,,,,,,0.13161569541375684,2875,2587,288,8.98263888888889,
6908,,,,,,,,,,,,,,,0.15346991512410568,2862,2689,173,15.54335260115607,
6909,,,,,,,,,,,,,,,0.47829621657501775,3977,3771,206,18.305825242718445,
6910,,,,,,,,,,,,,,,0.39570793707548546,1551,1471,80,18.3875,
6911,,,,,,,,,,,,,,,0.11226585139479539,2495,2460,35,70.28571428571429,
6912,,,,,,,,,,,,,,,0.007553708052000729,1535,1307,228,5.732456140350878,
6913,,,,,,,,,,,,,,,0.03933436059514861,2169,2044,125,16.352,
6914,,,,,,,,,,,,,,,0.0024996331533202465,3925,3852,73,52.76712328767123,
6915,,,,,,,,,,,,,,,0.4102926084231058,2853,2700,153,17.647058823529413,
6916,,,,,,,,,,,,,,,0.7190114972577248,2695,2542,153,16.61437908496732,
6917,,,,,,,,,,,,,,,0.022147213647031094,3351,3211,140,22.935714285714287,
6918,,,,,,,,,,,,,,,0.09451279622066977,2328,2095,233,8.991416309012875,
6919,,,,,,,,,,,,,,,0.75,3502,3311,191,17.335078534031414,
6920,,,,,,,,,,,,,,,0.04487877914789351,3326,3062,264,11.598484848484848,
6921,,,,,,,,,,,,,,,0.015859669143310384,2829,2690,139,19.35251798561151,
6922,,,,,,,,,,,,,,,0.3559392356312401,2328,2227,101,22.04950495049505,
6923,,,,,,,,,,,,,,,0.2698319873527453,4009,3880,129,30.07751937984496,
6924,,,,,,,,,,,,,,,0.25643277473363923,2969,2736,233,11.742489270386265,
6925,,,,,,,,,,,,,,,0.5820042693712821,3852,3709,143,25.937062937062937,
6926,,,,,,,,,,,,,,,0.014887036329355396,3783,3397,386,8.800518134715025,
6927,,,,,,,,,,,,,,,0.24965162545845487,2719,355,2364,0.15016920473773265,
6928,,,,,,,,,,,,,,,0.31239035213434363,2305,2100,205,10.24390243902439,
6929,,,,,,,,,,,,,,,0.269968462575207,2973,2766,207,13.36231884057971,
6930,,,,,,,,,,,,,,,0.18337688458086632,742,630,112,5.625,
6931,,,,,,,,,,,,,,,0.08764638936554547,3387,3161,226,13.986725663716815,
6932,,,,,,,,,,,,,,,0.12854230936750355,4080,3987,93,42.87096774193548,
6933,,,,,,,,,,,,,,,0.28553969893550857,796,640,156,4.102564102564102,
6934,,,,,,,,,,,,,,,0.20164080722702238,2838,2529,309,8.184466019417476,
6935,,,,,,,,,,,,,,,0.0907174599622067,2957,2792,165,16.921212121212122,
6936,,,,,,,,,,,,,,,0.3393757128362722,3738,3424,314,10.904458598726114,
6937,,,,,,,,,,,,,,,0.5998589610203453,1214,1022,192,5.322916666666667,
6938,,,,,,,,,,,,,,,0.0019834054044167715,3434,3069,365,8.408219178082192,
6939,,,,,,,,,,,,,,,0.08204989804153229,2210,2100,110,19.09090909090909,
6940,,,,,,,,,,,,,,,0.18758378814845855,2222,2041,181,11.276243093922652,
6941,,,,,,,,,,,,,,,0.6328442404062571,2873,2734,139,19.66906474820144,
6942,,,,,,,,,,,,,,,0.3012392086500313,3513,3131,382,8.196335078534032,
6943,,,,,,,,,,,,,,,0.14773297430747334,3992,3852,140,27.514285714285716,
6944,,,,,,,,,,,,,,,0.057395298190613175,2158,2030,128,15.859375,
6945,,,,,,,,,,,,,,,0.19654889009325416,3894,3765,129,29.186046511627907,
6946,,,,,,,,,,,,,,,0.3881953813279324,2788,2633,155,16.98709677419355,
6947,,,,,,,,,,,,,,,0.26391484446662616,1990,1843,147,12.537414965986395,
6948,,,,,,,,,,,,,,,0.29889450613563895,2986,2869,117,24.521367521367523,
6949,,,,,,,,,,,,,,,0.5465894756641774,2236,2213,23,96.21739130434783,
6950,,,,,,,,,,,,,,,0.3803145154736285,2619,2522,97,26.0,
6951,,,,,,,,,,,,,,,0.1295908678773685,3901,3798,103,36.87378640776699,
6952,,,,,,,,,,,,,,,0.05494223613413851,3839,3655,184,19.86413043478261,
6953,,,,,,,,,,,,,,,0.08971626810694033,1309,1166,143,8.153846153846153,
6954,,,,,,,,,,,,,,,0.009417723498472697,2407,2243,164,13.676829268292684,
6955,,,,,,,,,,,,,,,0.10180150242513264,3733,3564,169,21.088757396449704,
6956,,,,,,,,,,,,,,,0.3228357726432023,3950,3735,215,17.372093023255815,
6957,,,,,,,,,,,,,,,0.3368186307952783,3624,3507,117,29.974358974358974,
6958,,,,,,,,,,,,,,,0.03367034082361897,2948,2803,145,19.33103448275862,
6959,,,,,,,,,,,,,,,0.75,2297,2210,87,25.402298850574713,
6960,,,,,,,,,,,,,,,0.08349359054113847,2133,2029,104,19.509615384615383,
6961,,,,,,,,,,,,,,,0.02435347893697326,3828,3684,144,25.583333333333332,
6962,,,,,,,,,,,,,,,0.20062103760574246,2427,2172,255,8.51764705882353,
6963,,,,,,,,,,,,,,,0.1841890268235602,3010,2850,160,17.8125,
6964,,,,,,,,,,,,,,,0.3537211221785128,2827,2607,220,11.85,
6965,,,,,,,,,,,,,,,0.0435964838916334,1081,983,98,10.03061224489796,
6966,,,,,,,,,,,,,,,0.007071893162674314,1276,1237,39,31.71794871794872,
6967,,,,,,,,,,,,,,,0.3981436000779013,2493,2393,100,23.93,
6968,,,,,,,,,,,,,,,0.22443079624758866,3610,3516,94,37.40425531914894,
6969,,,,,,,,,,,,,,,0.06905031716769372,3034,2967,67,44.28358208955224,
6970,,,,,,,,,,,,,,,0.37197967418728695,4072,3885,187,20.77540106951872,
6971,,,,,,,,,,,,,,,0.32412186634201134,3636,3417,219,15.602739726027398,
6972,,,,,,,,,,,,,,,0.75,2925,2812,113,24.884955752212388,
6973,,,,,,,,,,,,,,,0.029257615858341524,1512,1277,235,5.43404255319149,
6974,,,,,,,,,,,,,,,0.015454420129344726,3703,3597,106,33.93396226415094,
6975,,,,,,,,,,,,,,,0.11669375890619449,3782,3551,231,15.372294372294371,
6976,,,,,,,,,,,,,,,0.2465371990604126,1698,1630,68,23.970588235294116,
6977,,,,,,,,,,,,,,,0.10942219434446088,2441,2046,395,5.179746835443038,
6978,,,,,,,,,,,,,,,0.012227421974102981,3693,3552,141,25.19148936170213,
6979,,,,,,,,,,,,,,,0.2631439204228627,2993,2867,126,22.753968253968253,
6980,,,,,,,,,,,,,,,0.03331137420173036,3290,3125,165,18.939393939393938,
6981,,,,,,,,,,,,,,,0.08844162035188674,1696,1562,134,11.656716417910447,
6982,,,,,,,,,,,,,,,0.3337660281749777,2519,2447,72,33.986111111111114,
6983,,,,,,,,,,,,,,,0.15089388621095168,2453,2340,113,20.707964601769913,
6984,,,,,,,,,,,,,,,0.75,3552,250,3302,0.07571168988491823,
6985,,,,,,,,,,,,,,,0.40918629902739667,1339,1280,59,21.694915254237287,
6986,,,,,,,,,,,,,,,0.75,3039,2877,162,17.75925925925926,
6987,,,,,,,,,,,,,,,0.20844578147443826,2982,2689,293,9.177474402730375,
6988,,,,,,,,,,,,,,,0.5618796141575331,2273,1979,294,6.7312925170068025,
6989,,,,,,,,,,,,,,,0.2470436086096015,3213,892,2321,0.38431710469625163,
6990,,,,,,,,,,,,,,,0.19051108014309648,2169,65,2104,0.030893536121673004,
6991,,,,,,,,,,,,,,,0.22630611898489406,2427,2310,117,19.743589743589745,
6992,,,,,,,,,,,,,,,0.10782542998526878,2046,1799,247,7.283400809716599,
6993,,,,,,,,,,,,,,,0.08370582245129299,1621,1541,80,19.2625,
6994,,,,,,,,,,,,,,,0.3840343895001297,1639,1483,156,9.506410256410257,
6995,,,,,,,,,,,,,,,0.3136888977894614,4060,3883,177,21.937853107344633,
6996,,,,,,,,,,,,,,,0.27901627828782694,3961,3741,220,17.004545454545454,
6997,,,,,,,,,,,,,,,0.31324785515289477,2781,2651,130,20.392307692307693,
6998,,,,,,,,,,,,,,,0.18331873290867406,2580,2402,178,13.49438202247191,
6999,,,,,,,,,,,,,,,0.07113287063020834,3292,3193,99,32.25252525252525,
7000,,,,,,,,,,,,,,,0.09931730771904768,4015,1,4014,0.00024912805181863477,
7001,,,,,,,,,,,,,,,0.21828928031413852,1957,1747,210,8.31904761904762,
7002,,,,,,,,,,,,,,,0.43267934254254214,3846,3709,137,27.072992700729927,
7003,,,,,,,,,,,,,,,0.11206739661793108,3093,3012,81,37.18518518518518,
7004,,,,,,,,,,,,,,,0.025781817172401134,2392,2202,190,11.589473684210526,
7005,,,,,,,,,,,,,,,0.3108867596379241,2296,2225,71,31.338028169014084,
7006,,,,,,,,,,,,,,,0.44070210042718827,1489,1253,236,5.309322033898305,
7007,,,,,,,,,,,,,,,0.02137508346163486,2212,2059,153,13.457516339869281,
7008,,,,,,,,,,,,,,,0.016052956305657062,3909,3618,291,12.43298969072165,
7009,,,,,,,,,,,,,,,0.5484535178443366,3551,2119,1432,1.4797486033519553,
7010,,,,,,,,,,,,,,,0.16168666806834153,2412,2368,44,53.81818181818182,
7011,,,,,,,,,,,,,,,0.14772170552600983,1558,1465,93,15.75268817204301,
7012,,,,,,,,,,,,,,,0.11522894877134604,2457,2360,97,24.329896907216494,
7013,,,,,,,,,,,,,,,0.18677183747399795,3956,3860,96,40.208333333333336,
7014,,,,,,,,,,,,,,,0.2218283267723109,2034,1933,101,19.138613861386137,
7015,,,,,,,,,,,,,,,0.1829434172720994,2500,2448,52,47.07692307692308,
7016,,,,,,,,,,,,,,,0.12554183510110306,2966,2756,210,13.123809523809523,
7017,,,,,,,,,,,,,,,0.07652727283129934,3457,3422,35,97.77142857142857,
7018,,,,,,,,,,,,,,,0.17270113452650548,2411,2147,264,8.132575757575758,
7019,,,,,,,,,,,,,,,0.1376612468482108,3941,3805,136,27.977941176470587,
7020,,,,,,,,,,,,,,,0.14499032052663097,3552,3462,90,38.46666666666667,
7021,,,,,,,,,,,,,,,0.6685412401734538,2271,2139,132,16.204545454545453,
7022,,,,,,,,,,,,,,,0.1681112721594218,2033,1855,178,10.42134831460674,
7023,,,,,,,,,,,,,,,0.75,3319,3019,300,10.063333333333333,
7024,,,,,,,,,,,,,,,0.43405067726757807,2074,2040,34,60.0,
7025,,,,,,,,,,,,,,,0.038972350525000365,3038,2779,259,10.72972972972973,
7026,,,,,,,,,,,,,,,0.033990436707654226,3342,3182,160,19.8875,
7027,,,,,,,,,,,,,,,0.3104624305026391,3586,3444,142,24.253521126760564,
7028,,,,,,,,,,,,,,,0.03463890910893497,3763,3670,93,39.46236559139785,
7029,,,,,,,,,,,,,,,0.30479249532822905,2399,2257,142,15.894366197183098,
7030,,,,,,,,,,,,,,,0.4974398059644045,1977,1896,81,23.40740740740741,
7031,,,,,,,,,,,,,,,0.03140729088795524,1739,1604,135,11.881481481481481,
7032,,,,,,,,,,,,,,,0.0597682316299597,2656,2439,217,11.23963133640553,
7033,,,,,,,,,,,,,,,0.16030741208783184,4005,3819,186,20.532258064516128,
7034,,,,,,,,,,,,,,,0.34309422105388876,3998,3853,145,26.572413793103447,
7035,,,,,,,,,,,,,,,0.7209116305252792,3173,2670,503,5.308151093439363,
7036,,,,,,,,,,,,,,,0.11524394960838436,3188,3046,142,21.450704225352112,
7037,,,,,,,,,,,,,,,0.75,1375,1301,74,17.58108108108108,
7038,,,,,,,,,,,,,,,0.23007482244111088,1500,1224,276,4.434782608695652,
7039,,,,,,,,,,,,,,,0.13132406300428556,2129,1953,176,11.096590909090908,
7040,,,,,,,,,,,,,,,0.03220460847455797,1259,1074,185,5.805405405405406,
7041,,,,,,,,,,,,,,,0.21202064880139915,1540,1480,60,24.666666666666668,
7042,,,,,,,,,,,,,,,0.010278983800844799,3322,3105,217,14.308755760368664,
7043,,,,,,,,,,,,,,,0.041603541433005375,4015,3932,83,47.373493975903614,
7044,,,,,,,,,,,,,,,0.11609182746883562,2971,2795,176,15.880681818181818,
7045,,,,,,,,,,,,,,,0.75,2970,2646,324,8.166666666666666,
7046,,,,,,,,,,,,,,,0.09033577094464817,2881,2774,107,25.925233644859812,
7047,,,,,,,,,,,,,,,0.16634679031221822,1760,1680,80,21.0,
7048,,,,,,,,,,,,,,,0.39159903714107713,3001,2900,101,28.712871287128714,
7049,,,,,,,,,,,,,,,0.038328534128822866,3552,3250,302,10.76158940397351,
7050,,,,,,,,,,,,,,,0.22267051531957804,2667,2427,240,10.1125,
7051,,,,,,,,,,,,,,,0.01246858764920944,1924,1475,449,3.285077951002227,
7052,,,,,,,,,,,,,,,0.5616762882555122,1674,1512,162,9.333333333333334,
7053,,,,,,,,,,,,,,,0.5496851455113756,2458,2265,193,11.735751295336788,
7054,,,,,,,,,,,,,,,0.060703135889525583,3106,3025,81,37.34567901234568,
7055,,,,,,,,,,,,,,,0.4274873691929315,4096,4039,57,70.85964912280701,
7056,,,,,,,,,,,,,,,0.16774549161505092,2248,2191,57,38.43859649122807,
7057,,,,,,,,,,,,,,,0.03262055594632329,3196,2997,199,15.06030150753769,
7058,,,,,,,,,,,,,,,0.10717663120999532,2759,2491,268,9.294776119402986,
7059,,,,,,,,,,,,,,,0.5108768171617157,1319,1096,223,4.914798206278027,
7060,,,,,,,,,,,,,,,0.13513878053663575,2472,2313,159,14.547169811320755,
7061,,,,,,,,,,,,,,,0.21277741589892685,3726,3469,257,13.498054474708171,
7062,,,,,,,,,,,,,,,0.20854176469151753,2034,1894,140,13.528571428571428,
7063,,,,,,,,,,,,,,,0.576365526818563,2496,2365,131,18.053435114503817,
7064,,,,,,,,,,,,,,,0.3800700057734048,3772,3654,118,30.966101694915253,
7065,,,,,,,,,,,,,,,0.1611976339861485,1574,1352,222,6.09009009009009,
7066,,,,,,,,,,,,,,,0.318271327330649,3819,3673,146,25.15753424657534,
7067,,,,,,,,,,,,,,,0.23266696621772098,2912,2786,126,22.11111111111111,
7068,,,,,,,,,,,,,,,0.3588199291577894,3344,3255,89,36.57303370786517,
7069,,,,,,,,,,,,,,,0.17568014555740774,3462,3117,345,9.034782608695652,
7070,,,,,,,,,,,,,,,0.15448032050176153,2610,2340,270,8.666666666666666,
7071,,,,,,,,,,,,,,,0.14942715740721724,4046,3815,231,16.515151515151516,
7072,,,,,,,,,,,,,,,0.1490390303008553,3973,3674,299,12.2876254180602,
7073,,,,,,,,,,,,,,,0.5031243900507434,1558,1511,47,32.148936170212764,
7074,,,,,,,,,,,,,,,0.09834076599372565,4031,3874,157,24.67515923566879,
7075,,,,,,,,,,,,,,,0.4021241154280233,2526,2435,91,26.75824175824176,
7076,,,,,,,,,,,,,,,0.27303505376244175,872,689,183,3.7650273224043715,
7077,,,,,,,,,,,,,,,0.13175074658624908,3908,3798,110,34.527272727272724,
7078,,,,,,,,,,,,,,,0.06625920022020182,2571,2253,318,7.084905660377358,
7079,,,,,,,,,,,,,,,0.12579586209631088,2838,2504,334,7.497005988023952,
7080,,,,,,,,,,,,,,,0.19467324480388015,3865,3642,223,16.331838565022423,
7081,,,,,,,,,,,,,,,0.75,2017,1967,50,39.34,
7082,,,,,,,,,,,,,,,0.5519168500752585,2119,1975,144,13.715277777777779,
7083,,,,,,,,,,,,,,,0.3328689765830859,1211,1106,105,10.533333333333333,
7084,,,,,,,,,,,,,,,0.25955565043000206,1284,1128,156,7.230769230769231,
7085,,,,,,,,,,,,,,,0.5023922678346935,2387,2014,373,5.399463806970509,
7086,,,,,,,,,,,,,,,0.30707373956192896,3255,2908,347,8.380403458213257,
7087,,,,,,,,,,,,,,,0.21215497977004816,3680,3562,118,30.1864406779661,
7088,,,,,,,,,,,,,,,0.39760348214372243,3592,3357,235,14.285106382978723,
7089,,,,,,,,,,,,,,,0.3072362142163456,2304,2149,155,13.864516129032259,
7090,,,,,,,,,,,,,,,0.20583922690616419,1581,1427,154,9.266233766233766,
7091,,,,,,,,,,,,,,,0.03303497925185184,3293,3028,265,11.426415094339623,
7092,,,,,,,,,,,,,,,0.20487769410942747,2392,2254,138,16.333333333333332,
7093,,,,,,,,,,,,,,,0.05343037382340299,1036,841,195,4.312820512820513,
7094,,,,,,,,,,,,,,,0.24104486159103544,3857,3739,118,31.6864406779661,
7095,,,,,,,,,,,,,,,0.21501043681632837,2540,2318,222,10.441441441441441,
7096,,,,,,,,,,,,,,,0.0135808876111696,3318,3133,185,16.935135135135134,
7097,,,,,,,,,,,,,,,0.21113464123686754,3075,2915,160,18.21875,
7098,,,,,,,,,,,,,,,0.05249386834066172,1001,891,110,8.1,
7099,,,,,,,,,,,,,,,0.16148751980654197,4036,3866,170,22.741176470588236,
7100,,,,,,,,,,,,,,,0.5679273726443625,2775,2717,58,46.8448275862069,
7101,,,,,,,,,,,,,,,0.03203880367595957,2008,1806,202,8.94059405940594,
7102,,,,,,,,,,,,,,,0.6879292548503599,2619,2535,84,30.178571428571427,
7103,,,,,,,,,,,,,,,0.04953451564597344,4067,3895,172,22.6453488372093,
7104,,,,,,,,,,,,,,,0.004788972921687673,911,519,392,1.3239795918367347,
7105,,,,,,,,,,,,,,,0.3863307835792966,1888,1780,108,16.48148148148148,
7106,,,,,,,,,,,,,,,0.0703543323793383,4044,3740,304,12.302631578947368,
7107,,,,,,,,,,,,,,,0.3057190060053472,2849,2754,95,28.989473684210527,
7108,,,,,,,,,,,,,,,0.546547040474934,1598,1372,226,6.070796460176991,
7109,,,,,,,,,,,,,,,0.14684994613776325,3288,3242,46,70.47826086956522,
7110,,,,,,,,,,,,,,,0.4111639930886213,3755,3589,166,21.620481927710845,
7111,,,,,,,,,,,,,,,0.23339408087326774,954,838,116,7.224137931034483,
7112,,,,,,,,,,,,,,,0.12845664104179377,3923,3764,159,23.67295597484277,
7113,,,,,,,,,,,,,,,0.011506702980113914,1453,1402,51,27.49019607843137,
7114,,,,,,,,,,,,,,,0.495078909507356,3898,3649,249,14.654618473895582,
7115,,,,,,,,,,,,,,,0.005884527212174362,1431,1157,274,4.2226277372262775,
7116,,,,,,,,,,,,,,,0.14362664808299996,3008,2849,159,17.91823899371069,
7117,,,,,,,,,,,,,,,0.13400868996131976,2467,2293,174,13.17816091954023,
7118,,,,,,,,,,,,,,,0.4909011626359643,3574,3402,172,19.77906976744186,
7119,,,,,,,,,,,,,,,0.09545512772115217,3187,3005,182,16.51098901098901,
7120,,,,,,,,,,,,,,,0.07432463845952952,3300,803,2497,0.32158590308370044,
7121,,,,,,,,,,,,,,,0.0304415399834852,2782,2755,27,102.03703703703704,
7122,,,,,,,,,,,,,,,0.02615509547513284,4018,3826,192,19.927083333333332,
7123,,,,,,,,,,,,,,,0.04602758673149765,2860,2669,191,13.973821989528796,
7124,,,,,,,,,,,,,,,0.03888122968692187,2909,430,2479,0.1734570391286809,
7125,,,,,,,,,,,,,,,0.07377891675969295,3774,3669,105,34.94285714285714,
7126,,,,,,,,,,,,,,,0.02347564768774646,3791,3676,115,31.965217391304346,
7127,,,,,,,,,,,,,,,0.09160709516777388,2496,2346,150,15.64,
7128,,,,,,,,,,,,,,,0.13075678776317545,2085,1965,120,16.375,
7129,,,,,,,,,,,,,,,0.04633885296698281,2173,2009,164,12.25,
7130,,,,,,,,,,,,,,,0.23828758735157862,4062,3911,151,25.90066225165563,
7131,,,,,,,,,,,,,,,0.09836833547137758,2708,2616,92,28.434782608695652,
7132,,,,,,,,,,,,,,,0.006886788787596743,2332,1883,449,4.193763919821826,
7133,,,,,,,,,,,,,,,0.015070705970174458,3462,3365,97,34.69072164948454,
7134,,,,,,,,,,,,,,,0.1235493731637689,1720,1622,98,16.551020408163264,
7135,,,,,,,,,,,,,,,0.09643086472669893,1997,1795,202,8.886138613861386,
7136,,,,,,,,,,,,,,,0.13310716280193446,2636,2236,400,5.59,
7137,,,,,,,,,,,,,,,0.09797110764588979,3259,2797,462,6.054112554112554,
7138,,,,,,,,,,,,,,,0.11770625494500564,3610,3392,218,15.559633027522937,
7139,,,,,,,,,,,,,,,0.43968960877919017,2899,2702,197,13.715736040609137,
7140,,,,,,,,,,,,,,,0.03223300037234367,3546,3217,329,9.778115501519757,
7141,,,,,,,,,,,,,,,0.05658700065168887,2575,242,2333,0.10372910415773683,
7142,,,,,,,,,,,,,,,0.3487164870812194,3459,2929,530,5.526415094339622,
7143,,,,,,,,,,,,,,,0.22048988538904268,3900,3784,116,32.62068965517241,
7144,,,,,,,,,,,,,,,0.16980093143115482,2964,2782,182,15.285714285714286,
7145,,,,,,,,,,,,,,,0.3489750662606639,2605,2440,165,14.787878787878787,
7146,,,,,,,,,,,,,,,0.12155304204475215,4067,272,3795,0.07167325428194993,
7147,,,,,,,,,,,,,,,0.030564895958150373,3246,3179,67,47.44776119402985,
7148,,,,,,,,,,,,,,,0.01563698668564939,2713,2542,171,14.865497076023392,
7149,,,,,,,,,,,,,,,0.15628968551800426,1446,1182,264,4.4772727272727275,
7150,,,,,,,,,,,,,,,0.130672457989931,2355,2306,49,47.06122448979592,
7151,,,,,,,,,,,,,,,0.16549523809794664,2997,2800,197,14.213197969543147,
7152,,,,,,,,,,,,,,,0.1308484811456765,1815,1673,142,11.78169014084507,
7153,,,,,,,,,,,,,,,0.06655858400768011,2094,1975,119,16.596638655462186,
7154,,,,,,,,,,,,,,,0.5432313188737226,4041,3867,174,22.224137931034484,
7155,,,,,,,,,,,,,,,0.07839009086592341,688,492,196,2.510204081632653,
7156,,,,,,,,,,,,,,,0.75,3724,3674,50,73.48,
7157,,,,,,,,,,,,,,,0.2810574807979265,2873,2533,340,7.45,
7158,,,,,,,,,,,,,,,0.07069555605494315,2822,2689,133,20.218045112781954,
7159,,,,,,,,,,,,,,,0.20225594930502666,3740,3571,169,21.130177514792898,
7160,,,,,,,,,,,,,,,0.3845284910967166,3969,3211,758,4.236147757255937,
7161,,,,,,,,,,,,,,,0.09082163164976009,1911,1599,312,5.125,
7162,,,,,,,,,,,,,,,0.13053312717738663,2946,2728,218,12.513761467889909,
7163,,,,,,,,,,,,,,,0.02190971770505712,3788,3726,62,60.096774193548384,
7164,,,,,,,,,,,,,,,0.2525123376808551,1526,1486,40,37.15,
7165,,,,,,,,,,,,,,,0.05686851198811382,3709,3469,240,14.454166666666667,
7166,,,,,,,,,,,,,,,0.75,2165,2020,145,13.931034482758621,
7167,,,,,,,,,,,,,,,0.11682391296540118,1927,1647,280,5.882142857142857,
7168,,,,,,,,,,,,,,,0.75,3358,2982,376,7.930851063829787,
7169,,,,,,,,,,,,,,,0.38084219160509747,1769,1389,380,3.655263157894737,
7170,,,,,,,,,,,,,,,0.19279644060793544,3199,3041,158,19.246835443037973,
7171,,,,,,,,,,,,,,,0.137804486946834,4024,3970,54,73.51851851851852,
7172,,,,,,,,,,,,,,,0.6061676510400957,3092,2889,203,14.231527093596059,
7173,,,,,,,,,,,,,,,0.15025232551920453,2142,84,2058,0.04081632653061224,
7174,,,,,,,,,,,,,,,0.000250390001838241,1245,920,325,2.830769230769231,
7175,,,,,,,,,,,,,,,0.1562095941521875,2599,2436,163,14.94478527607362,
7176,,,,,,,,,,,,,,,0.44206706736281376,3972,3907,65,60.10769230769231,
7177,,,,,,,,,,,,,,,0.08535844035554874,3411,526,2885,0.18232235701906413,
7178,,,,,,,,,,,,,,,0.75,1384,1311,73,17.958904109589042,
7179,,,,,,,,,,,,,,,0.0001357697869934782,4006,3793,213,17.8075117370892,
7180,,,,,,,,,,,,,,,0.6776639583654287,4003,3908,95,41.136842105263156,
7181,,,,,,,,,,,,,,,0.1645349191085188,4093,3950,143,27.622377622377623,
7182,,,,,,,,,,,,,,,0.22774356702439036,2759,2642,117,22.581196581196583,
7183,,,,,,,,,,,,,,,0.45734620963503403,3188,3001,187,16.048128342245988,
7184,,,,,,,,,,,,,,,0.11957085888411711,2774,2620,154,17.01298701298701,
7185,,,,,,,,,,,,,,,0.10824167867667711,4076,3953,123,32.13821138211382,
7186,,,,,,,,,,,,,,,0.25005870949212294,3933,3548,385,9.215584415584416,
7187,,,,,,,,,,,,,,,0.219965091489712,3601,3428,173,19.815028901734102,
7188,,,,,,,,,,,,,,,0.17850509019058336,3730,3365,365,9.219178082191782,
7189,,,,,,,,,,,,,,,0.011637909592081996,3440,3355,85,39.470588235294116,
7190,,,,,,,,,,,,,,,0.3359840146024453,2853,2767,86,32.174418604651166,
7191,,,,,,,,,,,,,,,0.20700219463105896,4093,3923,170,23.076470588235296,
7192,,,,,,,,,,,,,,,0.0893968216180383,3982,3913,69,56.710144927536234,
7193,,,,,,,,,,,,,,,0.1257577292035421,1138,898,240,3.7416666666666667,
7194,,,,,,,,,,,,,,,0.0328055053018943,2950,2649,301,8.800664451827242,
7195,,,,,,,,,,,,,,,0.03760407690651846,3540,3332,208,16.01923076923077,
7196,,,,,,,,,,,,,,,0.2032525778740819,3581,3338,243,13.736625514403292,
7197,,,,,,,,,,,,,,,0.08193799662103629,2271,2216,55,40.29090909090909,
7198,,,,,,,,,,,,,,,0.14139193042205989,3861,3708,153,24.235294117647058,
7199,,,,,,,,,,,,,,,0.23568775284365984,3176,2950,226,13.053097345132743,
7200,,,,,,,,,,,,,,,0.75,3371,3301,70,47.15714285714286,
7201,,,,,,,,,,,,,,,0.09579284574056146,3796,3644,152,23.973684210526315,
7202,,,,,,,,,,,,,,,0.2865053860077751,3937,3816,121,31.537190082644628,
7203,,,,,,,,,,,,,,,0.10487906227922394,3658,3470,188,18.45744680851064,
7204,,,,,,,,,,,,,,,0.0757363359084593,2490,2302,188,12.24468085106383,
7205,,,,,,,,,,,,,,,0.3492822117984815,4017,3862,155,24.916129032258066,
7206,,,,,,,,,,,,,,,0.15069780458270543,3229,3009,220,13.677272727272728,
7207,,,,,,,,,,,,,,,0.07056695068786212,3211,3104,107,29.009345794392523,
7208,,,,,,,,,,,,,,,0.75,3605,3523,82,42.96341463414634,
7209,,,,,,,,,,,,,,,0.10449697477451991,1201,1070,131,8.16793893129771,
7210,,,,,,,,,,,,,,,0.1539536546817999,823,690,133,5.18796992481203,
7211,,,,,,,,,,,,,,,0.22876890965540042,2943,2822,121,23.322314049586776,
7212,,,,,,,,,,,,,,,0.004000491861688715,2627,2525,102,24.754901960784313,
7213,,,,,,,,,,,,,,,0.2942881429544286,2678,2491,187,13.320855614973262,
7214,,,,,,,,,,,,,,,0.25992784690311055,3955,3672,283,12.975265017667844,
7215,,,,,,,,,,,,,,,0.000512403128141159,1948,1717,231,7.432900432900433,
7216,,,,,,,,,,,,,,,0.16181838779721147,3124,3085,39,79.1025641025641,
7217,,,,,,,,,,,,,,,0.5792851124915614,3948,3802,146,26.041095890410958,
7218,,,,,,,,,,,,,,,0.27922441605369386,1628,1507,121,12.454545454545455,
7219,,,,,,,,,,,,,,,0.13325205918499705,3828,3709,119,31.168067226890756,
7220,,,,,,,,,,,,,,,0.5640880661840129,2672,2500,172,14.534883720930232,
7221,,,,,,,,,,,,,,,0.3037581641219731,3097,3023,74,40.851351351351354,
7222,,,,,,,,,,,,,,,0.3593603286567486,1995,1907,88,21.670454545454547,
7223,,,,,,,,,,,,,,,0.19311874005211394,1103,922,181,5.093922651933702,
7224,,,,,,,,,,,,,,,0.3869742922365731,1041,978,63,15.523809523809524,
7225,,,,,,,,,,,,,,,0.2618115584646148,3753,3524,229,15.388646288209607,
7226,,,,,,,,,,,,,,,0.020173240427993733,3776,3599,177,20.333333333333332,
7227,,,,,,,,,,,,,,,0.0078591275441795,3088,2970,118,25.16949152542373,
7228,,,,,,,,,,,,,,,0.44607265461058887,1076,985,91,10.824175824175825,
7229,,,,,,,,,,,,,,,0.2783906815145656,2816,2605,211,12.345971563981042,
7230,,,,,,,,,,,,,,,0.2788729217686523,542,328,214,1.5327102803738317,
7231,,,,,,,,,,,,,,,0.10885021071521805,3465,3250,215,15.116279069767442,
7232,,,,,,,,,,,,,,,0.4188693863466142,1347,1156,191,6.052356020942408,
7233,,,,,,,,,,,,,,,0.43929145016250004,4055,3838,217,17.68663594470046,
7234,,,,,,,,,,,,,,,0.11077840323764576,3890,3825,65,58.84615384615385,
7235,,,,,,,,,,,,,,,0.04875647008771011,3375,3186,189,16.857142857142858,
7236,,,,,,,,,,,,,,,0.36521767389353954,952,756,196,3.857142857142857,
7237,,,,,,,,,,,,,,,0.29853048295308326,2776,2630,146,18.013698630136986,
7238,,,,,,,,,,,,,,,0.0021167802672152902,2558,2491,67,37.17910447761194,
7239,,,,,,,,,,,,,,,0.15529619542598994,2590,345,2245,0.15367483296213807,
7240,,,,,,,,,,,,,,,0.6881880902005832,3111,2960,151,19.602649006622517,
7241,,,,,,,,,,,,,,,0.14700661895381018,1474,1320,154,8.571428571428571,
7242,,,,,,,,,,,,,,,0.06260324019262953,2195,425,1770,0.2401129943502825,
7243,,,,,,,,,,,,,,,0.004994986518568112,3720,3530,190,18.57894736842105,
7244,,,,,,,,,,,,,,,0.0825202454045666,3477,3218,259,12.424710424710424,
7245,,,,,,,,,,,,,,,0.635841727193565,3205,3071,134,22.917910447761194,
7246,,,,,,,,,,,,,,,0.1107220568583216,2715,2591,124,20.89516129032258,
7247,,,,,,,,,,,,,,,0.02356847204191581,4025,3899,126,30.944444444444443,
7248,,,,,,,,,,,,,,,0.2376187977488371,3376,3132,244,12.836065573770492,
7249,,,,,,,,,,,,,,,0.09030651129978651,2568,2495,73,34.178082191780824,
7250,,,,,,,,,,,,,,,0.31629325241488004,3715,3620,95,38.10526315789474,
7251,,,,,,,,,,,,,,,0.06672747679476743,1165,911,254,3.5866141732283463,
7252,,,,,,,,,,,,,,,0.17021014044325966,4034,3834,200,19.17,
7253,,,,,,,,,,,,,,,0.11274608353846816,2955,2866,89,32.20224719101124,
7254,,,,,,,,,,,,,,,0.08238877908956965,3660,3593,67,53.62686567164179,
7255,,,,,,,,,,,,,,,0.5871771280756093,3951,3737,214,17.462616822429908,
7256,,,,,,,,,,,,,,,0.3068683708045228,2185,2037,148,13.763513513513514,
7257,,,,,,,,,,,,,,,0.05864161163981407,877,492,385,1.277922077922078,
7258,,,,,,,,,,,,,,,0.0545659920981052,1879,1796,83,21.63855421686747,
7259,,,,,,,,,,,,,,,0.43026487283259485,3335,3063,272,11.261029411764707,
7260,,,,,,,,,,,,,,,0.12608094314896334,2514,2411,103,23.40776699029126,
7261,,,,,,,,,,,,,,,0.5098941676765207,3990,3790,200,18.95,
7262,,,,,,,,,,,,,,,0.2104711032184241,2870,2706,164,16.5,
7263,,,,,,,,,,,,,,,0.17031024608490952,2230,2152,78,27.58974358974359,
7264,,,,,,,,,,,,,,,0.2006206672560893,3311,3201,110,29.1,
7265,,,,,,,,,,,,,,,0.26958363561379883,1835,1628,207,7.8647342995169085,
7266,,,,,,,,,,,,,,,0.20850899189372285,3999,3909,90,43.43333333333333,
7267,,,,,,,,,,,,,,,0.28672772950949366,2807,125,2682,0.04660700969425802,
7268,,,,,,,,,,,,,,,0.2081829190769895,2601,2437,164,14.859756097560975,
7269,,,,,,,,,,,,,,,0.016898629819934285,3256,3047,209,14.578947368421053,
7270,,,,,,,,,,,,,,,0.034312114486510836,3515,3271,244,13.405737704918034,
7271,,,,,,,,,,,,,,,0.016815375313626646,3864,3764,100,37.64,
7272,,,,,,,,,,,,,,,0.07514944074796404,3944,3722,222,16.765765765765767,
7273,,,,,,,,,,,,,,,0.21093629754955145,2621,2498,123,20.308943089430894,
7274,,,,,,,,,,,,,,,0.06468140503875475,2721,2632,89,29.573033707865168,
7275,,,,,,,,,,,,,,,0.185101608040668,2341,2297,44,52.20454545454545,
7276,,,,,,,,,,,,,,,0.3811050256265389,2081,1918,163,11.766871165644172,
7277,,,,,,,,,,,,,,,0.05325237731562993,4087,3830,257,14.90272373540856,
7278,,,,,,,,,,,,,,,0.2832844098084024,3556,3325,231,14.393939393939394,
7279,,,,,,,,,,,,,,,0.75,2857,2626,231,11.367965367965368,
7280,,,,,,,,,,,,,,,0.29521533212937356,2525,2387,138,17.297101449275363,
7281,,,,,,,,,,,,,,,0.19032519965549,2654,1,2653,0.0003769317753486619,
7282,,,,,,,,,,,,,,,0.07289610994803297,2119,1951,168,11.613095238095237,
7283,,,,,,,,,,,,,,,0.20531104286874324,2291,2160,131,16.48854961832061,
7284,,,,,,,,,,,,,,,0.15125025194970476,1727,1569,158,9.930379746835444,
7285,,,,,,,,,,,,,,,0.6947135529808293,3517,3353,164,20.445121951219512,
7286,,,,,,,,,,,,,,,0.2560847462257243,2792,2684,108,24.85185185185185,
7287,,,,,,,,,,,,,,,0.7165017577867729,4095,3818,277,13.783393501805055,
7288,,,,,,,,,,,,,,,0.013314014717025202,4075,365,3710,0.09838274932614555,
7289,,,,,,,,,,,,,,,0.6982359392338822,3999,3839,160,23.99375,
7290,,,,,,,,,,,,,,,0.14164985428192267,3329,3166,163,19.42331288343558,
7291,,,,,,,,,,,,,,,0.75,1774,1667,107,15.57943925233645,
7292,,,,,,,,,,,,,,,0.08006357400654451,3290,3008,282,10.666666666666666,
7293,,,,,,,,,,,,,,,0.2849941352267251,4019,3245,774,4.19250645994832,
7294,,,,,,,,,,,,,,,0.1571146962335206,3486,3326,160,20.7875,
7295,,,,,,,,,,,,,,,0.11214737649356721,1280,1110,170,6.529411764705882,
7296,,,,,,,,,,,,,,,0.35576211296188376,2866,2608,258,10.108527131782946,
7297,,,,,,,,,,,,,,,0.5381158618495192,2347,2266,81,27.97530864197531,
7298,,,,,,,,,,,,,,,0.06357736489781018,2932,2771,161,17.211180124223603,
7299,,,,,,,,,,,,,,,0.0814093472863533,3437,3114,323,9.640866873065015,
7300,,,,,,,,,,,,,,,0.13620854921077807,3675,3573,102,35.029411764705884,
7301,,,,,,,,,,,,,,,0.14894228371008467,3978,3923,55,71.32727272727273,
7302,,,,,,,,,,,,,,,0.0012931597937040351,4091,3635,456,7.9714912280701755,
7303,,,,,,,,,,,,,,,0.05410658419509673,2784,2713,71,38.2112676056338,
7304,,,,,,,,,,,,,,,0.021337435412078776,1322,1143,179,6.385474860335195,
7305,,,,,,,,,,,,,,,0.21205267909340364,3954,3609,345,10.460869565217392,
7306,,,,,,,,,,,,,,,0.006424839132478155,2796,2548,248,10.274193548387096,
7307,,,,,,,,,,,,,,,0.3343228919854937,2385,2189,196,11.168367346938776,
7308,,,,,,,,,,,,,,,0.75,3384,3168,216,14.666666666666666,
7309,,,,,,,,,,,,,,,0.1378339032310123,2494,2382,112,21.267857142857142,
7310,,,,,,,,,,,,,,,0.019339178914606237,3836,3719,117,31.786324786324787,
7311,,,,,,,,,,,,,,,0.07191523867959404,2188,2008,180,11.155555555555555,
7312,,,,,,,,,,,,,,,0.044925719709453915,2855,2734,121,22.59504132231405,
7313,,,,,,,,,,,,,,,0.0930580683914286,3026,2903,123,23.601626016260163,
7314,,,,,,,,,,,,,,,0.24587131892712932,2599,2244,355,6.32112676056338,
7315,,,,,,,,,,,,,,,0.02543236159795015,3407,3275,132,24.810606060606062,
7316,,,,,,,,,,,,,,,0.16346547322541483,2382,2157,225,9.586666666666666,
7317,,,,,,,,,,,,,,,0.412641908058049,3769,3725,44,84.6590909090909,
7318,,,,,,,,,,,,,,,0.22444746494397805,3011,2880,131,21.984732824427482,
7319,,,,,,,,,,,,,,,0.24607355115404062,3282,3218,64,50.28125,
7320,,,,,,,,,,,,,,,0.1017299924596955,3723,3631,92,39.46739130434783,
7321,,,,,,,,,,,,,,,0.0720570456689984,4017,3828,189,20.253968253968253,
7322,,,,,,,,,,,,,,,0.028527630642884105,2777,2369,408,5.806372549019608,
7323,,,,,,,,,,,,,,,0.06807006050325981,3359,3303,56,58.982142857142854,
7324,,,,,,,,,,,,,,,0.10418282142768476,3918,3817,101,37.79207920792079,
7325,,,,,,,,,,,,,,,0.013992595886293202,1538,1470,68,21.61764705882353,
7326,,,,,,,,,,,,,,,0.10146196596951995,2124,2033,91,22.34065934065934,
7327,,,,,,,,,,,,,,,0.39510466767569596,3599,3514,85,41.34117647058824,
7328,,,,,,,,,,,,,,,0.7185892675177001,2215,2049,166,12.343373493975903,
7329,,,,,,,,,,,,,,,0.3737478556413407,3610,3316,294,11.27891156462585,
7330,,,,,,,,,,,,,,,0.24161100829110183,2772,2715,57,47.63157894736842,
7331,,,,,,,,,,,,,,,0.3610853081654568,3104,2931,173,16.942196531791907,
7332,,,,,,,,,,,,,,,0.24543992647295454,3979,3778,201,18.796019900497512,
7333,,,,,,,,,,,,,,,0.2162417006115902,2196,2140,56,38.214285714285715,
7334,,,,,,,,,,,,,,,0.02235393877185743,3078,2973,105,28.314285714285713,
7335,,,,,,,,,,,,,,,0.015651615936121743,1571,1428,143,9.986013986013987,
7336,,,,,,,,,,,,,,,0.008478062648009654,2810,2695,115,23.434782608695652,
7337,,,,,,,,,,,,,,,0.0939569537731586,3152,2926,226,12.946902654867257,
7338,,,,,,,,,,,,,,,0.47046286050772324,2365,2220,145,15.310344827586206,
7339,,,,,,,,,,,,,,,0.016809732669798905,3833,3729,104,35.85576923076923,
7340,,,,,,,,,,,,,,,0.03410841164213707,3820,3605,215,16.767441860465116,
7341,,,,,,,,,,,,,,,0.6286841563839971,3999,3796,203,18.699507389162562,
7342,,,,,,,,,,,,,,,0.14581252416974166,3408,3175,233,13.626609442060087,
7343,,,,,,,,,,,,,,,0.08969467238853213,1485,1345,140,9.607142857142858,
7344,,,,,,,,,,,,,,,0.2459987057206945,3459,3258,201,16.208955223880597,
7345,,,,,,,,,,,,,,,0.017013575994724306,3010,2602,408,6.377450980392157,
7346,,,,,,,,,,,,,,,0.28296300771512506,3160,2994,166,18.03614457831325,
7347,,,,,,,,,,,,,,,0.20482393145903188,3561,3430,131,26.18320610687023,
7348,,,,,,,,,,,,,,,0.0873598566831788,4086,3873,213,18.183098591549296,
7349,,,,,,,,,,,,,,,0.12009652892038503,3926,3743,183,20.453551912568305,
7350,,,,,,,,,,,,,,,0.02518454030587236,3792,3673,119,30.865546218487395,
7351,,,,,,,,,,,,,,,0.34854469814058575,3185,2789,396,7.042929292929293,
7352,,,,,,,,,,,,,,,0.0663536227266377,3342,2734,608,4.496710526315789,
7353,,,,,,,,,,,,,,,0.22880773170049906,811,716,95,7.536842105263158,
7354,,,,,,,,,,,,,,,0.2694995796848616,3306,3225,81,39.81481481481482,
7355,,,,,,,,,,,,,,,0.0026657989862997056,3052,2838,214,13.261682242990654,
7356,,,,,,,,,,,,,,,0.12109462350690592,2216,2117,99,21.383838383838384,
7357,,,,,,,,,,,,,,,0.3963872321423878,3836,3703,133,27.842105263157894,
7358,,,,,,,,,,,,,,,0.5299370994853234,3730,3533,197,17.934010152284262,
7359,,,,,,,,,,,,,,,0.24139030407945938,2460,2280,180,12.666666666666666,
7360,,,,,,,,,,,,,,,0.1037336285201036,840,757,83,9.120481927710843,
7361,,,,,,,,,,,,,,,0.693486820152657,2951,2799,152,18.414473684210527,
7362,,,,,,,,,,,,,,,0.38188285591149906,3356,3222,134,24.044776119402986,
7363,,,,,,,,,,,,,,,0.1513192263437304,3892,3561,331,10.758308157099698,
7364,,,,,,,,,,,,,,,0.09944629445226383,3226,3150,76,41.44736842105263,
7365,,,,,,,,,,,,,,,0.05344727196097665,3821,3360,461,7.288503253796096,
7366,,,,,,,,,,,,,,,0.02708837357340599,1422,1217,205,5.9365853658536585,
7367,,,,,,,,,,,,,,,0.22607516749576462,2221,2071,150,13.806666666666667,
7368,,,,,,,,,,,,,,,0.01748345498276649,3959,3795,164,23.140243902439025,
7369,,,,,,,,,,,,,,,0.38946816695283815,3724,597,3127,0.19091781259993604,
7370,,,,,,,,,,,,,,,0.053798353694674006,2701,2540,161,15.77639751552795,
7371,,,,,,,,,,,,,,,0.21286704682916024,3194,3030,164,18.475609756097562,
7372,,,,,,,,,,,,,,,0.25358874341827686,1875,1832,43,42.604651162790695,
7373,,,,,,,,,,,,,,,0.07402471601881189,2952,2831,121,23.39669421487603,
7374,,,,,,,,,,,,,,,0.13661622433278353,2207,1926,281,6.854092526690391,
7375,,,,,,,,,,,,,,,0.3224035859382184,3225,3173,52,61.01923076923077,
7376,,,,,,,,,,,,,,,0.1470276204545371,1661,1589,72,22.069444444444443,
7377,,,,,,,,,,,,,,,0.0696483674269075,2421,2161,260,8.311538461538461,
7378,,,,,,,,,,,,,,,0.3986688343757123,1790,1625,165,9.848484848484848,
7379,,,,,,,,,,,,,,,0.015599518811541202,3323,3229,94,34.351063829787236,
7380,,,,,,,,,,,,,,,0.09337058508481277,2204,2046,158,12.949367088607595,
7381,,,,,,,,,,,,,,,0.14310794685002293,3578,3051,527,5.7893738140417454,
7382,,,,,,,,,,,,,,,0.75,3539,3387,152,22.282894736842106,
7383,,,,,,,,,,,,,,,0.3509859348180271,2402,2363,39,60.58974358974359,
7384,,,,,,,,,,,,,,,0.09319681329361629,3508,3339,169,19.757396449704142,
7385,,,,,,,,,,,,,,,0.5411886668257466,3904,3509,395,8.883544303797468,
7386,,,,,,,,,,,,,,,0.37346506490098363,3399,3201,198,16.166666666666668,
7387,,,,,,,,,,,,,,,0.0398688510208558,3970,3864,106,36.45283018867924,
7388,,,,,,,,,,,,,,,0.09228609649585451,1923,1820,103,17.66990291262136,
7389,,,,,,,,,,,,,,,0.1049798863448359,517,393,124,3.1693548387096775,
7390,,,,,,,,,,,,,,,0.11504500786213612,2029,1621,408,3.9730392156862746,
7391,,,,,,,,,,,,,,,0.0020286693663820188,1739,1616,123,13.138211382113822,
7392,,,,,,,,,,,,,,,0.22073811514178487,2337,2144,193,11.10880829015544,
7393,,,,,,,,,,,,,,,0.2835342520870654,3872,3750,122,30.737704918032787,
7394,,,,,,,,,,,,,,,0.014756474865862401,3839,3777,62,60.91935483870968,
7395,,,,,,,,,,,,,,,0.1768662317347207,2801,2639,162,16.290123456790123,
7396,,,,,,,,,,,,,,,0.4507176370093475,4038,3974,64,62.09375,
7397,,,,,,,,,,,,,,,0.48922139956198407,2642,2499,143,17.475524475524477,
7398,,,,,,,,,,,,,,,0.13707179879315845,3787,3618,169,21.40828402366864,
7399,,,,,,,,,,,,,,,0.05435472015392406,3614,78,3536,0.022058823529411766,
7400,,,,,,,,,,,,,,,0.055902134689631566,2665,2470,195,12.666666666666666,
7401,,,,,,,,,,,,,,,0.5978546733995245,2949,2730,219,12.465753424657533,
7402,,,,,,,,,,,,,,,0.38458625349335307,2192,2100,92,22.82608695652174,
7403,,,,,,,,,,,,,,,0.10446740308657354,3464,3319,145,22.889655172413793,
7404,,,,,,,,,,,,,,,0.2755497826608462,3124,3021,103,29.33009708737864,
7405,,,,,,,,,,,,,,,0.2966819042453608,1164,1094,70,15.628571428571428,
7406,,,,,,,,,,,,,,,0.75,3197,3015,182,16.565934065934066,
7407,,,,,,,,,,,,,,,0.22892416666991267,3420,3250,170,19.11764705882353,
7408,,,,,,,,,,,,,,,0.10054715833052796,3767,3521,246,14.3130081300813,
7409,,,,,,,,,,,,,,,0.215930944384354,4061,3986,75,53.14666666666667,
7410,,,,,,,,,,,,,,,0.75,2874,2607,267,9.764044943820224,
7411,,,,,,,,,,,,,,,0.23934533728538554,3269,3071,198,15.51010101010101,
7412,,,,,,,,,,,,,,,0.13562004974141928,503,338,165,2.0484848484848484,
7413,,,,,,,,,,,,,,,0.04426783681174129,969,895,74,12.094594594594595,
7414,,,,,,,,,,,,,,,0.15142243549644263,2805,2696,109,24.73394495412844,
7415,,,,,,,,,,,,,,,0.38920115104269826,3014,2955,59,50.08474576271186,
7416,,,,,,,,,,,,,,,0.010777023778246075,2916,2480,436,5.6880733944954125,
7417,,,,,,,,,,,,,,,0.0619249897017653,3534,3396,138,24.608695652173914,
7418,,,,,,,,,,,,,,,0.0009259808302886086,2155,1948,207,9.41062801932367,
7419,,,,,,,,,,,,,,,0.06308680458346316,3763,3604,159,22.666666666666668,
7420,,,,,,,,,,,,,,,0.06543017121748562,2696,2300,396,5.808080808080808,
7421,,,,,,,,,,,,,,,0.2444883597520402,1929,1855,74,25.06756756756757,
7422,,,,,,,,,,,,,,,0.06828673524501028,3951,3866,85,45.48235294117647,
7423,,,,,,,,,,,,,,,0.33161626919786613,3636,3532,104,33.96153846153846,
7424,,,,,,,,,,,,,,,0.75,2768,2535,233,10.879828326180258,
7425,,,,,,,,,,,,,,,0.10068537123220267,1899,1704,195,8.738461538461538,
7426,,,,,,,,,,,,,,,0.3368466815300053,3808,3578,230,15.556521739130435,
7427,,,,,,,,,,,,,,,0.05745279525172009,4061,3819,242,15.78099173553719,
7428,,,,,,,,,,,,,,,0.050910154061057256,3276,3034,242,12.537190082644628,
7429,,,,,,,,,,,,,,,0.75,2380,379,2001,0.18940529735132433,
7430,,,,,,,,,,,,,,,0.11267465239779995,2857,39,2818,0.013839602555003548,
7431,,,,,,,,,,,,,,,0.019147689779629218,2407,1943,464,4.1875,
7432,,,,,,,,,,,,,,,0.007619335081017198,3368,123,3245,0.03790446841294299,
7433,,,,,,,,,,,,,,,0.030595386698223592,2524,2281,243,9.386831275720164,
7434,,,,,,,,,,,,,,,0.08582555235489053,2219,2029,190,10.678947368421053,
7435,,,,,,,,,,,,,,,0.05404305330944226,3960,3809,151,25.225165562913908,
7436,,,,,,,,,,,,,,,0.220283021429168,2448,2233,215,10.386046511627907,
7437,,,,,,,,,,,,,,,0.3626098236015878,3860,3727,133,28.022556390977442,
7438,,,,,,,,,,,,,,,0.011224454086914193,2949,2607,342,7.62280701754386,
7439,,,,,,,,,,,,,,,0.007533777186381485,1923,1727,196,8.811224489795919,
7440,,,,,,,,,,,,,,,0.05510712084856095,2014,1925,89,21.629213483146067,
7441,,,,,,,,,,,,,,,0.04783450353306762,1723,1568,155,10.116129032258064,
7442,,,,,,,,,,,,,,,0.5415381054322097,1139,1083,56,19.339285714285715,
7443,,,,,,,,,,,,,,,0.31720488670862323,3066,3016,50,60.32,
7444,,,,,,,,,,,,,,,0.10380973911446745,2905,2764,141,19.602836879432623,
7445,,,,,,,,,,,,,,,0.2021422887053177,3727,3586,141,25.43262411347518,
7446,,,,,,,,,,,,,,,0.04916844397212117,3758,3629,129,28.131782945736433,
7447,,,,,,,,,,,,,,,0.005431586268741739,4094,3968,126,31.49206349206349,
7448,,,,,,,,,,,,,,,0.462688619161554,2894,2742,152,18.039473684210527,
7449,,,,,,,,,,,,,,,0.6037955720312311,2470,2345,125,18.76,
7450,,,,,,,,,,,,,,,0.005304315773400958,3936,3838,98,39.16326530612245,
7451,,,,,,,,,,,,,,,0.28287612290591824,2443,2387,56,42.625,
7452,,,,,,,,,,,,,,,0.1190749553486512,1642,1242,400,3.105,
7453,,,,,,,,,,,,,,,0.387102261363907,3252,3056,196,15.591836734693878,
7454,,,,,,,,,,,,,,,0.029405796040464338,2060,1978,82,24.121951219512194,
7455,,,,,,,,,,,,,,,0.6876641661178837,4035,3939,96,41.03125,
7456,,,,,,,,,,,,,,,0.09098689497659507,3591,3368,223,15.103139013452914,
7457,,,,,,,,,,,,,,,0.06865853631529717,3994,3800,194,19.587628865979383,
7458,,,,,,,,,,,,,,,0.4145097221330616,2284,2010,274,7.335766423357664,
7459,,,,,,,,,,,,,,,0.27037148279850953,2166,2067,99,20.87878787878788,
7460,,,,,,,,,,,,,,,0.7082408054452571,2797,2637,160,16.48125,
7461,,,,,,,,,,,,,,,0.75,4082,3957,125,31.656,
7462,,,,,,,,,,,,,,,0.75,1639,1462,177,8.259887005649718,
7463,,,,,,,,,,,,,,,0.5335563778569394,3605,3505,100,35.05,
7464,,,,,,,,,,,,,,,0.5267295713113072,3541,3419,122,28.024590163934427,
7465,,,,,,,,,,,,,,,0.0169031488278506,3544,3444,100,34.44,
7466,,,,,,,,,,,,,,,0.03899749760898885,2674,2341,333,7.03003003003003,
7467,,,,,,,,,,,,,,,0.6447674138310049,3069,2798,271,10.324723247232471,
7468,,,,,,,,,,,,,,,0.39606210766919503,2860,2776,84,33.04761904761905,
7469,,,,,,,,,,,,,,,0.05319971445601368,3998,3807,191,19.93193717277487,
7470,,,,,,,,,,,,,,,0.11878239789848521,3129,2976,153,19.45098039215686,
7471,,,,,,,,,,,,,,,0.1172032054093961,3588,3518,70,50.25714285714286,
7472,,,,,,,,,,,,,,,0.2287910682716756,2834,2626,208,12.625,
7473,,,,,,,,,,,,,,,0.75,4027,3865,162,23.858024691358025,
7474,,,,,,,,,,,,,,,0.07011030071225832,2422,2316,106,21.849056603773583,
7475,,,,,,,,,,,,,,,0.011824058154843442,3461,3321,140,23.72142857142857,
7476,,,,,,,,,,,,,,,0.23929641648919642,2919,2855,64,44.609375,
7477,,,,,,,,,,,,,,,0.05240330151627859,2710,2561,149,17.187919463087248,
7478,,,,,,,,,,,,,,,0.19168139207158674,1383,1171,212,5.523584905660377,
7479,,,,,,,,,,,,,,,0.38967169114675926,3729,3518,211,16.672985781990523,
7480,,,,,,,,,,,,,,,0.09925544011707643,3103,2860,243,11.76954732510288,
7481,,,,,,,,,,,,,,,0.013682423029422353,4009,3786,223,16.977578475336323,
7482,,,,,,,,,,,,,,,0.3969336849170304,3726,3494,232,15.060344827586206,
7483,,,,,,,,,,,,,,,0.515599880174932,3054,118,2936,0.040190735694822885,
7484,,,,,,,,,,,,,,,0.4767970219277231,3011,264,2747,0.09610484164543139,
7485,,,,,,,,,,,,,,,0.75,2608,2371,237,10.004219409282701,
7486,,,,,,,,,,,,,,,0.5425260675031041,3816,3693,123,30.024390243902438,
7487,,,,,,,,,,,,,,,0.05868942552274348,2779,2651,128,20.7109375,
7488,,,,,,,,,,,,,,,0.021228222866511715,3990,3790,200,18.95,
7489,,,,,,,,,,,,,,,0.1590345275569689,4030,3908,122,32.032786885245905,
7490,,,,,,,,,,,,,,,0.27229091588878873,2871,2787,84,33.17857142857143,
7491,,,,,,,,,,,,,,,0.01676824346304784,3096,2971,125,23.768,
7492,,,,,,,,,,,,,,,0.17763122831865985,1958,1814,144,12.597222222222221,
7493,,,,,,,,,,,,,,,0.34788506214431436,3503,3383,120,28.191666666666666,
7494,,,,,,,,,,,,,,,0.2589597748167307,4095,3885,210,18.5,
7495,,,,,,,,,,,,,,,0.1779085122482229,2081,1956,125,15.648,
7496,,,,,,,,,,,,,,,0.1725816785126426,3093,2820,273,10.32967032967033,
7497,,,,,,,,,,,,,,,0.15602997361156667,3643,3483,160,21.76875,
7498,,,,,,,,,,,,,,,0.09708678977426644,2623,2574,49,52.53061224489796,
7499,,,,,,,,,,,,,,,0.11705279769103072,1393,1281,112,11.4375,
7500,,,,,,,,,,,,,,,0.2964592915348021,3919,3698,221,16.733031674208146,
7501,,,,,,,,,,,,,,,0.31438723937549184,1127,1006,121,8.314049586776859,
7502,,,,,,,,,,,,,,,0.1706962758694317,2201,2090,111,18.82882882882883,
7503,,,,,,,,,,,,,,,0.07810828667402347,1775,1501,274,5.478102189781022,
7504,,,,,,,,,,,,,,,0.12810091310711869,3563,3472,91,38.15384615384615,
7505,,,,,,,,,,,,,,,0.6351636957631399,3855,3789,66,57.40909090909091,
7506,,,,,,,,,,,,,,,0.21925706109050225,3041,2788,253,11.019762845849803,
7507,,,,,,,,,,,,,,,0.009322810811454474,4001,139,3862,0.03599171413775246,
7508,,,,,,,,,,,,,,,0.06196355343126925,3779,3720,59,63.05084745762712,
7509,,,,,,,,,,,,,,,0.056725305855934494,1655,1440,215,6.6976744186046515,
7510,,,,,,,,,,,,,,,0.4972508275350265,853,706,147,4.802721088435374,
7511,,,,,,,,,,,,,,,0.12600387279485403,3684,3626,58,62.51724137931034,
7512,,,,,,,,,,,,,,,0.0913204824719287,2318,2110,208,10.14423076923077,
7513,,,,,,,,,,,,,,,0.5489015633625058,2332,2163,169,12.798816568047338,
7514,,,,,,,,,,,,,,,0.21179052634306572,3541,3322,219,15.168949771689498,
7515,,,,,,,,,,,,,,,0.685268277350815,2911,2765,146,18.938356164383563,
7516,,,,,,,,,,,,,,,0.11714410416379906,3393,3017,376,8.023936170212766,
7517,,,,,,,,,,,,,,,0.19993376445427202,2638,2361,277,8.52346570397112,
7518,,,,,,,,,,,,,,,0.036062967471934826,2414,2280,134,17.01492537313433,
7519,,,,,,,,,,,,,,,0.02194241138045072,2565,2513,52,48.32692307692308,
7520,,,,,,,,,,,,,,,0.14697405966262522,2975,2705,270,10.018518518518519,
7521,,,,,,,,,,,,,,,0.108302214707237,2122,1896,226,8.389380530973451,
7522,,,,,,,,,,,,,,,0.21924480422671877,3038,2707,331,8.178247734138973,
7523,,,,,,,,,,,,,,,0.15649043720804912,2595,2467,128,19.2734375,
7524,,,,,,,,,,,,,,,0.24263777684859633,3972,3857,115,33.53913043478261,
7525,,,,,,,,,,,,,,,0.13882604937111864,2053,1832,221,8.289592760180996,
7526,,,,,,,,,,,,,,,0.15756703487022605,4081,3811,270,14.114814814814816,
7527,,,,,,,,,,,,,,,0.1314648396080429,3723,3416,307,11.127035830618892,
7528,,,,,,,,,,,,,,,0.4080544350483706,2850,2488,362,6.87292817679558,
7529,,,,,,,,,,,,,,,0.09532258144508887,3115,3032,83,36.53012048192771,
7530,,,,,,,,,,,,,,,0.12046680165303769,3941,3893,48,81.10416666666667,
7531,,,,,,,,,,,,,,,0.04948037064264099,2527,2260,267,8.464419475655431,
7532,,,,,,,,,,,,,,,0.06657487923416738,2173,1931,242,7.979338842975206,
7533,,,,,,,,,,,,,,,0.25915939358560536,2584,2404,180,13.355555555555556,
7534,,,,,,,,,,,,,,,0.11121770431554978,3240,3030,210,14.428571428571429,
7535,,,,,,,,,,,,,,,0.021503471668211205,2453,2354,99,23.77777777777778,
7536,,,,,,,,,,,,,,,0.46224661888732044,3803,3630,173,20.982658959537574,
7537,,,,,,,,,,,,,,,0.17976551706374266,1794,110,1684,0.06532066508313539,
7538,,,,,,,,,,,,,,,0.25796355757097444,3255,3133,122,25.68032786885246,
7539,,,,,,,,,,,,,,,0.38529684102581996,3846,3468,378,9.174603174603174,
7540,,,,,,,,,,,,,,,0.6529779974509893,3699,3592,107,33.570093457943926,
7541,,,,,,,,,,,,,,,0.025898605058728208,1129,967,162,5.969135802469136,
7542,,,,,,,,,,,,,,,0.018505484000570505,2158,1983,175,11.331428571428571,
7543,,,,,,,,,,,,,,,0.009758342827353772,3366,3180,186,17.096774193548388,
7544,,,,,,,,,,,,,,,0.05588171771114503,2862,2784,78,35.69230769230769,
7545,,,,,,,,,,,,,,,0.05474005431437945,2160,1519,641,2.3697347893915754,
7546,,,,,,,,,,,,,,,0.09983645202510161,3767,3615,152,23.782894736842106,
7547,,,,,,,,,,,,,,,0.09014047306368411,1358,1258,100,12.58,
7548,,,,,,,,,,,,,,,0.42261424666321545,2191,2010,181,11.104972375690608,
7549,,,,,,,,,,,,,,,0.2876390774788433,2211,2142,69,31.043478260869566,
7550,,,,,,,,,,,,,,,0.08021133849115358,910,565,345,1.6376811594202898,
7551,,,,,,,,,,,,,,,0.3057401828893944,1738,1662,76,21.86842105263158,
7552,,,,,,,,,,,,,,,0.75,1815,1638,177,9.254237288135593,
7553,,,,,,,,,,,,,,,0.75,3006,2830,176,16.079545454545453,
7554,,,,,,,,,,,,,,,0.3489683804448305,3742,3664,78,46.97435897435897,
7555,,,,,,,,,,,,,,,0.3365963615290184,3693,3524,169,20.85207100591716,
7556,,,,,,,,,,,,,,,0.6086937182999463,2314,2198,116,18.948275862068964,
7557,,,,,,,,,,,,,,,0.002142625110764129,3048,2775,273,10.164835164835164,
7558,,,,,,,,,,,,,,,0.0889810036471772,2390,2288,102,22.431372549019606,
7559,,,,,,,,,,,,,,,0.4319270952573788,2798,2693,105,25.64761904761905,
7560,,,,,,,,,,,,,,,0.382112283213246,2842,2641,201,13.139303482587065,
7561,,,,,,,,,,,,,,,0.1292994463353807,2084,1902,182,10.45054945054945,
7562,,,,,,,,,,,,,,,0.13011736236148863,2041,1832,209,8.76555023923445,
7563,,,,,,,,,,,,,,,0.21684763180655864,2681,2560,121,21.15702479338843,
7564,,,,,,,,,,,,,,,0.2662763716407426,3017,2907,110,26.427272727272726,
7565,,,,,,,,,,,,,,,0.15966663982749196,2838,2759,79,34.924050632911396,
7566,,,,,,,,,,,,,,,0.17969162929625782,3722,3591,131,27.412213740458014,
7567,,,,,,,,,,,,,,,0.35799091416856754,3683,3427,256,13.38671875,
7568,,,,,,,,,,,,,,,0.04041839323986096,3914,3828,86,44.51162790697674,
7569,,,,,,,,,,,,,,,0.1266690963811925,2739,2601,138,18.847826086956523,
7570,,,,,,,,,,,,,,,0.06434522378617658,1863,1706,157,10.86624203821656,
7571,,,,,,,,,,,,,,,0.3457121514586561,2707,2499,208,12.014423076923077,
7572,,,,,,,,,,,,,,,0.16082189796725288,3675,3262,413,7.898305084745763,
7573,,,,,,,,,,,,,,,0.1813273978127654,3387,3259,128,25.4609375,
7574,,,,,,,,,,,,,,,0.38541520120429595,881,800,81,9.876543209876543,
7575,,,,,,,,,,,,,,,0.35431347420239945,3733,3433,300,11.443333333333333,
7576,,,,,,,,,,,,,,,0.32049291216139864,2968,2724,244,11.163934426229508,
7577,,,,,,,,,,,,,,,0.15469605253292684,3840,3637,203,17.91625615763547,
7578,,,,,,,,,,,,,,,0.39245202310735294,2502,2413,89,27.1123595505618,
7579,,,,,,,,,,,,,,,0.09388248015852696,3949,3609,340,10.614705882352942,
7580,,,,,,,,,,,,,,,0.05201649534160424,2070,2011,59,34.08474576271186,
7581,,,,,,,,,,,,,,,0.3675614961746305,1165,926,239,3.8744769874476988,
7582,,,,,,,,,,,,,,,0.2992834518440759,3574,3057,517,5.912959381044487,
7583,,,,,,,,,,,,,,,0.058799210784627576,3095,2929,166,17.64457831325301,
7584,,,,,,,,,,,,,,,0.14944649394510634,3536,3281,255,12.866666666666667,
7585,,,,,,,,,,,,,,,0.20436420178270964,3391,3272,119,27.49579831932773,
7586,,,,,,,,,,,,,,,0.11738100299817233,3987,3897,90,43.3,
7587,,,,,,,,,,,,,,,0.21539645727602874,4058,3532,526,6.714828897338403,
7588,,,,,,,,,,,,,,,0.0343405776761756,2368,2264,104,21.76923076923077,
7589,,,,,,,,,,,,,,,0.7177334809493914,3315,3192,123,25.951219512195124,
7590,,,,,,,,,,,,,,,0.0024320802701822686,4011,3744,267,14.02247191011236,
7591,,,,,,,,,,,,,,,0.41571149847163724,2645,2537,108,23.49074074074074,
7592,,,,,,,,,,,,,,,0.44939240118173984,1507,1419,88,16.125,
7593,,,,,,,,,,,,,,,0.1038115374251447,2547,2456,91,26.98901098901099,
7594,,,,,,,,,,,,,,,0.13581452747416733,2294,2144,150,14.293333333333333,
7595,,,,,,,,,,,,,,,0.28940179574169633,3037,2834,203,13.960591133004925,
7596,,,,,,,,,,,,,,,0.12911399326708306,2651,2215,436,5.080275229357798,
7597,,,,,,,,,,,,,,,0.37699508102400614,2865,2774,91,30.483516483516482,
7598,,,,,,,,,,,,,,,0.19283340649303682,3228,2930,298,9.832214765100671,
7599,,,,,,,,,,,,,,,0.09866078727577587,3968,3769,199,18.939698492462313,
7600,,,,,,,,,,,,,,,0.005878535897863912,3780,3700,80,46.25,
7601,,,,,,,,,,,,,,,0.38469571837458716,3503,3167,336,9.425595238095237,
7602,,,,,,,,,,,,,,,0.6382241898459142,3993,3687,306,12.049019607843137,
7603,,,,,,,,,,,,,,,0.04171775520308074,1633,1237,396,3.1237373737373737,
7604,,,,,,,,,,,,,,,0.75,3921,3824,97,39.422680412371136,
7605,,,,,,,,,,,,,,,0.10021288980919962,2530,1377,1153,1.194275802254987,
7606,,,,,,,,,,,,,,,0.2484545155982687,2905,2805,100,28.05,
7607,,,,,,,,,,,,,,,0.23095650398408907,3778,3752,26,144.30769230769232,
7608,,,,,,,,,,,,,,,0.23401960039905134,1690,1570,120,13.083333333333334,
7609,,,,,,,,,,,,,,,0.5042477162919567,3197,3014,183,16.469945355191257,
7610,,,,,,,,,,,,,,,0.75,2425,2407,18,133.72222222222223,
