,Request Id,prefill_e2e_time,cdf
4024,3500,0.019658866351448978,6.25e-05
7261,2951,0.025932243586112236,0.000125
7492,2499,0.025981670306094884,0.0001875
6711,2728,0.02656725478198041,0.00025
3424,2500,0.035478348089355904,0.0003125
615,677,0.04277700995999112,0.000375
581,619,0.042898924708310915,0.0004375
4880,2391,0.04351729296163853,0.0005
8512,3716,0.04358458266244725,0.0005625
568,618,0.04366215903419146,0.000625
1075,1090,0.0441399179618287,0.0006875
3765,925,0.0445612416891521,0.00075
4473,1929,0.04496124345959629,0.0008125
5218,1027,0.04582778452856928,0.000875
2584,2659,0.047553793159380575,0.0009375
3940,3585,0.048973579784217236,0.001
948,938,0.050603039619687706,0.0010625
832,948,0.05119093845004841,0.001125
2945,3008,0.05122687486959876,0.0011875
6300,3230,0.05155067321391016,0.00125
3046,3351,0.05212363634467465,0.0013125
3431,3584,0.054527738953538574,0.001375
3087,3173,0.05543976353027347,0.0014375
2892,3020,0.05626205616158586,0.0015
161,299,0.05931552067367818,0.0015625
900,1200,0.061484805705134704,0.001625
856,926,0.06226901570238397,0.0016875
1377,1468,0.06302093516057994,0.00175
1991,2091,0.06395645784002113,0.0018125
3768,3928,0.06414220193170195,0.001875
1421,1422,0.06587132006902152,0.0019375
2720,2610,0.06663479720347709,0.002
1677,645,0.06664559977058104,0.0020625
4845,1487,0.06697180616541232,0.002125
1301,950,0.06727310929777275,0.0021875
7332,3290,0.06734176637957034,0.00225
1648,1746,0.06745738726320383,0.0023125
626,320,0.06795966674407694,0.002375
6073,1441,0.06864993047980761,0.0024375
3949,790,0.06960792337433475,0.0025
3505,3651,0.06993183347771037,0.0025625
2854,295,0.07030414494425585,0.002625
1119,1381,0.07191984807352014,0.0026875
813,907,0.07509492240416193,0.00275
762,850,0.07546822492071215,0.0028125
2510,2645,0.07551595971287384,0.002875
2070,1844,0.0769997604555499,0.0029375
2140,2382,0.07707491265375666,0.003
3487,3565,0.07762123771647111,0.0030625
2764,2983,0.07764985577864536,0.003125
1824,1396,0.07778745259994935,0.0031875
1531,1823,0.07795170242479799,0.00325
149,319,0.07829483906225576,0.0033125
3523,3735,0.07885481681393003,0.003375
3611,3834,0.07911585904582807,0.0034375
1572,1617,0.07977265471453165,0.0035
1048,927,0.0803381831301948,0.0035625
3472,3002,0.08063613288123861,0.003625
1839,1883,0.0810390234661611,0.0036875
4998,924,0.08151307479552372,0.00375
398,520,0.0815389726321527,0.0038125
1143,1287,0.08178363390844368,0.003875
1562,1633,0.082113434121311,0.0039375
3429,3150,0.08261913353339878,0.004
3603,3743,0.08275718081381456,0.0040625
2388,2630,0.08305267738521138,0.004125
2942,2892,0.08433211901120785,0.0041875
1557,1660,0.08546123106668801,0.00425
6894,2467,0.08605455244384075,0.0043125
1666,1860,0.08654192469580835,0.004375
3463,3478,0.0868839547934499,0.0044375
6558,3003,0.08711698284457725,0.0045
1771,1862,0.08735255511317064,0.0045625
1424,1296,0.08736316107260222,0.004625
338,346,0.08745863652585228,0.0046875
3642,3726,0.08904665482731389,0.00475
4561,2716,0.08986944354330717,0.0048125
3304,3536,0.08992464601573147,0.004875
3329,3560,0.09009730762159052,0.0049375
2776,2841,0.09047704874518558,0.005
4859,1229,0.09110718479399793,0.0050625
3022,2584,0.09140714415727302,0.005125
1691,1590,0.0914419628930716,0.0051875
3596,3710,0.09182430606767866,0.00525
2539,2586,0.09206540237005356,0.0053125
1151,1362,0.0920814064132287,0.005375
2872,3005,0.09367753985617355,0.0054375
834,949,0.09388502238084584,0.0055
2659,2714,0.09441197890112107,0.0055625
6765,3648,0.09463827892705012,0.005625
6360,1882,0.09518548814637029,0.0056875
753,937,0.09520484705845433,0.00575
2061,2198,0.09539402066127423,0.0058125
5906,2106,0.09554183758552881,0.005875
3865,1861,0.09642577726293666,0.0059375
2002,1835,0.09644513950024702,0.006
3508,3606,0.09674689403601633,0.0060625
353,327,0.0970987595798718,0.006125
1091,1330,0.09795084226384176,0.0061875
2587,2627,0.0980321069547756,0.00625
2669,2889,0.09886210896934244,0.0063125
7106,2498,0.09897609853052813,0.006375
925,1127,0.09918665081102063,0.0064375
4486,1589,0.0997493775801388,0.0065
1164,1198,0.09992187796972019,0.0065625
547,736,0.10001648659607554,0.006625
623,829,0.10041049640545907,0.0066875
2806,3092,0.10074528306853381,0.00675
738,541,0.10087293946391185,0.0068125
735,737,0.10092732554640804,0.006875
1608,1812,0.10155136776941731,0.0069375
7790,2849,0.10166489685201441,0.007
2154,2347,0.10170481509729257,0.0070625
2494,2715,0.1020328571621576,0.007125
2780,2970,0.10206761390878683,0.0071875
5175,1577,0.10208226270785303,0.00725
3030,3252,0.10286445965937219,0.0073125
2883,3014,0.10300752029127125,0.007375
6187,2873,0.10301593903716366,0.0074375
1387,1418,0.10305380476356163,0.0075
2955,3021,0.10359885163944682,0.0075625
3827,3821,0.10362181061356068,0.007625
2899,2953,0.10391527739005824,0.0076875
1535,1811,0.10496173082418636,0.00775
665,671,0.10499109349095903,0.0078125
1877,1854,0.10500358150162015,0.007875
3914,3822,0.10549348462177477,0.0079375
3887,1871,0.10575862387295842,0.008
272,115,0.10586029917751638,0.0080625
2873,3152,0.10621257111034765,0.008125
622,791,0.10626762429963321,0.0081875
181,254,0.10678065577760876,0.00825
817,928,0.10706845011279142,0.0083125
3543,3898,0.10712274024012913,0.008375
3516,3728,0.10720368751253773,0.0084375
3572,3601,0.10770160201502677,0.0085
3485,3429,0.10806235773128492,0.0085625
5916,2581,0.10827651097787339,0.008625
2223,2490,0.10866637446852678,0.0086875
1910,1971,0.10876238540100758,0.00875
2805,3022,0.10882545005887323,0.0088125
1838,1855,0.10884758912629877,0.008875
3251,3495,0.1088798424237325,0.0089375
162,55,0.10910291536038041,0.009
1238,1529,0.11001670791281981,0.0090625
3924,3881,0.11013226972681878,0.009125
7103,3752,0.11026578784310459,0.0091875
2386,2419,0.1103627757585457,0.00925
453,323,0.11047211726764772,0.0093125
1593,1744,0.1106964645476296,0.009375
715,900,0.11073173058771602,0.0094375
2890,3093,0.11074892583457085,0.0095
1279,1321,0.11112514424701203,0.0095625
2035,1901,0.11122896976050356,0.009625
1513,1745,0.11137083596619846,0.0096875
2610,2764,0.11145471275784757,0.00975
1686,693,0.11147720321986299,0.0098125
3714,3525,0.11157335092178755,0.009875
3072,3237,0.11187201176329609,0.0099375
3469,3727,0.1119967150303296,0.01
2797,2839,0.11218606462438174,0.0100625
1490,1513,0.1122812477670152,0.010125
205,285,0.11237394471450557,0.0101875
821,644,0.11240361152965761,0.01025
2767,2966,0.11247984751588547,0.0103125
3960,3118,0.1131506965946869,0.010375
1724,1829,0.11328858147945198,0.0104375
2689,2916,0.1133421592072068,0.0105
3096,187,0.11362381317460901,0.0105625
3688,3849,0.11364698283301777,0.010625
2221,2380,0.11366738378552554,0.0106875
222,398,0.11368905339790558,0.01075
2745,2947,0.11374535163866994,0.0108125
3082,3269,0.11381640501349466,0.010875
2729,2792,0.11408074154030601,0.0109375
3759,3873,0.1147052165073319,0.011
2332,2582,0.11484754977485068,0.0110625
487,662,0.1151183720695883,0.011125
770,854,0.11513012733948358,0.0111875
75,54,0.11524538615433144,0.01125
6252,2686,0.11551052050447197,0.0113125
4431,3978,0.11555861479001805,0.011375
2511,2660,0.11557404861710552,0.0114375
257,174,0.11570449642248093,0.0115
3239,3177,0.11578095068892935,0.0115625
2020,2072,0.11655913685765995,0.011625
320,321,0.11691688515287879,0.0116875
169,182,0.11693857497453664,0.01175
1854,2025,0.1175173233571627,0.0118125
2150,1895,0.11762469536623144,0.011875
2033,2069,0.11777982041553514,0.0119375
3518,3599,0.11782046037694727,0.012
3870,3715,0.11816994784436474,0.0120625
262,380,0.11817750371549351,0.012125
4736,2608,0.11827962308595374,0.0121875
3129,2798,0.11833244779973029,0.01225
4620,3035,0.11842734718214842,0.0123125
336,433,0.11863744651408581,0.012375
905,877,0.11888681072839802,0.0124375
2456,2644,0.11894011876174204,0.0125
1016,830,0.11897272404003445,0.0125625
1277,940,0.11903252795485741,0.012625
2256,2583,0.11920577326802118,0.0126875
12,30,0.11925517044100564,0.01275
2869,3001,0.11948334053897725,0.0128125
3467,3652,0.12006889748215599,0.012875
4004,3463,0.12054418070039219,0.0129375
939,1051,0.12058378514744561,0.013
1534,1730,0.12060813549666705,0.0130625
1485,1548,0.12071808083828728,0.013125
1916,2026,0.1207947319433913,0.0131875
456,751,0.1208533094506663,0.01325
471,573,0.12100102946370583,0.0133125
2498,2445,0.1213357358072642,0.013375
3482,3600,0.1214031668018265,0.0134375
2853,2494,0.12149718442458379,0.0135
2849,2961,0.12160350826610511,0.0135625
2762,1251,0.12222002922572983,0.013625
577,663,0.12237076901125477,0.0136875
3012,3268,0.1225270271846739,0.01375
1791,1863,0.12255101129758827,0.0138125
3008,3299,0.12256839763767857,0.013875
2442,2392,0.12267798067725266,0.0139375
2132,2469,0.12273946679746928,0.014
7639,3742,0.12274353652827585,0.0140625
5489,590,0.12306327287630126,0.014125
1313,1293,0.12311204839994616,0.0141875
215,334,0.12319287697347647,0.01425
2554,2758,0.1232452418239518,0.0143125
3881,3711,0.12353618455875903,0.014375
217,138,0.12442861609650535,0.0144375
2524,2579,0.12445779130482038,0.0145
1751,1976,0.12484566184554069,0.0145625
1679,1758,0.12485657217732182,0.014625
3229,3494,0.12504235059708435,0.0146875
6145,3088,0.1252013094754716,0.01475
3054,2915,0.12523302209672238,0.0148125
1796,1930,0.12525186016634393,0.014875
1189,1380,0.12535768360334032,0.0149375
2214,2206,0.1257948076800517,0.015
1722,1897,0.12587679326435364,0.0150625
2520,2609,0.12594521154022686,0.015125
3296,3501,0.12608662791438974,0.0151875
1341,1479,0.12609277741435676,0.01525
1542,1775,0.12614959385115299,0.0153125
1847,1864,0.1263304756566015,0.015375
366,229,0.12692128884260612,0.0154375
3575,3963,0.12697639316405684,0.0155
2114,2212,0.12712947049462286,0.0155625
2817,3099,0.1272375400442911,0.015625
1081,1319,0.12732751805573628,0.0156875
1715,1706,0.12775594602757678,0.01575
2941,3191,0.1279429512538286,0.0158125
3177,3452,0.12808868822185104,0.015875
800,961,0.12815548121646714,0.0159375
3136,3407,0.1282809744094493,0.016
3130,2963,0.1284051771165764,0.0160625
956,1022,0.12868518120944827,0.016125
2874,3017,0.12892412172470813,0.0161875
2845,2946,0.1291199882622891,0.01625
1627,1688,0.12934980555567677,0.0163125
70,72,0.12935112649460478,0.016375
383,310,0.12946648041192788,0.0164375
1426,1579,0.12947472362716894,0.0165
2112,2315,0.12958253440677936,0.0165625
3075,3244,0.12968459985478376,0.016625
760,955,0.12977034326657133,0.0166875
1621,1804,0.1298046373647992,0.01675
2649,2890,0.13022597210556341,0.0168125
1776,1936,0.13024910381992072,0.016875
703,652,0.1302548801149257,0.0169375
246,199,0.13030221715412793,0.017
1401,1466,0.1304036827486641,0.0170625
2558,2571,0.13045566473115855,0.017125
3393,3540,0.13056727407928292,0.0171875
3745,3608,0.13071475358736961,0.01725
2958,3155,0.13095859874681537,0.0173125
1697,1565,0.13098044876332438,0.017375
2394,2296,0.1311525981412558,0.0174375
853,823,0.13156526465931506,0.0175
2005,2021,0.13178993469384181,0.0175625
2271,2358,0.1318093310304107,0.017625
1739,1896,0.13184494088326915,0.0176875
2835,3091,0.13201161373598325,0.01775
1635,1710,0.13224163138679046,0.0178125
4778,988,0.13237686541427252,0.017875
3213,3289,0.13255349857513465,0.0179375
3622,3719,0.13268838542927597,0.018
3253,3117,0.13270030791341014,0.0180625
2636,2729,0.13283201992567228,0.018125
1745,1809,0.1333156936727562,0.0181875
2526,2677,0.13337580091732093,0.01825
2726,2823,0.13340103049063146,0.0183125
3727,643,0.13367164680574461,0.018375
801,901,0.13375010773887652,0.0184375
2313,2396,0.13380389214853494,0.0185
1781,2007,0.13404770381040976,0.0185625
908,989,0.13415331114183005,0.018625
3449,3293,0.1342976537491154,0.0186875
1183,1288,0.13436826032386762,0.01875
570,554,0.13437599603567207,0.0188125
465,555,0.1346675805924633,0.018875
1549,1815,0.1347418400356446,0.0189375
2143,2260,0.1348540613080047,0.019
575,379,0.13490261854840213,0.0190625
5965,2548,0.13506837291780016,0.019125
3014,3216,0.1351305414551689,0.0191875
1349,1570,0.13541786867187966,0.01925
2672,2806,0.13557180918439826,0.0193125
2809,2977,0.13575071734987887,0.019375
3038,3151,0.13583479809966548,0.0194375
3571,3785,0.13589357749719966,0.0195
221,296,0.13592667595554886,0.0195625
3280,3215,0.13599514462885054,0.019625
1211,1221,0.1360511941603022,0.0196875
2813,3006,0.13609401575376978,0.01975
1516,1605,0.13629833129533608,0.0198125
2918,2787,0.13647855283346644,0.019875
3112,3169,0.13650791867826229,0.0199375
643,754,0.13655124827090503,0.02
1720,1215,0.1369157430551553,0.0200625
255,472,0.1372363310826472,0.020125
745,593,0.13734763380701764,0.0201875
3819,3973,0.13771119239203244,0.02025
2782,2842,0.13777148260385275,0.0203125
811,347,0.13778087706641884,0.020375
1212,1485,0.13782256640183732,0.0204375
1039,1180,0.13784302072882326,0.0205
3408,1654,0.13787246525788532,0.0205625
2848,2993,0.13790888052824357,0.020625
1492,1505,0.13791497374631945,0.0206875
1242,1436,0.13796461372561453,0.02075
358,538,0.13798204718458607,0.0208125
3376,3496,0.13809672477509594,0.020875
85,170,0.1383122468057394,0.0209375
2536,2838,0.13837106408641375,0.021
2656,2891,0.13840180254629786,0.0210625
1191,1167,0.13843792629130292,0.021125
4624,545,0.13878465890766734,0.0211875
2410,2628,0.1388259697703802,0.02125
3021,3140,0.1388387387222565,0.0213125
2846,2899,0.13889435751974588,0.021375
1741,1937,0.13889815603116062,0.0214375
3288,3598,0.1390101573995821,0.0215
3923,39,0.13949650220865584,0.0215625
1285,1230,0.13989449919732522,0.021625
370,186,0.14002291408528933,0.0216875
2420,2395,0.1400258871791209,0.02175
7870,3383,0.14022924370090095,0.0218125
6401,3141,0.14028378652608353,0.021875
2396,2492,0.14034465059359036,0.0219375
1994,2207,0.14040473712293533,0.022
3506,3322,0.14053767892750102,0.0220625
1107,1187,0.1405868438187099,0.022125
1398,1469,0.14074650919638998,0.0221875
3547,471,0.14084546400786735,0.02225
1546,1512,0.14098562497679268,0.0223125
717,792,0.1410690984006493,0.022375
2046,2006,0.14108018820019197,0.0224375
298,294,0.14115265665072485,0.0225
1886,1820,0.14122461170072143,0.0225625
1685,1834,0.1414047965528482,0.022625
3500,1504,0.14145686112058797,0.0226875
637,735,0.1417031699591007,0.02275
2875,3148,0.14173953779589965,0.0228125
1163,1382,0.14181410376684767,0.022875
2631,2756,0.14185732619432656,0.0229375
2802,3029,0.14194644963737346,0.023
3597,3783,0.1424337084832814,0.0230625
782,946,0.1424961434615568,0.023125
104,60,0.14250608150325217,0.0231875
2037,2241,0.1427896925387131,0.02325
2,5,0.14280071741702183,0.0233125
5296,782,0.14293775625037597,0.023375
3664,3910,0.14309356969255305,0.0234375
3349,3488,0.14310424528122212,0.0235
3473,3453,0.14326945291827542,0.0235625
3452,3664,0.14334339228696535,0.023625
1226,1361,0.14347497884398308,0.0236875
943,962,0.14356351092422415,0.02375
6381,2848,0.14360719082299056,0.0238125
2634,2496,0.143701115303287,0.023875
676,475,0.14380570804136994,0.0239375
3638,3419,0.14380977132253747,0.024
911,906,0.14388418701933858,0.0240625
1993,2197,0.14443984742189286,0.024125
3651,3737,0.14444319808842465,0.0241875
754,738,0.14453579797715577,0.02425
1689,1781,0.1446306975620928,0.0243125
3344,3490,0.1447542572467455,0.024375
2030,2170,0.1447826551178082,0.0244375
1358,1488,0.1448649473387036,0.0245
137,243,0.14516071702118793,0.0245625
3729,3878,0.14521636755569034,0.024625
3627,231,0.14560996197887732,0.0246875
1427,1492,0.1456821135657549,0.02475
3024,3229,0.1456895639329332,0.0248125
3004,3142,0.1457506347937283,0.024875
2841,2952,0.14582415278664485,0.0249375
213,230,0.14592906639667902,0.025
3258,3228,0.14602447227804305,0.0250625
496,665,0.14620565728131396,0.025125
778,860,0.14638572034122888,0.0251875
4614,3288,0.14639547715017898,0.02525
2843,3028,0.14670141208256382,0.0253125
1337,1267,0.14677757426039761,0.025375
1654,1716,0.14700433238678556,0.0254375
799,617,0.14702609471614636,0.0255
365,642,0.14717112085200768,0.0255625
2496,2712,0.14735875079082916,0.025625
2527,2733,0.1473719205064299,0.0256875
2284,2381,0.14739755895371331,0.02575
916,929,0.1474065974134362,0.0258125
1071,1294,0.14748761344910122,0.025875
2681,982,0.14751230375379976,0.0259375
2495,2620,0.14772670023106116,0.026
1558,1664,0.14778057836917924,0.0260625
1674,1818,0.1484965646521914,0.026125
2623,741,0.14866602910839788,0.0261875
2208,2418,0.14870931150241518,0.02625
182,6,0.1488435645744225,0.0263125
6247,3789,0.14885578244610542,0.026375
2454,2598,0.14889581868206392,0.0264375
3888,3668,0.1489358416658888,0.0265
2821,3075,0.14919293641088416,0.0265625
3320,3556,0.14929254862920516,0.026625
530,694,0.14953271851619832,0.0266875
3271,2286,0.14962790669784454,0.02675
245,356,0.14963947620462648,0.0268125
961,1105,0.14966931980099218,0.026875
8213,3385,0.14970254232707703,0.0269375
2008,2129,0.149783595416892,0.027
2707,2755,0.14987061321954798,0.0270625
1027,1270,0.1499440874913489,0.027125
2416,2570,0.14997965696858273,0.0271875
2893,2754,0.15001692425551028,0.02725
3453,3295,0.15017926773242607,0.0273125
1807,1949,0.15025981573802483,0.027375
1088,1131,0.15036580716970604,0.0274375
1521,1564,0.150501965312003,0.0275
3447,3617,0.15070223855201448,0.0275625
3224,3192,0.15089591046944406,0.027625
1769,1884,0.1511629939326724,0.0276875
3538,3354,0.15133949734484986,0.02775
2228,2514,0.15142773172087232,0.0278125
2703,2262,0.15149653535942775,0.027875
314,297,0.15162336768798923,0.0279375
991,1266,0.1516403588683346,0.028
2671,2884,0.15187010700509518,0.0280625
7789,3325,0.15203229259333284,0.028125
1328,1568,0.15221307162889275,0.0281875
1408,1634,0.15221323156728772,0.02825
3361,3718,0.15238682293511374,0.0283125
91,86,0.15243922304406787,0.028375
1990,2020,0.15248287945604488,0.0284375
1474,1619,0.15263441427899238,0.0285
27,24,0.15281300704989853,0.0285625
491,664,0.15291197165696246,0.028625
1748,1782,0.1532638279779519,0.0286875
2113,2130,0.15336828113896672,0.02875
820,957,0.1534827722505696,0.0288125
2447,2692,0.15349706063238955,0.028875
628,595,0.15361497211591058,0.0289375
437,567,0.15368799316624404,0.029
926,1050,0.15376317018765917,0.0290625
2057,2192,0.15381931203938848,0.029125
1721,1705,0.15389470334403654,0.0291875
968,755,0.15416192880999802,0.02925
2549,2672,0.15423736259484144,0.0293125
2210,2240,0.15499804343474466,0.029375
2295,2435,0.15521907341400265,0.0294375
1891,1886,0.1552966239950706,0.0295
1742,1780,0.1553121610736241,0.0295625
828,941,0.15534852749593142,0.029625
3781,3929,0.15541687327123554,0.0296875
660,653,0.15547661281078717,0.02975
2404,2585,0.15576098330643617,0.0298125
899,1158,0.15593478213062895,0.029875
980,983,0.15600205334934003,0.0299375
2531,2444,0.15602743143432463,0.03
3779,3996,0.15602906295026742,0.0300625
1441,1331,0.15605232292942617,0.030125
6994,3549,0.156095487176799,0.0301875
906,1042,0.15611409395071973,0.03025
996,786,0.15629522846727184,0.0303125
3670,3688,0.15638151761015706,0.030375
859,676,0.15642235828703122,0.0304375
2073,2127,0.15651284960361522,0.0305
3109,3210,0.15651934493007502,0.0305625
175,102,0.1568593015714903,0.030625
6511,2093,0.15693265744684481,0.0306875
2491,2691,0.1569540175992188,0.03075
82,240,0.1569565428124413,0.0308125
854,951,0.1570064671735878,0.030875
2834,3000,0.1570128286156205,0.0309375
1801,1618,0.15702134623151665,0.031
711,939,0.15705211555481924,0.0310625
2190,1902,0.15722160032785837,0.031125
2692,2702,0.1574995520527409,0.0311875
718,546,0.15755002591188827,0.03125
1451,1216,0.15759175008030013,0.0313125
2679,2908,0.15763596711695982,0.031375
763,891,0.15766767912749913,0.0314375
374,441,0.1578121998154316,0.0315
3076,2969,0.15798987172064471,0.0315625
158,236,0.15800808597147764,0.031625
3227,3564,0.15804792395772438,0.0316875
3751,75,0.1581257306308439,0.03175
732,666,0.15820675889116842,0.0318125
3067,3102,0.15832231121544282,0.031875
2144,2239,0.15846041310567216,0.0319375
902,981,0.1585381802424024,0.032
2963,3238,0.1589656563734252,0.0320625
2053,2218,0.1592344692091956,0.032125
69,73,0.15923791202800164,0.0321875
3372,3418,0.15932502170494445,0.03225
3644,3749,0.15933605589873423,0.0323125
2446,2765,0.15938384707590103,0.032375
3362,3589,0.15959205836821866,0.0324375
3484,3653,0.15971431661711222,0.0325
434,307,0.15978026399571732,0.0325625
3550,3744,0.15979177979613723,0.032625
1000,1279,0.1598046177539061,0.0326875
1187,1437,0.1598911454872507,0.03275
1021,1252,0.16002949006806944,0.0328125
146,193,0.16006675763601663,0.032875
3619,3550,0.16008807167781924,0.0329375
5878,2529,0.16017671630868335,0.033
3178,3139,0.1602526453652331,0.0330625
1592,1691,0.16026627189671672,0.033125
3428,3649,0.16028935697823954,0.0331875
1429,1501,0.16036371665776983,0.03325
2887,2982,0.1604210951692835,0.0333125
1152,1122,0.16084317997406572,0.033375
1155,1121,0.16103809281881354,0.0334375
3432,3509,0.1611029720810393,0.0335
1565,1486,0.1611200292342403,0.0335625
390,329,0.16114662278017278,0.033625
2716,2420,0.1611807855909433,0.0336875
3264,3427,0.16157999532032363,0.03375
1305,1366,0.16160430727813946,0.0338125
2316,2456,0.1616512135707353,0.033875
614,845,0.16185502951803699,0.0339375
1206,1285,0.16189753308557897,0.034
638,616,0.16191491096670063,0.0340625
3259,3355,0.1620770695259921,0.034125
2306,1729,0.16215761651537264,0.0341875
3281,3539,0.16217922098985582,0.03425
2418,2655,0.1626038691887004,0.0343125
519,620,0.16279751528053765,0.034375
733,923,0.16281346930576035,0.0344375
645,372,0.16282892493949674,0.0345
430,444,0.16293067792562965,0.0345625
727,150,0.16309192316519017,0.034625
4205,337,0.16320863023640442,0.0346875
2427,2724,0.16335637884395737,0.03475
1548,1604,0.1634058223306738,0.0348125
501,603,0.16342636935162602,0.034875
3242,3240,0.1634856296660132,0.0349375
1411,1581,0.16350612737119263,0.035
947,1117,0.1635239426752122,0.0350625
14,61,0.1636437335986276,0.035125
1581,1713,0.16366763852209942,0.0351875
2417,2646,0.16410552739282025,0.03525
4210,487,0.1641769309899601,0.0353125
385,0,0.16427933436457476,0.035375
312,354,0.1645471139523167,0.0354375
1403,1304,0.16468900532251496,0.0355
1236,1248,0.16478495091973855,0.0355625
19,53,0.16481453509813804,0.035625
3275,3475,0.16483288673816787,0.0356875
1417,1591,0.16505393435699034,0.03575
3094,3349,0.16511075650413432,0.0358125
1186,1292,0.16519942933636855,0.035875
3303,3209,0.1652404853428493,0.0359375
2868,3176,0.1652432794712695,0.036
3236,3291,0.16528968456816528,0.0360625
3524,3790,0.1653863678476455,0.036125
1394,1546,0.16539012418803622,0.0361875
3057,3007,0.16561474246418584,0.03625
874,1092,0.16561898020137278,0.0363125
1121,920,0.1657510357587455,0.036375
1734,1709,0.16584314880515194,0.0364375
679,646,0.16591329550742273,0.0365
3287,3594,0.16608152344576865,0.0365625
211,132,0.16631602870227447,0.036625
2983,3245,0.1663732760663379,0.0366875
1085,1159,0.1666133573554731,0.03675
2738,2757,0.16663761286940826,0.0368125
1410,1545,0.1666473306474927,0.036875
560,408,0.16668251934327571,0.0369375
2585,2661,0.1669671113372715,0.037
5772,2388,0.16696957893404374,0.0370625
3462,3663,0.1670665870330481,0.037125
1412,1616,0.16716073756902006,0.0371875
1529,1571,0.1673612149911321,0.03725
3350,3548,0.16740804638817508,0.0373125
2836,2856,0.1674402572454028,0.037375
3588,3491,0.1674853539458354,0.0374375
2930,3249,0.16755804960246223,0.0375
3573,3974,0.16768016941585984,0.0375625
46,101,0.16779706131672079,0.037625
3333,3348,0.16781137626952614,0.0376875
194,350,0.16784874945483352,0.03775
1501,1728,0.16790234256484382,0.0378125
2398,2643,0.16796080868593322,0.037875
995,1106,0.16813201790245103,0.0379375
5796,3047,0.16828232006042754,0.038
171,198,0.16851145777109622,0.0380625
1949,2085,0.16852164128272307,0.038125
2280,2208,0.16866520483316094,0.0381875
1147,1265,0.16868613358425932,0.03825
87,173,0.16871432014766619,0.0383125
3964,3975,0.1690757565352783,0.038375
2296,2561,0.16921284944501735,0.0384375
1611,1824,0.16940840123069734,0.0385
2895,3081,0.1694343627749504,0.0385625
3579,3775,0.16954791571652095,0.038625
983,1250,0.16961335622384865,0.0386875
2932,3095,0.16962029620583507,0.03875
294,526,0.16964815944761114,0.0388125
698,849,0.16965142446100856,0.038875
310,515,0.1697223909999792,0.0389375
2910,3168,0.1698514937504001,0.039
1372,1442,0.16992843031920302,0.0390625
816,893,0.17005355069166228,0.039125
1573,1732,0.1700561988857885,0.0391875
600,571,0.17039860836543141,0.03925
1637,1494,0.17041013405466288,0.0393125
686,766,0.170583311701904,0.039375
3209,3426,0.17071427668935257,0.0394375
2160,2268,0.17080396708519174,0.0395
1080,1397,0.17093674106311596,0.0395625
825,848,0.17110252823478334,0.039625
1944,2107,0.1712691780817579,0.0396875
409,445,0.17162901048309465,0.03975
1031,1179,0.1716690297228496,0.0398125
1361,1222,0.17168267612441923,0.039875
612,745,0.17177653911154778,0.0399375
420,601,0.17184028230326476,0.04
2586,2283,0.17186402745039686,0.0400625
1934,2027,0.17202090048141372,0.040125
264,360,0.1720224834551658,0.0401875
3061,3082,0.17217610221518953,0.04025
2419,2674,0.1724557042539061,0.0403125
2240,2275,0.17247478543208672,0.040375
3796,3943,0.17248403085653763,0.0404375
743,739,0.17266758094662293,0.0405
2155,2209,0.1726717658893051,0.0405625
675,776,0.1728248038539988,0.040625
1096,1305,0.17309489288977886,0.0406875
1028,1286,0.17317498868234793,0.04075
2225,2369,0.17323365860690387,0.0408125
5995,3481,0.1732717472239642,0.040875
3314,3425,0.1733676871247667,0.0409375
789,885,0.17352529159370533,0.041
332,569,0.17364653840182598,0.0410625
1613,1561,0.17372292878184226,0.041125
1750,1935,0.17390884464529677,0.0411875
781,943,0.17394577409181977,0.04125
805,835,0.17402286029441427,0.0413125
313,411,0.17404083992961006,0.041375
2278,2386,0.17410939218879662,0.0414375
348,547,0.17425915615750398,0.0415
2405,2594,0.1743077937662747,0.0415625
249,203,0.17436208159422506,0.041625
3474,3629,0.17437552436575743,0.0416875
337,367,0.1744403351228172,0.04175
2994,3073,0.17449718916384427,0.0418125
1127,1181,0.17449834578300738,0.041875
861,654,0.17449917253587444,0.0419375
5213,2773,0.17452385719036556,0.042
3028,3309,0.1746674868629725,0.0420625
3168,3174,0.17470437387487436,0.042125
6801,2786,0.17475957854099988,0.0421875
1858,2090,0.17485671129475122,0.04225
3185,3346,0.1750149042305793,0.0423125
3192,3533,0.1750687447291739,0.042375
2779,2954,0.17509316438469114,0.0424375
752,856,0.17513885372913762,0.0425
3279,3477,0.17537822336441877,0.0425625
1657,1771,0.17550335265875106,0.042625
2863,3138,0.1757405346264136,0.0426875
5015,960,0.17584286752460798,0.04275
195,260,0.17589631764575486,0.0428125
2708,2772,0.17590065301862978,0.042875
1385,1454,0.17595563749264898,0.0429375
3238,3534,0.17609435115360839,0.043
102,29,0.17617085787105502,0.0430625
1237,1365,0.17620601943622205,0.043125
1149,1231,0.17628401456252618,0.0431875
1473,1536,0.17639578998401362,0.04325
1860,2051,0.1765215734684773,0.0433125
1951,1939,0.17654019710238344,0.043375
3710,3031,0.17655196964210518,0.0434375
1500,1541,0.17656112931632606,0.0435
1894,2005,0.17665613787465873,0.0435625
1230,1434,0.17670376644568364,0.043625
1813,1832,0.17676042290568716,0.0436875
1925,2131,0.17678742853019003,0.04375
1007,1054,0.17686861493149308,0.0438125
3933,3720,0.17692973957576896,0.043875
990,1028,0.17693296978413287,0.0439375
1264,1253,0.17698204042054044,0.044
3646,3864,0.177166610756899,0.0440625
3757,3693,0.17722671985961824,0.044125
545,355,0.17725759367690586,0.0441875
6228,2774,0.17735711535493692,0.04425
1556,1653,0.1774591451032279,0.0443125
3165,3296,0.17754650285598927,0.044375
1912,2125,0.17756150908064683,0.0444375
3143,3324,0.17778157483752466,0.0445
1327,1419,0.17787628335349837,0.0445625
935,839,0.17789894261622408,0.044625
3335,3538,0.1780185745841436,0.0446875
2400,2531,0.17821003704057148,0.04475
3534,3776,0.178226463479632,0.0448125
1486,1631,0.17825064548057412,0.044875
1773,1958,0.17831917353365156,0.0449375
1833,1946,0.17832766153918556,0.045
865,1012,0.1783440748166214,0.0450625
1308,1435,0.17838899040631873,0.045125
1322,1547,0.17842377085239036,0.0451875
78,122,0.17860116733091047,0.04525
858,963,0.17866556086244145,0.0453125
3278,3384,0.1788032520310594,0.045375
997,1093,0.17891425459347943,0.0454375
1204,1199,0.17898240123135167,0.0455
583,607,0.1790409215153801,0.0455625
3653,3784,0.17910835188911278,0.045625
802,884,0.17935272415330417,0.0456875
2138,2184,0.17944033937320114,0.04575
1286,1484,0.1795566082905964,0.0458125
7458,3214,0.17957354200677855,0.045875
4164,3889,0.17960442623677864,0.0459375
5493,1994,0.17963693761615218,0.046
459,485,0.17968193214741746,0.0460625
797,803,0.17971187190266846,0.046125
2690,2780,0.17971341666913077,0.0461875
3719,3859,0.17973100921625473,0.04625
1907,1938,0.17976513066602706,0.0463125
1376,1540,0.17984904648093902,0.046375
1625,1575,0.17988442658449344,0.0464375
363,548,0.17992317349100517,0.0465
2909,3133,0.1799238716741911,0.0465625
3091,3292,0.1799778769748741,0.046625
1336,1433,0.18010563147475978,0.0466875
2615,2822,0.18013534134024667,0.04675
2304,1967,0.18036711174659104,0.0468125
3701,3908,0.18059056165412812,0.046875
912,942,0.18071719779428008,0.0469375
134,202,0.18081128344616815,0.047
1514,1774,0.1808130235473584,0.0470625
609,549,0.18097829306061897,0.047125
1437,1576,0.18110323671913875,0.0471875
2650,2676,0.18145611789228155,0.04725
2274,2457,0.1815282784985186,0.0473125
2604,2397,0.18157864917262145,0.047375
2270,2307,0.18172420142784063,0.0474375
5550,1911,0.1819073912634508,0.0475
5057,2960,0.18196470467842119,0.0475625
138,264,0.18205557159812003,0.047625
86,133,0.18230249818728694,0.0476875
915,990,0.18243464929626896,0.04775
1185,1332,0.1824847365665363,0.0478125
704,410,0.18248667712205702,0.047875
1609,1707,0.182544442570304,0.0479375
2203,2350,0.1825872043788479,0.048
784,908,0.18258960057721652,0.0480625
2754,2959,0.18267548800361055,0.048125
3256,3482,0.18279736694000803,0.0481875
1701,1839,0.1828800139435316,0.04825
1348,1406,0.18294096882206645,0.0483125
3118,3455,0.18302774035709035,0.048375
988,816,0.18306580846858367,0.0484375
2342,2519,0.1830893663486961,0.0485
3416,3616,0.1831348410455007,0.0485625
2151,2398,0.1831925937518406,0.048625
1150,1128,0.1832235100253996,0.0486875
2267,2393,0.18322476121016962,0.04875
4499,3819,0.1833293618811922,0.0488125
1913,1903,0.18335161732989036,0.048875
3001,3172,0.1833707013627759,0.0489375
2475,2791,0.1834093466470108,0.049
2166,2348,0.18341124035828216,0.0490625
1892,1898,0.18343600494441148,0.049125
884,969,0.18345439449785772,0.0491875
1229,1363,0.1834574175302066,0.04925
2628,2429,0.18355493665629297,0.0493125
1580,1567,0.1835931041613037,0.049375
490,599,0.18361070453510564,0.0494375
2481,2521,0.18381758460401443,0.0495
2372,2629,0.18383471080369418,0.0495625
216,99,0.18384344020680032,0.049625
705,761,0.1840931970432962,0.0496875
5597,3865,0.18416576265576623,0.04975
3247,3442,0.18433718100328633,0.0498125
2465,2675,0.18439524013578534,0.049875
1321,1480,0.1844368980408433,0.0499375
2051,1817,0.1844765003897919,0.05
1752,1632,0.18454104671647542,0.0500625
674,743,0.18468491755106697,0.050125
3594,3791,0.1847264991978932,0.0501875
1566,1537,0.1847326850621016,0.05025
1717,1837,0.18481418176551756,0.0503125
2571,2452,0.1848177276141314,0.050375
3202,3116,0.18487417958107244,0.0504375
3470,3714,0.18487894810317584,0.0505
4788,3630,0.18489452943197193,0.0505625
1652,707,0.1849415352060788,0.050625
3364,3080,0.18531817678979223,0.0506875
1738,1894,0.1854725259362624,0.05075
4626,2867,0.18548528135721654,0.0508125
2556,2852,0.18549001183504288,0.050875
3026,3090,0.18550172581922197,0.0509375
2666,2767,0.18559625929066215,0.051
1170,1367,0.18562753360026818,0.0510625
2723,2824,0.18562863265310625,0.051125
2421,2417,0.18564611900885097,0.0511875
3568,3513,0.18576833788142721,0.05125
1515,1801,0.18579556595929603,0.0513125
8308,3936,0.18622963137357829,0.051375
3665,3915,0.18626855745282,0.0514375
286,468,0.18641835064265422,0.0515
2173,2487,0.18654006219901476,0.0515625
3077,3239,0.186564379495735,0.051625
3044,3200,0.18676970128308312,0.0516875
1173,1224,0.18682289829523313,0.05175
1732,1658,0.18690431569717703,0.0518125
2075,1334,0.18694264039302766,0.051875
2633,2732,0.18701763892045165,0.0519375
2959,3016,0.18711627701839006,0.052
2573,2562,0.18713369767655763,0.0520625
155,300,0.18713903576312063,0.052125
2353,2379,0.18717898375913933,0.0521875
1484,1438,0.18729886166269694,0.05225
972,1130,0.18732513691684005,0.0523125
3807,3913,0.18740542944192384,0.052375
5687,1900,0.18741224200383044,0.0524375
3413,3370,0.18744389832875186,0.0525
3639,3788,0.18745854147533692,0.0525625
3587,3479,0.18757106048064998,0.052625
663,832,0.1876012364520534,0.0526875
2141,2105,0.18762490173716628,0.05275
3272,3352,0.1876508172461513,0.0528125
5727,1189,0.18779745867745135,0.052875
658,712,0.18787531343792807,0.0529375
1100,1353,0.18792583591928747,0.053
3321,3464,0.18798193783658235,0.0530625
1296,1550,0.1879978788666108,0.053125
2466,2784,0.18803013459813656,0.0531875
3631,3909,0.18820350370714323,0.05325
248,242,0.1882183104156958,0.0533125
150,93,0.18823033654583732,0.053375
1983,2205,0.1883090863750283,0.0534375
2792,2967,0.1883832095865614,0.0535
1061,1134,0.18838354569989235,0.0535625
237,328,0.18838618310010702,0.053625
2837,3004,0.18858008074357713,0.0536875
3821,576,0.18860872347030266,0.05375
903,824,0.18861384890428212,0.0538125
2795,2973,0.18869843293464328,0.053875
1302,1326,0.18884675407063867,0.0539375
3384,3621,0.18886999860518472,0.054
616,615,0.18899935850807026,0.0540625
1409,1395,0.18904193161418448,0.054125
812,836,0.1890766596365836,0.0541875
2711,2830,0.18911489992643737,0.05425
3546,3586,0.18922784094195322,0.0543125
2078,2193,0.18927525851918858,0.054375
2055,2203,0.1893285329695118,0.0544375
1629,1549,0.18936987002473415,0.0545
2732,2900,0.18942091567970465,0.0545625
3537,3721,0.18949352408264986,0.054625
1397,1223,0.18951283434722654,0.0546875
3300,3559,0.18953550675519182,0.05475
5753,2053,0.18957150459078775,0.0548125
3522,3654,0.18963785701811275,0.054875
2360,2491,0.18966024848725738,0.0549375
292,308,0.18969766938648291,0.055
1073,1312,0.1897350062877763,0.0550625
3088,3223,0.18986799177690727,0.055125
3020,3135,0.1898751643643095,0.0551875
1297,1297,0.18987583971083666,0.05525
177,298,0.189930693586831,0.0553125
731,795,0.19005880671991804,0.055375
2156,2345,0.1900850139645911,0.0554375
1115,1056,0.1901141185840629,0.0555
1725,1802,0.19017581788190796,0.0555625
3144,3260,0.1902702831708325,0.055625
1943,1977,0.1902944358611478,0.0556875
3029,3146,0.1903439959461366,0.05575
3405,3622,0.19035294061575314,0.0558125
1718,1859,0.19036232232525663,0.055875
2066,2274,0.1904020399770161,0.0559375
7232,2563,0.19042214822718506,0.056
4978,435,0.19051720997885724,0.0560625
1597,1703,0.19053245851631573,0.056125
981,994,0.1905921429451496,0.0561875
328,390,0.1906607206266031,0.05625
2104,2052,0.1907373305212161,0.0563125
982,1135,0.19074798249737057,0.056375
2612,2853,0.19080966909848485,0.0564375
3367,3607,0.1908298914503348,0.0565
187,314,0.19101649293597234,0.0565625
1407,1473,0.19104706931378246,0.056625
2196,2263,0.19112566581759438,0.0566875
2962,3097,0.1912097483547086,0.05675
1425,1569,0.1912184753682311,0.0568125
1004,1233,0.19124722588152565,0.056875
2990,3199,0.19128404512275665,0.0569375
4299,2624,0.19129618112330604,0.057
1647,1495,0.19129866880425084,0.0570625
3050,3345,0.19132686420613254,0.057125
2822,2965,0.1914049340401789,0.0571875
2929,3100,0.1914221548516366,0.05725
2550,2099,0.19143904485667917,0.0573125
823,894,0.19149674582391185,0.057375
481,436,0.19159405313887135,0.0574375
3521,3574,0.1916005850775946,0.0575
1726,1736,0.1916963195910455,0.0575625
2544,2544,0.19171882979617294,0.057625
3172,3334,0.19175702652592008,0.0576875
2439,2631,0.19182401910103408,0.05775
3507,3768,0.19189916918332983,0.0578125
3549,3628,0.19192228159704428,0.057875
3373,3504,0.19196227457678106,0.0579375
6981,3787,0.19198683581379328,0.058
4661,1269,0.1919916639265722,0.0580625
3460,3647,0.19201671981818436,0.058125
1615,1686,0.1920392674259972,0.0581875
3723,3709,0.19204519433520773,0.05825
2688,2626,0.19208959582670104,0.0583125
713,833,0.19216443900113234,0.058375
2149,2287,0.19235038560270823,0.0584375
96,4,0.19237083133070798,0.0585
1294,1282,0.19242662267620858,0.0585625
701,753,0.19247172040755345,0.058625
2760,2948,0.1925097973978609,0.0586875
1493,1530,0.1926027638228618,0.05875
1317,1467,0.19261237875099368,0.0588125
425,570,0.1927553340567556,0.058875
890,986,0.19281787741466871,0.0589375
949,1107,0.19303429910327452,0.059
3502,3799,0.19306473560646964,0.0590625
2639,2768,0.1930692467087738,0.059125
780,553,0.1930878915821168,0.0591875
2263,2458,0.1932318929450787,0.05925
2164,2455,0.19324137070765346,0.0593125
2678,2649,0.19326818410357305,0.059375
2244,2567,0.19327335540057788,0.0594375
1046,1069,0.19338227979427813,0.0595
3357,3428,0.19344153756111382,0.0595625
2882,3072,0.1934868289934002,0.059625
423,434,0.19362997062374632,0.0596875
4048,3964,0.1937278172052288,0.05975
955,984,0.19372803946420447,0.0598125
1102,1156,0.19373167262241964,0.059875
173,76,0.19376691918687694,0.0599375
2966,3218,0.19378267499553203,0.06
1432,1603,0.19378493792714835,0.0600625
3698,4014,0.19380171039375682,0.060125
2257,2365,0.19403906205437238,0.0601875
716,890,0.19405211855114146,0.06025
1867,1833,0.19418690589341736,0.0603125
2018,2165,0.1942565743817113,0.060375
2319,2354,0.19428230907118405,0.0604375
1465,1496,0.19434963624482293,0.0605
3356,3443,0.19450506220124453,0.0605625
1265,1256,0.19451227415682126,0.060625
95,261,0.19453799076989498,0.0606875
725,859,0.19458531469288687,0.06075
4081,3877,0.19460846441523927,0.0608125
2542,2727,0.19461008150642556,0.060875
224,315,0.1946204750925915,0.0609375
1300,1278,0.19468810321767194,0.061
2050,2138,0.19473018402933917,0.0610625
1347,1342,0.19474206150599116,0.061125
461,539,0.19481517224745204,0.0611875
3498,3561,0.19484988526812685,0.06125
3365,3264,0.19486648226018133,0.0613125
1450,1582,0.19488197335104473,0.061375
2320,2356,0.19489481114834462,0.0614375
2786,3074,0.195080260329064,0.0615
835,898,0.1951155315779829,0.0615625
4553,2068,0.19531491250012323,0.061625
1528,1470,0.19535615073951362,0.0616875
2024,2011,0.19536291380617854,0.06175
1862,1928,0.19536642119527414,0.0618125
664,330,0.1954132160768154,0.061875
2903,3030,0.1955392998548291,0.0619375
1203,1043,0.19567910854509307,0.062
1921,2012,0.19568669838469077,0.0620625
1234,1398,0.19569593042683664,0.062125
984,991,0.19587714344930873,0.0621875
464,348,0.19588668036585943,0.06225
3047,3134,0.19590399265780434,0.0623125
3207,3236,0.19591165973702118,0.062375
3977,3899,0.19591859593998606,0.0624375
1009,1025,0.19593980285799262,0.0625
2508,2635,0.19598530517671975,0.0625625
707,446,0.1960458819152322,0.062625
1601,1423,0.19612393275326667,0.0626875
492,604,0.1961282638941313,0.06275
60,114,0.19613439603165972,0.0628125
1239,1424,0.19620112893568376,0.062875
3430,3507,0.19621920386083502,0.0629375
737,834,0.19624110104489034,0.063
3805,846,0.1962986874971051,0.0630625
2635,2911,0.1963374916548446,0.063125
930,998,0.19640070722418557,0.0631875
602,572,0.196426000762429,0.06325
3,20,0.1964502304105964,0.0633125
2443,2451,0.19647065734335456,0.063375
2250,2328,0.19663138452546036,0.0634375
2777,3077,0.196632006419577,0.0635
3934,3882,0.19663954023872066,0.0635625
1364,1483,0.19668515503167328,0.063625
3040,3119,0.1966914201998975,0.0636875
17,95,0.19669593372169913,0.06375
2788,2785,0.19670903317830835,0.0638125
3750,3946,0.1967094959206861,0.063875
877,863,0.19681558659362963,0.0639375
226,286,0.19691114305801705,0.064
2201,2310,0.1970110828592908,0.0640625
3180,3537,0.19707442929734498,0.064125
1760,1974,0.19710099486934496,0.0641875
574,527,0.19711024158838342,0.06425
1221,1178,0.19727283169882526,0.0643125
287,267,0.19731741023254656,0.064375
2368,2555,0.19735267528957934,0.0644375
1729,1813,0.19747160119823093,0.0645
803,765,0.197504658863636,0.0645625
3158,3404,0.19755540585498466,0.064625
8153,3833,0.19763183141259333,0.0646875
1222,1364,0.19764962757037097,0.06475
2731,2938,0.19767090660980102,0.0648125
3013,2994,0.1977097758069135,0.064875
273,251,0.19771361762220607,0.0649375
1499,1455,0.19773649450007724,0.065
3724,3777,0.19774575538122008,0.0650625
2206,1841,0.19775745003769885,0.065125
1956,2117,0.19776725805147066,0.0651875
2130,2189,0.19784816113266857,0.06525
1478,1320,0.1979543213678454,0.0653125
3041,3101,0.19799858499027323,0.065375
722,844,0.19801401384734163,0.0654375
2402,2446,0.1980144374464885,0.0655
654,819,0.1980196358171895,0.0655625
655,332,0.19802457029191345,0.065625
2490,2450,0.198073763145743,0.0656875
4689,2295,0.1980740978324036,0.06575
2652,2829,0.1982078388675177,0.0658125
2242,2401,0.19825276095647837,0.065875
1241,1335,0.19825616835166215,0.0659375
950,1126,0.19826115485734874,0.066
1567,1783,0.19832723102993555,0.0660625
3825,3588,0.19834170274566532,0.066125
1614,1734,0.198343114377451,0.0661875
3351,3637,0.19837028365623155,0.06625
454,191,0.19848091253688693,0.0663125
1616,1683,0.19850395733524806,0.066375
3685,3935,0.1985462680104888,0.0664375
1793,1956,0.19863452414739413,0.0665
8631,3558,0.19866576267321534,0.0665625
7913,3274,0.1986688353313184,0.066625
2247,2533,0.1987656250981047,0.0666875
1550,1663,0.19881370578440283,0.06675
1116,1048,0.19889567118811158,0.0668125
2095,2387,0.19899064119439913,0.066875
2047,2271,0.19907903375676028,0.0669375
386,409,0.19908996127065137,0.067
1963,2277,0.19919878190916052,0.0670625
83,18,0.19920644562175194,0.067125
2124,1147,0.19922374421899747,0.0671875
2862,2979,0.19928049819361604,0.06725
3324,3646,0.1993216011397294,0.0673125
1295,1347,0.19933042033437687,0.067375
1471,1723,0.19933388616613001,0.0674375
132,31,0.1993527554337775,0.0675
3237,3389,0.19936005438387383,0.0675625
3347,3198,0.1994433901510888,0.067625
241,352,0.19948678436844602,0.0676875
3689,3748,0.19953924654635102,0.06775
2153,2136,0.19974031600119702,0.0678125
3396,3619,0.1998519736418416,0.067875
1727,1943,0.20001071003653692,0.0679375
1324,1247,0.2000322060879114,0.068
3368,3618,0.20011864296918702,0.0680625
3793,3890,0.2001249991150189,0.068125
1995,2185,0.20016368460377976,0.0681875
564,697,0.2002622193505914,0.06825
3097,3287,0.20029295971784222,0.0683125
1175,1201,0.20035428572879255,0.068375
3613,3952,0.20047538603949988,0.0684375
538,369,0.2005214003990332,0.0685
2637,2877,0.20052586528845495,0.0685625
2022,2175,0.20063840064514693,0.068625
767,568,0.20070664448083875,0.0686875
418,585,0.20070976577054012,0.06875
1619,1819,0.20071184705179235,0.0688125
3045,3266,0.20072147283087816,0.068875
815,973,0.20080226404303403,0.0689375
1254,1383,0.20080673921461312,0.069
2602,2611,0.2008179264371961,0.0690625
3533,3729,0.20085436350319696,0.069125
3142,3013,0.20090336631045602,0.0691875
3446,3406,0.20095648116847542,0.06925
846,916,0.2011128317356139,0.0693125
2859,3041,0.201120919421669,0.069375
2189,2220,0.2011495061693438,0.0694375
1603,1403,0.20117099547337602,0.0695
23,74,0.20122816629520113,0.0695625
3354,3405,0.201230656591747,0.069625
931,1003,0.20124408664048588,0.0696875
870,1014,0.20128099955333312,0.06975
3643,3804,0.20128513493546052,0.0698125
1311,1183,0.2014072074643849,0.069875
2593,2706,0.20145028201727655,0.0699375
2921,3158,0.2014725683538927,0.07
1346,1306,0.20149190090741342,0.0700625
3584,3722,0.2015831561620871,0.070125
2350,2497,0.2015844574777077,0.0701875
499,708,0.20167126774262556,0.07025
952,1186,0.20173326204384523,0.0703125
13,33,0.2018727065766841,0.070375
1765,1955,0.20188682902849564,0.0704375
596,769,0.201951896625431,0.0705
953,724,0.20201101396619947,0.0705625
1883,1978,0.20214860273364366,0.070625
1888,1953,0.20221581822931967,0.0706875
3774,3503,0.2022213221781044,0.07075
1487,1652,0.20234780318267553,0.0708125
5535,2689,0.2023837424321755,0.070875
3561,3746,0.20245843308481426,0.0709375
3099,3282,0.20251703685715938,0.071
3730,3937,0.20252131227681502,0.0710625
2545,2607,0.20258175639270348,0.071125
1825,1665,0.20274295773253925,0.0711875
452,322,0.20276013473554144,0.07125
412,459,0.20276019220923303,0.0713125
2746,3071,0.20279653059151315,0.071375
4649,2019,0.20280284808160332,0.0714375
1926,1856,0.20288840499571847,0.0715
2317,2468,0.2029413253341943,0.0715625
3221,3222,0.20294846852539195,0.071625
1106,1284,0.20295380682388497,0.0716875
1563,1661,0.20298954715670448,0.07175
2001,2191,0.20303940640761198,0.0718125
537,313,0.2031211637601409,0.071875
1369,1369,0.20321707517319965,0.0719375
2016,2092,0.20323789861186015,0.072
685,837,0.20323807417831574,0.0720625
7483,3243,0.20327739095523611,0.072125
493,404,0.20332264135129918,0.0721875
3123,3364,0.20334035959962193,0.07225
2964,3254,0.20342535036348863,0.0723125
757,855,0.2034289062834489,0.072375
2300,2284,0.20349347145841534,0.0724375
3268,3602,0.20349903112844459,0.0725
3276,3466,0.20355183464806714,0.0725625
1089,1338,0.20356880321395465,0.072625
750,820,0.20360729634057861,0.0726875
876,944,0.20361666476048867,0.07275
422,303,0.20363089422886205,0.0728125
772,448,0.20366573555494227,0.072875
3682,3872,0.20366581819700968,0.0729375
411,484,0.20369744017600055,0.073
1043,1182,0.20372414402179118,0.0730625
1511,1542,0.20379215598586597,0.073125
2943,3128,0.20383373478244948,0.0731875
1849,2079,0.2038848887766278,0.07325
1256,1197,0.20393832979242177,0.0733125
3918,397,0.2039924168861731,0.073375
1463,1662,0.20399993610629963,0.0734375
1723,1893,0.20412305181295665,0.0735
2297,2542,0.20413661365930125,0.0735625
2996,3145,0.20421469189955133,0.073625
4769,828,0.2042614559450442,0.0736875
3081,3246,0.2043550078888643,0.07375
3767,4007,0.20437909891734307,0.0738125
295,371,0.20440078795745364,0.073875
4091,2851,0.20446176119804704,0.0739375
2096,2394,0.2045414202791278,0.074
1538,1711,0.2045625455082245,0.0740625
2654,2704,0.20456480439014513,0.074125
3283,3635,0.2046313654751657,0.0741875
2911,2972,0.20483037111267777,0.07425
1210,1214,0.20483650641244822,0.0743125
2183,1566,0.20490133853516568,0.074375
2995,3132,0.2049305768080103,0.0744375
2303,2461,0.2049890140819457,0.0745
3127,3267,0.20506240878086146,0.0745625
1332,1116,0.20510090529650427,0.074625
1304,1440,0.20510965172931606,0.0746875
2541,2745,0.20526213356203016,0.07475
438,458,0.2053471303552996,0.0748125
2857,2872,0.20546042940799225,0.074875
3422,3567,0.20547020515118675,0.0749375
2706,2929,0.20552446813928782,0.075
2134,2300,0.20553016991564732,0.0750625
2408,2355,0.2055550360018401,0.075125
3330,3595,0.20559471048545674,0.0751875
2229,2559,0.2056535737446552,0.07525
346,439,0.2056544600394261,0.0753125
1909,2067,0.20569644257471964,0.075375
3439,3713,0.20572964992601328,0.0754375
2414,2576,0.2058275110760519,0.0755
3301,3573,0.20589677903529946,0.0755625
3420,3508,0.2059291435951991,0.075625
3317,3476,0.20593258963822336,0.0756875
234,273,0.20594297761171632,0.07575
3570,3760,0.20603403215932303,0.0758125
31,62,0.20609910378359686,0.075875
2643,2840,0.20621178071951363,0.0759375
1857,2043,0.20628331158607693,0.076
2161,2357,0.20635721913112093,0.0760625
1659,1905,0.20640799070218918,0.076125
1120,1427,0.2065277668434362,0.0761875
3386,3467,0.20657545314765002,0.07625
2371,2316,0.2066045342183429,0.0763125
898,235,0.20661979708448186,0.076375
2009,2137,0.20668734040850723,0.0764375
2488,2290,0.20675044722688085,0.0765
2799,3009,0.2067624113888087,0.0765625
3148,223,0.20681120544726994,0.076625
2261,2141,0.20688114357668042,0.0766875
2470,2699,0.20695404845309895,0.07675
2357,2508,0.20695557267762865,0.0768125
6742,3841,0.20706132017573964,0.076875
1783,1613,0.20712248386408305,0.0769375
3752,3918,0.2072487834485628,0.077
58,105,0.20724911540680147,0.0770625
3595,3308,0.20725492113712107,0.077125
656,732,0.20729819447012687,0.0771875
5512,1109,0.20733385424330208,0.07725
202,232,0.20738065838451902,0.0773125
3628,3972,0.20744370339588158,0.077375
3121,3213,0.2074838870870508,0.0774375
2477,2556,0.20749257673304555,0.0775
1755,1899,0.2075858280620082,0.0775625
863,902,0.20759121545977166,0.077625
907,1077,0.20762494122283215,0.0776875
1844,1973,0.20775294295413005,0.07775
2445,2400,0.20779502456832688,0.0778125
1902,1776,0.2078274892514287,0.077875
3703,3661,0.20782760410634182,0.0779375
225,183,0.2078459841653313,0.078
240,280,0.20785270265878353,0.0780625
1871,1972,0.20795560988841544,0.078125
1314,1024,0.20802810974885233,0.0781875
3426,3535,0.20810484528959705,0.07825
1477,1621,0.20813815416951797,0.0783125
791,886,0.20824375774343196,0.078375
1367,1354,0.20824443827083883,0.0784375
1110,1191,0.20827367484649528,0.0785
1553,1531,0.20835042060681985,0.0785625
3166,3337,0.2083516345714429,0.078625
1522,1700,0.20842297549162936,0.0786875
1774,1885,0.20852409271006422,0.07875
765,903,0.20853670618410547,0.0788125
692,557,0.20856034289072056,0.078875
1220,1420,0.20857556533695742,0.0789375
1803,1968,0.2086251659349898,0.079
872,1067,0.20864412037103364,0.0790625
6803,2976,0.20869874801758215,0.079125
2624,2587,0.20879202556412224,0.0791875
842,979,0.20881803946859634,0.07925
2172,2282,0.2088648885114992,0.0793125
2773,2974,0.20889524382312175,0.079375
2791,2930,0.20894525867174707,0.0794375
2412,2383,0.20895638659845872,0.0795
1298,1439,0.2091192920629794,0.0795625
1137,1377,0.20918439209879125,0.079625
2233,2389,0.20926426487395133,0.0796875
631,725,0.20938516310241084,0.07975
635,451,0.20945409827265138,0.0798125
3444,3797,0.20951675807214087,0.079875
1744,1615,0.2095622662798462,0.0799375
2492,2599,0.2095939167469112,0.08
3267,3414,0.20960159323527705,0.0800625
2027,2142,0.20972043960816222,0.080125
2344,2464,0.2097746936208864,0.0801875
3672,3808,0.20985992568324718,0.08025
2981,3335,0.20994132164634038,0.0803125
1060,1394,0.20994423273606344,0.080375
2948,3208,0.209996846125307,0.0804375
2621,2617,0.21007432537382442,0.0805
103,98,0.21011947062415892,0.0805625
1310,977,0.2101688927544103,0.080625
1735,1793,0.21018667946859182,0.0806875
2102,2111,0.210203123962998,0.08075
2823,3066,0.2102127723898093,0.0808125
463,542,0.21028915765925404,0.080875
351,460,0.2103079753992816,0.0809375
1074,1152,0.21040218938121313,0.081
3451,3659,0.2104109282483364,0.0810625
3325,3388,0.21044362844440911,0.081125
1945,2164,0.21046318944274844,0.0811875
2021,2109,0.21048795399335063,0.08125
65,100,0.2105495528534771,0.0813125
2205,2351,0.21060755406472254,0.081375
2380,2493,0.21061053023657905,0.0814375
1196,1386,0.21069142717104228,0.0815
634,437,0.21070267981419732,0.0815625
2127,2314,0.21075595489631382,0.081625
730,838,0.21076842033005505,0.0816875
3513,3820,0.21078350970464044,0.08175
1064,1091,0.21102448133453322,0.0818125
1032,1011,0.21103569283707202,0.081875
133,103,0.21105867400009082,0.0819375
29,110,0.21105893508838314,0.082
2003,2200,0.21110751169791797,0.0820625
1898,1715,0.21114625400949194,0.082125
3265,3577,0.21125567599546002,0.0821875
3164,3154,0.21129088599371926,0.08225
197,239,0.2112957142821692,0.0823125
90,213,0.21135003690461573,0.082375
4179,1170,0.21142254058601395,0.0824375
1280,1249,0.21144016223473727,0.0825
2234,1814,0.21151270960180568,0.0825625
3488,3609,0.21156572149021713,0.082625
3662,3689,0.21158152648882833,0.0826875
458,584,0.21165420929996515,0.08275
3337,3487,0.21165507097987302,0.0828125
1544,1760,0.21168206489076624,0.082875
989,956,0.21170785777340484,0.0829375
1523,1346,0.21185157205113114,0.083
844,1010,0.21191835029139838,0.0830625
788,818,0.21192622436181807,0.083125
101,172,0.2120585894651601,0.0831875
230,215,0.212062738162345,0.08325
5955,2820,0.21209422517563326,0.0833125
3677,3807,0.21213035073350284,0.083375
3033,3149,0.21214912666277996,0.0834375
2101,2054,0.21215871735597602,0.0835
3746,3810,0.2123325289200011,0.0835625
2040,2322,0.21236324556585373,0.083625
808,952,0.2123790560816019,0.0836875
2067,2219,0.2124160994505928,0.08375
923,861,0.212449166149014,0.0838125
4122,3850,0.2124562484164585,0.083875
2572,2658,0.2124898209281696,0.0839375
979,935,0.21251712482309415,0.084
1855,2035,0.21269281363598225,0.0840625
3371,3552,0.2127525118006588,0.084125
1131,1324,0.21275418232757204,0.0841875
1884,2047,0.2127881640118119,0.08425
460,476,0.21289484910701617,0.0843125
304,282,0.21303114774336862,0.084375
1767,1845,0.2130311655509729,0.0844375
4430,1970,0.21303326593985616,0.0845
649,814,0.2131036366111374,0.0845625
3919,3925,0.21314037034852618,0.084625
6437,3321,0.2131751027224027,0.0846875
3266,3408,0.2132422815151358,0.08475
341,535,0.2132809925222503,0.0848125
349,293,0.2133602358439184,0.084875
151,200,0.2134044291350108,0.0849375
569,679,0.21346148472490256,0.085
478,680,0.21355024413483648,0.0850625
1247,1390,0.213562388868354,0.085125
2904,3044,0.21357337471772553,0.0851875
3352,3562,0.21359696181679055,0.08525
776,780,0.21365558172838917,0.0853125
927,1055,0.21370032564938413,0.085375
2505,2616,0.2137680174104446,0.0854375
2365,2466,0.21383994874292966,0.0855
2630,2752,0.21385635091115773,0.0855625
3569,3667,0.21393245128768967,0.085625
176,312,0.2139681004814058,0.0856875
3510,3660,0.21396929590764557,0.08575
1683,1756,0.21399462324839646,0.0858125
433,470,0.21401909653492623,0.085875
2954,3067,0.21402519703138978,0.0859375
1602,1767,0.21402875227872187,0.086
2103,2325,0.2140492086084862,0.0860625
2894,3068,0.21405539537926188,0.086125
55,87,0.21416747926356017,0.0861875
1639,1714,0.2142553761166539,0.08625
3592,3939,0.21430465272544552,0.0863125
2069,2324,0.21433438003316496,0.086375
2682,2662,0.2144942741136049,0.0864375
646,785,0.2145849308491279,0.0865
164,214,0.2146051764354624,0.0865625
1038,1095,0.2146109270438501,0.086625
1231,1499,0.21463282819101437,0.0866875
3576,2796,0.21463778631112973,0.08675
2515,2793,0.21467756348812372,0.0868125
1260,1053,0.21471248166537293,0.086875
44,92,0.21481309122007808,0.0869375
1828,1717,0.2148188104766291,0.087
331,388,0.21483299713217008,0.0870625
3037,2642,0.21497906872468775,0.087125
2936,2981,0.2149871179055367,0.0871875
3687,3620,0.21500635217842046,0.08725
2559,2601,0.2150083066709101,0.0873125
2235,2513,0.2150111573426159,0.087375
2084,2378,0.21505829443404423,0.0874375
838,1035,0.21510442577954336,0.0875
3872,3866,0.2151413034515599,0.0875625
1802,1671,0.21515440192723645,0.087625
860,905,0.21515967424633686,0.0876875
2718,2941,0.21516018414303062,0.08775
3520,3456,0.2151709109733133,0.0878125
2135,2233,0.2154693906807097,0.087875
969,1019,0.21553183769130158,0.0879375
1333,1491,0.21554132333349685,0.088
2288,2560,0.2155414483098923,0.0880625
1157,1421,0.21560968700708827,0.088125
1217,945,0.21575840503885502,0.0881875
2366,2547,0.21581052459953298,0.08825
2860,2893,0.21584290024799202,0.0883125
2273,2349,0.21596459888357344,0.088375
563,550,0.2159905917767233,0.0884375
201,56,0.2160000557176449,0.0885
2523,2753,0.21604894450808843,0.0885625
940,999,0.2160959302401153,0.088625
736,797,0.21610437759922263,0.0886875
1526,1359,0.21610739555336522,0.08875
3414,3486,0.21619639223672493,0.0888125
305,304,0.2161984402589141,0.088875
1746,1523,0.2162900938382677,0.0889375
1330,1254,0.2162955683960348,0.089
1259,1453,0.21632490475337818,0.0890625
2783,2925,0.21633498559100417,0.089125
1641,1759,0.2163403174774885,0.0891875
2741,2878,0.21636668025308836,0.08925
2735,2907,0.21636912072642644,0.0893125
2965,2918,0.21641638750458014,0.089375
2693,2886,0.21645310622682246,0.0894375
1681,1511,0.21655821994582425,0.0895
3395,3516,0.2166957696762779,0.0895625
2749,2962,0.21682337412204333,0.089625
611,540,0.2169216665104301,0.0896875
2980,3153,0.21692950435169678,0.08975
2125,2059,0.21705310521048204,0.0898125
2450,2653,0.21727246206864947,0.089875
3519,3431,0.21743003668996153,0.0899375
1636,1737,0.21753763616834476,0.09
590,672,0.21753864165371084,0.0900625
993,1037,0.21754385587227887,0.090125
1161,1283,0.21754601831311504,0.0901875
1248,1036,0.21760432890459924,0.09025
3617,3991,0.21768796487765485,0.0903125
1785,1988,0.21771572454193233,0.090375
247,241,0.21773095636886453,0.0904375
1587,1752,0.21774584312325374,0.0905
127,141,0.21776197945937348,0.0905625
2453,2595,0.2178048677116351,0.090625
1591,1690,0.21785057212440506,0.0906875
2570,2857,0.21798171519134257,0.09075
2089,2213,0.2180465441050785,0.0908125
1964,1990,0.21808172868537667,0.090875
1444,1481,0.21810573006229106,0.0909375
2812,2895,0.2181572133924874,0.091
2949,3042,0.21818759198981752,0.0910625
691,740,0.2182294947629515,0.091125
3593,3596,0.21824892038910093,0.0911875
403,335,0.21836982942649996,0.09125
1249,1115,0.21838415492828744,0.0913125
3503,3492,0.21839483796611603,0.091375
3197,3278,0.21843881183991698,0.0914375
1503,1490,0.21846000213713523,0.0915
2152,2297,0.2185098287381777,0.0915625
2382,2688,0.21851373097319993,0.091625
2599,2885,0.21853262580873434,0.0916875
1680,1926,0.21860455425363057,0.09175
2339,2104,0.21860977656371006,0.0918125
1390,1213,0.21862230822718232,0.091875
3289,3623,0.21865924720464136,0.0919375
2146,2353,0.21865986298243456,0.092
1826,1960,0.21880513432799376,0.0920625
556,602,0.2188614091672889,0.092125
1582,1822,0.21891561617005095,0.0921875
1042,1123,0.21895668548108915,0.09225
2326,2306,0.21899554139602628,0.0923125
3855,3793,0.21902929447207953,0.092375
4387,3965,0.21908121282672255,0.0924375
2864,2879,0.21908468969110118,0.0925
1632,1689,0.21908993359647866,0.0925625
3101,3344,0.2191141902246727,0.092625
1953,1959,0.21915539260714922,0.0926875
810,921,0.2191853004128177,0.09275
3225,3454,0.21922919431597165,0.0928125
641,596,0.21923183124579282,0.092875
2950,3063,0.21936924852099082,0.0929375
2392,234,0.2193902502867502,0.093
191,309,0.2194324479689982,0.0930625
3248,3489,0.21943922222442325,0.093125
3114,3217,0.2195577846573542,0.0931875
397,287,0.21956267546290675,0.09325
2351,2501,0.2196418179001114,0.0933125
2977,2825,0.21966748593877128,0.093375
2906,3111,0.2197112301732318,0.0934375
2202,2459,0.2197536185825868,0.0935
1968,1925,0.21977877835962545,0.0935625
4124,218,0.21986360372996572,0.093625
2653,2897,0.21987808471283188,0.0936875
565,582,0.21989893698302154,0.09375
111,151,0.21993691317513964,0.0938125
3009,3333,0.2199502989053599,0.093875
659,746,0.21996420868636335,0.0939375
1924,1989,0.2199850280618989,0.094
277,443,0.2200265560500796,0.0940625
3153,1273,0.2200306238562888,0.094125
2967,3227,0.22004457285066792,0.0941875
2617,2881,0.22008793578908126,0.09425
179,40,0.22013510933721037,0.0943125
2755,2978,0.22016694129234793,0.094375
945,1132,0.220179856741737,0.0944375
2897,3024,0.22030040134478668,0.0945
3443,3248,0.22031595332123288,0.0945625
2118,1964,0.22049199371318196,0.094625
1733,1843,0.22051279813786095,0.0946875
1620,892,0.220531866986164,0.09475
2951,3065,0.2205455115257564,0.0948125
2105,2302,0.22057334714313015,0.094875
3220,3304,0.22063844675966493,0.0949375
2373,2390,0.22065743853951858,0.095
3492,3751,0.22066884876062431,0.0950625
3760,3896,0.22067211791960517,0.095125
2815,3064,0.22068925173084608,0.0951875
826,992,0.22083986388314258,0.09525
3262,3415,0.22088464367442384,0.0953125
2224,2139,0.22089397218732643,0.095375
3204,3366,0.220917915718303,0.0954375
1643,1846,0.22092251254386497,0.0955
669,793,0.221015443707401,0.0955625
1790,1987,0.2210664782480194,0.095625
1684,1810,0.22111493050186937,0.0956875
3713,3860,0.22112511253288858,0.09575
3436,3597,0.22124539816798006,0.0958125
476,565,0.22129892342518076,0.095875
3326,3485,0.22132226818024492,0.0959375
2734,2880,0.22132963517708504,0.096
1135,1325,0.22140884816290907,0.0960625
1938,2118,0.22146395774188932,0.096125
1946,2183,0.2214770584895973,0.0961875
1353,1352,0.22154236112538683,0.09625
3481,3687,0.22161588100505014,0.0963125
2960,3025,0.22162490337973395,0.096375
76,255,0.2216443911801278,0.0964375
1640,1831,0.22173306969216355,0.0965
2058,1647,0.2218206997067682,0.0965625
5000,1133,0.2218861063615094,0.096625
1761,1821,0.22189031437559947,0.0966875
2041,2364,0.22199893799120218,0.09675
2246,2272,0.22210020949967202,0.0968125
497,614,0.22210792224924347,0.096875
868,806,0.22210913718022596,0.0969375
3814,3712,0.22217320751377656,0.097
3108,3114,0.22217745766027974,0.0970625
2743,2917,0.22218409697416064,0.097125
2514,2770,0.2222057057779807,0.0971875
2727,2843,0.2222367684955202,0.09725
415,450,0.2222746691701616,0.0973125
2281,2434,0.22229885564888718,0.097375
316,288,0.22231467380658998,0.0974375
2668,2747,0.2223540427380044,0.0975
1026,1120,0.22236956904308158,0.0975625
3811,2034,0.22239501767413117,0.097625
440,525,0.22249201538098617,0.0976875
2379,2591,0.22249927845055595,0.09775
1055,1026,0.22251444772170714,0.0978125
891,993,0.22253636243982555,0.097875
3491,3717,0.22261019813890925,0.0979375
384,537,0.22264482848427036,0.098
2733,2656,0.2226479192927684,0.0980625
761,831,0.22272854709676437,0.098125
540,630,0.2227807489995044,0.0981875
721,777,0.22282000431998483,0.09825
2979,3170,0.2228953424017277,0.0983125
2407,2261,0.22295026536133378,0.098375
509,734,0.22310677416732005,0.0984375
3527,3531,0.22314076348556,0.0985
2607,2826,0.22316627848681492,0.0985625
2464,2671,0.22331169912681048,0.098625
3464,3632,0.22333486002372638,0.0986875
1011,970,0.2233455387122092,0.09875
3274,3474,0.22336765679762038,0.0988125
157,217,0.22339975223669128,0.098875
1532,1600,0.22340337617569617,0.0989375
1449,1622,0.2234286217811814,0.099
1428,1612,0.22342880363916606,0.0990625
627,796,0.22344877113756922,0.099125
2601,2827,0.22346982693670725,0.0991875
1861,1747,0.22350661752085443,0.09925
88,109,0.22357429573550647,0.0993125
3411,3732,0.22362605754472042,0.099375
3261,3358,0.22365960004231056,0.0994375
2239,2338,0.22371531303193137,0.0995
2917,3083,0.22373781117318003,0.0995625
1139,1184,0.2237720026198815,0.099625
985,1023,0.22399267235161346,0.0996875
2444,2698,0.2240019586262747,0.09975
3074,3231,0.22411807578566822,0.0998125
5381,2074,0.2241278475952697,0.099875
1642,1888,0.22416904498663826,0.0999375
1519,1559,0.22421447775838033,0.1
3441,3631,0.22431338882904583,0.1000625
3308,3551,0.22433778623621947,0.100125
283,292,0.22446090175374422,0.1001875
2713,2874,0.22446485626409185,0.10025
605,543,0.22447219354418024,0.1003125
830,871,0.22452156854571115,0.100375
2480,2399,0.22457269074038777,0.1004375
1932,2046,0.22464073713197763,0.1005
2622,2762,0.22472567278907718,0.1005625
371,426,0.22492237546589422,0.100625
1483,1727,0.2249346548058213,0.1006875
457,399,0.22499981000045466,0.10075
3380,1032,0.2250453922094806,0.1008125
3512,3794,0.22535136332390948,0.100875
3053,3281,0.2253678694526684,0.1009375
650,324,0.22549769043991574,0.101
1904,1966,0.2255032164596571,0.1010625
1413,1651,0.22559365200481807,0.101125
38,38,0.22561809634354058,0.1011875
33,7,0.22566752474984475,0.10125
1673,1921,0.22569424513855552,0.1013125
879,1000,0.2258139413342093,0.101375
2674,2708,0.22582933874952005,0.1014375
2533,2816,0.22593890114541182,0.1015
775,851,0.2260947678787062,0.1015625
2072,2333,0.22615028894483657,0.101625
2294,2285,0.22617880103632615,0.1016875
827,899,0.22634975443173744,0.10175
1423,1432,0.22641611781759252,0.1018125
4060,3792,0.22648681744453825,0.101875
2927,2061,0.22649393702286602,0.1019375
1972,2187,0.22656253841373086,0.102
355,333,0.2266221678392526,0.1020625
1378,1498,0.22674806484673127,0.102125
967,985,0.22675981790546018,0.1021875
2082,2041,0.22680278969988876,0.10225
559,768,0.22683430173296415,0.1023125
2715,2725,0.22692455448225246,0.102375
938,760,0.2269356431056906,0.1024375
1967,1858,0.22696481143316305,0.1025
2717,2805,0.22707238627151582,0.1025625
3124,3319,0.22711461039784808,0.102625
3284,3541,0.22723426402387759,0.1026875
3315,3343,0.2273324371014951,0.10275
1363,1528,0.22738066990325478,0.1028125
668,756,0.22739810457784415,0.102875
1835,1828,0.22743495865273644,0.1029375
2884,2984,0.22745042597057363,0.103
1954,2044,0.22745416214922898,0.1030625
5825,2815,0.2276210913637442,0.103125
3581,3581,0.2276353058927043,0.1031875
1481,1722,0.2277232690477149,0.10325
124,252,0.22775328447768572,0.1033125
573,521,0.22785977221529663,0.103375
1126,874,0.22790837031935496,0.1034375
1962,2042,0.22801107028735146,0.1035
45,94,0.22809266351023716,0.1035625
3728,3823,0.22809983006396806,0.103625
112,238,0.22812866649037744,0.1036875
394,524,0.2281691832163304,0.10375
886,842,0.2281785615397638,0.1038125
2193,2146,0.22822072074612265,0.103875
3591,3642,0.22822659868757,0.1039375
1284,1148,0.22826227113374387,0.104
3183,3571,0.22827596623420732,0.1040625
253,253,0.22836251795211382,0.104125
3064,3015,0.22837679347713902,0.1041875
483,373,0.22838598655852138,0.10425
2790,2910,0.22841189786157656,0.1043125
3387,3263,0.22848311776249375,0.104375
3388,3493,0.22850623302758777,0.1044375
712,864,0.22854695720545237,0.1045
3128,3381,0.22855046967407588,0.1045625
1977,2101,0.2285931809930446,0.104625
1326,1516,0.22860170161558813,0.1046875
3654,3953,0.22872206073537882,0.10475
1443,1620,0.2287824313464739,0.1048125
2399,2697,0.22886333467198483,0.104875
474,564,0.2288956143697476,0.1049375
354,412,0.22899159373771028,0.105
3069,3193,0.229024598206081,0.1050625
2248,2211,0.2291102987666136,0.105125
3541,3543,0.22913042622269586,0.1051875
3762,3977,0.22915720179815935,0.10525
3749,3843,0.22920739391435063,0.1053125
3141,3390,0.22931838766726287,0.105375
3120,3283,0.22932702840887487,0.1054375
798,878,0.229365570789426,0.1055
3951,3863,0.229430754138491,0.1055625
866,964,0.22943791428896532,0.105625
2432,2759,0.22944827757044095,0.1056875
807,678,0.22958758564419668,0.10575
3319,3566,0.22965164837120255,0.1058125
1845,1920,0.22966395866609446,0.105875
944,1087,0.22970040977646988,0.1059375
3626,3926,0.22976429093154138,0.106
1770,1952,0.229783024362888,0.1060625
2543,2795,0.22979087115703578,0.106125
2197,2327,0.2298212603909917,0.1061875
1223,865,0.22987940722153155,0.10625
1078,1166,0.2298983809558024,0.1063125
2272,2546,0.22995686855878716,0.106375
3269,3473,0.23023182490169347,0.1064375
1406,1322,0.23023740086759403,0.1065
1942,1803,0.2303248687160817,0.1065625
3545,3736,0.23034083195210542,0.106625
2108,2317,0.23038516116531582,0.1066875
2940,3086,0.23039052382529235,0.10675
339,227,0.23043907646641415,0.1068125
3468,3665,0.23049822965589328,0.106875
2336,2512,0.23050077014445947,0.1069375
909,1009,0.23057907417801005,0.107
1205,1268,0.23062758046178544,0.1070625
1269,1076,0.23064087597923333,0.107125
693,767,0.23072927800146203,0.1071875
3070,3203,0.23073155895826858,0.10725
2331,2471,0.23073918010629768,0.1073125
3606,3633,0.23083037212501267,0.107375
1455,1583,0.23090672218589248,0.1074375
3006,3023,0.23097630743626496,0.1075
2580,2883,0.23100057056643664,0.1075625
786,911,0.2310112501903916,0.107625
327,311,0.23108715818341707,0.1076875
227,291,0.23109084488153542,0.10775
116,190,0.2311294598665654,0.1078125
1564,1358,0.2311531435551899,0.107875
2898,3115,0.23115960687835013,0.1079375
1830,1876,0.23117054367324386,0.108
742,897,0.23119061833928356,0.1080625
1122,1298,0.23119887138052775,0.108125
2487,2673,0.23122369779923702,0.1081875
756,843,0.23124178496711068,0.10825
841,757,0.2312857880378658,0.1083125
683,701,0.2313424862826423,0.108375
976,1196,0.23141715089866466,0.1084375
2712,2850,0.23143284591770907,0.1085
2900,2968,0.23152221565578657,0.1085625
4157,2997,0.23160268520291538,0.108625
1541,1724,0.2316520354270608,0.1086875
1792,1954,0.23171151230303622,0.10875
3801,3814,0.23173011330771942,0.1088125
3816,3879,0.23173932427727095,0.108875
1537,1602,0.23189782679605742,0.1089375
3656,3782,0.2320271048961331,0.109
2384,2507,0.23204183250209098,0.1090625
2830,2975,0.23205940612456288,0.109125
1291,1300,0.23206842343569178,0.1091875
3171,3098,0.2320898664147535,0.10925
1184,1463,0.2320900337639955,0.1093125
1040,1289,0.23211107974009337,0.109375
2714,2788,0.23226388614608595,0.1094375
2026,2204,0.2322854288330234,0.1095
2302,2543,0.23228692509107418,0.1095625
3107,3043,0.23230664689418745,0.109625
1759,1768,0.23252204577326552,0.1096875
2724,2870,0.2325760690926586,0.10975
1596,1816,0.2326549413108978,0.1098125
1818,2071,0.2327008324202211,0.109875
847,1078,0.23274008481038777,0.1099375
2831,2888,0.23274327760100277,0.11
1696,1720,0.232807549088335,0.1100625
192,1,0.2328456191894662,0.110125
2449,2647,0.23286046020297135,0.1101875
1622,1404,0.23290511605378583,0.11025
467,469,0.2329544437392954,0.1103125
1125,1336,0.23298968526529507,0.110375
2390,2530,0.23299312607471734,0.1104375
2039,1948,0.23307545792607698,0.1105
3294,3575,0.23311072930624732,0.1105625
687,857,0.23315563999578615,0.110625
2462,2615,0.23317758617611162,0.1106875
1586,1129,0.2332284540219689,0.11075
2343,2024,0.23324384965351896,0.1108125
2676,2713,0.2332722843490842,0.110875
1498,1726,0.23332557992262082,0.1109375
2290,2421,0.23335267021656136,0.111
3806,3815,0.23335603227036472,0.1110625
1098,1155,0.2333938177777526,0.111125
5474,1751,0.23356206506178978,0.1111875
2961,3056,0.23358655184222243,0.11125
3234,3457,0.23363984701944673,0.1113125
1435,1539,0.2336522827054921,0.111375
3062,3162,0.23376225633694503,0.1114375
1896,1931,0.2337799542804362,0.1115
2406,2600,0.23381280831947038,0.1115625
3245,3357,0.2339205565380098,0.111625
1176,1094,0.23392481616437522,0.1116875
1003,1190,0.2339605935136575,0.11175
936,958,0.2339989257947792,0.1118125
696,690,0.23418607046892248,0.111875
1041,1168,0.23425835244962911,0.1119375
1863,1933,0.23428777927591682,0.112
271,374,0.23431578509936912,0.1120625
2870,2894,0.2343556027901741,0.112125
1908,1957,0.23436652159750793,0.1121875
256,245,0.2344050103466344,0.11225
1665,1786,0.23441656933576382,0.1123125
3554,3959,0.23447376737027525,0.112375
2393,2580,0.2344901155714183,0.1124375
1087,1317,0.2345311193713968,0.1125
1502,1702,0.2345596887169279,0.1125625
555,695,0.23462616730688524,0.112625
2017,2269,0.2346274508768431,0.1126875
3345,1790,0.23467502640329485,0.11275
1671,1755,0.23468645215663742,0.1128125
1645,1614,0.2346936116486802,0.112875
3471,3610,0.2347222448732964,0.1129375
3610,3911,0.23475872168631895,0.113
3637,3938,0.23479188041778798,0.1130625
2530,2439,0.23485319315466313,0.113125
2761,3055,0.23492034252933536,0.1131875
3822,3920,0.23493357743126353,0.11325
2389,2524,0.23496616775133816,0.1133125
3051,3084,0.23497366953927212,0.113375
516,621,0.2350328435185105,0.1134375
2088,2140,0.23504200538357622,0.1135
2877,3018,0.2350695426170546,0.1135625
11,96,0.23513283090527182,0.113625
1676,1836,0.23513778470058355,0.1136875
919,1169,0.23515109595865624,0.11375
3188,3262,0.23523948367386538,0.1138125
2415,2545,0.2352576146592753,0.113875
1342,1355,0.2354485891899003,0.1139375
1930,2159,0.23549434298283245,0.114
3720,3867,0.23552118767673846,0.1140625
402,640,0.23556536844749587,0.114125
3340,3465,0.23564857188137012,0.1141875
1728,1753,0.23565292956291728,0.11425
2975,3205,0.23570138452208766,0.1143125
1482,1779,0.23575681845488816,0.114375
2565,2717,0.23577830086662743,0.1144375
2710,2937,0.2357941595296893,0.1145
2324,2550,0.23610505146822902,0.1145625
3668,3842,0.2361715361738561,0.114625
2381,2551,0.2362094902705394,0.1146875
4113,3947,0.2362393375983629,0.11475
2850,3039,0.2362512867759392,0.1148125
2748,2942,0.23625675953860537,0.114875
621,762,0.23631237993629384,0.1149375
845,862,0.2363323381697029,0.115
2512,2749,0.23634807268746272,0.1150625
2378,2625,0.23635299821876288,0.115125
857,972,0.2363690497758597,0.1151875
3504,3745,0.23644824425110755,0.11525
445,675,0.23647836371392827,0.1153125
867,995,0.23650074538436172,0.115375
1215,1384,0.23652398010878528,0.1154375
3260,3247,0.236580186270146,0.1155
3641,3547,0.236581774515912,0.1155625
1445,1574,0.2367310919601664,0.115625
2691,2634,0.23682388931629816,0.1156875
107,19,0.2368525541207509,0.11575
318,171,0.23686420909708872,0.1158125
405,353,0.23689295982332226,0.115875
5935,2523,0.23693523222127055,0.1159375
3850,4009,0.2370359702737801,0.116
1113,1323,0.23703615274678214,0.1160625
2318,2326,0.2370538104496802,0.116125
2471,2711,0.23705797195691503,0.1161875
7129,4005,0.23707350997813137,0.11625
2568,2766,0.23707832179422894,0.1163125
145,265,0.2370852607353342,0.116375
3671,3803,0.23717052022254848,0.1164375
697,811,0.23723028703895466,0.1165
1464,1584,0.23724687040513004,0.1165625
941,1029,0.23726597734064114,0.116625
219,226,0.23729647528898568,0.1166875
2142,2313,0.2373399017923532,0.11675
2424,2495,0.23737931194403927,0.1168125
3952,3874,0.23740870198224684,0.116875
377,362,0.23769945321400598,0.1169375
2116,2319,0.23774888481887047,0.117
3693,3772,0.23782673593899517,0.1170625
3582,3662,0.2378282039384203,0.117125
1289,1472,0.23786512489820666,0.1171875
3794,3934,0.23787865412799647,0.11725
1299,1464,0.23788116989189234,0.1173125
128,152,0.23788190372950702,0.117375
2311,2520,0.2379310057414159,0.1174375
1469,1655,0.23795663588285265,0.1175
1050,1271,0.23800143273240337,0.1175625
888,931,0.23800455003802767,0.117625
266,220,0.23801339173292746,0.1176875
251,283,0.23802045459478904,0.11775
2699,2821,0.23803711718500153,0.1178125
3657,3876,0.23808212113294758,0.117875
1386,1232,0.23818778779511263,0.1179375
2071,2169,0.23820420044987145,0.118
3039,3353,0.23820707244101413,0.1180625
3636,3995,0.23821509780651695,0.118125
3828,3871,0.23836068190991,0.1181875
1551,1731,0.2383747560113818,0.11825
4145,3861,0.23857416426898226,0.1183125
100,134,0.2385862161655936,0.118375
2230,2449,0.23864424132972317,0.1184375
2742,2926,0.23874295661164524,0.1185
2227,2509,0.23875805483481827,0.1185625
3291,3563,0.238761647853039,0.118625
695,841,0.23880203970460911,0.1186875
1309,1295,0.23898460803935961,0.11875
1070,1049,0.23898879567877884,0.1188125
4143,3941,0.2390042356650497,0.118875
2133,2179,0.2390277353795227,0.1189375
1219,1368,0.23907973663335724,0.119
958,1063,0.23914111455432874,0.1190625
3496,3786,0.23915054610790776,0.119125
3696,3940,0.2391747773535826,0.1191875
2036,2070,0.2391771466960222,0.11925
2145,2312,0.2391787214558576,0.1193125
2807,3010,0.23930157313452582,0.119375
3928,3933,0.23937942131152568,0.1194375
105,201,0.2393824619587157,0.1195
1533,1656,0.23942899147962748,0.1195625
2578,2564,0.2394340917898603,0.119625
48,123,0.23946731550969602,0.1196875
3458,3657,0.23955043787293562,0.11975
276,405,0.2395589892399741,0.1198125
709,919,0.23964024959229846,0.119875
49,28,0.2397126837244392,0.1199375
963,1030,0.23973339205248578,0.12
2642,2763,0.2397622109061217,0.1200625
2827,3012,0.23983060604962247,0.120125
3186,3275,0.23988298155234133,0.1201875
3621,3942,0.23995598851354316,0.12025
1097,813,0.23995682660689965,0.1203125
3633,2940,0.24005977910479714,0.120375
67,135,0.24014935484046873,0.1204375
4074,3868,0.24018592139134398,0.1205
2120,2214,0.24019768648693685,0.1205625
3282,3542,0.24019804754902907,0.120625
2787,3076,0.24024058412589966,0.1206875
3025,3279,0.2403216015947578,0.12075
1092,1104,0.24033738750377154,0.1208125
3989,3747,0.24034922892468558,0.120875
3103,3336,0.24035249564235528,0.1209375
3273,3432,0.24046887287744312,0.121
1047,1161,0.24047537010353892,0.1210625
156,184,0.2404842145953019,0.121125
2683,2898,0.2404987215682013,0.1211875
2753,2190,0.2405039773365445,0.12125
1989,2128,0.24053043581059796,0.1213125
504,544,0.24054559525342967,0.121375
2377,2596,0.24069378502048266,0.1214375
599,488,0.24074738667673756,0.1215
1545,1761,0.24078393323284786,0.1215625
466,641,0.24084551969644252,0.121625
1340,1333,0.2408781715144812,0.1216875
2395,2335,0.24087916855191338,0.12175
3456,3430,0.2409994341754782,0.1218125
1267,1212,0.2411348247466094,0.121875
1834,1291,0.24117493420040148,0.1219375
3155,3178,0.24123027875873504,0.122
3098,3159,0.24123204155267786,0.1220625
3023,3129,0.24124711678285848,0.122125
342,375,0.24127349088892203,0.1221875
2500,2522,0.24128761897767959,0.12225
3310,3497,0.24135043017821545,0.1223125
3360,3250,0.24138333214477825,0.122375
259,351,0.24138866384100055,0.1224375
1371,1426,0.24155906340817523,0.1225
2482,2685,0.24157510475532717,0.1225625
2798,2957,0.24160067648409722,0.122625
212,163,0.241607594827423,0.1226875
408,581,0.24162234774680513,0.12275
2093,2217,0.2416233914973418,0.1228125
3152,3356,0.24162341634985296,0.122875
1731,1594,0.2416480521711435,0.1229375
419,594,0.24166434295283779,0.123
1496,1669,0.2416713967304247,0.1230625
3788,3853,0.24172548681644912,0.123125
3763,3893,0.24174599611131953,0.1231875
3782,3948,0.24180224930790928,0.12325
662,752,0.24180513974340556,0.1233125
472,195,0.2418153605906106,0.123375
143,237,0.2418285726563596,0.1234375
2677,2869,0.24187385866349587,0.1235
741,889,0.2418812440756568,0.1235625
702,723,0.24196712419536937,0.123625
1103,1140,0.24196891070712923,0.1236875
2185,2436,0.2420170056467441,0.12375
3000,2980,0.24201809676821995,0.1238125
6905,3695,0.24205909989234442,0.123875
885,156,0.24216474299023538,0.1239375
1467,1670,0.2422040451684211,0.124
3323,3416,0.24239694748206375,0.1240625
3941,3880,0.24243912859310512,0.124125
3818,3835,0.24245586783206363,0.1241875
2217,2126,0.242543389656106,0.12425
571,809,0.2425889428700998,0.1243125
3322,3532,0.2425902876139503,0.124375
1146,1044,0.24265645048357953,0.1244375
2914,2695,0.24265874647790042,0.1245
1290,1020,0.2426968940439167,0.1245625
1172,917,0.24271676189432867,0.124625
1062,1257,0.24274779595356222,0.1246875
163,164,0.2427492063640173,0.12475
3851,3979,0.24274949770705234,0.1248125
3156,3342,0.2428078585368212,0.124875
3342,3524,0.24285786010341326,0.1249375
1663,1708,0.24295979689290448,0.125
4220,377,0.243014304698427,0.1250625
1610,1743,0.24303107725313566,0.125125
2262,2470,0.24305814436206674,0.1251875
892,1002,0.24310635912215162,0.12525
3556,2906,0.2431548824630454,0.1253125
998,1096,0.24316485706889068,0.125375
232,345,0.24317222090451907,0.1254375
3623,3773,0.24318984174749403,0.1255
2522,2614,0.2432588142999066,0.1255625
3208,3297,0.24328717959912183,0.125625
578,559,0.24329527712995258,0.1256875
1022,1160,0.2433944966573307,0.12575
851,930,0.24339564450154683,0.1258125
1045,1058,0.24340041773434962,0.125875
200,250,0.24355407295596265,0.1259375
1283,1083,0.24356926109231836,0.126
1885,2100,0.2435956178795209,0.1260625
2358,2538,0.2436035389507083,0.126125
1692,1719,0.243624678785892,0.1261875
1010,1052,0.24368998730140845,0.12625
1360,1524,0.2437878027421334,0.1263125
3017,3181,0.24379479117681058,0.126375
1438,1234,0.24385380668465473,0.1264375
3270,3576,0.24390065416946527,0.1265
917,954,0.2439260668101042,0.1265625
3382,3572,0.24394376245652438,0.126625
1821,1787,0.24399423414399735,0.1266875
3394,3361,0.24402865220270087,0.12675
2889,3187,0.2440817700814364,0.1268125
1897,2039,0.244086060455885,0.126875
2838,3089,0.24409201695357297,0.1269375
3355,3506,0.24411144147381947,0.127
144,88,0.24416525379735532,0.1270625
1568,1791,0.24421129946716746,0.127125
361,383,0.2442320706113179,0.1271875
62,71,0.24427141107431538,0.12725
3871,3767,0.24428919691968076,0.1273125
787,875,0.2443619362691294,0.127375
2176,2336,0.24447140841473924,0.1274375
2698,2619,0.2445339319303912,0.1275
3842,4008,0.2445525181769881,0.1275625
977,980,0.24456893593620066,0.127625
2359,2453,0.24466395898545557,0.1276875
1201,1308,0.24469948934869024,0.12775
443,597,0.24476120334459495,0.1278125
2312,2540,0.24476432583878704,0.127875
3407,3580,0.24482502019964159,0.1279375
135,209,0.2449275353039937,0.128
7144,3340,0.2449555338596383,0.1280625
120,180,0.2449750919360163,0.128125
296,453,0.24512712236359135,0.1281875
3078,3265,0.24522477380821783,0.12825
1864,1969,0.24528128616012168,0.1283125
2562,2541,0.24537917164997225,0.128375
429,536,0.2453801523829,0.1284375
1709,1769,0.24540190515014615,0.1285
1272,1245,0.24541565788589992,0.1285625
587,730,0.2454794959906792,0.128625
1199,1318,0.245491225371552,0.1286875
2685,2958,0.24551577490001364,0.12875
932,1108,0.2455232937176106,0.1288125
2269,2473,0.2455558205670343,0.128875
2074,2161,0.24558463151856813,0.1289375
2025,2147,0.24560818577376153,0.129
3299,3157,0.24563090146955346,0.1290625
3149,3219,0.24566711332533941,0.129125
2401,2597,0.2457043189259025,0.1291875
1672,1927,0.24577603793093772,0.12925
279,440,0.2458213919083505,0.1293125
1162,1329,0.2458408872136033,0.129375
2645,2835,0.24595627589235391,0.1294375
441,532,0.24596495234533222,0.1295
387,474,0.24607769610124564,0.1295625
2566,2687,0.24609264173676593,0.129625
244,407,0.2461478952004157,0.1296875
170,233,0.24620485129613456,0.12975
431,574,0.24634675281204466,0.1298125
3423,3338,0.24638760274206106,0.129875
2938,2694,0.2463922029781429,0.1299375
3210,3382,0.24641088226678676,0.13
1069,1017,0.24645110934979186,0.1300625
3902,3931,0.24645807005038023,0.130125
1811,2001,0.24653931169791576,0.1301875
506,657,0.24659182035930627,0.13025
2011,2234,0.24668985183038217,0.1303125
2321,2454,0.24683344723189293,0.130375
553,600,0.24683767798818934,0.1304375
511,534,0.24684489851964742,0.1305
1200,1443,0.24685993573021392,0.1305625
110,137,0.2468810233404355,0.130625
142,206,0.24689636050299768,0.1306875
2162,2145,0.24693618448682741,0.13075
268,361,0.24695154709217348,0.1308125
783,783,0.24703091199309313,0.130875
3609,3969,0.24705054465329113,0.1309375
2238,2096,0.2470929280488008,0.131
1941,1725,0.2471553178646957,0.1310625
2946,3156,0.24716669694777238,0.131125
3031,3204,0.24720643728534242,0.1311875
3539,3553,0.24724572347804497,0.13125
542,591,0.24725379992355556,0.1313125
1574,1462,0.24734198144685138,0.131375
2435,2518,0.24739603816291833,0.1314375
2175,2228,0.2474115051522574,0.1315
3167,3409,0.24748276061257002,0.1315625
3501,3754,0.24756633704339492,0.131625
1630,1606,0.2476004104194942,0.1316875
3437,3555,0.24762032470010809,0.13175
3298,3130,0.24771891811172964,0.1318125
4294,1986,0.24776809121482302,0.131875
3160,3484,0.24784375297980432,0.1319375
1664,1701,0.24797752304581877,0.132
299,248,0.24817837774969576,0.1320625
3092,3040,0.24823349377544446,0.132125
2608,2637,0.24825479135887463,0.1321875
1142,1264,0.24826831273786354,0.13225
1365,1560,0.24829094350820924,0.1323125
2778,2797,0.2483103752034026,0.132375
3753,3927,0.24867298778741542,0.1324375
199,22,0.2486777847850168,0.1325
1730,1792,0.24870038668422012,0.1325625
3174,3310,0.24884527338076623,0.132625
2012,2040,0.24886030332339715,0.1326875
41,83,0.24886220353024413,0.13275
2985,3113,0.24900942823637706,0.1328125
2609,2648,0.24909943118120736,0.132875
734,578,0.24912153160789074,0.1329375
1037,1145,0.24913614433299358,0.133
1788,1922,0.24920716000411858,0.1330625
2596,2339,0.24925798092320406,0.133125
3089,3347,0.24926697940202303,0.1331875
335,514,0.24935823917394373,0.13325
3059,3212,0.24937621885209182,0.1333125
3440,3750,0.24938533684223785,0.133375
303,274,0.24943276959613314,0.1334375
3093,3144,0.24945171679433997,0.1335
3711,3568,0.249512211185845,0.1335625
1628,1718,0.24953835180085093,0.133625
2226,1721,0.2495957492224079,0.1336875
3252,3557,0.24960263992869614,0.13375
1798,1770,0.24961816645171098,0.1338125
5083,1853,0.24969428439993635,0.133875
562,414,0.24972698328193843,0.1339375
2254,2438,0.2497723308893569,0.134
7130,3961,0.2497859444388837,0.1340625
2581,2636,0.2499378152617453,0.134125
475,556,0.24997647658150157,0.1341875
2844,3038,0.2500671429381782,0.13425
167,284,0.25008326850487705,0.1343125
3427,3683,0.25013926867995906,0.134375
3525,3682,0.2501737191371376,0.1344375
2277,2309,0.2502581611958874,0.1345
2925,3127,0.25033407428662713,0.1345625
922,784,0.25034912895681316,0.134625
1025,1188,0.25040406331393683,0.1346875
3548,2404,0.2504651867145071,0.13475
2486,2746,0.25047460167661484,0.1348125
108,84,0.2504781204534323,0.134875
2137,2178,0.2506335944982254,0.1349375
3126,3363,0.2506570715330554,0.135
1777,1693,0.2507699315919467,0.1350625
550,691,0.2508652032689014,0.135125
1195,1118,0.25090153923171954,0.1351875
1325,1307,0.25094234134081717,0.13525
2220,2242,0.2511345811945773,0.1353125
6317,2681,0.25115185914199856,0.135375
1682,1773,0.25117894729663703,0.1354375
1068,750,0.2512178988698679,0.1355
2441,2373,0.25130997824058454,0.1355625
468,692,0.2513475036759161,0.135625
2999,3109,0.2513567752747008,0.1356875
2045,2199,0.2513587179176682,0.13575
3163,3259,0.2513601904141751,0.1358125
2810,3094,0.2513931928500597,0.135875
3748,3817,0.2514141177433089,0.1359375
2091,2320,0.2515226992397004,0.136
829,802,0.25156695666551343,0.1360625
3138,3027,0.2516293490712087,0.136125
3450,3331,0.2516338250488275,0.1361875
1395,1141,0.2517207723697936,0.13625
57,78,0.2517257120441707,0.1363125
2023,2081,0.2517953769597625,0.136375
2928,3037,0.25183242404807515,0.1364375
3179,3284,0.2519208124422221,0.1365
2552,2623,0.25194931140998733,0.1365625
4012,3888,0.2519607746775705,0.136625
1391,1573,0.25199044612685384,0.1366875
864,910,0.2519997366953248,0.13675
1706,1800,0.25204096682642785,0.1368125
579,696,0.2520556139529617,0.136875
4125,3945,0.2521781753035839,0.1369375
7463,2489,0.2521938991577315,0.137
3954,4006,0.2522454330488699,0.1370625
2485,2760,0.2522935972505138,0.137125
7926,3387,0.25238862086894187,0.1371875
3692,3840,0.25239460607826913,0.13725
131,2,0.25249262029565556,0.1373125
2956,3087,0.25254147638293034,0.137375
3391,3294,0.25257278215724455,0.1374375
1488,1525,0.25261081807477126,0.1375
746,727,0.2527764021610892,0.1375625
2907,3036,0.2528089966414768,0.137625
2411,2340,0.25281204567758664,0.1376875
518,418,0.25287577972192565,0.13775
147,212,0.25291152032098196,0.1378125
4175,3912,0.25294770248950726,0.137875
54,35,0.25305093150692315,0.1379375
3544,563,0.2530994680966927,0.138
3616,3895,0.2533783724416594,0.1380625
2521,2612,0.25338840597186163,0.138125
2484,2678,0.2534045607249027,0.1381875
1405,1519,0.2534927107842009,0.13825
5297,1016,0.25350604651067954,0.1383125
4218,1785,0.2535293543297712,0.138375
498,670,0.2535500557473114,0.1384375
1881,2008,0.25359610193169146,0.1385
3632,3894,0.25363021198154456,0.1385625
639,733,0.25365104103936176,0.138625
4248,3990,0.2536719715309914,0.1386875
2657,2928,0.2536757073252147,0.13875
525,473,0.25380473396663916,0.1388125
671,781,0.25381235449346207,0.138875
2752,2858,0.2538247623872394,0.1389375
1453,1461,0.25396158074468644,0.139
2915,2403,0.25404173712124134,0.1390625
766,932,0.2541459096628813,0.139125
1575,1502,0.25417721504393853,0.1391875
2448,2638,0.25421263086278145,0.13925
160,194,0.25433525759297027,0.1393125
2728,2909,0.25443709220019173,0.139375
1874,1975,0.2545136521900986,0.1394375
2548,2703,0.2545143684874347,0.1395
1315,1290,0.254529001850031,0.1395625
1552,1748,0.2545680072625771,0.139625
2136,2110,0.2545796192646037,0.1396875
3217,3341,0.2546517325525315,0.13975
2721,2794,0.25469752953546276,0.1398125
3309,3317,0.2547125513267474,0.139875
2563,2701,0.2547331222007756,0.1399375
1918,2045,0.2547380585669714,0.14
196,181,0.25475440122396265,0.1400625
1034,1220,0.25479656284606733,0.140125
1890,1923,0.254960805040497,0.1401875
3566,3510,0.2550457337631542,0.14025
3660,3798,0.25504849535349194,0.1403125
2939,3194,0.2551015668421428,0.140375
1253,1303,0.25511557645937444,0.1404375
2391,2557,0.2551357924670299,0.1405
2588,2896,0.25514626157001885,0.1405625
2044,2196,0.255167896443794,0.140625
486,566,0.25517540432699803,0.1406875
1273,1272,0.2552677231517464,0.14075
2335,2443,0.25531849041993837,0.1408125
1005,971,0.2553195646387678,0.140875
2198,2416,0.25543525978690695,0.1409375
1382,1356,0.25543753060426866,0.141
2147,2033,0.2554632525462921,0.1410625
2110,2195,0.25548028265501443,0.141125
630,681,0.2554898658096221,0.1411875
2042,2088,0.25563326198476943,0.14125
3043,3316,0.2557209758930412,0.1413125
2976,2986,0.2557218446162324,0.141375
1809,1924,0.2557300962313036,0.1414375
1190,1489,0.25576018750749085,0.1415
677,661,0.25581158617853106,0.1415625
414,449,0.25582048128475776,0.141625
484,381,0.25589996603723364,0.1416875
2684,2707,0.25594267241137914,0.14175
2291,2119,0.25596806265573946,0.1418125
2675,2447,0.2561576779665131,0.141875
1192,1227,0.2561632284047448,0.1419375
2740,2855,0.25624829844633723,0.142
962,978,0.2562565223578446,0.1420625
3876,3658,0.25630388585074115,0.142125
2614,2781,0.2563437283969279,0.1421875
2054,2066,0.25638274320235155,0.14225
261,188,0.2564268263902427,0.1423125
2467,2532,0.2564288813704536,0.142375
1780,1889,0.2564800830720628,0.1424375
512,580,0.25657771139987773,0.1425
3777,3944,0.2566210545099352,0.1425625
2947,3103,0.25662274394898077,0.142625
1583,1580,0.2566660079290841,0.1426875
2525,2690,0.25667266919703025,0.14275
3331,3420,0.2566871853680368,0.1428125
1965,2116,0.256714633171498,0.142875
2028,2237,0.2567392993047122,0.1429375
3140,3166,0.2567454316637736,0.143
289,256,0.2567475922287912,0.1430625
992,853,0.2567858192850707,0.143125
2363,2279,0.25683101917258,0.1431875
410,452,0.2569000313279446,0.14325
3629,3679,0.2569232390893603,0.1433125
3311,598,0.2569406749814078,0.143375
1795,1870,0.25694698649564884,0.1434375
768,648,0.25696849306262237,0.1435
3558,3738,0.256987195145598,0.1435625
728,774,0.2570774063663066,0.143625
2177,2366,0.25708649193526867,0.1436875
3489,3670,0.2571079804604892,0.14375
2192,2352,0.2571993632170688,0.1438125
694,121,0.2572896446140742,0.143875
3106,3302,0.2573016719443899,0.1439375
2803,3019,0.25732240349663016,0.144
2352,2188,0.2574547999700201,0.1440625
375,456,0.25749708016571304,0.144125
1462,1299,0.2575313836545803,0.1441875
2519,2831,0.2575907203977863,0.14425
159,165,0.25761251228449566,0.1443125
1607,1687,0.2576393417278098,0.144375
1118,1357,0.2576490015625552,0.1444375
3018,3253,0.25765107767659856,0.1445
2885,2814,0.25775414273959996,0.1445625
3233,3483,0.2577850460802438,0.144625
3659,3529,0.2578292917266367,0.1446875
1789,1951,0.25785120609029377,0.14475
502,669,0.257916829716045,0.1448125
2997,3147,0.25792457981327743,0.144875
2460,2539,0.25803032356398603,0.1449375
2249,2289,0.25806792866481487,0.145
2974,3143,0.2580750041364581,0.1450625
1829,1772,0.25808112658350524,0.145125
3454,3570,0.2580847736261376,0.1451875
894,896,0.25826730636734396,0.14525
308,189,0.2584454642110501,0.1453125
2970,2931,0.2584578611410393,0.145375
3307,3498,0.25846059055629667,0.1454375
1458,1339,0.2584667502465692,0.1455
3959,3824,0.25847110743865187,0.1455625
1153,1154,0.25848156132315125,0.145625
1806,1914,0.2585413272928463,0.1456875
401,516,0.2585892871478279,0.14575
2034,2267,0.2587102450507075,0.1458125
554,421,0.2587706385703683,0.145875
3716,3932,0.2588473501218118,0.1459375
2973,3201,0.25884777257238056,0.146
2126,2266,0.2588575661679897,0.1460625
994,1088,0.25885967175965163,0.146125
2209,2171,0.25908049923754106,0.1461875
688,415,0.2591689996712816,0.14625
882,953,0.2592179137912467,0.1463125
2279,2174,0.25922875525756695,0.146375
1188,1378,0.2593003178015465,0.1464375
3060,3277,0.259330788177067,0.1465
2207,2308,0.25936120985755906,0.1465625
1054,1157,0.2597293670631444,0.146625
1375,1535,0.25976742173452294,0.1466875
561,742,0.25993014186134644,0.14675
7297,3862,0.25997933650245386,0.1468125
2598,2534,0.2600759373284802,0.146875
2766,2621,0.2601735822913156,0.1469375
3790,3592,0.26018039176165075,0.147
3219,3315,0.2601807829874474,0.1470625
2757,2934,0.26023919524209305,0.147125
1594,1563,0.26027318523409804,0.1471875
2840,2488,0.26028196788627156,0.14725
1208,1389,0.26031104349374345,0.1473125
883,810,0.2603219894479878,0.147375
1399,1630,0.26036458238664295,0.1474375
3869,3891,0.26037379244235126,0.1475
2648,2700,0.2603799481573219,0.1475625
3369,3350,0.2604013584972904,0.147625
1108,1258,0.26045898111014765,0.1476875
1707,1944,0.26047786935433237,0.14775
1228,1465,0.2604868220720107,0.1478125
3116,3437,0.2605100087873211,0.147875
4423,3362,0.26055325422055375,0.1479375
881,1018,0.2605562913870756,0.148
764,879,0.2605785792654416,0.1480625
3878,3992,0.2606048087649242,0.148125
2428,2368,0.2606948325365295,0.1481875
1373,1500,0.2608569488101864,0.14825
2696,2956,0.2608804966515095,0.1483125
3683,3806,0.2609399393437002,0.148375
1817,606,0.26094133793190366,0.1484375
281,175,0.26098473168046965,0.1485
3240,3312,0.26098795447063594,0.1485625
2167,2376,0.2609918859598963,0.148625
206,357,0.2609964647277607,0.1486875
1506,1592,0.2610108684664283,0.14875
448,419,0.26105039930408225,0.1488125
2083,2160,0.2611475044444944,0.148875
1244,1337,0.2611745991135166,0.1489375
451,457,0.26129064400633695,0.149
2858,3096,0.2613118462116404,0.1490625
1227,1146,0.2614396839248627,0.149125
2283,2243,0.26144943759064176,0.1491875
588,551,0.26152854250088353,0.14925
3589,3692,0.261561705281224,0.1493125
2426,2503,0.26158095942923865,0.149375
2896,2903,0.2616756774760347,0.1494375
274,428,0.2616781039083591,0.1495
929,1015,0.261743665064742,0.1495625
3784,169,0.26183330179243747,0.149625
1805,1950,0.2618667573675282,0.1496875
3302,3436,0.26205502300229,0.14975
301,378,0.262102856741528,0.1498125
833,726,0.2621044446630094,0.149875
2493,2734,0.2621338065805503,0.1499375
1606,1601,0.26216499008248206,0.15
109,125,0.26217408653818985,0.1500625
4013,3949,0.2622048832231485,0.150125
3011,3211,0.2622331296066136,0.1501875
3479,3769,0.262300719172174,0.15025
508,613,0.2623350742432322,0.1503125
586,647,0.2624606221566239,0.150375
3846,3917,0.26254649768736726,0.1504375
5634,2834,0.2625727632729422,0.1505
3676,3421,0.26257918242686173,0.1505625
914,987,0.2627395951244722,0.150625
3475,3666,0.2628246887058481,0.1506875
3199,3386,0.2628640094653747,0.15075
3328,3311,0.2628761976295664,0.1508125
193,249,0.2628906298211078,0.150875
140,128,0.26289839723379593,0.1509375
2528,2633,0.26292837730852625,0.151
769,763,0.2629568379563523,0.1510625
3066,3179,0.2630852767206875,0.151125
1712,1650,0.2630942630526363,0.1511875
2913,2748,0.26310219505000987,0.15125
2474,2776,0.26325967565497876,0.1513125
2437,2569,0.2633036527184345,0.151375
3297,3528,0.263376401757796,0.1514375
1846,1965,0.26339816829027995,0.1515
1447,1517,0.2634130659563425,0.1515625
3246,3365,0.26345333886553135,0.151625
2245,2115,0.26361021851914757,0.1516875
1293,883,0.26361273975834365,0.15175
3341,3318,0.26363304086169137,0.1518125
4201,3967,0.2636788153643579,0.151875
81,211,0.263740153830355,0.1519375
1815,1932,0.2637467899672572,0.152
2255,2231,0.2637705710921239,0.1520625
6502,3951,0.26382947731440254,0.152125
620,442,0.2638311091508925,0.1521875
610,689,0.2638497627529972,0.15225
3110,3444,0.2638685070413658,0.1523125
3115,3180,0.2638976720912751,0.152375
30,36,0.263910490019037,0.1524375
1225,1263,0.2639149830605021,0.1525
10,131,0.2639331566138754,0.1525625
837,866,0.2639387597158702,0.152625
2329,2332,0.263944639075703,0.1526875
594,660,0.2639498326621137,0.15275
3194,3367,0.2639775907456965,0.1528125
3913,3694,0.26406109142533296,0.152875
1001,1073,0.2641769827718434,0.1529375
3385,3449,0.2642147638807728,0.153
1144,1165,0.2642309473905442,0.1530625
1843,1942,0.2642673683506871,0.153125
3974,3831,0.2643424141568289,0.1531875
2468,2552,0.2644318524637299,0.15325
1978,2223,0.2644773681700201,0.1533125
3079,3261,0.26462679396803424,0.153375
1694,1910,0.2646593653859952,0.1534375
3674,3828,0.26467072931870916,0.1535
2833,2985,0.2646766920980781,0.1535625
1814,1872,0.264689642623523,0.153625
1002,1163,0.26476412156678464,0.1536875
3823,3968,0.2647836373595851,0.15375
1543,1623,0.26479673260408276,0.1538125
1402,1503,0.2649254353033257,0.153875
3599,3764,0.26496115157050326,0.1539375
2264,2572,0.2649761855552981,0.154
407,522,0.2649984446281266,0.1540625
2516,2862,0.2650430879465375,0.154125
3052,3202,0.26509489612510606,0.1541875
2121,2173,0.2651350909784753,0.15425
3607,3034,0.26518179309437073,0.1543125
3007,3188,0.26519516587956105,0.154375
2337,2651,0.26523273360172084,0.1544375
210,127,0.26523437353754886,0.1545
2736,2859,0.26530179547586386,0.1545625
748,915,0.26530478407030955,0.154625
1351,1185,0.26535545104339064,0.1546875
1980,2073,0.26554563894387684,0.15475
1856,2095,0.2656374564072621,0.1548125
2341,2384,0.2656520223696077,0.154875
122,41,0.26570667804634196,0.1549375
118,77,0.26571346446697763,0.155
848,913,0.2658231465435392,0.1550625
3738,3765,0.26583860564232964,0.155125
548,575,0.2658651949036326,0.1551875
3494,3593,0.2659743977015978,0.15525
2361,2486,0.26598234874521154,0.1553125
1836,1892,0.2660105549323646,0.155375
597,558,0.266045640881984,0.1554375
3254,1205,0.26609325162057473,0.1555
1560,1805,0.2661034817347172,0.1555625
897,904,0.2661284754326658,0.155625
804,847,0.26618244907292876,0.1556875
2007,2288,0.2661902355552854,0.15575
2292,2422,0.2662802545091836,0.1558125
3663,3818,0.26628530152913754,0.155875
521,155,0.2663057946803047,0.1559375
1383,1387,0.26631717121071574,0.156
1468,1522,0.2664137721747295,0.1560625
3555,3771,0.26654940497422785,0.156125
2583,2505,0.2666129490629032,0.1561875
2984,3276,0.2667733140676205,0.15625
2260,1533,0.26690249198458105,0.1563125
73,157,0.26692199937332894,0.156375
1787,1912,0.26700927996688506,0.1564375
2891,3104,0.26707247131338363,0.1565
2309,2036,0.2671363669875859,0.1565625
523,610,0.26716146373090766,0.156625
321,340,0.2671865883245417,0.1566875
666,706,0.2672354570469082,0.15675
3133,3105,0.2673452726140795,0.1568125
1848,1917,0.2674516872392587,0.156875
3374,3447,0.26747136917862235,0.1569375
818,936,0.2674732390164394,0.157
3255,3410,0.2675523378807725,0.1570625
1662,1680,0.26764538236014346,0.157125
378,277,0.2676544046320437,0.1571875
3528,3650,0.26777975192192116,0.15725
1959,2232,0.26783620381482365,0.1573125
1198,1311,0.26784582850139316,0.157375
2231,2177,0.2679624166164558,0.1574375
2590,2709,0.26805352428965534,0.1575
1678,1562,0.26819837350652165,0.1575625
880,711,0.268238049648275,0.157625
1380,1538,0.2682767957460044,0.1576875
2348,2360,0.2683265391728469,0.15775
2181,2359,0.26855245986874365,0.1578125
1430,1544,0.26856616241855136,0.157875
2842,699,0.2686766774879743,0.1579375
2751,2863,0.26871245682337985,0.158
2356,2460,0.2687583956937374,0.1580625
2204,2362,0.2687639293461075,0.158125
3976,3960,0.2687796712596082,0.1581875
24,124,0.2687897281704146,0.15825
1086,588,0.26881916020860785,0.1583125
4001,3741,0.2688521271674631,0.158375
2876,2971,0.2688722333270448,0.1584375
1973,1164,0.26887905368369047,0.1585
208,301,0.2689468031315201,0.1585625
2014,2221,0.268994756594509,0.158625
2503,2578,0.26916534582608165,0.1586875
871,1066,0.26931698378614044,0.15875
2473,2680,0.26941957564656605,0.1588125
1966,2121,0.26948962201970517,0.158875
901,579,0.2695087371426368,0.1589375
1461,1682,0.26954713490258086,0.159
322,210,0.26954824318604764,0.1590625
2564,2742,0.269669409906669,0.159125
3377,3605,0.26971599840732097,0.1591875
1202,1482,0.2697289818978845,0.15925
3725,3851,0.2697411107350831,0.1593125
2463,2652,0.26976721627841016,0.159375
3586,3897,0.2697787945658092,0.1594375
3339,3448,0.2698158605917911,0.1595
1922,2013,0.2698392337286464,0.1595625
119,130,0.26990021326108327,0.159625
3700,3137,0.26996423446314566,0.1596875
1589,1405,0.26997204543792463,0.15975
3483,3639,0.27000317681893193,0.1598125
629,731,0.27001902433288194,0.159875
2076,2108,0.27005254994728034,0.1599375
3975,3852,0.2701474991381474,0.16
2794,2913,0.27015606381894486,0.1600625
1012,1202,0.27018003443065197,0.160125
275,272,0.2701974804889069,0.1601875
1879,2062,0.27024596146006274,0.16025
2179,2346,0.2703263560430287,0.1603125
533,228,0.2703557494712996,0.160375
1669,1916,0.27037014084510247,0.1604375
2772,2950,0.27040081325355914,0.1605
1914,1934,0.27043908134223216,0.1605625
2170,2311,0.27046618246333765,0.160625
2502,2650,0.2704805536947674,0.1606875
541,759,0.2705130915530418,0.16075
604,702,0.27056461582463953,0.1608125
1626,1777,0.2706002185940406,0.160875
1129,1144,0.27063044117466006,0.1609375
3346,3522,0.2706625550474655,0.161
2952,3026,0.2709299508404115,0.1610625
3557,3825,0.270986274079803,0.161125
875,887,0.2709873487650043,0.1611875
1057,1089,0.2711222754373921,0.16125
2171,2235,0.2711562530568301,0.1613125
1396,1520,0.2712197963057861,0.161375
1875,2086,0.27127785807425653,0.1614375
708,577,0.2712809039653976,0.1615
1178,1172,0.2712843384521477,0.1615625
5247,1345,0.2713032008737173,0.161625
2957,2871,0.2713733080951215,0.1616875
71,166,0.2713949501945123,0.16175
3448,3655,0.27140592154290744,0.1618125
785,822,0.27163178451480974,0.161875
2739,2828,0.27164580883390954,0.1619375
1023,934,0.2716931101413991,0.162
152,262,0.2717121920712877,0.1620625
1779,1733,0.2717263697720398,0.162125
2931,3167,0.27179565156535546,0.1621875
524,655,0.27183720427874647,0.16225
3318,3526,0.2718692640493714,0.1623125
3406,3472,0.2718785432526829,0.162375
1216,1497,0.2718954822361752,0.1624375
306,413,0.2719326391032908,0.1625
114,21,0.2719732392959642,0.1625625
2978,3051,0.2719763248844629,0.162625
396,552,0.27198160831090235,0.1626875
56,97,0.2720101250133862,0.16275
839,858,0.2721026945735048,0.1628125
356,363,0.27212433173263406,0.162875
1559,1778,0.27212589108646057,0.1629375
2106,2377,0.2721544600549919,0.163
2383,2566,0.2722099283577393,0.1630625
2770,2696,0.27221604157836055,0.163125
3175,2592,0.27222841645991025,0.1631875
3852,3980,0.2722288596223734,0.16325
678,817,0.27227230969647565,0.1633125
1255,1142,0.2723320850876121,0.163375
3019,3258,0.2724218200709174,0.1634375
43,17,0.27243783543360456,0.1635
625,825,0.2724886481373545,0.1635625
190,263,0.27251600215487315,0.163625
682,629,0.27251721588742583,0.1636875
3151,3323,0.27255362938808503,0.16375
3392,3530,0.27259907768922176,0.1638125
2811,2743,0.2726490064982272,0.163875
1508,1681,0.2726695977392808,0.1639375
1658,1757,0.27269305664395915,0.164
3849,3759,0.27277843692166925,0.1640625
3679,3982,0.2728455615140888,0.164125
1585,1667,0.2728638605376261,0.1641875
2664,2775,0.2729265371212364,0.16425
710,747,0.2729299083529355,0.1643125
3131,3303,0.27295820353759837,0.164375
1366,1171,0.2730454206731565,0.1644375
3709,3512,0.27317329435038573,0.1645
3529,3677,0.27318316659238917,0.1645625
1344,1510,0.273302801605098,0.164625
495,592,0.27332745519453994,0.1646875
2478,2693,0.2733981008703381,0.16475
2824,2860,0.27339828503534136,0.1648125
2595,2731,0.2734319177333191,0.164875
528,483,0.2734367399932722,0.1649375
1431,1578,0.27343953546954936,0.165
552,749,0.2734885355777408,0.1650625
2709,2854,0.27351593320196343,0.165125
2771,2790,0.27353975464041014,0.1651875
1240,1527,0.27357793827641785,0.16525
8330,3994,0.27359003881491617,0.1653125
2322,2238,0.27359798522303436,0.165375
1661,1699,0.27367696367750227,0.1654375
347,489,0.273875326152492,0.1655
527,744,0.27387760915492265,0.1655625
1754,1840,0.2741386664714014,0.165625
2182,2292,0.2742762266506986,0.1656875
2855,2919,0.2743147573634701,0.16575
2338,2402,0.27437938871878487,0.1658125
684,710,0.27438797758580336,0.165875
1158,1008,0.27447354939798174,0.1659375
364,467,0.274475849358943,0.166
207,192,0.27450670402068766,0.1660625
1700,1593,0.2745950659286507,0.166125
1711,1637,0.27460304520516843,0.1661875
1716,1830,0.27461696450851036,0.16625
966,1072,0.27462179393867814,0.1663125
591,628,0.2748183116462428,0.166375
3231,3450,0.2748407748938462,0.1664375
3900,3829,0.2748647747155246,0.1665
2597,2525,0.27497911468691427,0.1665625
7166,3591,0.2750464656028271,0.166625
1480,1572,0.2750661935640437,0.1666875
1947,2210,0.27519320596957186,0.16675
2369,2244,0.2752115202405321,0.1668125
3461,3520,0.275264424913928,0.166875
427,366,0.27527172101401476,0.1669375
2878,827,0.2753563374139958,0.167
2517,2657,0.2753925274174662,0.1670625
2195,2236,0.2753930196650458,0.167125
3625,3802,0.2754474060753864,0.1671875
3119,2964,0.27551858468171986,0.16725
2330,2553,0.2755355367096115,0.1673125
399,276,0.27559648304636397,0.167375
1379,1526,0.27564892866840296,0.1674375
1577,1607,0.2757399431455667,0.1675
153,140,0.2759440233061632,0.1675625
16,168,0.2760255919524752,0.167625
1764,1842,0.2762125739235728,0.1676875
1837,1906,0.27645148656426954,0.16775
806,852,0.27649326285568065,0.1678125
790,729,0.2765512228015865,0.167875
3150,3235,0.276619138740557,0.1679375
2881,2999,0.2766235414657672,0.168
1889,1983,0.27663362685333936,0.1680625
3758,3809,0.2766385638710176,0.168125
3490,3669,0.27663965119825207,0.1681875
426,376,0.2768092449348174,0.16825
2191,2278,0.2768616589779356,0.1683125
531,139,0.2769077556189412,0.168375
1866,2049,0.27693015808085875,0.1684375
2747,2936,0.2769815708296619,0.1685
376,495,0.27705080635338675,0.1685625
522,519,0.27712818593829525,0.168625
1688,1919,0.27715420635294663,0.1686875
2673,2771,0.27715751959942736,0.16875
198,325,0.27725030699754427,0.1688125
3080,3163,0.2772750217957878,0.168875
2434,2639,0.2772761581988732,0.1689375
2933,3131,0.2774105540899541,0.169
2097,2370,0.27749580456301715,0.1690625
809,805,0.27757176791119775,0.169125
2665,2935,0.2776110980204294,0.1691875
3990,3950,0.2777205532444782,0.16925
2081,2230,0.27775047565828004,0.1693125
1051,1086,0.27790256181299355,0.169375
3215,2589,0.2779598845772284,0.1694375
918,968,0.27800673546002486,0.1695
1873,2065,0.2780256243534609,0.1695625
850,204,0.2780323757169043,0.169625
392,382,0.2780859668623137,0.1696875
624,888,0.2781106114631342,0.16975
1414,1217,0.27814873008397,0.1698125
673,562,0.2781693611378131,0.169875
1646,1694,0.2782139984063008,0.1699375
2301,2465,0.27821705949446596,0.17
3885,3993,0.2784361971450835,0.1700625
636,713,0.2784496486328436,0.170125
416,427,0.27849810368583405,0.1701875
1800,1124,0.27850356436459833,0.17025
2507,2737,0.2785476781584748,0.1703125
2759,2817,0.2786527715820739,0.170375
449,528,0.278707396623858,0.1704375
2299,2385,0.27875928666682626,0.1705
1251,1041,0.2788125413152329,0.1705625
3073,3171,0.27882432171924165,0.170625
1987,1945,0.27889913634606955,0.1706875
951,1112,0.27893257524721093,0.17075
3624,3462,0.27897558240886156,0.1708125
3434,3583,0.27902466547300264,0.170875
3655,3919,0.2790332358638352,0.1709375
186,205,0.2790681611270571,0.171
3212,3480,0.2792163624548607,0.1710625
2856,3110,0.2792866195272268,0.171125
2347,2535,0.2792889253951216,0.1711875
3313,3638,0.2793264620015634,0.17125
2241,2372,0.2793689253545324,0.1713125
235,153,0.2793926805328457,0.171375
148,302,0.27942534301908495,0.1714375
1520,1445,0.27946342872618857,0.1715
2099,2293,0.27954365481616605,0.1715625
1638,1557,0.27957158453338593,0.171625
3551,3753,0.27960725681413123,0.1716875
1275,1478,0.2796074466880327,0.17175
1870,2094,0.27965424872283506,0.1718125
3095,3360,0.279711561118404,0.171875
3457,3615,0.279771004977988,0.1719375
536,658,0.279851526978959,0.172
3531,3733,0.2798673915195877,0.1720625
1374,1532,0.2799859861910363,0.172125
3292,3590,0.2800339498600124,0.1721875
2861,3032,0.28013836094851285,0.17225
469,667,0.28013975658336676,0.1723125
2796,2998,0.28017909793595663,0.172375
3417,3626,0.280239773753749,0.1724375
3063,3307,0.2802702851167851,0.1725
3102,3298,0.28030291735603896,0.1725625
747,775,0.2803459928905312,0.172625
280,338,0.28034761061639557,0.1726875
5513,2229,0.28041176633720966,0.17275
3285,3313,0.28043402989072774,0.1728125
1083,1280,0.2804603071292604,0.172875
2451,2526,0.28048852787892997,0.1729375
514,391,0.28050214550015795,0.173
2661,2789,0.28059548623633646,0.1730625
1823,2120,0.28064090705194644,0.173125
64,177,0.2806639823037749,0.1731875
2323,2334,0.280838441492989,0.17325
603,770,0.2808748037879667,0.1733125
1287,1521,0.2809364440450395,0.173375
373,429,0.280938278645543,0.1734375
1850,1704,0.2809750562319948,0.1735
520,424,0.2810017050105955,0.1735625
699,167,0.28105252049224383,0.173625
773,700,0.28106204652843303,0.1736875
442,531,0.28125493997384865,0.17375
1719,1409,0.281474397708962,0.1738125
3277,3368,0.28161084411152615,0.173875
2576,2726,0.28168439615950547,0.1739375
2540,2606,0.2817287914919575,0.174
2504,2593,0.2817843309049124,0.1740625
1775,1915,0.28184041440570695,0.174125
3486,3579,0.28196002193641334,0.1741875
965,1119,0.28197753129688863,0.17425
1246,1379,0.281986838828999,0.1743125
1555,1754,0.28206592943254805,0.174375
4068,3781,0.2822985091120813,0.1744375
2497,2710,0.28235827892081033,0.1745
3754,3838,0.2824192482872263,0.1745625
3908,3885,0.28242101033612244,0.174625
1605,1866,0.28244782733756324,0.1746875
1440,1138,0.2825223877867984,0.17475
3577,3554,0.2825340504924725,0.1748125
1997,2098,0.2825350735900827,0.174875
3104,3136,0.2825662749449407,0.1749375
2187,2474,0.28260064039022836,0.175
1576,1476,0.28265224975541514,0.1750625
551,649,0.2826964609568705,0.175125
2852,3108,0.282696994288699,0.1751875
1976,2037,0.2827374769060498,0.17525
1084,1416,0.2827479910420436,0.1753125
3466,3582,0.2828097452517113,0.175375
814,867,0.28283964189520816,0.1754375
567,583,0.2828402689404612,0.1755
2804,2740,0.2829264888343346,0.1755625
1036,1040,0.2829947611495527,0.175625
2100,1868,0.28299615413610013,0.1756875
3399,3445,0.2829967761333023,0.17575
640,279,0.2830119300715914,0.1758125
2629,2558,0.2831035464898264,0.175875
2293,1961,0.2831427058954432,0.1759375
893,1074,0.2831493549043387,0.176
1667,1799,0.28316921415105867,0.1760625
3195,3502,0.2832583085452711,0.176125
1392,1518,0.2833411342510601,0.1761875
2472,2744,0.28345639787801247,0.17625
913,959,0.28355993517295985,0.1763125
895,1100,0.2835612199427544,0.176375
367,317,0.28358898239190466,0.1764375
2062,2080,0.28359491930794434,0.1765
3332,3439,0.28361463742669457,0.1765625
652,587,0.28372427658157306,0.176625
507,395,0.28372526994205316,0.1766875
3744,3976,0.28373605666121193,0.17675
1274,1340,0.28377595928348853,0.1768125
446,81,0.28384307344330306,0.176875
252,207,0.28416855307088085,0.1769375
1933,2083,0.28422839758451346,0.177
1418,1649,0.28423112748578205,0.1770625
2589,2921,0.28428895359343187,0.177125
3146,3371,0.2844301142887957,0.1771875
1077,1079,0.2844827864667536,0.17725
3232,3505,0.2844865242631158,0.1773125
2606,2679,0.284488294863138,0.177375
2551,2577,0.2845460129099706,0.1774375
47,59,0.2845703711043326,0.1775
1105,1060,0.28460520140710344,0.1775625
1961,1985,0.28462627705548016,0.177625
2924,1281,0.2846739096766413,0.1776875
2627,2730,0.28472108424864473,0.17775
369,359,0.2847991721541021,0.1778125
558,561,0.2848438510508515,0.177875
3193,3221,0.2848974293011679,0.1779375
2663,2669,0.28489870878169654,0.178
2557,2613,0.28501901794803075,0.1780625
1936,1873,0.28509796113689845,0.178125
2367,2663,0.2851575450156929,0.1781875
174,104,0.2851860247438047,0.17825
3042,3314,0.2852262518316593,0.1783125
3605,3848,0.28522855562999894,0.178375
2308,2472,0.28525577232630894,0.1784375
270,339,0.285294739601639,0.1785
1878,1963,0.2853073437458704,0.1785625
1810,1995,0.2853469536121338,0.178625
231,259,0.2853929135596971,0.1786875
3438,3684,0.2854805009185384,0.17875
1362,1514,0.28552604175266083,0.1788125
1316,1425,0.28554912599864224,0.178875
544,659,0.2855761445801903,0.1789375
154,224,0.2856019701097203,0.179
2298,2622,0.2856982433194162,0.1790625
360,364,0.2857419414514055,0.179125
1525,1692,0.28574951598781695,0.1791875
2157,2448,0.2858815275240829,0.17925
1018,1162,0.28601366386121185,0.1793125
2953,3050,0.28604960981903105,0.179375
3111,3300,0.28605563602036455,0.1794375
1507,1657,0.28611424628769555,0.1795
2259,2527,0.2861394026776338,0.1795625
2458,2374,0.28617444387387536,0.179625
3601,3515,0.2863581994387232,0.1796875
168,129,0.2864490085403322,0.17975
99,63,0.2865067856120955,0.1798125
3697,3634,0.2865104175524493,0.179875
887,918,0.2865228054881044,0.1799375
1950,2082,0.2866656359897206,0.18
1404,1458,0.2866868699947247,0.1800625
921,1021,0.2867556477068689,0.180125
52,91,0.28684608492286845,0.1801875
744,876,0.2869061223191238,0.18025
2579,2705,0.28690872714463467,0.1803125
203,275,0.2869173817969255,0.180375
3634,3206,0.28698038751599597,0.1804375
5776,2050,0.2869896874537119,0.1805
1479,1672,0.28700815474971364,0.1805625
2808,2955,0.28708820996502027,0.180625
66,158,0.28716446764157766,0.1806875
2613,2779,0.28723310956149817,0.18075
2744,2864,0.2872531410251895,0.1808125
933,1136,0.2872955929312013,0.180875
1655,1735,0.28729842083109247,0.1809375
388,517,0.2873701584017425,0.181
139,268,0.2874276451288651,0.1810625
1705,1784,0.28744518624705506,0.181125
165,196,0.287551246501053,0.1811875
2479,2670,0.28757554660538176,0.18125
1252,1225,0.2876321418892047,0.1813125
3800,3800,0.2876636722068042,0.181375
238,147,0.2876672446281674,0.1814375
3058,3045,0.2876835794979229,0.1815
1019,1175,0.2878508457994826,0.1815625
357,403,0.2878997185379717,0.181625
2547,2664,0.28796118834236495,0.1816875
3181,3197,0.2879860267154868,0.18175
3415,3611,0.2881794769150474,0.1818125
1454,1555,0.28818646988185037,0.181875
166,270,0.28820896468988977,0.1819375
2266,2441,0.2882292664692159,0.182
642,721,0.2883196690281977,0.1820625
3132,3451,0.28833154385614534,0.182125
1067,1080,0.2883734296860041,0.1821875
243,281,0.2883742925314756,0.18225
1975,2216,0.28838416060546024,0.1823125
5539,3527,0.2885973564867754,0.182375
428,370,0.28873113145083096,0.1824375
3598,3499,0.28879187641956605,0.1825
1017,1203,0.28881710560726503,0.1825625
3401,3301,0.2889382871688895,0.182625
3203,3270,0.2891346988528767,0.1826875
3834,3916,0.28916134953931305,0.18275
278,430,0.28920202600357214,0.1828125
2829,2799,0.28928479390577877,0.182875
1714,840,0.28931632377650374,0.1829375
2847,2914,0.28935662898396686,0.183
1030,1143,0.2894748542155128,0.1830625
2730,2949,0.28954140324566424,0.183125
2006,2022,0.28964001774232884,0.1831875
1782,1999,0.28983865836289624,0.18325
3034,3226,0.28984132699696374,0.1833125
2611,2778,0.28987032021285586,0.183375
751,486,0.2898989092827122,0.1834375
1651,1826,0.28991181191022974,0.1835
2015,2222,0.29000889389931217,0.1835625
3511,3685,0.29012789521152627,0.183625
2768,2833,0.2902053278922381,0.1836875
2457,2684,0.2902651214899947,0.18375
3815,3870,0.2903026713960912,0.1838125
4129,3844,0.2903091235427837,0.183875
260,23,0.29065552850832677,0.1839375
2988,3048,0.29065655158359505,0.184
93,161,0.2907029291172236,0.1840625
482,396,0.2907388501974566,0.184125
3602,3832,0.2908657481281125,0.1841875
3742,3914,0.2909101910417462,0.18425
1257,1153,0.2909155556235703,0.1843125
3563,3724,0.2909582844541774,0.184375
1066,1068,0.29098958885181503,0.1844375
1974,2064,0.29100638072512197,0.1845
2086,2321,0.29100784726318807,0.1845625
2307,2162,0.29102520468777016,0.184625
3390,3680,0.2910932569721467,0.1846875
35,89,0.2911794811554733,0.18475
3363,3696,0.29127198775506713,0.1848125
2327,2329,0.291286962148547,0.184875
592,704,0.29141880086186234,0.1849375
2638,2882,0.2914202792592846,0.185
740,771,0.2915007506000791,0.1850625
1422,1534,0.2916110564155474,0.185125
589,668,0.29167623118815555,0.1851875
978,1099,0.2917179204159339,0.18525
21,154,0.2917559739807434,0.1853125
3465,3734,0.29178723661163986,0.185375
9,82,0.29190724914941857,0.1854375
404,422,0.2919263145800457,0.1855
1082,1310,0.29195019176545145,0.1855625
2109,2058,0.2919873855737478,0.185625
1262,1218,0.29204230166554623,0.1856875
3817,4018,0.2922615531449537,0.18575
3191,3459,0.2924323067625778,0.1858125
6243,2761,0.29245874051025567,0.185875
1899,1909,0.2924622498495637,0.1859375
2184,2303,0.29251755214625064,0.186
2251,2281,0.29256471812382756,0.1860625
1957,2057,0.2925789651243349,0.186125
2577,2844,0.2925979184433345,0.1861875
1207,1309,0.2929036362865389,0.18625
689,703,0.29291457847162405,0.1863125
4029,3892,0.2929390115556316,0.186375
1900,1996,0.292944338936195,0.1864375
1708,1598,0.29300266352663584,0.1865
2010,2227,0.293044988699279,0.1865625
1876,1676,0.2930507706818446,0.186625
1015,1075,0.293139169738879,0.1866875
843,922,0.2932824495959636,0.18675
1177,914,0.29333119060919444,0.1868125
549,682,0.29333174625813285,0.186875
2532,2590,0.2933439504590183,0.1869375
1524,1515,0.29347381122920524,0.187
315,389,0.29348981497111737,0.1870625
840,933,0.2935319498655389,0.187125
2285,2341,0.2935557781894147,0.1871875
795,804,0.29365855234399874,0.18725
535,512,0.29372511036726223,0.1873125
2886,3070,0.29372993947924897,0.187375
1952,2163,0.29374227458910696,0.1874375
2839,3061,0.29375053922166217,0.1875
572,801,0.29375313657527613,0.1875625
3216,3545,0.29386796935466464,0.187625
242,318,0.29394155234427544,0.1876875
4,3,0.2940317990901061,0.18775
1736,1998,0.29409824321001565,0.1878125
2944,2504,0.29418090539334685,0.187875
26,116,0.2942191346471681,0.1879375
2992,3112,0.2942409861217925,0.188
2509,2683,0.29428376021763825,0.1880625
1906,1865,0.2942936401776137,0.188125
3228,3438,0.2943076588445024,0.1881875
1335,1413,0.29431268096269037,0.18825
300,365,0.2943233011047681,0.1883125
2218,2442,0.29436621952933706,0.188375
3338,3517,0.2944795857959548,0.1884375
1419,1407,0.29450644144756666,0.1885
1841,1997,0.29451193922335506,0.1885625
1554,1712,0.2945839392934033,0.188625
739,722,0.29460039873208643,0.1886875
3530,3708,0.29465725741675897,0.18875
32,57,0.294810389408517,0.1888125
1768,1789,0.29482769291433897,0.188875
1,25,0.2949220235415555,0.1889375
771,758,0.29499678741413504,0.189
447,478,0.2950131195735395,0.1890625
218,225,0.29534992664552817,0.189125
3056,3251,0.2955294426026285,0.1891875
450,454,0.2956021568979139,0.18925
585,728,0.2956090222861434,0.1893125
3694,3774,0.2957396804304153,0.189375
970,1061,0.29578541485113874,0.1894375
3412,3604,0.29584736442143367,0.1895
607,447,0.2959509989444413,0.1895625
2325,1788,0.2959537162429342,0.189625
2340,2176,0.2960624726218839,0.1896875
2719,518,0.29629467337954196,0.18975
779,895,0.29638239917892406,0.1898125
2680,2922,0.29639740198678055,0.189875
2499,2463,0.29643414887354425,0.1899375
1123,1001,0.2966513318928037,0.19
1960,2224,0.29669153537753346,0.1900625
3862,3962,0.29675970421340025,0.190125
2819,3053,0.2967716239204492,0.1901875
1631,1867,0.29680601906449056,0.19025
3389,3521,0.29692226837647695,0.1903125
2461,2603,0.2969415237517694,0.190375
1703,1636,0.29695742822954685,0.1904375
3230,3422,0.29696532631726313,0.1905
2553,2741,0.29698930398092216,0.1905625
3826,3780,0.2969962386438283,0.190625
1958,2102,0.29702909225565577,0.1906875
2385,2549,0.2970786121710489,0.19075
3226,1611,0.29708117750362817,0.1908125
2165,2132,0.2971088153196604,0.190875
1509,1648,0.29713301852555674,0.1909375
1985,2016,0.2971497662018123,0.191
3214,3332,0.29720789428387206,0.1910625
2476,2807,0.29721667551513065,0.191125
1633,1558,0.29724622903671616,0.1911875
188,326,0.29727246138776664,0.19125
2029,2123,0.29728612457839176,0.1913125
3161,3391,0.29729393288084793,0.191375
3747,3858,0.29740342559779265,0.1914375
1939,1913,0.2975230628908605,0.1915
2763,2901,0.2975536358131876,0.1915625
2820,2887,0.29759151507670367,0.191625
0,8,0.2976874466149868,0.1916875
1058,1113,0.29771580579271983,0.19175
1072,1114,0.29773068390251467,0.1918125
2328,2573,0.2977785048269368,0.191875
2651,2845,0.2978342312662221,0.1919375
1599,1629,0.29784592794129594,0.192
2452,2565,0.29785293104112043,0.1920625
324,368,0.29785336372319193,0.192125
1270,1195,0.29785481341586717,0.1921875
1766,1588,0.2978907306957126,0.19225
2934,3164,0.29790041759036967,0.1923125
2919,2920,0.2981206059371857,0.192375
503,705,0.29816742610556446,0.1924375
1439,1410,0.29823117476823313,0.1925
106,222,0.29850549481222544,0.1925625
3509,3656,0.29854500572139386,0.192625
117,64,0.29855892385699967,0.1926875
2569,2847,0.29866514282724665,0.19275
1859,1993,0.2987291072854532,0.1928125
2180,2276,0.2988449921155052,0.192875
1339,1151,0.29885881481274623,0.1929375
4277,3957,0.29895373002568704,0.193
3459,3380,0.29898144031807306,0.1930625
1053,1176,0.299113714261523,0.193125
3695,3830,0.2992067230434827,0.1931875
2695,2808,0.2992329097353945,0.19325
3206,2783,0.2994009985540629,0.1933125
566,477,0.2994271347732109,0.193375
831,909,0.2994491279377911,0.1934375
3084,2122,0.299469266023209,0.1935
92,148,0.2994905695011969,0.1935625
1368,1360,0.2995081722540931,0.193625
1797,1962,0.2995283354598257,0.1936875
479,385,0.29961364236091015,0.19375
2056,2371,0.29975839769008417,0.1938125
1670,1626,0.29976630752631195,0.193875
258,461,0.2998435302821676,0.1939375
98,120,0.2999754617914885,0.194
726,868,0.2999803532361085,0.1940625
1132,1084,0.3000359009680693,0.194125
2094,2194,0.30005583937384017,0.1941875
350,423,0.30011526645144926,0.19425
1649,1749,0.30013623038502146,0.1943125
3359,3523,0.3001866710018817,0.194375
1842,2017,0.30019882197873926,0.1944375
2616,2868,0.3002256201955902,0.1945
3733,3986,0.30029981802670136,0.1945625
3366,3643,0.3003401723512411,0.194625
1578,1627,0.3003522280313007,0.1946875
1561,1624,0.30043049039184666,0.19475
526,605,0.30046618332540476,0.1948125
1598,1684,0.3005913635207662,0.194875
1052,1139,0.30062161892908534,0.1949375
2828,626,0.3007385794691544,0.195
3442,3681,0.3008055425464704,0.1950625
1056,1204,0.3008721846204594,0.195125
1992,2124,0.3009475475228669,0.1951875
3071,3280,0.30107740024470786,0.19525
3739,3997,0.30114833137963615,0.1953125
3176,3257,0.30116429340085915,0.195375
269,266,0.30120392574109545,0.1954375
1470,1388,0.3012080788441551,0.1955
1588,1827,0.3012885926957267,0.1955625
2832,3085,0.30130681334554765,0.195625
389,80,0.3013748133705132,0.1956875
1266,1414,0.3016104241587527,0.19575
1600,1806,0.30165377479914923,0.1958125
724,714,0.30172837594783175,0.195875
239,244,0.30182171556191406,0.1959375
2704,2836,0.3019591556451928,0.196
291,358,0.3021983843773768,0.1960625
435,331,0.30223642361273306,0.196125
2222,2440,0.3023923890446554,0.1961875
896,997,0.30244164390936135,0.19625
1915,1904,0.30259411168836436,0.1963125
3497,3440,0.30274873749925746,0.196375
2107,2280,0.3028123681873751,0.1964375
657,815,0.3028402194294273,0.1965
2701,2943,0.302997082124989,0.1965625
3105,3185,0.3030581605385123,0.196625
3553,3460,0.3031987311425155,0.1966875
1457,1673,0.3033598535849933,0.19675
2268,2506,0.30337393663799617,0.1968125
184,159,0.3033782567676937,0.196875
1569,1608,0.3034461312478811,0.1969375
1117,1301,0.30353229215327815,0.197
1489,1742,0.3035988825571394,0.1970625
3830,3954,0.3037271759831697,0.197125
3540,3411,0.30384599222747966,0.1971875
494,431,0.30389775315217094,0.19725
1194,1082,0.3039911574802119,0.1973125
3552,3755,0.3039966463273345,0.197375
1095,1277,0.30404548785048746,0.1974375
1948,2028,0.30405171222673744,0.1975
473,490,0.30413966397355807,0.1975625
4278,4010,0.30416726437181296,0.197625
3404,3544,0.3043035609665594,0.1976875
3015,3161,0.3043157495126252,0.19775
647,586,0.3043983490264637,0.1978125
3635,3730,0.3044054097350113,0.197875
395,112,0.3044846912186525,0.1979375
1281,1456,0.30456986636539796,0.198
1690,1794,0.3045716715011224,0.1980625
379,305,0.3046240134768148,0.198125
2431,2517,0.3046402667385735,0.1981875
2641,2654,0.3047171497961756,0.19825
1927,1228,0.3047607205713234,0.1983125
185,185,0.3047694850248597,0.198375
3016,3175,0.30486743084907175,0.1984375
3211,3435,0.3049209281310823,0.1985
2429,2432,0.30495400272883444,0.1985625
3306,3468,0.3049896279142672,0.198625
1099,1177,0.30506741531588943,0.1986875
505,589,0.305075557876755,0.19875
1436,1666,0.30508171718767585,0.1988125
670,612,0.3051033224047899,0.198875
3604,3827,0.30512901912578627,0.1989375
1740,2014,0.305145566371948,0.199
4226,3847,0.30520359676154385,0.1990625
7,58,0.30555106895754314,0.199125
6170,1679,0.30558372448632554,0.1991875
3263,3424,0.3056507029470481,0.19925
2123,2299,0.30586111889212475,0.1993125
3397,3691,0.3058917351888226,0.199375
3068,3320,0.3059042880280458,0.1994375
889,798,0.3059133965562779,0.1995
1998,2149,0.305917654873042,0.1995625
2993,3224,0.30592668156964464,0.199625
2697,2846,0.3060665715553341,0.1996875
964,1057,0.3060747391223657,0.19975
2662,2618,0.3060747556039587,0.1998125
2737,2876,0.30621817611307733,0.199875
1753,1838,0.30626605238575166,0.1999375
2346,2113,0.30632650885112866,0.2
3445,3672,0.3064502799793445,0.2000625
1233,1302,0.3064562853859343,0.200125
2826,2905,0.30649147727831405,0.2001875
3858,3987,0.3065434648526093,0.20025
2888,3054,0.3065933907983549,0.2003125
3250,3511,0.3066259667158988,0.200375
1331,1471,0.30668574413405736,0.2004375
282,384,0.3066881278738407,0.2005
3702,3930,0.3067686147679751,0.2005625
1389,1551,0.3068063328100834,0.200625
1497,1343,0.3068199788771864,0.2006875
2115,2270,0.30690018608908076,0.20075
2600,2769,0.3069194226678178,0.2008125
3542,3805,0.3071541575555443,0.200875
485,500,0.3074021511629965,0.2009375
1343,1477,0.3074933539501501,0.201
1415,1609,0.30775242845527373,0.2010625
1832,2063,0.3077736831705522,0.201125
1128,1417,0.30778066680531424,0.2011875
3027,3286,0.3078860316555847,0.20125
819,788,0.3078900134569267,0.2013125
510,523,0.3079004950198936,0.201375
293,406,0.3079667623174345,0.2014375
3562,3855,0.30813171613039003,0.2015
2937,3165,0.3081736636371488,0.2015625
3418,3700,0.30827289626256515,0.201625
1644,1887,0.3082852969118335,0.2016875
2212,2251,0.30829424810804085,0.20175
2902,2996,0.30865492478596934,0.2018125
595,764,0.30870563068974377,0.201875
2090,2294,0.30873987267813163,0.2019375
3348,3627,0.30875692382284115,0.202
2660,2554,0.30890629317531193,0.2020625
729,870,0.30911470829082077,0.202125
714,709,0.30912586373599993,0.2021875
755,773,0.30921181743001114,0.20225
719,789,0.3092659667954223,0.2023125
1539,869,0.3093446364381691,0.202375
1982,2030,0.3094202611933099,0.2024375
4070,3801,0.30947703716418573,0.2025
539,608,0.30948515315608915,0.2025625
1495,687,0.30972889236241485,0.202625
1931,2000,0.30974388595998903,0.2026875
2038,2301,0.30983343017504694,0.20275
2425,2750,0.30997498952626756,0.2028125
340,341,0.3100674581815852,0.202875
619,674,0.31010350111752416,0.2029375
2098,2075,0.3101848319345777,0.203
36,11,0.3102378925951019,0.2030625
2087,2089,0.31050381568908847,0.203125
3122,3220,0.3105092973523824,0.2031875
2667,2588,0.3105582631343964,0.20325
1518,1506,0.3105689467810464,0.2033125
1466,1556,0.3106063962354142,0.203375
1109,1173,0.31083893031721743,0.2034375
957,432,0.3109801400036005,0.2035
1840,1940,0.31101316608049956,0.2035625
2258,2423,0.31102811541919095,0.203625
325,560,0.31121951344332643,0.2036875
661,748,0.3112517164765052,0.20375
3290,3433,0.3112878213852355,0.2038125
1357,1350,0.31137560519286467,0.203875
1584,1587,0.31146147627788423,0.2039375
2004,1890,0.31148381270065784,0.204
2851,342,0.3118574369703211,0.2040625
618,425,0.31186484431662365,0.204125
852,1013,0.3119722381959207,0.2041875
2436,2602,0.3120040691870827,0.20425
1271,1071,0.3120187941076864,0.2043125
3435,3578,0.31215190644456925,0.204375
1292,1448,0.3121705856449637,0.2044375
946,1235,0.3121815323773234,0.2045
3139,3160,0.3122394854281083,0.2045625
329,392,0.31229549244998367,0.204625
2376,2719,0.3123852748086051,0.2046875
22,34,0.3125162697526247,0.20475
2880,2995,0.31252842099257805,0.2048125
1794,2003,0.31268453377026617,0.204875
632,533,0.3128801906219465,0.2049375
1505,1344,0.31297975542089773,0.205
4508,1992,0.3131508194053936,0.2050625
4057,3725,0.31319781027036697,0.205125
3756,3985,0.3132123434086793,0.2051875
5037,1678,0.31322127471830186,0.20525
937,416,0.3132519005154535,0.2053125
317,480,0.3133276273427157,0.205375
2935,3124,0.31358368488230326,0.2054375
3187,3413,0.31362469209284427,0.2055
3170,3412,0.31387709850713463,0.2055625
3882,3924,0.31397981843110756,0.205625
372,627,0.3141009115388087,0.2056875
3410,3458,0.31419451887336436,0.20575
3795,3998,0.3143866015898311,0.2058125
2646,2927,0.3145125566851448,0.205875
183,149,0.31458042490196547,0.2059375
3358,3514,0.314677251980811,0.206
613,821,0.3146776885921412,0.2060625
2705,2739,0.3146917426652749,0.206125
1772,1881,0.3147000457496745,0.2061875
2800,2987,0.314820542555708,0.20625
3791,3839,0.314868929363854,0.2063125
3241,3378,0.31488429804244333,0.206375
1355,1474,0.3149097136771388,0.2064375
1393,947,0.315011157691643,0.2065
368,349,0.31503776975742426,0.2065625
3585,3778,0.3150799244685345,0.206625
999,1241,0.3151305518405678,0.2066875
3196,3519,0.3152283089838761,0.20675
3499,624,0.3154625085248952,0.2068125
1986,2148,0.31573413550765395,0.206875
681,800,0.3158753336183935,0.2069375
2793,2912,0.3159879670641885,0.207
3048,3255,0.31607048674408134,0.2070625
2518,2665,0.3161817616655753,0.207125
2289,2476,0.316217579904162,0.2071875
2756,2575,0.3162861245697002,0.20725
3715,3761,0.31631312529316347,0.2073125
2219,2431,0.31632821492237895,0.207375
2991,3120,0.31636416353404684,0.2074375
2286,2437,0.31655240842863464,0.2075
1338,772,0.31668778621190086,0.2075625
3620,3811,0.31673696946370455,0.207625
2908,3126,0.3168065285377679,0.2076875
3189,3359,0.31682858299780037,0.20775
2063,2166,0.31692247765553816,0.2078125
3425,3795,0.31696471164508466,0.207875
1168,1149,0.31696690966465724,0.2079375
1165,1226,0.3170139595083441,0.208
3690,3678,0.317259328848138,0.2080625
1491,1457,0.31726523645247084,0.208125
1138,1313,0.3173506050067374,0.2081875
608,611,0.31737659236291194,0.20825
3198,3441,0.31741942329330186,0.2083125
3896,3988,0.3174276153589517,0.208375
1784,1984,0.3174305286831327,0.2084375
3086,3059,0.31744935700623955,0.2085
333,394,0.31754055511009227,0.2085625
319,393,0.31758115732140624,0.208625
288,455,0.3175923940770389,0.2086875
4039,3796,0.31761149566631275,0.20875
1704,1639,0.3176278082422357,0.2088125
3223,3241,0.3179827604007528,0.208875
3400,3676,0.3180715689856015,0.2089375
1570,1645,0.31813788505380103,0.209
2920,3049,0.3181536801099014,0.2090625
1156,1237,0.3181632001626298,0.209125
1634,1659,0.3182255827294398,0.2091875
1831,2002,0.31824168400635244,0.20925
2423,2342,0.31825045569749477,0.2093125
2068,2291,0.3182669751396645,0.209375
2243,2462,0.31830397555296486,0.2094375
250,216,0.31838844192018456,0.2095
1370,1595,0.3184416091763751,0.2095625
3005,3062,0.3185626931063439,0.209625
529,625,0.3185679233659542,0.2096875
1969,2150,0.3186428466472364,0.20975
2605,2510,0.31875039388984305,0.2098125
3419,3675,0.31888117328088583,0.209875
4019,3837,0.3189008316120976,0.2099375
4035,3674,0.3189227866363922,0.21
1171,1428,0.3189977239182724,0.2100625
1433,1509,0.3191143140631425,0.210125
3293,3546,0.31933660586815904,0.2101875
1159,1328,0.3193378908888036,0.21025
2969,3189,0.31939285796954664,0.2103125
3898,3958,0.3193999158944507,0.210375
1756,1807,0.31942833727296716,0.2104375
1079,1192,0.31960125706291365,0.2105
1929,2015,0.319933099933877,0.2105625
878,1081,0.32000086633811975,0.210625
2375,2264,0.32010052104271836,0.2106875
1804,1808,0.32015922738563063,0.21075
2513,2861,0.32020563821811265,0.2108125
2080,2103,0.3202115178003453,0.210875
3732,3971,0.32024676016567355,0.2109375
1612,1599,0.32026233810461235,0.211
1819,2077,0.32032897509031955,0.2110625
3257,3123,0.32051034074726203,0.211125
3433,3399,0.32064463891356354,0.2111875
2403,2515,0.3207076778611224,0.21125
2574,2667,0.32075495568125234,0.2113125
3775,3869,0.3207831955355118,0.211375
793,289,0.3209258548524403,0.2114375
836,808,0.3209902816663259,0.2115
284,387,0.3210166983564733,0.2115625
2276,2112,0.32103345860389254,0.211625
3667,3731,0.3210670809716589,0.2116875
1065,1348,0.32126379719909437,0.21175
1816,2032,0.32146520590046634,0.2118125
2000,2172,0.3215964739333401,0.211875
1044,1236,0.3215988075285736,0.2119375
323,496,0.32159930875932474,0.212
2926,2782,0.3216095842515756,0.2120625
1090,1085,0.32180804467530777,0.212125
2912,3078,0.32214392556488747,0.2121875
1148,1371,0.32221139687911204,0.21225
1624,1741,0.322253233646137,0.2123125
1014,1239,0.3223621893235702,0.212375
777,799,0.3224477374275949,0.2124375
3159,3470,0.3225087637135289,0.2125
749,715,0.32255577705878125,0.2125625
1319,1430,0.32256547995342544,0.212625
1851,1875,0.3226447074825387,0.2126875
3731,3645,0.3227314813613589,0.21275
2670,2800,0.3228813901002354,0.2128125
2626,2902,0.3229367344588354,0.212875
1420,1625,0.32307837923033844,0.2129375
3648,3955,0.3231460723258124,0.213
1114,1408,0.3234338179736653,0.2130625
2216,2226,0.3235056614435905,0.213125
3085,651,0.32368021873280384,0.2131875
3712,3673,0.3237490431038168,0.21325
3707,3900,0.32390369845870737,0.2133125
1820,1891,0.32393488150648864,0.213375
3681,3854,0.32398127484771067,0.2134375
1140,1391,0.3239863776231289,0.2135
1130,1031,0.32399445137983207,0.2135625
1452,1635,0.32403781176918756,0.213625
1822,2009,0.32404287642748386,0.2136875
1278,1255,0.324044315724791,0.21375
1354,1460,0.32411652915413924,0.2138125
94,176,0.32417786773704194,0.213875
1276,1493,0.32427133521724727,0.2139375
4274,3887,0.3243833595566912,0.214
42,126,0.3244326523627148,0.2140625
2397,2528,0.32455734667067304,0.214125
1917,2038,0.3246811393497353,0.2141875
34,108,0.32489541290699187,0.21425
2816,3060,0.3250248202481316,0.2143125
1937,2114,0.3251141502882149,0.214375
2922,3046,0.3252168196783032,0.2144375
1329,1062,0.3253526478985833,0.2145
1590,1674,0.325390570959911,0.2145625
2413,2502,0.32546344691095896,0.214625
2349,2475,0.3255460341001424,0.2146875
59,26,0.32561672049973533,0.21475
228,343,0.32578211683431135,0.2148125
3704,3856,0.32579913838770835,0.214875
1209,85,0.32583254763209624,0.2149375
1224,1038,0.32592450425470076,0.215
1243,1447,0.3260164998125106,0.2150625
2972,3196,0.32602334714192693,0.215125
2867,3057,0.326028263638932,0.2151875
3184,3272,0.32603074688245215,0.21525
1006,1111,0.3261330182761242,0.2153125
1093,967,0.3262414122855972,0.215375
580,717,0.3264537136940078,0.2154375
3735,3884,0.32648646013575444,0.2155
975,1137,0.32655172044643166,0.2155625
229,336,0.3265639556922295,0.215625
1282,1370,0.32664788509345044,0.2156875
2603,2813,0.32675771578897184,0.21575
2687,2809,0.3268579017090474,0.2158125
633,650,0.3270357230021901,0.215875
3515,3671,0.3271498164639297,0.2159375
1460,1552,0.3273758361006003,0.216
3832,3758,0.3276781466129819,0.2160625
1167,716,0.3277315413545381,0.216125
3243,3375,0.32784452802172837,0.2161875
1020,1046,0.32789067958889007,0.21625
2865,2736,0.3283639576964106,0.2163125
1623,1698,0.32838519007810874,0.216375
1540,1597,0.32858647746550673,0.2164375
3147,3285,0.32870196657296447,0.2165
1905,2151,0.3287272331600377,0.2165625
436,463,0.32875157741592886,0.216625
3035,3242,0.32890778289254285,0.2166875
2785,3033,0.3289152287624688,0.21675
5954,1765,0.3289430553884358,0.2168125
1827,2010,0.3289599558957548,0.216875
1808,1675,0.3290430259424397,0.2169375
546,497,0.3291073613210642,0.217
1035,1238,0.3291392745383064,0.2170625
3343,3011,0.32936303990010174,0.217125
959,1110,0.3294498461760327,0.2171875
3526,3690,0.3295654383569513,0.21725
2640,2640,0.3297089065743819,0.2173125
1547,1543,0.3297353686245117,0.217375
1134,1047,0.32983721074829475,0.2174375
2594,2735,0.3298404039892944,0.2175
3378,3339,0.3299719683907938,0.2175625
2483,2273,0.32998849855601975,0.217625
3647,3901,0.3301382194756002,0.2176875
1868,1907,0.33019604738294106,0.21775
1494,1685,0.3302468995726997,0.2178125
1434,1646,0.33026057423936095,0.217875
3915,3970,0.33026844333852523,0.2179375
439,464,0.33028902670828586,0.218
1101,1064,0.3303170515199554,0.2180625
942,872,0.3303207527793006,0.218125
1853,1240,0.3304150441104099,0.2181875
3353,3392,0.3305856032617953,0.21825
601,609,0.33061606827673273,0.2183125
2781,2801,0.3306237638466314,0.218375
3249,3469,0.3306637691518972,0.2184375
2159,2202,0.33069104661561255,0.2185
2305,2430,0.3307011366528627,0.2185625
3090,3271,0.3307620381448828,0.218625
3003,2574,0.3308194260600885,0.2186875
1940,2157,0.3309189917875699,0.21875
1617,1327,0.330924973662448,0.2188125
2374,2604,0.33099995110887903,0.218875
3065,3069,0.33105759194415896,0.2189375
1318,1508,0.331076950304265,0.219
2422,2304,0.33111726456127144,0.2190625
1160,1351,0.3311279825048814,0.219125
1510,1259,0.33116678012866885,0.2191875
2122,2225,0.3312624678811744,0.21925
794,807,0.33133206103663326,0.2193125
126,106,0.33133898220364877,0.219375
1618,1750,0.33140298974038274,0.2194375
3560,3739,0.33146392155663307,0.2195
2188,2428,0.33160200493264824,0.2195625
3532,3698,0.33168082629316586,0.219625
1880,2084,0.33169679371636107,0.2196875
417,316,0.3318623157100582,0.21975
672,812,0.3319548663132963,0.2198125
3334,3587,0.33209384699716793,0.219875
462,420,0.332131296245862,0.2199375
3182,3377,0.3321734026455374,0.22
2987,3190,0.3322494263343856,0.2200625
79,160,0.33251980278619264,0.220125
2971,3125,0.33261920654894084,0.2201875
2236,2363,0.33264547633461916,0.22025
3476,3697,0.3326612972601879,0.2203125
2287,2250,0.33266343148420674,0.220375
1698,1349,0.3327177649678106,0.2204375
74,179,0.33275354467457774,0.2205
2722,2802,0.3328037754816364,0.2205625
2065,2186,0.33290741749775066,0.220625
290,247,0.33293481807461234,0.2206875
2989,3195,0.33300891831618173,0.22075
3536,3636,0.33303882862992396,0.2208125
3137,3434,0.33311586757895384,0.220875
180,111,0.33320152625429955,0.2209375
4078,3763,0.3334532634285665,0.221
2092,2180,0.33350433915288136,0.2210625
3409,3256,0.33355070993872005,0.221125
1263,1449,0.33379152488888053,0.2211875
2725,2932,0.3337995933393927,0.22125
2986,3122,0.33385249383849214,0.2213125
617,37,0.3339438274167654,0.221375
3201,3417,0.33401044317281503,0.2214375
971,9,0.33404084953938473,0.2215
4027,4016,0.33404795440003454,0.2215625
3783,3966,0.33406634252605727,0.221625
2315,2337,0.33411271784322594,0.2216875
2345,2425,0.33423684360855077,0.22175
1799,1847,0.3344957955442851,0.2218125
1653,1641,0.3349663406223726,0.221875
3305,3614,0.3350056568901323,0.2219375
2370,2536,0.3352347088485317,0.222
5014,2331,0.33541773145299203,0.2220625
2501,2424,0.3355485780693641,0.222125
3743,3922,0.33558511986046824,0.2221875
8,32,0.33562485082820936,0.22225
987,1070,0.33565798652035994,0.2223125
2758,2923,0.33574054593043456,0.222375
1887,1918,0.33585829548448487,0.2224375
824,779,0.3360411886950061,0.2225
1901,2076,0.3361023340311817,0.2225625
2111,2256,0.33621241076281194,0.222625
2252,2375,0.3362928448119078,0.2226875
488,505,0.33644463687793547,0.22275
517,269,0.3365053373404301,0.2228125
1911,2181,0.33653473060022066,0.222875
2620,2933,0.33660622214989644,0.2229375
1024,965,0.33667725922666136,0.223
2534,2720,0.3370452450411108,0.2230625
51,15,0.3370569817242197,0.223125
3403,3640,0.33707201001084286,0.2231875
421,622,0.3371243301190887,0.22325
1008,1005,0.3372276050246512,0.2233125
1935,2029,0.3372407754135338,0.223375
954,1059,0.3373825344768022,0.2234375
1029,1276,0.33744639668388743,0.2235
3987,4013,0.3374699374573993,0.2235625
391,344,0.33757833307132756,0.223625
204,162,0.3376362784673521,0.2236875
3379,3569,0.33767545869676496,0.22375
2085,1795,0.3376942819213298,0.2238125
254,278,0.3378589865712769,0.223875
680,718,0.3380184462886291,0.2239375
1999,2201,0.3380645626746741,0.224
3370,3644,0.3381862408562597,0.2240625
4322,3603,0.3382042003152037,0.224125
792,787,0.33846261470652905,0.2241875
1737,1797,0.3384663969679025,0.22425
3937,3902,0.33853681755448406,0.2243125
1245,1399,0.3386820255635996,0.224375
334,462,0.33869181243439783,0.2244375
2354,2415,0.33870063382462945,0.2245
3002,3184,0.3387608886147291,0.2245625
1872,2031,0.33894643087131726,0.224625
3383,3376,0.33894716778149814,0.2246875
3244,3328,0.33901714788657955,0.22475
326,481,0.3390630513807551,0.2248125
2119,2060,0.33931076411118966,0.224875
1988,1947,0.33934229663017845,0.2249375
1923,2144,0.33938425593859733,0.225
928,1045,0.3394378266525848,0.2250625
924,1098,0.33958388956419583,0.225125
3218,3446,0.3396579033396847,0.2251875
1981,1991,0.3397462375245084,0.22525
584,698,0.33977640191015723,0.2253125
3055,3225,0.339862726383501,0.225375
2314,2330,0.33988938827195625,0.2254375
125,79,0.33989520951448426,0.2255
3375,3612,0.3399281669477432,0.2255625
3381,3423,0.3399796498840715,0.225625
1193,1341,0.3400049869016897,0.2256875
960,1006,0.3401253153769801,0.22575
920,1033,0.3402700810208046,0.2258125
1955,2097,0.3402964764202636,0.225875
2905,2904,0.34050928784660073,0.2259375
2537,2812,0.3407175387856114,0.226
2052,2158,0.3407356152579837,0.2260625
4086,3903,0.34082512765724005,0.226125
3650,3905,0.3408786163122386,0.2261875
1288,1415,0.34107744818888364,0.22625
1919,2018,0.3412956629426276,0.2263125
2916,3058,0.34133641706864637,0.226375
1136,1260,0.34137420377776095,0.2264375
1517,1640,0.3414035632270611,0.2265
1579,1762,0.3414803187183395,0.2265625
63,66,0.34154723069228066,0.226625
1446,1314,0.3416681319949362,0.2266875
1320,1507,0.34219414707308715,0.22675
2998,3186,0.3422073327431576,0.2268125
2775,3052,0.3424717083509563,0.226875
2158,2135,0.342638645324314,0.2269375
470,10,0.34266393379649485,0.227
2079,2318,0.3426844541347691,0.2270625
3154,3306,0.34270873723824025,0.227125
849,996,0.3427089475321736,0.2271875
2128,2367,0.3427585646549858,0.22725
1179,1372,0.3427879425471474,0.2273125
1359,1431,0.34279273822369305,0.227375
2213,2433,0.34285877329105574,0.2274375
2801,2832,0.34305656533678075,0.2275
3778,3826,0.34319891594634555,0.2275625
3145,3182,0.34339796948665935,0.227625
209,119,0.3435556445683954,0.2276875
1235,1065,0.3436632237250592,0.22775
80,49,0.34384635760600535,0.2278125
3773,3107,0.3439749264559282,0.227875
700,686,0.34415544538667575,0.2279375
934,1150,0.34417892037502895,0.228
3205,3326,0.3441812445550454,0.2280625
1812,2087,0.34447951627313955,0.228125
220,271,0.34455089503770253,0.2281875
5,65,0.34461614928614015,0.22825
1111,1103,0.34483889163097103,0.2283125
50,118,0.3449037754495894,0.228375
796,826,0.3451303385886604,0.2284375
2194,2182,0.3451347093323136,0.2285
380,438,0.3452058553598647,0.2285625
3535,3613,0.3452488718764357,0.228625
1076,1316,0.3453181993071439,0.2286875
5473,1211,0.3453843356731596,0.22875
1979,2255,0.34554059275563986,0.2288125
3495,3641,0.3455722171960929,0.228875
3792,3857,0.34561440026595847,0.2289375
1895,1825,0.3458381017408101,0.229
2818,2837,0.3458552713252061,0.2290625
1660,1459,0.34585985803488484,0.229125
653,656,0.34586735086343623,0.2291875
690,683,0.3458936585085155,0.22925
1595,1628,0.34594437787086463,0.2293125
381,498,0.3459991556139528,0.229375
2310,2410,0.3460620457653647,0.2294375
362,503,0.34609378901156873,0.2295
759,794,0.3461265254007202,0.2295625
6861,2413,0.3462772473615985,0.229625
4134,3723,0.34645016060284206,0.2296875
3903,3923,0.3465742481820939,0.22975
2211,2298,0.34663627779764283,0.2298125
263,219,0.3469685929602875,0.229875
1124,1219,0.3470271880533744,0.2299375
515,479,0.34705162307128745,0.23
2275,2078,0.34705240809913107,0.2300625
1702,50,0.3470874231032912,0.230125
3200,3305,0.34715392612031337,0.2301875
1180,1174,0.34723053396442083,0.23025
720,880,0.3474470375742982,0.2303125
4237,3812,0.34749519432415354,0.230375
113,16,0.34758470525743146,0.2304375
1749,1798,0.3476034068572176,0.2305
1094,1125,0.34761535127405807,0.2305625
2555,2810,0.34776852250996626,0.230625
1747,2004,0.3479141722513077,0.2306875
172,221,0.3479757901170508,0.23075
2700,2819,0.3480391311390463,0.2308125
3134,3372,0.34822893777851505,0.230875
644,778,0.34853700198881654,0.2309375
2655,2718,0.34860065797505513,0.231
2561,2682,0.34868619158595493,0.2310625
3645,3762,0.3490175468439247,0.231125
3630,3816,0.3491889596057831,0.2311875
1312,1246,0.3492517203065404,0.23125
1984,1941,0.34928055555019455,0.2313125
311,136,0.3492986498852364,0.231375
2387,2265,0.3494556639873565,0.2314375
3564,3836,0.3494724058547263,0.2315
1757,1877,0.34958499611232696,0.2315625
3766,3984,0.34963732153642013,0.231625
3316,3461,0.34966103109030655,0.2316875
1182,1274,0.3497288060347472,0.23175
3931,3883,0.34993505040915807,0.2318125
1996,881,0.34994234756500475,0.231875
1268,1392,0.35010744129843374,0.2319375
873,974,0.3501252423953076,0.232
1133,1402,0.3503401376915747,0.2320625
2059,2247,0.35037962522014254,0.232125
3036,3374,0.3505551799534601,0.2321875
1258,1400,0.35058156580521427,0.23225
2546,2484,0.35068983196669024,0.2323125
2879,3121,0.35088436391089317,0.232375
532,631,0.35098468525974624,0.2324375
2430,2641,0.35121725532621895,0.2325
3583,3701,0.35142622628188747,0.2325625
1356,1275,0.3514993443573218,0.232625
2784,2632,0.35179426927450663,0.2326875
2355,2405,0.3518094285367397,0.23275
855,493,0.3518115576466272,0.2328125
3514,3699,0.3518496080793625,0.232875
3398,3707,0.35194521960664815,0.2329375
1699,1880,0.35204135565498973,0.233
1504,1638,0.3521401330213507,0.2330625
2625,2875,0.3525792162160428,0.233125
3402,3624,0.3529608815388201,0.2331875
2538,2537,0.3530580511253447,0.23325
2644,2361,0.35331566510953394,0.2333125
1063,1315,0.3533486909778105,0.233375
1743,1908,0.3534979358760211,0.2334375
582,688,0.35365751072703233,0.2335
3113,3207,0.3537562060057553,0.2335625
1695,1697,0.35376106091123916,0.233625
1381,1585,0.35378030537606264,0.2336875
869,529,0.35388677644159827,0.23375
1307,1385,0.3539235561922567,0.2338125
1852,1979,0.3539599388025181,0.233875
2333,2344,0.354151520422306,0.2339375
2459,2516,0.35438520888058633,0.234
2923,3106,0.3544866666485973,0.2340625
406,492,0.3547569948705913,0.234125
265,386,0.3550966913797424,0.2341875
37,142,0.3550982953133648,0.23425
1536,1695,0.3552045153219865,0.2343125
2591,2804,0.35523669916642575,0.234375
3162,3369,0.3555324223430034,0.2344375
129,197,0.35564012900211495,0.2345
3517,3740,0.3557582885022157,0.2345625
3480,3766,0.35616010493458816,0.234625
39,146,0.35617978178897225,0.2346875
2619,2777,0.3564043094060594,0.23475
2438,2511,0.35673081290838127,0.2348125
1049,1193,0.35678984308529493,0.234875
3600,4026,0.3571500764372786,0.2349375
3049,3329,0.3571960849411653,0.235
1197,1244,0.3573217208750066,0.2350625
1141,1097,0.357356960723493,0.235125
359,90,0.3574264678218997,0.2351875
2409,2483,0.35761484334588545,0.23525
189,143,0.3577325001592424,0.2353125
2567,2751,0.3579483744050549,0.235375
2282,2411,0.3581592708683843,0.2354375
3083,3273,0.35824479615030214,0.2355
1384,1450,0.35893432765220723,0.2355625
2658,2939,0.3594721389459892,0.235625
2032,2257,0.3594773698521294,0.2356875
1352,1451,0.35964931426175895,0.23575
1869,2056,0.35966987568505715,0.2358125
1971,2167,0.35978960415235406,0.235875
910,1034,0.359848900130217,0.2359375
3455,3770,0.36002951796160687,0.236
3100,3327,0.360168430995202,0.2360625
3590,3981,0.3603633162029496,0.236125
3580,3402,0.3604022234980562,0.2361875
862,873,0.3606544636785145,0.23625
3615,3845,0.36093305118833996,0.2363125
2489,2426,0.36121809018402473,0.236375
1261,966,0.3612845399389357,0.2364375
1675,1610,0.3613071531320884,0.2365
1400,1444,0.36152672130936025,0.2365625
2060,2133,0.36162855838048813,0.236625
1442,1475,0.36196659865714764,0.2366875
214,246,0.3621192348439415,0.23675
2560,2605,0.3623372312617903,0.2368125
3705,3956,0.3623723747548411,0.236875
1416,1553,0.36246283732126017,0.2369375
72,208,0.36256212518626896,0.237
236,290,0.3630277649572591,0.2370625
424,530,0.36309552454471117,0.237125
1059,1243,0.3631789616809442,0.2371875
302,513,0.36324908849618964,0.23725
400,482,0.36335906886692726,0.2373125
3493,3779,0.3634405164632426,0.237375
53,178,0.3640516242780798,0.2374375
598,465,0.3641934998931404,0.2375
2506,2666,0.36438420720926956,0.2375625
3477,3471,0.3647318235922512,0.237625
534,466,0.3647516633887733,0.2376875
2575,2668,0.3647933560266665,0.23775
3327,3625,0.36533596616226305,0.2378125
973,1004,0.3653679675732491,0.237875
343,501,0.3656449973101914,0.2379375
382,306,0.36577503091134034,0.238
141,14,0.3658310960321808,0.2380625
1232,1393,0.36583379383051806,0.238125
1713,1869,0.3658504216719223,0.2381875
2178,2143,0.36601453626798275,0.23825
1145,1101,0.3663806923387085,0.2383125
1882,2055,0.3665335136043666,0.238375
2163,2249,0.36680611451404843,0.2384375
2334,2485,0.36696321895456663,0.2385
974,1007,0.367099836225222,0.2385625
130,144,0.36717626172741724,0.238625
307,491,0.36732907722937114,0.2386875
1763,1796,0.36761478237556844,0.23875
3125,3379,0.3676597168858393,0.2388125
1013,975,0.3682098270051455,0.238875
223,107,0.36825513227283757,0.2389375
3741,4015,0.36831064098231536,0.239
77,113,0.36847501799013926,0.2390625
557,499,0.368491444792582,0.239125
2968,3183,0.36860612491005895,0.2391875
285,417,0.36869706276211645,0.23925
68,27,0.36881793683627095,0.2393125
1693,1763,0.368933765300568,0.239375
2362,2568,0.3692501557461014,0.2394375
3032,3393,0.3696467234271381,0.2395
2174,2259,0.3701625300215028,0.2395625
2632,2811,0.3702432588517013,0.239625
1334,1412,0.37045956782068856,0.2396875
2048,1982,0.3704903955893428,0.23975
1710,1857,0.3712765751428435,0.2398125
3565,3886,0.37157006214675903,0.239875
2469,2323,0.3716737278634241,0.2399375
904,1039,0.37178588443829597,0.24
455,684,0.3719525050830441,0.2400625
1350,1411,0.3720898927674341,0.240125
2215,2409,0.37209726666597476,0.2401875
3574,3702,0.3722229242116555,0.24025
2019,1980,0.3726350854132363,0.2403125
2814,2992,0.3726436458071589,0.240375
178,257,0.3729152927096706,0.2404375
1218,1206,0.37332179747988903,0.2405
1388,1554,0.37335818301070844,0.2405625
3868,3875,0.3735610286143469,0.240625
1650,1766,0.3736278207967132,0.2406875
2031,2258,0.373680860672124,0.24075
1668,1668,0.3737602345809137,0.2408125
706,673,0.3753253861850112,0.240875
489,502,0.3757516163335666,0.2409375
2582,2723,0.37643498564136735,0.241
3718,3813,0.37687696230273104,0.2410625
2765,2944,0.3771559468463579,0.241125
1530,1596,0.37726265320588936,0.2411875
1181,1401,0.37767062350354763,0.24125
3736,4019,0.3779159590908989,0.2413125
432,632,0.3782712118637619,0.241375
2901,2803,0.37939382251158804,0.2414375
3190,3400,0.37950060037923095,0.2415
500,494,0.37977896950649637,0.2415625
3312,3518,0.37994297542968525,0.241625
2750,2818,0.38025306098148803,0.2416875
123,258,0.380774336848269,0.24175
1456,1586,0.3811031021509166,0.2418125
3286,3403,0.3813390852341172,0.241875
1571,1739,0.38171212676226673,0.2419375
3938,3999,0.38177535865736445,0.242
121,68,0.38195689501166985,0.2420625
1154,1207,0.3827067966107478,0.242125
1213,1209,0.3829697277866728,0.2421875
774,685,0.3830366485406955,0.24225
3726,1852,0.3831092276345771,0.2423125
1104,1261,0.3832841245285863,0.242375
2043,2152,0.3833622815579929,0.2424375
1778,1874,0.38353689212343056,0.2425
2686,2738,0.38392234108818,0.2425625
3706,4011,0.383976987518281,0.242625
2535,2721,0.3841497233800055,0.2426875
1920,2023,0.3842391771593725,0.24275
2769,2924,0.3842923999360437,0.2428125
6334,2866,0.3843130455604751,0.242875
3612,3846,0.3850643432111269,0.2429375
3567,3686,0.38522786884777815,0.243
1448,1738,0.3854687440482394,0.2430625
3421,3704,0.3857298713779187,0.243125
2077,2245,0.3858381270087534,0.2431875
4042,3907,0.38597308401125474,0.24325
2169,2215,0.38675042509544255,0.2433125
2694,2722,0.3868397006039572,0.243375
3678,3904,0.3869925493327173,0.2434375
1476,1677,0.3876601422290662,0.2435
267,400,0.38791862139989775,0.2435625
115,67,0.3881107052409316,0.243625
1459,1373,0.38834861730808257,0.2436875
1928,1878,0.38864033879636395,0.24375
4008,3921,0.38865828644838984,0.2438125
330,504,0.38898273208212686,0.243875
4345,48,0.38923296059801693,0.2439375
3157,3394,0.38938395057675734,0.244
1903,2048,0.3901935027053298,0.2440625
2200,2305,0.39020337304796726,0.244125
758,623,0.3903014198173409,0.2441875
2871,3079,0.3905355860814552,0.24425
480,719,0.390570689916359,0.2443125
2529,2412,0.391283866067198,0.244375
344,506,0.39153731814146653,0.2444375
1169,1242,0.3922102393730569,0.2445
606,633,0.392760175754411,0.2445625
2440,2343,0.39349274428198555,0.244625
3336,3330,0.393643722476952,0.2446875
1512,1696,0.3942636871556431,0.24475
723,912,0.3944056344569731,0.2448125
2199,2134,0.39456745635982315,0.244875
2789,2865,0.3948748473537762,0.2449375
1786,1851,0.3949057446909592,0.245
2364,2248,0.39601363998394845,0.2450625
233,145,0.3963560203739256,0.245125
3992,4192,0.39660684343812136,0.2451875
986,976,0.39771515755100495,0.24525
309,507,0.39790699538169605,0.2453125
4066,3983,0.39881625226161077,0.245375
1865,1879,0.3989677145096664,0.2454375
1893,1850,0.3991015594230021,0.2455
3770,3989,0.39918728793912805,0.2455625
3135,3232,0.39935434275417947,0.245625
3010,2988,0.3998626284640068,0.2456875
543,509,0.3999059353731198,0.24575
1033,1102,0.4009297555266045,0.2458125
3169,3401,0.4015981686782766,0.245875
3658,3906,0.4016246244403874,0.2459375
2592,2406,0.40183374113783543,0.246
2433,2477,0.40246351836654526,0.2460625
7504,3396,0.4026190995977572,0.246125
2265,2246,0.4027021420405674,0.2461875
651,511,0.40377608633117035,0.24625
393,402,0.40385483513678366,0.2463125
1762,1848,0.40390113409446826,0.246375
3478,3756,0.4048586551321023,0.2464375
2866,2945,0.40488951810522167,0.2465
3684,3703,0.4051373073230593,0.2465625
2702,2480,0.40576252598444285,0.246625
477,634,0.40620393028604695,0.2466875
3905,4017,0.406960540104194,0.24675
1527,1642,0.40698341087986023,0.2468125
1758,1764,0.40711811575394563,0.246875
1604,1849,0.40724442155283214,0.2469375
2232,2479,0.40752675625907386,0.247
97,12,0.4075960393619623,0.2470625
352,401,0.40809714600466407,0.247125
1250,1194,0.40811305136304554,0.2471875
822,882,0.4089290492953097,0.24725
84,43,0.4089820232576735,0.2473125
1214,1210,0.40933820400034904,0.247375
576,635,0.40956962873445235,0.2474375
1303,1429,0.4097275668230509,0.2475
2647,2407,0.410434021559837,0.2475625
15,13,0.41066095944901004,0.247625
648,508,0.41106414592100293,0.2476875
28,117,0.41211382753499315,0.24775
1475,1644,0.4136871650565581,0.2478125
3295,3398,0.4155070135704477,0.247875
6,42,0.4161385397212456,0.2479375
2618,2481,0.4161897005179753,0.248
2129,2408,0.416218133142479,0.2480625
1345,1262,0.41689721657151324,0.248125
2982,3233,0.4171718876508521,0.2481875
2131,2252,0.41742719988516797,0.24825
3787,3705,0.4174604147536911,0.2483125
2253,2478,0.4175571871877537,0.248375
18,52,0.4175977895458205,0.2484375
2139,2253,0.4176307926585423,0.2485
1166,1375,0.4176894665378086,0.2485625
3771,4024,0.4183311543068271,0.248625
20,51,0.41836698541505424,0.2486875
1472,1446,0.41942885637050153,0.24875
667,638,0.4199853691806723,0.2488125
3618,4001,0.4211191106584238,0.248875
297,510,0.4215959056903671,0.2489375
3235,3397,0.42237878172397814,0.249
1656,1643,0.42245399840012965,0.2490625
1687,1740,0.4225241518521443,0.249125
2168,2414,0.422667131678395,0.2491875
3859,4004,0.4232155836059519,0.24925
1112,1208,0.42381882712410857,0.2493125
513,639,0.42448050528736303,0.249375
3117,3395,0.4256393513604735,0.2494375
2237,2254,0.42780142697861834,0.2495
3737,3706,0.430216672117524,0.2495625
1174,1376,0.4314287385576563,0.249625
2064,2168,0.43158337855223294,0.2496875
593,720,0.43348202920540757,0.24975
4022,4029,0.4343357581252576,0.2498125
40,69,0.4356716508002121,0.249875
3173,3373,0.436000994205358,0.2499375
2774,2989,0.43801703899367794,0.25
1306,1374,0.4402643936341235,0.2500625
3883,4030,0.4404131181046296,0.250125
3614,4000,0.4421029082271275,0.2501875
1970,1981,0.44288181507917557,0.25025
1323,1452,0.4467863873526028,0.2503125
3222,3234,0.4499949581763758,0.250375
89,44,0.4502611829895331,0.2504375
2455,2482,0.4514018043711303,0.2505
2186,2427,0.45481689052562047,0.2505625
61,45,0.45819218358423397,0.250625
444,637,0.4588674662282557,0.2506875
3652,3757,0.4593015390646542,0.25075
413,636,0.4602924071874952,0.2508125
25,46,0.4606492696653617,0.250875
345,70,0.46103718625316326,0.2509375
2148,2153,0.4678970757874765,0.251
3824,4025,0.4681087046333232,0.2510625
3776,4003,0.46908400580775833,0.251125
2049,2155,0.46915511771607044,0.2511875
2013,2156,0.4710018461154277,0.25125
3808,4012,0.4710862558522422,0.2513125
136,47,0.47362164361182923,0.251375
3649,4027,0.4754609652774775,0.2514375
3789,2991,0.48776059560691465,0.2515
2825,2990,0.4940668856322077,0.2515625
3843,4031,0.49796395940848015,0.251625
3755,4035,0.49831616541229096,0.2516875
2117,2154,0.5013996650400259,0.25175
3559,4032,0.5112431599788465,0.2518125
3939,4193,0.5289261333712716,0.251875
4098,4028,0.5295179650928503,0.2519375
3640,4036,0.5370662919169717,0.252
3921,4023,0.5408246140342499,0.2520625
3891,4194,0.5425709519814177,0.252125
3909,4022,0.5433916781094581,0.2521875
3734,4002,0.544576651785178,0.25225
3847,4020,0.5772782522412854,0.2523125
4154,4021,0.5814052042877051,0.252375
7799,4034,0.584814880787178,0.2524375
4457,4207,0.6076436739360815,0.2525
3812,4049,0.6102905199526845,0.2525625
4233,4198,0.6111663018486411,0.252625
3973,4195,0.6149617865679033,0.2526875
7772,4197,0.6184052763501882,0.25275
7931,4200,0.6190421160333699,0.2528125
3956,4191,0.6443088223451241,0.252875
3708,4048,0.6500409835517189,0.2529375
3884,4046,0.6513384456503104,0.253
3993,4204,0.6538489275366146,0.2530625
4045,4208,0.6590981190076377,0.253125
4010,4050,0.6666427395533674,0.2531875
3981,4199,0.6814817681680552,0.25325
3840,4212,0.6838111504986841,0.2533125
4025,4033,0.6854752052967683,0.253375
4061,4206,0.6924411131284387,0.2534375
3879,4037,0.6973514633116906,0.2535
3912,4047,0.6977276856259778,0.2535625
3797,4042,0.7039321193923342,0.253625
3857,4201,0.7062870264363141,0.2536875
3916,4041,0.7101252837218794,0.25375
3957,4043,0.7107245450535515,0.2538125
3721,4051,0.7148840661566851,0.253875
3982,4205,0.7331926847812724,0.2539375
4100,4196,0.7359551958129487,0.254
3953,4038,0.7413575990718186,0.2540625
5298,4202,0.7488818093955274,0.254125
4160,4203,0.748923676553602,0.2541875
3666,4039,0.7565945999256201,0.25425
3680,4045,0.7671353107298842,0.2543125
3963,4211,0.7677394229382344,0.254375
4033,4188,0.7752195716784058,0.2544375
3980,4214,0.778735583826915,0.2545
4148,4210,0.7869201172193812,0.2545625
3970,4218,0.7869220447533394,0.254625
3978,4189,0.7877746557244336,0.2546875
3984,4217,0.823861344602733,0.25475
4037,4215,0.8298736974480789,0.2548125
4352,4213,0.8328663913363812,0.254875
3983,4209,0.8348498080695208,0.2549375
4016,4040,0.8526741305667542,0.255
3899,4044,0.8812682012473942,0.2550625
4312,4220,0.8814326416040785,0.255125
4072,4219,0.8842323641779899,0.2551875
3890,4053,0.8923229493434519,0.25525
4006,4216,0.8942617646180793,0.2553125
3893,4052,0.9033007850567287,0.255375
5265,4258,0.91403658958302,0.2554375
3926,4190,0.9167208681943748,0.2555
4185,4252,0.9174277722449347,0.2555625
4058,4224,0.9214746560978142,0.255625
4104,4263,0.9222371669429776,0.2556875
3799,4246,0.9251912502685968,0.25575
4110,4253,0.9272647804693293,0.2558125
4183,4357,0.9310745026588734,0.255875
4195,4223,0.9335157691836002,0.2559375
3844,4054,0.9379914061718182,0.256
4114,4225,0.947989370917071,0.2560625
4167,4187,0.9514313016845222,0.256125
4111,4254,0.9739192183800469,0.2561875
4103,4221,0.9772834188013917,0.25625
4128,4259,0.9772971113262656,0.2563125
3925,4181,0.9791729356416567,0.256375
4291,4341,0.9805434400723811,0.2564375
3950,4251,0.9821571283129629,0.2565
4532,4245,0.9853627916825758,0.2565625
4178,4244,0.9880310725735058,0.256625
4133,4242,0.9919700658391548,0.2566875
3841,4222,0.9961144019167705,0.25675
3958,4248,0.9996766840466194,0.2568125
3917,4241,1.0144134963782108,0.256875
4169,4247,1.0161662945470766,0.2569375
4062,4255,1.0232797611305386,0.257
4217,4340,1.0349065313430401,0.2570625
4151,4273,1.037427548356277,0.257125
3761,4057,1.0390979250933015,0.2571875
3661,4058,1.0416435069607815,0.25725
4038,4345,1.0440772259685787,0.2573125
4084,4336,1.0488616278623795,0.257375
3948,4359,1.0518713684557497,0.2574375
4394,4358,1.0527888241973073,0.2575
3986,4265,1.057284981995224,0.2575625
4249,4339,1.0610516503485314,0.257625
3994,4227,1.0668497126260945,0.2576875
5188,4056,1.0677569496419324,0.25775
3802,4059,1.073805857975458,0.2578125
4101,4243,1.0769271749020959,0.257875
3979,4185,1.0817140278905981,0.2579375
3838,4182,1.0840734509162644,0.258
4565,4338,1.0851602974877324,0.2580625
4080,4249,1.0857608361340567,0.258125
4209,4356,1.1001720445592582,0.2581875
3699,4055,1.1024443884628,0.25825
4500,4250,1.1080536613465597,0.2583125
4458,4342,1.1091492217152563,0.258375
3930,4334,1.109256829952244,0.2584375
4046,4226,1.1092788456712128,0.2585
4331,4186,1.1094263775497097,0.2585625
3947,4183,1.112179294060013,0.258625
4995,4180,1.118526383828737,0.2586875
4017,4178,1.1227329944625808,0.25875
4182,4360,1.1229123261319955,0.2588125
4000,4346,1.1235303209782046,0.258875
4239,4361,1.123681599260749,0.2589375
3995,4353,1.1249103746198443,0.259
4436,4335,1.1281482710290334,0.2590625
3927,4264,1.1340117281013704,0.259125
3999,4240,1.1361173833338398,0.2591875
3920,4260,1.1390431394522125,0.25925
4096,4352,1.1412987904690794,0.2593125
5002,4343,1.1413053410535667,0.259375
4348,4262,1.1478526517867067,0.2594375
3813,4070,1.1488945403239654,0.2595
4197,4170,1.149597058786469,0.2595625
4170,4272,1.1502824066579933,0.259625
4085,4337,1.1519409409582408,0.2596875
4461,4257,1.156205932259354,0.25975
3969,4184,1.1587495756596127,0.2598125
4717,4333,1.1614621458304555,0.259875
4041,4344,1.1619196334406183,0.2599375
4117,4256,1.1636475682007017,0.26
4290,4266,1.1668402980343444,0.2600625
4088,4179,1.1689560597674813,0.260125
4697,4362,1.1708504893431382,0.2601875
4131,4349,1.177385089068025,0.26025
4067,4267,1.1849143844784749,0.2603125
4050,4351,1.1861779585735803,0.260375
3803,4060,1.1863789417073463,0.2604375
3764,4061,1.1892050164373131,0.2605
4404,4348,1.190742076600884,0.2605625
4258,4347,1.1909979127959218,0.260625
3901,4171,1.1919282404358569,0.2606875
3942,4274,1.195770884437934,0.26075
9032,4330,1.2022718781828985,0.2608125
3922,4177,1.2110126658878357,0.260875
4159,4268,1.2190448003506162,0.2609375
4089,4354,1.2407149511735724,0.261
4082,4166,1.241062184655675,0.2610625
4003,4329,1.2413477272772298,0.261125
4301,4228,1.2436884021536798,0.2611875
4083,4350,1.247481402129381,0.26125
4130,4271,1.263763867375701,0.2613125
3966,4237,1.2660835722580828,0.261375
6167,4238,1.268949578752995,0.2614375
3904,4229,1.2690559978682359,0.2615
3831,4071,1.2713094473089654,0.2615625
3907,4270,1.2746660337907088,0.261625
4107,4355,1.2832644273349274,0.2616875
4425,4173,1.2866064838058833,0.26175
4202,4062,1.2928407690801578,0.2618125
4388,4167,1.2946640686935211,0.261875
4054,4172,1.2970135898708577,0.2619375
4146,4174,1.30638077221397,0.262
3894,4169,1.3128628051926512,0.2620625
3829,4064,1.3153443512001672,0.262125
4206,4332,1.3176520580044553,0.2621875
4138,4276,1.3178244027075152,0.26225
3892,4063,1.3189939649150801,0.2623125
3932,4277,1.3242306449250805,0.262375
4032,4088,1.326050398096072,0.2624375
3845,4069,1.3280979206735992,0.2625
3875,4261,1.328112515797443,0.2625625
3880,4068,1.328780915364291,0.262625
4120,4331,1.3420034846669182,0.2626875
4018,4283,1.3508742678469048,0.26275
3867,4231,1.3548527319991308,0.2628125
3997,4230,1.3596920967183337,0.262875
3691,4067,1.362113944006012,0.2629375
4227,4269,1.3625583525417255,0.263
4176,4363,1.3798123221005199,0.2630625
4034,4089,1.3807398694198127,0.263125
3910,4235,1.381843962545247,0.2631875
4144,4275,1.3830033806896154,0.26325
3961,4236,1.3850087099854136,0.2633125
4015,4239,1.391255012507088,0.263375
4040,4279,1.3933630658602851,0.2634375
3861,4168,1.3956218820951563,0.2635
4108,4087,1.3980699613162528,0.2635625
3686,4065,1.3982732008047378,0.263625
4271,4364,1.4023011264144998,0.2636875
4147,4175,1.4032117704244342,0.26375
3835,4074,1.411157495497946,0.2638125
3798,4066,1.4130531239104016,0.263875
3946,4176,1.4392666116632427,0.2639375
4069,4165,1.4517455275227462,0.264
4221,4232,1.452720154454937,0.2640625
4186,4303,1.4643098553986533,0.264125
4384,4365,1.4694211249742466,0.2641875
4153,4281,1.4755036098969185,0.26425
4102,4366,1.4870318741040478,0.2643125
4079,4302,1.4879498747124558,0.264375
4149,4072,1.4895146181459609,0.2644375
4021,4304,1.4943917131025728,0.2645
4793,4278,1.503404639985888,0.2645625
4099,4164,1.5138494714218496,0.264625
3833,4075,1.517391520714682,0.2646875
4127,4328,1.5260501232835963,0.26475
4230,4389,1.527241671971467,0.2648125
4516,4369,1.528422068734585,0.264875
4020,4282,1.5295468090363329,0.2649375
4052,4317,1.5364985478157678,0.265
3897,4160,1.5367015795669658,0.2650625
4512,4639,1.5465904333416347,0.265125
3608,4090,1.547775777293566,0.2651875
3877,4086,1.5492072513715698,0.26525
4326,4387,1.5495918572191272,0.2653125
4400,4638,1.5510886223456737,0.265375
4259,4280,1.5537052343777304,0.2654375
6384,4327,1.556452442290606,0.2655
4173,4388,1.5571890429916948,0.2655625
4112,4386,1.5637761028666546,0.265625
4105,4284,1.5784383305995107,0.2656875
4367,4627,1.5793493362971844,0.26575
4621,4640,1.5860399404506325,0.2658125
4011,4159,1.586910361633329,0.265875
4077,4233,1.5895032465892314,0.2659375
3809,4091,1.5911260647232552,0.266
4414,4643,1.5932106647986757,0.2660625
3971,4326,1.5934678300239966,0.266125
3943,4383,1.5952960292119656,0.2661875
4224,4286,1.5956822505765444,0.26625
3945,4162,1.5965584579950587,0.2663125
4472,4301,1.5989484036031172,0.266375
4253,4370,1.6019165418058492,0.2664375
4266,4381,1.6034612487475215,0.2665
9166,4296,1.604374342540325,0.2665625
4137,4161,1.6055949439346477,0.266625
3578,4073,1.605818106687309,0.2666875
4444,4641,1.6095855455312744,0.26675
4211,4285,1.61241640236301,0.2668125
4292,4376,1.6132493239105088,0.266875
3895,4085,1.6159150491507148,0.2669375
4241,4367,1.61762302054791,0.267
3854,4083,1.618305653410573,0.2670625
4651,4628,1.6197383017370726,0.267125
4366,4076,1.6204106737594088,0.2671875
4109,4234,1.6207063419154792,0.26725
4053,4092,1.6239367908495979,0.2673125
4265,4308,1.6303557320285336,0.267375
4302,4378,1.6325810500563307,0.2674375
4373,4410,1.6352924334556747,0.2675
7154,4626,1.6415477493999333,0.2675625
4063,4297,1.64253233162259,0.267625
4229,4309,1.6426832756512226,0.2676875
4297,4325,1.6463430238584351,0.26775
4272,4385,1.6467653492200043,0.2678125
4282,4637,1.647145065785935,0.267875
4121,4368,1.6500131728861902,0.2679375
3929,4077,1.6513206353606051,0.268
6427,4139,1.6523136310020732,0.2680625
4303,4384,1.6531292480069624,0.268125
3972,4078,1.6575017914784667,0.2681875
3848,4095,1.657502728064344,0.26825
3998,4411,1.6595057560083433,0.2683125
4188,4305,1.667849483404325,0.268375
3669,4082,1.669655807733136,0.2684375
4298,4390,1.6714570824436237,0.2685
3967,4306,1.6725767813438779,0.2685625
3906,4093,1.6734662903028834,0.268625
4720,4371,1.674041825888139,0.2686875
4330,4379,1.6751071172633942,0.26875
4140,4412,1.6755685971676257,0.2688125
4106,4084,1.6796434948931847,0.268875
4071,4300,1.6797781012501787,0.2689375
9276,4147,1.6842602919738283,0.269
4410,4311,1.6854346683768995,0.2690625
5017,4642,1.686298830402734,0.269125
4320,4630,1.6865673744242144,0.2691875
4680,4631,1.687491042239401,0.26925
4036,4380,1.6879954225438496,0.2693125
4152,4310,1.6909982520123208,0.269375
4370,4393,1.6928861948762801,0.2694375
4191,4377,1.6936756519372125,0.2695
4339,4321,1.699248735446929,0.2695625
4398,4391,1.7046948818881447,0.269625
4279,4138,1.7074001976689601,0.2696875
4594,4629,1.7084904968683645,0.26975
4257,4298,1.70925319594852,0.2698125
4115,4323,1.710014394982693,0.269875
4192,4382,1.71020495620985,0.2699375
4215,4316,1.7143358824330903,0.27
9319,4324,1.7151798025317362,0.2700625
5322,4644,1.7159443635895855,0.270125
3860,4094,1.7189728300568277,0.2701875
4358,4645,1.7194116041927145,0.27025
4393,4322,1.7200938854205106,0.2703125
4064,4413,1.729291416565843,0.270375
4433,4418,1.7305448108101018,0.2704375
4158,4373,1.7352316245887778,0.2705
4156,4312,1.736499761848222,0.2705625
4087,4081,1.7376700870485706,0.270625
7576,4097,1.7404845917831722,0.2706875
8033,4596,1.7417706993772981,0.27075
4047,4319,1.7436508932839843,0.2708125
4480,4318,1.7453854693328594,0.270875
4026,4372,1.7492640290305985,0.2709375
4584,4624,1.7519504896052354,0.271
3968,4307,1.7520379137183113,0.2710625
4073,4409,1.7553316413454922,0.271125
4171,4392,1.7576187183269667,0.2711875
5407,4634,1.759598316034669,0.27125
9022,4648,1.7640353189111124,0.2713125
4166,4096,1.7642513458729354,0.271375
3911,4288,1.765645931604297,0.2714375
4095,4320,1.7678408737144764,0.2715
4385,4636,1.7680961327109799,0.2715625
4162,4287,1.770179119884915,0.271625
3935,4151,1.7707842505438407,0.2716875
4223,4299,1.7714807609706895,0.27175
4300,4603,1.7757811209913257,0.2718125
4543,4441,1.7778669372114564,0.271875
4650,4602,1.779862437613474,0.2719375
8606,4647,1.7802378145536295,0.272
4007,4313,1.7805438919990024,0.2720625
3853,4150,1.789796529076341,0.272125
3836,4079,1.793067800703227,0.2721875
3955,4141,1.793394094242558,0.27225
4468,4633,1.794169224027769,0.2723125
4268,4635,1.7944069282578425,0.272375
4132,4146,1.7952040894378456,0.2724375
4238,4158,1.7973340330389078,0.2725
4135,4442,1.799663150914398,0.2725625
3965,4142,1.7999479673999303,0.272625
4044,4154,1.8002853384546142,0.2726875
7524,4157,1.80524147292698,0.27275
4155,4163,1.8078189039285348,0.2728125
4579,4314,1.8100464070361681,0.272875
4949,4148,1.8132767955737563,0.2729375
4213,4607,1.816516355413114,0.273
4051,4315,1.8207084805430327,0.2730625
3837,4140,1.825312518784017,0.273125
4208,4153,1.8288214963908445,0.2731875
4729,4621,1.8298019009696418,0.27325
4415,4155,1.82992692957788,0.2733125
4346,4394,1.8323147486977973,0.273375
8766,4407,1.8343187958357134,0.2734375
4196,4414,1.8378555596421506,0.2735
4551,4420,1.83853515715208,0.2735625
4139,4375,1.8431967471253756,0.273625
4524,4622,1.846055457906914,0.2736875
4289,4646,1.8465437871226982,0.27375
4482,4623,1.8469569935062964,0.2738125
4240,4443,1.8485798010474923,0.273875
4296,4608,1.8490185073002294,0.2739375
3786,4152,1.8505289348758538,0.274
5059,4416,1.8525989369167064,0.2740625
4005,4156,1.861597817984773,0.274125
4353,4598,1.863695291776878,0.2741875
4528,4429,1.8646116492047327,0.27425
4572,4625,1.8683025383198242,0.2743125
4222,4417,1.8763848811947241,0.274375
4055,4374,1.879408983808048,0.2744375
4812,4597,1.882003680391506,0.2745
4391,4600,1.8870107579136857,0.2745625
4824,4620,1.8917912691097172,0.274625
4654,4632,1.896597888393785,0.2746875
4546,4609,1.8979304780957023,0.27475
4360,4649,1.8986107324412842,0.2748125
4899,4480,1.8986751138128852,0.274875
4445,4295,1.9006046948035191,0.2749375
4440,4424,1.9014596922896772,0.275
4685,4289,1.9033806193236273,0.2750625
4242,4437,1.9142101904272977,0.275125
3962,4104,1.9162717512010659,0.2751875
4576,4606,1.918944407639117,0.27525
4250,4421,1.922255580223407,0.2753125
3866,4143,1.9243595633623727,0.275375
4028,4408,1.926228507263943,0.2754375
4464,4425,1.9288006271308973,0.2755
4315,4610,1.9292765953877051,0.2755625
4275,4419,1.9307939007637742,0.275625
4338,4656,1.9321791179975207,0.2756875
4401,4601,1.9324902834922568,0.27575
4469,4655,1.9344489527750284,0.2758125
4043,4149,1.9347193115599453,0.275875
4494,4605,1.9373460447880575,0.2759375
4502,4650,1.9385487835740491,0.276
4165,4423,1.9400464340858434,0.2760625
3863,4137,1.9409430190214039,0.276125
4316,4619,1.941491694219394,0.2761875
4327,4406,1.9417195622441454,0.27625
4357,4439,1.9442713539195324,0.2763125
4123,4294,1.94532182441435,0.276375
4309,4431,1.9465045463267643,0.2764375
4228,4290,1.9467843167398087,0.2765
3996,4134,1.9469677983819338,0.2765625
4478,4436,1.949032640721839,0.276625
4429,4657,1.9501226311690516,0.2766875
4198,4474,1.9502154426054403,0.27675
4256,4136,1.9522238153680291,0.2768125
4295,4432,1.9560937172828403,0.276875
4174,4438,1.9569572374183508,0.2769375
4601,4440,1.957753290345579,0.277
4523,4473,1.9586863585097944,0.2770625
3769,4098,1.959533393452375,0.277125
4307,4291,1.9611323281748128,0.2771875
5192,4613,1.961977421565507,0.27725
4030,4292,1.9637570502916333,0.2773125
6371,4479,1.9650926354938179,0.277375
4570,4614,1.971572670895,0.2774375
4246,4490,1.974005606513856,0.2775
4187,4293,1.974794312947381,0.2775625
4334,4422,1.9759258060758498,0.277625
4314,4604,1.9760308012654377,0.2776875
4269,4405,1.9880190889771256,0.27775
3991,4080,1.9917132507766269,0.2778125
4506,4590,1.995862822547224,0.277875
4319,4595,1.9965113739589242,0.2779375
4932,4654,1.9984860719626454,0.278
4207,4445,1.9997490442902404,0.2780625
4002,4135,2.0003048081026122,0.278125
4467,4594,2.002566022950532,0.2781875
4335,4599,2.0026195103764053,0.27825
5039,4589,2.0040617001019996,0.2783125
3886,4099,2.0050981845284355,0.278375
4318,4398,2.007206031718056,0.2784375
4056,4415,2.008212729498098,0.2785
4332,4482,2.010447254788687,0.2785625
4481,4446,2.0128731998350986,0.278625
4403,4651,2.013063142848125,0.2786875
4813,4475,2.013456780739432,0.27875
4520,4653,2.015606882386237,0.2788125
4172,4447,2.0169050177596546,0.278875
4280,4434,2.0205894148262473,0.2789375
3673,4100,2.021130814631988,0.279
4235,4395,2.023566384841672,0.2790625
4252,4481,2.0238535630742263,0.279125
3873,4103,2.0276549553100836,0.2791875
4118,4430,2.0277671473172063,0.27925
4386,4659,2.034185902416823,0.2793125
4967,4444,2.0364522264030143,0.279375
8747,4145,2.037806016492027,0.2794375
4351,4652,2.039964444094153,0.2795
4413,4618,2.0401385138714545,0.2795625
4116,4476,2.040804901076058,0.279625
4283,4477,2.0442165771297596,0.2796875
4554,4612,2.0492420634762425,0.27975
4487,4615,2.0527018632980685,0.2798125
4023,4472,2.0538371709968146,0.279875
3772,4105,2.0544868551546642,0.2799375
4424,4611,2.057656792964906,0.28
4264,4396,2.0585086436832967,0.2800625
4076,4399,2.059104307417499,0.280125
3722,4109,2.062964783692564,0.2801875
4150,4400,2.0654734723480033,0.28025
4267,4435,2.0680762508009707,0.2803125
4530,4593,2.070578962462548,0.280375
4371,4426,2.0812476355487775,0.2804375
4254,4491,2.083574546366151,0.2805
4308,4658,2.084326647825435,0.2805625
4245,4483,2.088948447438952,0.280625
4251,4471,2.0890247706584546,0.2806875
4180,4433,2.0899789785659664,0.28075
4163,4397,2.09154151185777,0.2808125
4126,4106,2.0915743905491126,0.280875
4514,4616,2.092088292736605,0.2809375
4342,4617,2.092559412049468,0.281
4411,4484,2.0957321632662342,0.2810625
4459,4401,2.0988770291811534,0.281125
4329,4660,2.0989504666718517,0.2811875
4760,4492,2.1029848905637323,0.28125
4349,4591,2.1091817495673695,0.2813125
4505,4428,2.117097157945466,0.281375
4586,4478,2.1235257667739234,0.2814375
9203,4404,2.1261558716664126,0.2815
3864,4144,2.1277472801411363,0.2815625
4262,4470,2.1325685080233256,0.281625
4184,4427,2.1375205997435387,0.2816875
3780,4101,2.140397293446483,0.28175
4437,4485,2.140462830697345,0.2818125
4380,4448,2.148116851901648,0.281875
4009,4133,2.157209798893234,0.2819375
4466,4587,2.16595078078052,0.282
3810,4131,2.170099865519205,0.2820625
4232,4588,2.1759240657290206,0.282125
4395,4592,2.1762110924753983,0.2821875
3717,4108,2.182529330127977,0.28225
3804,4110,2.188597589034657,0.2823125
4608,4489,2.188633587685331,0.282375
4323,4488,2.189331912336911,0.2824375
4383,4583,2.1896777310322477,0.2825
4362,4487,2.2010653300201852,0.2825625
4333,4486,2.2041120901859586,0.282625
4405,4462,2.2052955918956627,0.2826875
4059,4455,2.2114533027081507,0.28275
3675,4111,2.215790098886771,0.2828125
4564,4868,2.217647604165734,0.282875
4234,4507,2.2211961955796937,0.2829375
7963,4403,2.224610419987073,0.283
3936,4107,2.2274862934811495,0.2830625
4406,4450,2.2275544194167196,0.283125
4374,4463,2.240052922051234,0.2831875
4219,4402,2.246992028572379,0.28325
4168,4116,2.2470807335540712,0.2833125
4611,4847,2.2549741134757255,0.283375
5299,4582,2.2588782246753567,0.2834375
4783,4867,2.2599022806053313,0.2835
4281,4506,2.260509207737641,0.2835625
4189,4496,2.262924847910881,0.283625
4441,4662,2.263414356413591,0.2836875
4317,4132,2.263856561665989,0.28375
4399,4114,2.2640804627017133,0.2838125
4141,4451,2.2650273836105157,0.283875
4337,4577,2.2692492700510343,0.2839375
4288,4580,2.2713742613513546,0.284
4363,4508,2.274267797540233,0.2840625
5079,4495,2.2752212874348174,0.284125
3944,4129,2.2784978457585794,0.2841875
4142,4454,2.2883059013415163,0.28425
4507,4846,2.2900314932136894,0.2843125
4090,4461,2.2905406936959594,0.284375
4304,4467,2.293734057287793,0.2844375
4591,4870,2.2973834774886654,0.2845
4014,4115,2.29914813757847,0.2845625
4529,4493,2.299205001501605,0.284625
3985,4112,2.2998171075831237,0.2846875
4596,4510,2.300277776374344,0.28475
4049,4102,2.301153296415862,0.2848125
4311,4120,2.303937553653327,0.284875
4566,4581,2.3055470153285,0.2849375
4412,4494,2.305785427970534,0.285
4503,4848,2.307952782909922,0.2850625
4390,4567,2.3110167628954628,0.285125
4836,4505,2.311290864764487,0.2851875
3874,4130,2.312507083429864,0.28525
4710,4509,2.3205150185787033,0.2853125
4225,4465,2.321360561588392,0.285375
4381,4464,2.3230042269415208,0.2854375
4442,4661,2.32551432696539,0.2855
4446,4453,2.3263502776007954,0.2855625
4420,4584,2.3278095186507244,0.285625
4212,4579,2.3287180016975526,0.2856875
4136,4449,2.3315114328491404,0.28575
4341,4545,2.3350484901206983,0.2858125
4630,4871,2.340381370416196,0.285875
4578,4869,2.3405273640854034,0.2859375
4361,4541,2.341191419575182,0.286
4643,4813,2.342537746285416,0.2860625
4243,4585,2.3426812734874716,0.286125
6680,6642,2.3447535204315955,0.2861875
4328,4468,2.346736066140636,0.28625
4868,4865,2.355793982619332,0.2863125
4325,4578,2.358526492088913,0.286375
4628,4818,2.3586967936241194,0.2864375
4276,4538,2.3599328185340482,0.2865
4849,4815,2.361438306771049,0.2865625
3740,4113,2.361786031223687,0.286625
4236,4456,2.362407800698122,0.2866875
4782,4544,2.3624614795729144,0.28675
4641,4574,2.363556017705207,0.2868125
5100,4904,2.3678126599343727,0.286875
4364,4512,2.3718918253828747,0.2869375
4263,4513,2.3754730322321507,0.287
4199,4466,2.3756802824801184,0.2870625
6338,6643,2.3764189085694625,0.287125
4419,4568,2.3765188040715657,0.2871875
8069,4543,2.3785956033017897,0.28725
4177,4457,2.3838989705241715,0.2873125
4772,4850,2.3844279801280095,0.287375
4719,4558,2.3891912654696625,0.2874375
4835,4903,2.391931030669582,0.2875
4031,4452,2.3956296336784817,0.2875625
4190,4511,2.3965896766489436,0.287625
4093,4503,2.3982373819779355,0.2876875
4539,4498,2.401096300623294,0.28775
4790,4872,2.40113271834349,0.2878125
4231,4504,2.401135168074063,0.287875
6737,6641,2.4052041661032035,0.2879375
8783,4539,2.4084708456636577,0.288
4449,4499,2.410395558742266,0.2880625
4715,4862,2.4107657735490307,0.288125
4438,4586,2.413414071230136,0.2881875
3988,4117,2.417656023617667,0.28825
3839,4119,2.4179116769218467,0.2883125
4975,4573,2.4220772065534675,0.288375
4525,4542,2.4223327250142006,0.2884375
4065,4469,2.4241497034582835,0.2885
4632,4849,2.425674441832143,0.2885625
4838,4819,2.4284352007205143,0.288625
3785,4118,2.428968994546665,0.2886875
4655,4816,2.430111104153241,0.28875
4535,4556,2.434923341016713,0.2888125
4593,4554,2.4361560911117977,0.288875
4935,4817,2.437659729302709,0.2889375
3856,4121,2.437901811922984,0.289
4193,4557,2.44266582030707,0.2890625
4519,4559,2.442841608038293,0.289125
4645,4814,2.443871873878038,0.2891875
4501,4561,2.4466259219584003,0.28925
4204,4536,2.447675082239698,0.2893125
4426,4820,2.4485887609599217,0.289375
4359,4569,2.4489500520261345,0.2894375
4181,4518,2.453104545055453,0.2895
4336,4519,2.4552050386815267,0.2895625
4382,4514,2.4566032542945777,0.289625
4701,4917,2.4593712284662956,0.2896875
4610,4663,2.461568941960877,0.28975
4555,4520,2.463643373866887,0.2898125
4427,4497,2.464735284037033,0.289875
4739,4873,2.466317778621544,0.2899375
4313,4533,2.4690919300450105,0.29
4075,4128,2.4691796145725107,0.2900625
4954,4891,2.46972386312234,0.290125
4416,4560,2.4731032279999567,0.2901875
4421,4555,2.4753318774571653,0.29025
4343,4500,2.4775798228016583,0.2903125
4194,4553,2.482798789796391,0.290375
3820,4122,2.483975745950545,0.2904375
4092,4458,2.4841696120106462,0.2905
4540,4501,2.485017135951864,0.2905625
4244,4537,2.485601651112063,0.290625
4372,4502,2.48632667703896,0.2906875
4749,4866,2.4894792443687948,0.29075
4344,4521,2.489572450388721,0.2908125
4260,4571,2.4929207267525726,0.290875
4375,4566,2.4979527820746057,0.2909375
4355,4562,2.5012311107581695,0.291
4604,4864,2.50219569893045,0.2910625
4305,4570,2.502855729978421,0.291125
4286,4540,2.5058983930982777,0.2911875
4855,4905,2.518569687217166,0.29125
6406,6656,2.5186082568762913,0.2913125
4694,4902,2.5188593886273907,0.291375
4569,4921,2.521323707036288,0.2914375
4354,4460,2.5220061881531706,0.2915
5452,4890,2.5231180056063636,0.2915625
4324,4564,2.5245489513263237,0.291625
4450,4546,2.524689513543251,0.2916875
4273,4551,2.5262672795184358,0.29175
5032,4845,2.5270380638219194,0.2918125
8667,4547,2.527993518710389,0.291875
4428,4552,2.5293460730404718,0.2919375
4908,4852,2.5313099720005994,0.292
4766,4861,2.5314509582091773,0.2920625
4911,4919,2.531868921247053,0.292125
4471,4863,2.5401395898176133,0.2921875
4526,4575,2.5416819365011634,0.29225
4631,4893,2.542770081900187,0.2923125
4776,4918,2.5467177191886776,0.292375
4434,4459,2.547361932075944,0.2924375
4261,4576,2.548491417112132,0.2925
4670,4894,2.549248807216202,0.2925625
4737,4874,2.5562401007274502,0.292625
4637,4527,2.5640705696833948,0.2926875
4287,4565,2.564537890285237,0.29275
4888,4851,2.5652356962979184,0.2928125
4396,4563,2.5688599427678014,0.292875
4755,4913,2.5705216836061027,0.2929375
4774,4895,2.5768919583163665,0.293
6462,6644,2.5803024011268008,0.2930625
4642,4821,2.5843326841672933,0.293125
4161,4526,2.5843466801196655,0.2931875
4492,4812,2.585861099984186,0.29325
4767,4920,2.586627186809153,0.2933125
4865,4531,2.586935071744449,0.293375
6483,6658,2.5869759055833583,0.2934375
4310,4572,2.5881662099058076,0.2935
4590,4827,2.5929070604474305,0.2935625
3889,4123,2.595583337823939,0.293625
4542,4892,2.59613845519641,0.2936875
6269,6654,2.5967437945936354,0.29375
4686,4843,2.5975560821085537,0.2938125
6587,6660,2.598675604888399,0.293875
4368,4516,2.5989383882705965,0.2939375
4633,4833,2.6000987061134424,0.294
4589,4897,2.6017452351282486,0.2940625
4625,4898,2.6056161978092973,0.294125
6448,6659,2.6069543051416986,0.2941875
4597,4906,2.60807149027886,0.29425
4688,4879,2.6086113519492073,0.2943125
4397,4127,2.6105190154535762,0.294375
4895,4875,2.611650153050334,0.2944375
4518,4822,2.6124537326357427,0.2945
4592,4899,2.6136305929792343,0.2945625
7771,4859,2.6137300685209652,0.294625
4119,4515,2.614740096305866,0.2946875
4559,4664,2.614865627711083,0.29475
4751,4914,2.6148699098243924,0.2948125
5819,4834,2.6150265423844417,0.294875
5060,4837,2.616192284998931,0.2949375
6533,6678,2.6173069247170133,0.295
5484,4823,2.6212616632757317,0.2950625
4665,4832,2.621813484253039,0.295125
6310,6673,2.6218348400835794,0.2951875
4588,4826,2.623399943962397,0.29525
6455,6655,2.623772815701386,0.2953125
6904,6639,2.624146478869079,0.295375
4284,4522,2.6245720460283906,0.2954375
7876,4525,2.624710938346709,0.2955
5180,4842,2.6274929546744374,0.2955625
4627,4878,2.6302000573880946,0.295625
4097,4517,2.633402780885831,0.2956875
4255,4523,2.6356803451205337,0.29575
4452,4806,2.636245674476811,0.2958125
4200,4550,2.6365224203997286,0.295875
4714,4807,2.6383210744758117,0.2959375
4448,4854,2.6429340883624377,0.296
6319,6681,2.6446978444229217,0.2960625
4921,4922,2.647057024715707,0.296125
4340,4530,2.648707109808015,0.2961875
4409,4535,2.6497863919964857,0.29625
4775,4916,2.651799657897243,0.2963125
6308,6645,2.6519990111680727,0.296375
6337,6661,2.657069659569629,0.2964375
4538,4877,2.6571371654991367,0.2965
4408,4534,2.66038864983193,0.2965625
4658,4825,2.660460221741914,0.296625
5380,4896,2.661936993937047,0.2966875
4544,4824,2.6638608787983458,0.29675
4595,4876,2.664077759383588,0.2968125
4789,4907,2.666319469650091,0.296875
6460,6663,2.6705028523948613,0.2969375
6528,6680,2.670952919635738,0.297
4842,4829,2.6722676091183075,0.2970625
4583,4835,2.6731725938856243,0.297125
6553,6640,2.6771754917004955,0.2971875
4489,4666,2.6779481374384773,0.29725
4495,4528,2.679048546539093,0.2973125
4695,4811,2.6807146170430656,0.297375
7375,4836,2.6812095557235693,0.2974375
6420,6664,2.6866555131538234,0.2975
4605,4923,2.6904148252240816,0.2975625
4285,4529,2.6943335969899636,0.297625
4094,4124,2.6950422032986694,0.2976875
4568,4858,2.695178153292545,0.29775
4571,4667,2.696996421775907,0.2978125
4638,4860,2.7001561715194953,0.297875
4550,4887,2.70202142424057,0.2979375
6771,6677,2.706177449587699,0.298
4203,4125,2.706196153853739,0.2980625
4216,4665,2.7076525226689796,0.298125
6501,6679,2.7083653640461307,0.2981875
4666,4844,2.7093538842775047,0.29825
6513,6657,2.713841240560214,0.2983125
4711,4924,2.714262604714804,0.298375
4619,4830,2.7153257854890853,0.2984375
4474,4532,2.715384289013457,0.2985
4735,4853,2.7204808170126284,0.2985625
6387,6675,2.7215914391290426,0.298625
8047,4927,2.722613845922467,0.2986875
4863,4880,2.7228846200771386,0.29875
6430,6638,2.723637675410828,0.2988125
6309,6662,2.7239283120575237,0.298875
4877,4909,2.724448452387776,0.2989375
4946,4888,2.7260488063183175,0.299
4704,4828,2.7261875614281053,0.2990625
4718,4549,2.7293491721376313,0.299125
4493,4548,2.730505127989602,0.2991875
9649,4841,2.730705364329822,0.29925
6341,6653,2.7335095439589168,0.2993125
6791,6676,2.7369478790684525,0.299375
5061,4911,2.739397112334018,0.2994375
4545,4925,2.7397997014209636,0.2995
6682,6674,2.7410020349435626,0.2995625
4961,4901,2.7413999732502816,0.299625
4537,4912,2.742242342850716,0.2996875
6640,6646,2.743393667984037,0.29975
6435,6637,2.7436745509720595,0.2998125
6407,6666,2.7516776505096914,0.299875
4247,4126,2.7555136905576774,0.2999375
4883,4831,2.759181290410311,0.3
4747,4889,2.7606509176538907,0.3000625
6593,6665,2.7609765620264852,0.300125
4706,4915,2.762217077874368,0.3001875
4669,4805,2.7627474424321576,0.30025
4722,4857,2.762782811062209,0.3003125
4758,4908,2.7643591419004565,0.300375
6642,6672,2.7656128017243873,0.3004375
4527,4926,2.770080249336729,0.3005
5294,4856,2.7733724226350205,0.3005625
5160,4928,2.7749723932668644,0.300625
8143,4883,2.7768595680050794,0.3006875
6975,6650,2.7851772296007766,0.30075
6475,6671,2.7862526121564315,0.3008125
4682,4884,2.793871482306031,0.300875
4716,4929,2.796010245150228,0.3009375
4807,4855,2.7988857592138743,0.301
6650,6649,2.7990213458632525,0.3010625
4389,4524,2.803492517474865,0.301125
6678,6669,2.8075565212814126,0.3011875
4602,4801,2.8080412727101702,0.30125
4521,4886,2.81158236506991,0.3013125
6425,6651,2.8170595254589443,0.301375
4757,4900,2.819703885740523,0.3014375
4799,4840,2.825079512370735,0.3015
6374,6682,2.8300360537887173,0.3015625
5018,4881,2.8303049636069773,0.301625
4636,4910,2.8332768545222393,0.3016875
4854,4838,2.8338233680016742,0.30175
6463,6647,2.835958877823373,0.3018125
6266,6683,2.843740173337551,0.301875
6681,6670,2.8448352739077336,0.3019375
4662,4885,2.8450022004359994,0.302
4306,4668,2.8484645243942737,0.3020625
6784,6667,2.8489735843178323,0.302125
4705,4882,2.8496271471466343,0.3021875
4652,4839,2.8531259710855466,0.30225
4831,4804,2.861229682722751,0.3023125
4858,4936,2.8615353322920782,0.302375
6839,6626,2.8678479785047557,0.3024375
4702,4930,2.873186959774614,0.3025
4293,4692,2.879014684374056,0.3025625
6768,6668,2.879771569370746,0.302625
4417,4669,2.8831634345717134,0.3026875
4613,4808,2.892675710921594,0.30275
5035,4935,2.895716351895601,0.3028125
4982,4809,2.8974558788404465,0.302875
4541,4693,2.9006419691402243,0.3029375
4418,4691,2.9044215281730885,0.303
6396,6652,2.9078136545092548,0.3030625
4943,4938,2.912362201327255,0.303125
5982,5856,2.9139434117265637,0.3031875
4765,4810,2.9173312117163164,0.30325
6392,6594,2.9276570321459303,0.3033125
6352,6636,2.9358047934726983,0.303375
6246,6625,2.943459895599858,0.3034375
4803,4932,2.9453530354109603,0.3035
5641,5854,2.945861610150928,0.3035625
4491,4670,2.953236150560656,0.303625
6537,6584,2.953706853045219,0.3036875
6069,4942,2.970244380889028,0.30375
6572,6585,2.9736507587122105,0.3038125
4547,4705,2.9814389195192916,0.303875
4653,4941,2.982211689421092,0.3039375
5662,5855,2.982251271659834,0.304
4616,4940,2.9904843962652308,0.3040625
4612,4931,2.9915462545089895,0.304125
6397,6586,2.9978257215325357,0.3041875
6032,5857,3.0013266191358525,0.30425
4475,4798,3.00322455203019,0.3043125
5783,5858,3.003652513415318,0.304375
6788,4684,3.004629836237825,0.3044375
4850,4943,3.005502615578166,0.3045
5080,4934,3.010417436082321,0.3045625
6383,6583,3.013724560226933,0.304625
6225,6684,3.0188329534606737,0.3046875
4677,4704,3.019276060273228,0.30475
7307,4675,3.019818979961883,0.3048125
6400,6648,3.0266548576923924,0.304875
6363,6632,3.0353299634103905,0.3049375
4270,4683,3.0355332564467403,0.305
4560,4803,3.0363497297118442,0.3050625
4802,4800,3.0391513157561576,0.305125
6329,6635,3.0425663883112293,0.3051875
4443,4799,3.044465044053709,0.30525
4552,4694,3.0462065413397568,0.3053125
4730,4802,3.0481361942249805,0.305375
4668,4671,3.0510932324669966,0.3054375
4748,4933,3.0534645051270672,0.3055
6785,6685,3.0543444285026453,0.3055625
6395,6627,3.0577313315149013,0.305625
4439,4682,3.059901632645733,0.3056875
4451,4689,3.067325368320155,0.30575
4963,4937,3.0693793550843793,0.3058125
6616,6686,3.0698439947076395,0.305875
4378,4707,3.070611868545427,0.3059375
4463,4690,3.075040708408153,0.306
4687,4695,3.077824010553968,0.3060625
4839,4939,3.079367111287354,0.306125
4476,4708,3.0794174811385346,0.3061875
5646,5859,3.1014922444402373,0.30625
9148,4674,3.104044963159822,0.3063125
6509,6628,3.106464467051069,0.306375
6410,6630,3.116515387580421,0.3064375
4671,4944,3.1179501908277416,0.3065
6468,6619,3.118225644197423,0.3065625
6836,6580,3.119672956068598,0.306625
4808,4945,3.1242990516709597,0.3066875
6399,6633,3.126873917845842,0.30675
6248,6612,3.1280203017723807,0.3068125
6473,6593,3.130543535452489,0.306875
4460,4678,3.1361123100939494,0.3069375
4214,4686,3.137021614943535,0.307
6496,6601,3.1398022350601877,0.3070625
4490,4681,3.14137644337211,0.307125
4647,4949,3.1416702417025704,0.3071875
6592,6613,3.1428089704887725,0.30725
4483,4706,3.143077729984668,0.3073125
4462,4680,3.150762977075317,0.307375
6438,6595,3.1519555781512736,0.3074375
4392,4672,3.157467805859369,0.3075
5480,5852,3.158142699670748,0.3075625
6515,6622,3.160556119363264,0.307625
6087,6490,3.1612525158130893,0.3076875
4488,4703,3.1618117788725613,0.30775
4347,4673,3.1685847505310676,0.3078125
4784,4947,3.1698452510614175,0.307875
6265,6581,3.1713767604311442,0.3079375
6457,6621,3.171560326061126,0.308
9176,6597,3.173838846293961,0.3080625
4837,4685,3.17410864655335,0.308125
4402,4676,3.179987116105792,0.3081875
6439,6629,3.1810639534435268,0.30825
6323,6582,3.1845578926599956,0.3083125
6729,6624,3.1848948471379117,0.308375
5448,5853,3.1889596845337564,0.3084375
6429,6614,3.189047650233988,0.3085
6268,6634,3.190498098331318,0.3085625
5707,5992,3.1997634695651413,0.308625
6504,6587,3.2029207148617616,0.3086875
4567,4687,3.2055155143200977,0.30875
4536,4679,3.2164265363986146,0.3088125
5062,4946,3.2173768922507406,0.308875
6340,6618,3.2197958661987514,0.3089375
6758,4677,3.2206514410149225,0.309
4750,4797,3.220740268310635,0.3090625
5679,5851,3.2248817501910025,0.309125
4377,4696,3.225954435138874,0.3091875
4573,4709,3.2316238550943694,0.30925
6215,6620,3.235725433389689,0.3093125
5338,5517,3.2388595752997844,0.309375
6186,6492,3.2391315942985557,0.3094375
6098,5860,3.2458155021884068,0.3095
6770,6623,3.2501910716363227,0.3095625
4496,4688,3.2503795093802523,0.309625
5948,5846,3.2513524965698934,0.3096875
6628,6617,3.2559505344765967,0.30975
6474,6592,3.2589639906049115,0.3098125
5362,5848,3.264700078759688,0.309875
6444,6591,3.2649291174493555,0.3099375
6205,6615,3.267194038805883,0.31
4733,4710,3.2734677235924323,0.3100625
4622,4697,3.273531288670142,0.310125
6505,6631,3.2758067341817423,0.3101875
6453,6596,3.2811313753417153,0.31025
5838,5951,3.2844247583618653,0.3103125
5961,5991,3.285892605955837,0.310375
4785,4948,3.2970272704816352,0.3104375
5680,5948,3.297672984510882,0.3105
6331,6600,3.2986008261481174,0.3105625
4676,4698,3.300695146406497,0.310625
5617,5847,3.300765229788567,0.3106875
6445,6598,3.301383761542752,0.31075
5599,5849,3.3022192529713266,0.3108125
6436,6602,3.3053484639777935,0.310875
5420,5841,3.3084414189424933,0.3109375
6424,6604,3.3098028724616597,0.311
6281,6493,3.310064036294534,0.3110625
6416,6491,3.3171580539448087,0.311125
5748,5964,3.317755375824845,0.3111875
6369,6603,3.318156067621544,0.31125
6609,6605,3.3196567041240996,0.3113125
6521,6516,3.320308460374349,0.311375
6221,6599,3.322408943970345,0.3114375
5236,5513,3.3224464062917605,0.3115
6172,6495,3.325305345285983,0.3115625
6294,6494,3.3302287352050826,0.311625
5722,5516,3.3308082960815,0.3116875
5637,5990,3.3355598868752168,0.31175
6620,6687,3.3372704842920484,0.3118125
5110,4950,3.340329189043814,0.311875
6584,6588,3.3413755573504886,0.3119375
6421,6606,3.3414478845161284,0.312
5877,5988,3.344788500472305,0.3120625
5398,5518,3.3455251749626314,0.312125
5855,5963,3.350768658535685,0.3121875
9538,4972,3.3550853764259045,0.31225
6447,6607,3.3561011213696474,0.3123125
6452,6579,3.3587191319192016,0.312375
4484,4699,3.360603412856733,0.3124375
6519,6517,3.3610677342066992,0.3125
5595,5845,3.3611555891517355,0.3125625
5666,5989,3.364183780159806,0.312625
5919,5952,3.370574744557075,0.3126875
6303,6609,3.371381878220518,0.31275
6283,6608,3.3719893112703403,0.3128125
6446,6578,3.3745781791509444,0.312875
5470,5837,3.3752894796981536,0.3129375
6021,5949,3.3756663993274287,0.313
4690,4700,3.3756895370462416,0.3130625
5538,5953,3.3763883466618836,0.313125
5741,5962,3.376687608668476,0.3131875
6956,6589,3.379325089742906,0.31325
4707,4951,3.3794565658987494,0.3133125
5712,5839,3.3834248535135885,0.313375
6293,6575,3.3837046015969463,0.3134375
6271,6576,3.385384388092575,0.3135
5042,4711,3.385706070460401,0.3135625
6336,6590,3.387334037634105,0.313625
6287,6486,3.3890315221817673,0.3136875
6275,6489,3.3902218336378382,0.31375
8669,4971,3.3906521332337434,0.3138125
6344,6688,3.390735524753609,0.313875
7568,6559,3.3918158535257135,0.3139375
4515,4702,3.3921090719639437,0.314
4534,4795,3.39382992791235,0.3140625
5755,5955,3.393879822122358,0.314125
6703,6571,3.3939435103449114,0.3141875
9582,5957,3.396539659280961,0.31425
5561,5510,3.396589380135538,0.3143125
6351,6611,3.3985771083231384,0.314375
5515,5838,3.39926531389267,0.3144375
8054,4970,3.4004273407747405,0.3145
6405,6545,3.401093958649426,0.3145625
6200,5974,3.4012103136851692,0.314625
5585,5961,3.401358053709032,0.3146875
10386,6616,3.402161620683273,0.31475
9746,4974,3.403423779495597,0.3148125
5726,5947,3.4040522792782895,0.314875
6489,6547,3.4059866151150118,0.3149375
6292,6546,3.406571735700254,0.315
5614,5973,3.4066100580515695,0.3150625
5747,5842,3.407048402568421,0.315125
5052,4958,3.409264525861772,0.3151875
5774,5958,3.4093510632517336,0.31525
5729,5956,3.4151463717969364,0.3153125
6980,6574,3.415593900967565,0.315375
6589,6554,3.4157090940570924,0.3154375
6227,6510,3.4159787842240803,0.3155
5762,5861,3.417329789631367,0.3155625
6346,6548,3.4180792354494542,0.315625
5622,5993,3.418640394751833,0.3156875
4504,4712,3.421394995912692,0.31575
6160,6518,3.42292362807018,0.3158125
5703,5850,3.423326519974921,0.315875
10032,5528,3.4248873557113484,0.3159375
6017,5987,3.429103058547298,0.316
6476,6573,3.4301096273221674,0.3160625
6203,6509,3.4350472761826722,0.316125
5824,5977,3.436026885197066,0.3161875
5531,5982,3.4382549169754384,0.31625
6418,6560,3.441169542252169,0.3163125
8066,5976,3.445781119808089,0.316375
6327,6503,3.4471278438680883,0.3164375
5434,5515,3.4477000192589458,0.3165
6307,6610,3.448688290219934,0.3165625
4738,4973,3.4491375855531032,0.316625
4840,4955,3.4494345491466447,0.3166875
4356,4713,3.453088673072216,0.31675
5856,5996,3.45309151835022,0.3168125
6591,6561,3.455335428913827,0.316875
5896,5844,3.4572136193825145,0.3169375
5325,5514,3.457351988684536,0.317
6353,6572,3.458128762257502,0.3170625
5025,4998,3.458814902107804,0.317125
5990,5980,3.4594553370595804,0.3171875
4869,4956,3.4607868118498573,0.31725
4498,4717,3.4613224005790357,0.3173125
5751,5965,3.462946377302501,0.317375
5465,5840,3.4641963228659733,0.3174375
4606,4975,3.465032433833983,0.3175
4598,4952,3.46714379398486,0.3175625
6423,6496,3.4695932631293545,0.317625
4557,4796,3.4727747945278225,0.3176875
5339,5525,3.4728834221112947,0.31775
6157,6487,3.4732728574915654,0.3178125
5683,5843,3.473372494372029,0.317875
5633,5833,3.4793771346044196,0.3179375
4815,4993,3.4800944122499686,0.318
6458,6689,3.48090939227302,0.3180625
5248,5524,3.4815149795327898,0.318125
5374,5526,3.482331774496174,0.3181875
5516,5511,3.484680514729803,0.31825
5713,5954,3.4849840915749155,0.3183125
6961,6556,3.4870035609637853,0.318375
5134,5540,3.488312755071547,0.3184375
6532,6511,3.4901953455687362,0.3185
6133,5986,3.49373718802849,0.3185625
5920,5981,3.4949400399448223,0.318625
5390,5835,3.4950882945164494,0.3186875
4510,4701,3.4977293901824282,0.31875
5884,5959,3.5009493846675923,0.3188125
5667,5950,3.501065197617663,0.318875
6404,6499,3.503743037489585,0.3189375
7113,6552,3.5051006198885943,0.319
6411,6693,3.508230806642473,0.3190625
6349,6507,3.5087455233294804,0.319125
5455,5523,3.511690021170125,0.3191875
6197,6557,3.5119502367224413,0.31925
5311,5521,3.5122945393982263,0.3193125
6382,6577,3.512432886054171,0.319375
6164,5983,3.514026241919396,0.3194375
6143,6508,3.5144248800545483,0.3195
5395,5520,3.514821477795522,0.3195625
5445,5519,3.515130349120682,0.319625
6229,6550,3.516672415736025,0.3196875
6702,6551,3.5170497800154408,0.31975
5998,5984,3.5193889135352947,0.3198125
5656,5995,3.5201763627384253,0.319875
6296,6563,3.5204348753203476,0.3199375
5618,5960,3.5233439140030214,0.32
5799,5985,3.5264628722254656,0.3200625
4731,4953,3.5282964084964306,0.320125
6276,6504,3.529166675700367,0.3201875
5803,5998,3.5294253892957386,0.32025
5885,5975,3.5297082658894396,0.3203125
6359,6564,3.5300821240572304,0.320375
5882,5836,3.530835349881272,0.3204375
4703,5069,3.531404707195577,0.3205
4470,4783,3.53233217690547,0.3205625
5107,4954,3.53327690844867,0.320625
6426,6555,3.5342356832139785,0.3206875
5366,5543,3.535133998497713,0.32075
4563,4782,3.5373647583311936,0.3208125
4791,5095,3.5373658362922242,0.320875
5934,5997,3.538438703913812,0.3209375
5812,5978,3.5401202200429225,0.321
4696,5104,3.540857822354667,0.3210625
5628,5834,3.543580651882394,0.321125
6896,6690,3.5444498310116614,0.3211875
4635,4775,3.548617153949465,0.32125
4801,4719,3.5510553208474107,0.3213125
6315,6544,3.5521265876975576,0.321375
6594,6570,3.552810400946669,0.3214375
6288,6505,3.553689182898893,0.3215
5320,5527,3.554042661380322,0.3215625
4663,4794,3.5560684216547997,0.321625
6066,5994,3.5586957264345074,0.3216875
6549,6519,3.5601948229924574,0.32175
4811,4962,3.5606857017687616,0.3218125
5030,4989,3.561415851655056,0.321875
9133,4977,3.5628589450965933,0.3219375
5600,5512,3.5679741263904816,0.322
5702,6001,3.571261511165858,0.3220625
5383,5522,3.5758604029126673,0.322125
5905,5938,3.5761098822698614,0.3221875
4675,5083,3.5768337261545184,0.32225
6192,6515,3.577119159420249,0.3223125
6536,6549,3.5792388493799763,0.322375
5260,5541,3.579381600577676,0.3224375
11322,6525,3.5808239774895583,0.3225
5940,5832,3.583237442987297,0.3225625
6285,6562,3.5855488164826284,0.322625
4509,4714,3.588741060898542,0.3226875
6022,5979,3.590052934769915,0.32275
5139,4992,3.5907694466814064,0.3228125
4522,4716,3.592227434178028,0.322875
5669,5830,3.592494429617318,0.3229375
5369,5533,3.593466925856319,0.323
5814,5972,3.5942810815209896,0.3230625
5216,5560,3.5947833820139294,0.323125
5343,5531,3.5958114929676412,0.3231875
6466,6506,3.596455569185764,0.32325
4886,4999,3.5988585661144157,0.3233125
5422,5539,3.6001004745868386,0.323375
6409,6498,3.601195818621136,0.3234375
6573,6694,3.601342355976385,0.3235
5435,5580,3.6016396479216155,0.3235625
4479,4765,3.602676847668647,0.323625
5482,5532,3.6031035442242683,0.3236875
5766,5831,3.6039467023350653,0.32375
8790,6020,3.6061012977016844,0.3238125
6235,6488,3.606424756280944,0.323875
4817,4976,3.607069540985094,0.3239375
6789,6569,3.607224857679739,0.324
5084,4995,3.608002143805379,0.3240625
5127,5558,3.6080758874379626,0.324125
4891,4964,3.613371295777995,0.3241875
4806,4766,3.6137998177341046,0.32425
6621,5970,3.6139304740610214,0.3243125
5220,5553,3.6140222937106046,0.324375
4929,5015,3.615296426906923,0.3244375
5126,5535,3.615896201184114,0.3245
4465,4718,3.6169297811759975,0.3245625
5150,5542,3.617401819731981,0.324625
6347,6558,3.617403306573692,0.3246875
4881,5000,3.6178361345509984,0.32475
5478,5505,3.618476281613084,0.3248125
6673,6526,3.6184790251272716,0.324875
5758,5999,3.6192416920280266,0.3249375
4846,5082,3.6198654422194068,0.325
5941,5862,3.619872676789896,0.3250625
5711,5940,3.6201143964551648,0.325125
4906,5105,3.621415602913146,0.3251875
5016,5101,3.6217550713380433,0.32525
6299,6497,3.6222809237633555,0.3253125
5739,5945,3.6236596493203024,0.325375
6367,6512,3.625123442082213,0.3254375
5162,5559,3.625855870336977,0.3255
4558,4715,3.6272796716065727,0.3255625
5847,6005,3.6279544198093845,0.325625
6328,6553,3.6282084699715824,0.3256875
4600,5076,3.628737449517814,0.32575
6250,6501,3.6288646573291317,0.3258125
4874,5103,3.6290589658354406,0.325875
5737,5937,3.630607196180108,0.3259375
5305,5538,3.63167961955844,0.326
6306,4749,3.633752405264829,0.3260625
4531,4784,3.633846305208806,0.326125
4683,4957,3.6343486371975473,0.3261875
4833,5068,3.6352789179342153,0.32625
5349,5506,3.635592941114851,0.3263125
5579,5530,3.6357332755460448,0.326375
4513,4744,3.636912567798504,0.3264375
4617,4963,3.6371726900479757,0.3265
4623,4768,3.6390026841398253,0.3265625
5073,5081,3.639096501104916,0.326625
5798,5936,3.6411712180890845,0.3266875
5120,5529,3.641216766411617,0.32675
5719,5971,3.6429751180179437,0.3268125
6495,6502,3.6442748502935274,0.326875
6245,6485,3.64557252598604,0.3269375
5243,5509,3.646625042011351,0.327
6525,6699,3.647051088436001,0.3270625
4376,4785,3.6480643293725734,0.327125
6184,6514,3.6481662393169927,0.3271875
5870,5900,3.6484549068829892,0.32725
6295,6527,3.649416341873689,0.3273125
5670,6007,3.6499664592566887,0.327375
5379,5534,3.651047686595689,0.3274375
5699,5863,3.6510637068820415,0.3275
5645,5969,3.653934216280618,0.3275625
6361,6691,3.654091855040747,0.327625
4350,4781,3.654116883323752,0.3276875
4970,4960,3.6576201846710887,0.32775
4699,4792,3.6578628854706494,0.3278125
4820,4959,3.659018715041384,0.327875
7593,4791,3.6592499037388393,0.3279375
5609,5946,3.662032861187072,0.328
5777,5966,3.6627316619884596,0.3280625
4786,4969,3.6642378788774863,0.328125
4679,5070,3.6661425377618,0.3281875
4940,5094,3.6686173220824685,0.32825
5483,5550,3.6692896864256,0.3283125
4511,4788,3.6697437848524714,0.328375
4848,4961,3.672187462654051,0.3284375
5837,5939,3.673599425083694,0.3285
4743,4994,3.6737102243108666,0.3285625
5391,5507,3.675745876398196,0.328625
6320,6698,3.6758645459452737,0.3286875
5333,5585,3.677666340239057,0.32875
4861,5096,3.677916323813463,0.3288125
4818,5002,3.6783018685482034,0.328875
4599,4769,3.680168982769885,0.3289375
4609,4965,3.683600111803969,0.329
4477,4764,3.6836726422344555,0.3290625
4640,4767,3.6847339978930904,0.329125
5833,6002,3.6858318450008483,0.3291875
6449,6692,3.6860032863062315,0.32925
4822,5100,3.686470545650593,0.3293125
5834,6015,3.687998871551713,0.329375
5007,4721,3.688678420296867,0.3294375
4724,4981,3.6908060742628663,0.3295
5791,6006,3.691165344660476,0.3295625
4904,4980,3.692108089027954,0.329625
4742,4789,3.692931202237048,0.3296875
5924,6017,3.6939677982010153,0.32975
9256,5829,3.6959658356461205,0.3298125
7047,6565,3.6990409010968506,0.329875
5263,5554,3.7016708076059786,0.3299375
8912,5895,3.7057968897728415,0.33
4826,5065,3.7058452854287793,0.3300625
5923,6014,3.7061527155266276,0.330125
4698,4773,3.7080684149312333,0.3301875
4740,4968,3.708873737617523,0.33025
4369,4750,3.709151655047549,0.3303125
4585,4990,3.7112900869318537,0.330375
5170,5503,3.711636906074773,0.3304375
5517,5501,3.712212619231991,0.3305
5848,5941,3.713647610213684,0.3305625
5813,6022,3.7143138222339758,0.330625
6137,5067,3.7153594584300436,0.3306875
4607,4978,3.7168168790070126,0.33075
5911,5944,3.71690625149904,0.3308125
4734,4772,3.717257470156426,0.330875
6149,5967,3.717331799801059,0.3309375
5118,5508,3.718420848231517,0.331
5261,5557,3.718497293842347,0.3310625
6127,6513,3.7189785973672542,0.331125
6357,6003,3.719691949779076,0.3311875
4672,5064,3.7211761185344585,0.33125
5459,5561,3.7215925325785975,0.3313125
5065,4966,3.723232007501963,0.331375
5578,5942,3.725489077619841,0.3314375
5817,5896,3.7261008701765377,0.3315
4657,4776,3.7284177019212734,0.3315625
5228,5581,3.730506136759118,0.331625
5340,5584,3.7306472825115407,0.3316875
4780,5001,3.7311678049591137,0.33175
4912,4997,3.7326456295758703,0.3318125
6454,6500,3.733242869821879,0.331875
4931,5093,3.733603877305484,0.3319375
5254,5583,3.733693750514476,0.332
4455,4741,3.7341668510911745,0.3320625
6219,6520,3.7350395889250194,0.332125
5011,5090,3.738853379366276,0.3321875
5672,5502,3.7389400236216943,0.33225
4574,4786,3.73976667804385,0.3323125
4974,5003,3.741754274564016,0.332375
6242,6483,3.7425503984007946,0.3324375
5590,6016,3.743835216135267,0.3325
4321,4726,3.745900001333723,0.3325625
4708,4982,3.747946012794671,0.332625
5909,6012,3.749198749836296,0.3326875
4745,4777,3.749631833234673,0.33275
6290,6521,3.7496477138284945,0.3328125
5714,6026,3.7504741370710235,0.332875
5931,6021,3.75051617697261,0.3329375
4548,4720,3.750629245129687,0.333
5316,5080,3.7511233642027264,0.3330625
5312,5544,3.7534858424326103,0.333125
5347,5537,3.754640244339271,0.3331875
4810,4770,3.756030323679397,0.33325
6670,6700,3.756664075011713,0.3333125
4422,4742,3.7578349122969144,0.333375
4725,4967,3.758111135107754,0.3334375
4809,4984,3.7585481826053524,0.3335
4892,4987,3.7594524022673,0.3335625
4709,5004,3.759960931208866,0.333625
5410,5586,3.760860947161518,0.3336875
5417,5556,3.761293668001713,0.33375
4759,5089,3.761701069221658,0.3338125
6464,6568,3.764788942307405,0.333875
4549,4790,3.764950290821446,0.3339375
6267,6566,3.7686260911661975,0.334
7750,5005,3.7689801171100044,0.3340625
5327,5594,3.7692198743383187,0.334125
4825,4996,3.770275488942673,0.3341875
6239,6484,3.7746319061460554,0.33425
11141,6524,3.7755896210105675,0.3343125
5675,6008,3.776155259169741,0.334375
4983,4979,3.776838720835599,0.3344375
6058,6013,3.777845713904071,0.3345
4814,5099,3.778270331849967,0.3345625
10660,6019,3.7794398733219623,0.334625
4924,5073,3.779913582248753,0.3346875
5567,5898,3.780463981036405,0.33475
5815,6000,3.7808626103989127,0.3348125
5409,5577,3.78096159527513,0.334875
4629,4787,3.781258641198349,0.3349375
4664,5006,3.781540323382842,0.335
6343,6567,3.782915027260856,0.3350625
5055,5016,3.783372247860086,0.335125
4773,5066,3.78344448945694,0.3351875
4453,4771,3.7834975067082723,0.33525
4930,5077,3.783747903638073,0.3353125
6701,5901,3.7837715235244787,0.335375
4816,5019,3.7853434424417856,0.3354375
5871,6009,3.7868412975457204,0.3355
5624,5555,3.7875542353275478,0.3355625
8134,5615,3.787939324048807,0.335625
4960,4752,3.788439529542927,0.3356875
5664,5819,3.789271621413718,0.33575
5253,5536,3.789391213331214,0.3358125
5024,4988,3.789702459079649,0.335875
6330,6528,3.7923931004440874,0.3359375
4910,4793,3.7925683349051837,0.336
4829,4985,3.7930099677927274,0.3360625
4969,5091,3.793112455538278,0.336125
4860,4745,3.793317972417242,0.3361875
6518,6695,3.793611216215595,0.33625
4667,5084,3.7943757647361736,0.3363125
4454,4722,3.795280700246451,0.336375
6094,5897,3.796370954571671,0.3364375
5361,5102,3.796856557187027,0.3365
4764,5078,3.7982194282132014,0.3365625
4779,4991,3.7998384911950325,0.336625
5537,5820,3.8010569465502613,0.3366875
5767,5865,3.8032532818463096,0.33675
4752,5008,3.80396275370083,0.3368125
5544,5899,3.8043463809839295,0.336875
4944,5063,3.8058016751806463,0.3369375
6277,6543,3.8065066890541175,0.337
5346,5587,3.8074376258007305,0.3370625
6377,6482,3.807674484259337,0.337125
4830,5020,3.8087616432696905,0.3371875
4691,5098,3.8091937009448316,0.33725
4562,4763,3.8093634595884964,0.3373125
4823,5062,3.8095954454190633,0.337375
4673,4743,3.81314618472004,0.3374375
5694,5968,3.817464198767084,0.3375
4955,5092,3.818516389138722,0.3375625
4933,5107,3.819664024332951,0.337625
4456,4779,3.8205947510671763,0.3376875
5816,6048,3.8210909346337303,0.33775
6565,6701,3.8237181867364143,0.3378125
4587,4774,3.8244498233459012,0.337875
5233,5552,3.825002682303193,0.3379375
4754,5072,3.8256157258210237,0.338
6273,6535,3.826532339770438,0.3380625
5447,5827,3.827905913243967,0.338125
4900,5106,3.827985558275998,0.3381875
4447,4751,3.828574196131342,0.33825
4577,4778,3.828722436882913,0.3383125
5693,5902,3.828918813420387,0.338375
5983,6053,3.835995350754274,0.3384375
6648,6697,3.837387038495649,0.3385
6679,6696,3.8386575661888855,0.3385625
5643,5815,3.838769052000657,0.338625
5725,6018,3.8391192084487784,0.3386875
4615,4723,3.840149294682817,0.33875
5288,5591,3.8413741756658055,0.3388125
5225,4983,3.8419541512752744,0.338875
6316,6536,3.843398312231102,0.3389375
4795,5085,3.844758940525992,0.339
6065,5864,3.844775093171961,0.3390625
5276,5504,3.849041140193208,0.339125
4796,5088,3.8501497100899655,0.3391875
4713,4780,3.8514487933927626,0.33925
5043,5017,3.851596188806809,0.3393125
4887,5079,3.8534823607311637,0.339375
4768,5071,3.8569609475330253,0.3394375
5196,5547,3.8579474671333855,0.3395
5752,6004,3.8595682132458933,0.3395625
4603,4738,3.8604734543784502,0.339625
6003,6043,3.8610134836529824,0.3396875
5611,5549,3.8610773489768917,0.33975
5921,6042,3.8611043357102517,0.3398125
6255,6522,3.8627622424397714,0.339875
5520,5551,3.8662258114708266,0.3399375
6522,6523,3.866807730938149,0.34
5460,5562,3.8674524778871273,0.3400625
6144,6055,3.8682394869705377,0.340125
5875,6024,3.868554257219671,0.3401875
5969,6049,3.8688648579041,0.34025
4432,4727,3.8689067305923572,0.3403125
4976,5086,3.8729291917396154,0.340375
4844,4986,3.873444995673651,0.3404375
5413,5598,3.87414038982115,0.3405
5792,6023,3.8746508331655605,0.3405625
5778,6056,3.8779860010889706,0.340625
4575,5007,3.8782040545105474,0.3406875
4582,4746,3.8783377209151695,0.34075
4656,4747,3.879017647663204,0.3408125
4692,5018,3.879142748456843,0.340875
5406,5582,3.8804441655441906,0.3409375
4556,4725,3.881390882071912,0.341
4732,5014,3.8834143962296253,0.3410625
5151,5110,3.8847434599338726,0.341125
5832,5824,3.8848676580854544,0.3411875
5309,5576,3.8863050339905385,0.34125
4407,4724,3.886826042654434,0.3413125
4517,4762,3.8870552133706724,0.341375
5928,6050,3.8872556172458417,0.3414375
5565,5823,3.8879962923219864,0.3415
5257,5595,3.8884941558102355,0.3415625
5363,5574,3.8888676805515843,0.341625
4365,4748,3.8903178620577137,0.3416875
5770,6047,3.8905108992288433,0.34175
5487,5821,3.8918758517037304,0.3418125
5387,5578,3.892144311130096,0.341875
5189,5097,3.8927143950776326,0.3419375
5642,5810,3.8941964326377274,0.342
5370,5588,3.894745476873595,0.3420625
5818,5943,3.8964103834748585,0.342125
5701,5021,3.896971296929223,0.3421875
5264,5592,3.897406082568068,0.34225
5326,5545,3.897435672288225,0.3423125
5715,5935,3.8975396356270267,0.342375
5368,5499,3.9015284316943735,0.3424375
6332,5579,3.90163964792157,0.3425
5551,5616,3.9024950492771495,0.3425625
5760,5932,3.9055381399986118,0.342625
6417,6537,3.9067636719322536,0.3426875
6333,5817,3.906866640316707,0.34275
4804,5061,3.908082077216818,0.3428125
5576,5816,3.9106092988555474,0.342875
4794,4735,3.911534894261081,0.3429375
5437,5825,3.9123525707084355,0.343
5745,6054,3.9158389635598496,0.3430625
4761,4728,3.9170528025805424,0.343125
4660,4753,3.9173876119434112,0.3431875
5584,5887,3.9185898498960796,0.34325
4678,4729,3.919104101227788,0.3433125
4644,4737,3.9193823949551643,0.343375
5894,5563,3.919462647688306,0.3434375
5868,5891,3.921632970196015,0.3435
5973,5892,3.922047487154373,0.3435625
4962,5075,3.922101288597503,0.343625
5636,5907,3.9231030406866694,0.3436875
5644,5903,3.923981854074782,0.34375
5423,5601,3.924424447036472,0.3438125
4580,5023,3.924541074022784,0.343875
6099,6011,3.925087401454107,0.3439375
4914,5087,3.926435239107775,0.344
5527,5599,3.9298971895605064,0.3440625
6348,6534,3.930424317267125,0.344125
5630,5811,3.93065060217873,0.3441875
5479,5812,3.931515073840842,0.34425
7945,6538,3.9325475201338804,0.3443125
6264,6532,3.932969733696723,0.344375
5684,6037,3.9333791734535453,0.3444375
5660,5894,3.933801250443935,0.3445
5266,5593,3.9363619701694006,0.3445625
5959,5548,3.9365367024907982,0.344625
5668,5565,3.936543385131472,0.3446875
5166,5597,3.9409294322257438,0.34475
5769,5546,3.941662475422845,0.3448125
4866,4734,3.9455684404242675,0.344875
6408,6702,3.946207248681162,0.3449375
5650,5818,3.9462986250304084,0.345
5580,5822,3.9466698234699606,0.3450625
5404,5590,3.9468756985318123,0.345125
5323,5114,3.9468968478203124,0.3451875
5913,6010,3.9505449313851386,0.34525
5292,5498,3.9513466601185883,0.3453125
4763,5074,3.95182831825673,0.345375
4723,4736,3.952354127921012,0.3454375
5688,5617,3.9562870201096985,0.3455
4681,4755,3.9605627000064487,0.3455625
4741,4756,3.9613128080387128,0.345625
5217,5600,3.9620931259211147,0.3456875
5593,5814,3.96310751362023,0.34575
5773,5893,3.9637099253535553,0.3458125
5709,5828,3.9646933914100373,0.345875
8455,6031,3.9648425254778203,0.3459375
5804,6051,3.9660288703611286,0.346
4581,4754,3.9663291569552257,0.3460625
5979,6025,3.9698916138030427,0.346125
4965,5109,3.970250060536216,0.3461875
4639,4760,3.9707974515250157,0.34625
5149,5589,3.972542183552605,0.3463125
5892,5866,3.973893369510506,0.346375
5235,5500,3.975239591807508,0.3464375
5779,6027,3.975353508463286,0.3465
5603,5888,3.981601253162239,0.3465625
5635,5826,3.986793634773335,0.346625
6433,6529,3.98724676921438,0.3466875
5865,6086,3.9875756305827963,0.34675
4435,4761,3.987659748621354,0.3468125
5742,6052,3.9876651081842738,0.346875
5303,5621,3.9900576552240636,0.3469375
5971,6085,3.9909977608465397,0.347
5429,5575,3.9920875864339678,0.3470625
6107,6539,3.992521831148224,0.347125
4957,5112,3.9926629907956226,0.3471875
5481,5608,3.993134479229184,0.34725
5365,5496,3.9934626442419585,0.3473125
5785,5905,3.995178539222934,0.347375
5740,6036,3.996528722514313,0.3474375
5665,5933,3.997051687250405,0.3475
5951,6035,3.9971781544065834,0.3475625
5277,5108,3.9986142080924196,0.347625
5743,5808,3.998814007513829,0.3476875
4805,4740,4.0031978017483425,0.34775
5831,5904,4.004618413977482,0.3478125
6335,6481,4.005903016097022,0.347875
7922,4731,4.006292506918157,0.3479375
5532,5610,4.0073655471189795,0.348
5403,5569,4.007704591124707,0.3480625
5462,5813,4.0117721212668584,0.348125
5588,5805,4.01328679705955,0.3481875
4674,4757,4.0137543283311174,0.34825
6636,6530,4.015331333476638,0.3483125
5393,5622,4.016661122646269,0.348375
5449,5623,4.017669223384587,0.3484375
6006,6028,4.021825063228675,0.3485
5786,5806,4.023613646485273,0.3485625
4821,5009,4.024430402963503,0.348625
5255,5624,4.025894583299873,0.3486875
5344,5611,4.027285372583606,0.34875
8010,5494,4.027928361191357,0.3488125
4832,5013,4.028169439796329,0.348875
5497,5766,4.02848853953094,0.3489375
9057,5573,4.029119396827809,0.349
5283,5602,4.029344711761951,0.3490625
6857,6533,4.029615255983117,0.349125
6282,6531,4.029855243780389,0.3491875
5638,5908,4.030800996048242,0.34925
6097,6057,4.031419376255485,0.3493125
5341,5614,4.031540005425086,0.349375
4497,4758,4.033806370601042,0.3494375
4379,4733,4.03385425179664,0.3495
4533,4730,4.033972458885671,0.3495625
4873,4739,4.034624302368286,0.349625
5596,5934,4.0361267352267305,0.3496875
4762,5058,4.039212166385937,0.34975
5546,5707,4.039768895421616,0.3498125
5577,5767,4.04166278777177,0.349875
5810,6046,4.042583555046576,0.3499375
5794,6058,4.044336004159845,0.35
5463,5620,4.045085548092857,0.3500625
5977,6044,4.0452473730819065,0.350125
6385,6703,4.045593967385571,0.3501875
9343,6034,4.0459233834022825,0.35025
5293,5613,4.046684673452546,0.3503125
5883,5910,4.046848193318283,0.350375
5858,6045,4.047499700515232,0.3504375
5282,5572,4.048703924870097,0.3505
5592,5625,4.049349721972362,0.3505625
4827,5111,4.050245506965268,0.350625
5912,6100,4.05072212586083,0.3506875
5763,5919,4.057023344841355,0.35075
5720,5564,4.057314052741731,0.3508125
4875,5010,4.057885276999343,0.350875
5335,5609,4.060398226042366,0.3509375
4856,5022,4.063032033940885,0.351
5903,6108,4.063935232108747,0.3510625
5904,5782,4.064048631908577,0.351125
5685,6038,4.065506570930779,0.3511875
5895,5803,4.06668612584258,0.35125
6037,5883,4.06740933371475,0.3513125
6261,6477,4.068294832812512,0.351375
4864,5025,4.073130947055972,0.3514375
5801,5912,4.073170699553998,0.3515
5466,5596,4.074314613199135,0.3515625
6478,6480,4.076816981828301,0.351625
5245,5566,4.078153957261975,0.3516875
5564,5607,4.079285323631552,0.35175
5502,5497,4.0798348539849485,0.3518125
6104,5913,4.087277161396855,0.351875
6586,6542,4.08729774412916,0.3519375
5195,5493,4.088141384126516,0.352
5536,5909,4.091093809840459,0.3520625
5204,5113,4.0914303664058025,0.352125
6212,6476,4.092162447973578,0.3521875
4648,5024,4.094621985656659,0.35225
5952,6041,4.0954704771646675,0.3523125
6391,6541,4.096249795269841,0.352375
6148,6479,4.096892738328165,0.3524375
5700,5886,4.098536778343487,0.3525
6056,5867,4.099032860009743,0.3525625
5521,5612,4.100257056185569,0.352625
5302,5606,4.102230894812465,0.3526875
5589,5868,4.102913252887788,0.35275
5553,5706,4.10562213313176,0.3528125
6512,6478,4.105872790712397,0.352875
5744,5881,4.1064847972617144,0.3529375
6237,6540,4.10786717696385,0.353
4889,5011,4.1089166324608755,0.3530625
4746,5012,4.110037311310634,0.353125
4834,5119,4.111143351488124,0.3531875
5321,5567,4.114582376894077,0.35325
5706,5890,4.114741839601606,0.3533125
5677,5906,4.116026550170659,0.353375
5852,6101,4.116589958498821,0.3534375
6140,6033,4.118229650876856,0.3535
4727,5059,4.118887359181144,0.3535625
4945,5115,4.121109819135199,0.353625
5893,6062,4.122623516071826,0.3536875
5563,6032,4.123141769462563,0.35375
6004,6105,4.1243238795093475,0.3538125
5315,5495,4.127048377737424,0.353875
5541,5809,4.128827456514159,0.3539375
5004,5116,4.12893654554324,0.354
5933,5927,4.129042002017059,0.3540625
5396,5702,4.129700711562805,0.354125
4485,4732,4.133102968538026,0.3541875
6024,6089,4.133669830997633,0.35425
9555,5705,4.137786370448339,0.3543125
5457,5631,4.140288413401208,0.354375
5859,6090,4.141190153303228,0.3544375
5604,5618,4.143462018052674,0.3545
5784,5568,4.14409353429528,0.3545625
5809,5931,4.146895368345895,0.354625
5505,5060,4.147312210556777,0.3546875
5291,5605,4.148147171442588,0.35475
5587,5783,4.148361075690559,0.3548125
4950,5118,4.148444502690893,0.354875
6179,6102,4.149527019218112,0.3549375
6375,6109,4.149781591537703,0.355
6443,5630,4.151840914186778,0.3550625
5559,5911,4.153127527913853,0.355125
5334,5603,4.154582065940531,0.3551875
4934,5117,4.155438591361531,0.35525
5866,6104,4.157186480351129,0.3553125
6312,6106,4.1582358853336245,0.355375
5661,5928,4.159194441357954,0.3554375
5606,5768,4.1621317307341315,0.3555
5721,5571,4.163762585852851,0.3555625
5692,5882,4.163793321788603,0.355625
5350,5634,4.168118884163846,0.3556875
5453,5704,4.168331576463629,0.35575
5690,5784,4.169694724348005,0.3558125
5939,5640,4.176086495684331,0.355875
5978,6088,4.176574197713762,0.3559375
5357,5604,4.177035337821053,0.356
6134,6110,4.178357170602226,0.3560625
5790,5884,4.179402493658586,0.356125
5613,5889,4.1813888477889805,0.3561875
5352,5633,4.182130388416908,0.35625
5655,5930,4.182350122374828,0.3563125
5246,5570,4.182686505585366,0.356375
4618,5057,4.182822366153118,0.3564375
5844,6087,4.18588347009927,0.3565
4712,4759,4.185989301218399,0.3565625
6046,6029,4.186900159791662,0.356625
5682,5807,4.187893725571712,0.3566875
5724,6065,4.188701423006933,0.35675
5426,5711,4.191134042511294,0.3568125
5787,6061,4.1917480538817244,0.356875
5902,6030,4.192200250080987,0.3569375
5876,5929,4.193121680085824,0.357
5560,5769,4.19454672623533,0.3570625
5414,5639,4.195206160813768,0.357125
5698,5804,4.198375301519036,0.3571875
6105,6059,4.199547742051436,0.35725
5846,5873,4.200523103687942,0.3573125
6657,6827,4.200751917399657,0.357375
5211,5490,4.2023740411272,0.3574375
4870,5056,4.204137735336246,0.3575
6539,6705,4.206949332054023,0.3575625
5500,5770,4.20846330793745,0.357625
5586,5776,4.211783305775043,0.3576875
5827,6111,4.214749894970737,0.35775
10086,6707,4.217306811872163,0.3578125
5811,6091,4.220498498493157,0.357875
5620,5708,4.2218379543130595,0.3579375
5806,6084,4.2243470555747535,0.358
5874,5875,4.226823882208805,0.3580625
5313,5632,4.227245779583313,0.358125
5822,6039,4.228414321924902,0.3581875
5519,5885,4.228867190099095,0.35825
5388,5709,4.230176304521365,0.3583125
6117,6107,4.23040238623696,0.358375
6577,6704,4.230817002915273,0.3584375
6389,6115,4.231046635932216,0.3585
5342,5626,4.23278943051082,0.3585625
5490,5487,4.233503020966282,0.358625
5733,5918,4.234591553956193,0.3586875
5467,5765,4.23474835380523,0.35875
5464,5627,4.235431676660028,0.3588125
6234,6475,4.235818216576263,0.358875
5499,5764,4.236093537768852,0.3589375
10208,5877,4.240573838670343,0.359
6370,6745,4.241043692424228,0.3590625
5757,5922,4.242447374048766,0.359125
5764,6066,4.243175643601376,0.3591875
5944,6060,4.24439865679517,0.35925
5329,5629,4.245061864785043,0.3593125
5494,5492,4.247452869022027,0.359375
5945,6063,4.248723712495121,0.3594375
6010,5920,4.248897488741136,0.3595
5651,5703,4.249768800380139,0.3595625
5880,5914,4.251686944755534,0.359625
6419,6831,4.253086397663765,0.3596875
5851,6092,4.253224337657798,0.35975
5306,5628,4.2550201007528585,0.3598125
5750,5870,4.2567489624991595,0.359875
4646,5026,4.257805859250709,0.3599375
5653,5780,4.258894170702092,0.36
5601,5712,4.259254714629719,0.3600625
5418,5491,4.261029658101393,0.360125
5475,5871,4.2615896061460035,0.3601875
7254,6832,4.262299540676963,0.36025
6510,6828,4.263268026887772,0.3603125
10478,6748,4.264227625643002,0.360375
5835,6040,4.266310561936052,0.3604375
5573,5874,4.266939336247901,0.3605
6555,6706,4.267212792494661,0.3605625
5328,5619,4.267935040324687,0.360625
5182,5456,4.273365918587842,0.3606875
6666,6800,4.274815504035018,0.36075
6817,6804,4.277621803031138,0.3608125
5927,6099,4.277952669675983,0.360875
6826,6103,4.280203132314796,0.3609375
5608,5781,4.2808871231147805,0.361
5654,5876,4.287114827331379,0.3610625
5548,5915,4.287177913721052,0.361125
6745,6796,4.287560288266263,0.3611875
6324,6749,4.287660301344886,0.36125
6534,6793,4.291167578313889,0.3613125
6629,6747,4.291512345318097,0.361375
5647,5869,4.291748156327003,0.3614375
5554,5751,4.2948736191004855,0.3615
5749,5642,4.3037695611342315,0.3615625
6557,6784,4.304433352075307,0.361625
5372,5049,4.304975896017709,0.3616875
6007,6093,4.305121685334143,0.36175
6750,6708,4.308047809454365,0.3618125
5898,5762,4.310229310474028,0.361875
5491,5772,4.31138610152118,0.3619375
5843,5771,4.311668102879935,0.362
5506,5878,4.311964428065153,0.3620625
6135,6474,4.3121221209478335,0.362125
6350,6709,4.312426050872546,0.3621875
4770,5050,4.31246321954842,0.36225
5826,6079,4.313715774940874,0.3623125
5800,6064,4.314572100957889,0.362375
6542,6795,4.322100143913303,0.3624375
6272,5872,4.322281017698856,0.3625
5574,5925,4.3245171793709005,0.3625625
5861,6080,4.3252832683334645,0.362625
4878,5030,4.32529023731081,0.3626875
4684,5027,4.326109161977456,0.36275
11809,6846,4.326122877250441,0.3628125
5319,5486,4.326947195183038,0.362875
8648,5786,4.328579822310303,0.3629375
6644,6801,4.32873471473863,0.363
5789,5718,4.329719085535203,0.3630625
5704,5924,4.330090629706888,0.363125
6752,6837,4.331574641784073,0.3631875
6683,6830,4.3320781944001965,0.36325
5518,5802,4.332552719786804,0.3633125
5142,5054,4.332976240233052,0.363375
5153,5120,4.333973153784996,0.3634375
5805,6098,4.3340609771089476,0.3635
4753,5028,4.335155461425643,0.3635625
9634,6070,4.336016967818637,0.363625
6297,6069,4.338172637206867,0.3636875
5085,5048,4.338182449221222,0.36375
5279,5635,4.34190393999188,0.3638125
9659,5788,4.341942260453493,0.363875
6472,6473,4.342324548077613,0.3639375
6263,6451,4.343319195726849,0.364
5533,5710,4.344776721452035,0.3640625
5869,5923,4.345734018598137,0.364125
5486,5716,4.346718532616933,0.3641875
4947,5121,4.348656076586394,0.36425
5782,5752,4.349434255331062,0.3643125
6614,6787,4.349797596837789,0.364375
5734,5055,4.350090243265754,0.3644375
9447,5717,4.3532052381914355,0.3645
4902,5042,4.3538078731220935,0.3645625
5736,5916,4.354194664275951,0.364625
6753,6825,4.354224570359065,0.3646875
5510,5759,4.354705841154441,0.36475
4771,5053,4.356396860633424,0.3648125
6027,6116,4.3564698945587,0.364875
6576,6792,4.357688691368139,0.3649375
5472,5730,4.357828476852546,0.365
5070,5052,4.359850734442659,0.3650625
6617,6746,4.36023320294305,0.365125
5972,6113,4.362524851110379,0.3651875
5530,5785,4.364646950504607,0.36525
5974,6112,4.365930485679996,0.3653125
5849,6077,4.368211700155143,0.365375
6508,6786,4.368529416380625,0.3654375
6428,5774,4.370316650754148,0.3655
5930,5777,4.371518396417855,0.3655625
6656,6826,4.371733154354388,0.365625
6571,6829,4.373624968816216,0.3656875
11244,6806,4.376915346551186,0.36575
5823,6114,4.377220191925517,0.3658125
5746,6068,4.37790701123356,0.365875
5469,5758,4.3790940261332025,0.3659375
5571,5489,4.379849956887597,0.366
5430,5778,4.379905597955371,0.3660625
6772,6802,4.38052026678406,0.366125
6524,6783,4.381247697861227,0.3661875
5270,5641,4.38432345410547,0.36625
5444,5714,4.385492667155631,0.3663125
5850,6076,4.387268148114572,0.366375
6413,6470,4.387983303022679,0.3664375
9098,6834,4.388441430144894,0.3665
5602,5880,4.390922224074416,0.3665625
4797,5045,4.39109188005483,0.366625
5556,5636,4.392404736521712,0.3666875
5716,5926,4.393352249526629,0.36675
5525,5638,4.39357321209809,0.3668125
6585,6798,4.394160768380516,0.366875
6606,6797,4.394192836889715,0.3669375
5738,6097,4.395374576936888,0.367
5408,5701,4.395920984072177,0.3670625
6493,6468,4.3992044356933775,0.367125
6550,6759,4.399857412525876,0.3671875
4744,5122,4.400203455569738,0.36725
5754,5921,4.400277137328544,0.3673125
4659,5031,4.401071596095846,0.367375
4992,5029,4.404822001591413,0.3674375
5557,5719,4.405438903301615,0.3675
5922,6096,4.4056609739946,0.3675625
6035,6078,4.40662505717728,0.367625
4893,5051,4.407534690102864,0.3676875
6116,6467,4.407670359646886,0.36775
5547,5801,4.408431461031,0.3678125
5775,6071,4.410029706219802,0.367875
6422,6785,4.41028012969673,0.3679375
7773,5763,4.412435836909708,0.368
5454,5457,4.413737281276553,0.3680625
4925,5124,4.414515900363426,0.368125
5534,5749,4.414805546555726,0.3681875
5663,5745,4.416272911567603,0.36825
5562,5698,4.416658387933921,0.3683125
4728,5032,4.417480110327517,0.368375
5523,5700,4.418822020840253,0.3684375
7633,6711,4.4189265305871,0.3685
5508,5455,4.420281576542607,0.3685625
5730,6094,4.420600975757793,0.368625
6470,6762,4.420967272771691,0.3686875
5607,5699,4.4221376437084245,0.36875
6653,6710,4.42240871748686,0.3688125
5960,5756,4.4227196567170495,0.368875
6000,6157,4.4252742848692606,0.3689375
5867,5715,4.42659823292513,0.369
5897,6095,4.426924311738617,0.3690625
6692,6789,4.42698934187456,0.369125
6554,6469,4.427216569839288,0.3691875
6716,6838,4.4273913732058645,0.36925
6412,6791,4.428970300789047,0.3693125
8426,5750,4.42972606553144,0.369375
5314,5476,4.42997954707505,0.3694375
6792,6790,4.430060646182142,0.3695
5583,5787,4.437138952322016,0.3695625
4787,5033,4.440627053699586,0.369625
5756,5773,4.4414253555278265,0.3696875
6302,6472,4.442217501660252,0.36975
5566,5761,4.4433193573937615,0.3698125
6467,6750,4.4453637521060045,0.369875
5632,5760,4.446139468618185,0.3699375
5229,5123,4.446415504817139,0.37
5222,5453,4.446964519631251,0.3700625
6718,6794,4.44737805584748,0.370125
6484,6758,4.448054563263895,0.3701875
5179,5483,4.4483693563140605,0.37025
5854,5789,4.449015383109099,0.3703125
5443,5713,4.449541129843851,0.370375
6048,6081,4.44996360783864,0.3704375
5242,5488,4.450519075973716,0.3705
5970,6067,4.450660289667326,0.3705625
5477,5452,4.45123521571054,0.370625
5540,5681,4.452018343689588,0.3706875
5652,5746,4.452386406236428,0.37075
5471,5637,4.452581830356621,0.3708125
6600,6833,4.452803238350953,0.370875
6414,6471,4.45339080188171,0.3709375
5962,6117,4.455167751666977,0.371
6630,6761,4.456466948099433,0.3710625
6372,6450,4.456990236744446,0.371125
5821,6118,4.459197002399264,0.3711875
6469,6760,4.459843918012211,0.37125
6516,6788,4.4603969384041875,0.3713125
4828,5046,4.461964965108393,0.371375
5732,5748,4.462593860894913,0.3714375
6667,6839,4.464368198747593,0.3715
10557,6744,4.466018944267148,0.3715625
5985,5468,4.468334452946351,0.371625
7214,6751,4.468621869717936,0.3716875
6563,6840,4.468876026397993,0.37175
6497,6763,4.4690784139240805,0.3718125
6311,6083,4.469470976197499,0.371875
6086,6447,4.470833867855617,0.3719375
5416,5664,4.471421496296671,0.372
5695,5775,4.472158050180155,0.3720625
6008,6082,4.474876586554956,0.372125
5728,6119,4.476903723133887,0.3721875
5710,5917,4.4769564709722545,0.37225
5984,5662,4.477661307727885,0.3723125
5446,5657,4.478044330220541,0.372375
6685,6805,4.480355743352334,0.3724375
5542,5879,4.48237156674918,0.3725
5686,6121,4.482782287595342,0.3725625
4721,5043,4.48331030747994,0.372625
5572,5743,4.483610519748936,0.3726875
6388,6755,4.48451651407504,0.37275
6739,6727,4.484666421086217,0.3728125
5324,5460,4.48528800065219,0.372875
5191,5458,4.488569281063633,0.3729375
6165,6446,4.489701257341721,0.373
6686,6847,4.489763746167,0.3730625
5075,5485,4.490142674309368,0.373125
6326,6075,4.490455685542088,0.3731875
6608,6824,4.490513389565194,0.37325
6551,6756,4.491817155874742,0.3733125
5207,5047,4.492683505068612,0.373375
5425,5757,4.493005775980009,0.3734375
6793,6799,4.498193444330468,0.3735
5820,6159,4.498527266922451,0.3735625
5441,5649,4.50088885245998,0.373625
6471,6777,4.501194662663238,0.3736875
5987,6158,4.504408215097101,0.37375
5431,5725,4.507743793266513,0.3738125
7396,6822,4.508629230593442,0.373875
6259,6155,4.510832375357154,0.3739375
6451,6452,4.511502754758908,0.374
6633,6849,4.512168978516229,0.3740625
6607,6803,4.512861876921875,0.374125
5570,5797,4.516481236746813,0.3741875
6610,6712,4.516812419210964,0.37425
5697,5791,4.517854665909681,0.3743125
5529,5744,4.518155755633643,0.374375
5145,5477,4.518595724177089,0.3744375
7075,6842,4.518647423606808,0.3745
5003,5038,4.5198264713104095,0.3745625
5210,5464,4.519945235798787,0.374625
6054,6156,4.519991132958012,0.3746875
5802,5779,4.520531064830379,0.37475
6459,6848,4.520907927207531,0.3748125
6605,6782,4.522391218985376,0.374875
6652,6845,4.522668916937278,0.3749375
6569,6757,4.522757881161624,0.375
4990,5044,4.526041548553167,0.3750625
6864,6714,4.527014308447747,0.375125
6322,6453,4.527022507081824,0.3751875
5717,5724,4.527899316090952,0.37525
5461,5643,4.527938829951722,0.3753125
5399,5478,4.528906685840752,0.375375
6161,5796,4.529227289901883,0.3754375
6582,6850,4.5293787503457,0.3755
5310,5480,4.529713018851112,0.3755625
5336,5479,4.532131685318632,0.375625
5657,5660,4.532820909080101,0.3756875
5526,5747,4.533062348922044,0.37575
5377,5659,4.5334671108284965,0.3758125
5627,5694,4.534072710715236,0.375875
6378,5670,4.536769813368096,0.3759375
5509,5668,4.537208361862895,0.376
5401,5790,4.538988351920807,0.3760625
5797,5753,4.539592511424189,0.376125
6477,6713,4.540162444221437,0.3761875
4871,5126,4.542200514099022,0.37625
5371,5661,4.542556395563565,0.3763125
6541,6742,4.544279377419684,0.376375
5375,5669,4.544597633909575,0.3764375
5359,5125,4.544737748098271,0.3765
5658,5731,4.546527829192996,0.3765625
5625,5687,4.5468181689149105,0.376625
6084,6120,4.548668094316895,0.3766875
5623,6072,4.549958211704961,0.37675
5598,5682,4.55121735978571,0.3768125
5358,5655,4.551618534748172,0.376875
6142,6466,4.551708548185047,0.3769375
5648,5795,4.552503935758978,0.377
10462,6743,4.552538014594347,0.3770625
5503,5652,4.55352534001679,0.377125
6026,6449,4.554116260561159,0.3771875
5524,5754,4.554224832161026,0.37725
6162,6160,4.563484545036999,0.3773125
5436,5653,4.564603023742961,0.377375
5549,5755,4.565430950201176,0.3774375
6748,6715,4.565855858901273,0.3775
5451,5658,4.565890223969632,0.3775625
6465,6807,4.566982129662506,0.377625
7258,6773,4.567004040736151,0.3776875
5612,5729,4.567869848815235,0.37775
5495,5697,4.570280116303593,0.3778125
10041,5683,4.570300252502989,0.377875
6722,6835,4.5714586177973615,0.3779375
6824,6836,4.572423438241344,0.378
5360,5454,4.572931846604092,0.3780625
6020,6444,4.576078221933244,0.378125
5830,5648,4.576233822528934,0.3781875
4726,5041,4.576424299183486,0.37825
5581,5461,4.576488736450642,0.3783125
5239,5484,4.576802694817388,0.378375
5271,5667,4.577975197219303,0.3784375
6499,6445,4.579404771137888,0.3785
5432,5732,4.581660006515108,0.3785625
6368,6457,4.583844920110323,0.378625
5301,5471,4.584371397052564,0.3786875
5394,5654,4.585986680329029,0.37875
6118,6152,4.587046172518853,0.3788125
5681,5739,4.588737857577826,0.378875
5308,5676,4.5895842330910455,0.3789375
5226,5322,4.590530323774885,0.379
5582,5665,4.5918650553443285,0.3790625
5227,5469,4.592338735160524,0.379125
5208,5473,4.5926454480585335,0.3791875
5872,6074,4.594689817494327,0.37925
6697,6823,4.597405823428062,0.3793125
5198,5481,4.598149306298069,0.379375
6033,6140,4.599865484117345,0.3794375
7093,6851,4.602593674281593,0.3795
5621,5474,4.603285289569726,0.3795625
5629,5677,4.604384967056831,0.379625
5356,5691,4.604869353300501,0.3796875
6570,6778,4.6053770506313185,0.37975
5439,5470,4.607019697089072,0.3798125
5415,5675,4.607182357342026,0.379875
6434,6728,4.607225889520009,0.3799375
4777,5040,4.607736548347816,0.38
5594,5688,4.608982260171615,0.3800625
5304,5459,4.612831462498434,0.380125
6580,6741,4.613602638585917,0.3801875
6202,5693,4.6136297136888516,0.38025
5354,5663,4.613829404879084,0.3803125
5511,5656,4.615440345668276,0.380375
5853,5727,4.6158045543398885,0.3804375
5689,5799,4.620361932613719,0.3805
5678,5800,4.620760546601446,0.3805625
5765,6128,4.620870675744186,0.380625
5224,5472,4.62183748429004,0.3806875
6545,6771,4.62200413342714,0.38075
5842,6153,4.6220689348432415,0.3808125
8736,6781,4.623015397103359,0.380875
5761,5793,4.627588212327282,0.3809375
6500,6448,4.629491300328027,0.381
4913,5039,4.632763234747586,0.3810625
4634,5034,4.634045345331685,0.381125
5373,5333,4.635620798277557,0.3811875
5442,5684,4.635778222258523,0.38125
6751,6776,4.636096849236083,0.3813125
5705,6154,4.637457770041237,0.381375
5117,5451,4.639424328907012,0.3814375
6450,6073,4.639910768663299,0.3815
5001,5132,4.6405302277038345,0.3815625
6696,6765,4.640755924445102,0.381625
6231,5720,4.642078734763913,0.3816875
6623,6843,4.643561513722375,0.38175
5659,5794,4.644628772882015,0.3818125
5793,5650,4.646074022359699,0.381875
4885,5321,4.647540693812857,0.3819375
5615,5728,4.649631431992702,0.382
9547,5723,4.649855906190851,0.3820625
5696,6139,4.649856718532533,0.382125
6220,6161,4.651195373425821,0.3821875
4951,5131,4.651502717229903,0.38225
6540,6726,4.651520864799977,0.3823125
5492,5647,4.652117030632098,0.382375
5421,5462,4.652488406001794,0.3824375
5468,5673,4.654183721153913,0.3825
5676,5721,4.654439333457844,0.3825625
5528,5695,4.65963956874441,0.382625
6562,6766,4.660380248940442,0.3826875
4927,5037,4.660721386535556,0.38275
6870,6844,4.660855648231518,0.3828125
6665,6732,4.660936733276685,0.382875
5569,5792,4.661530371657022,0.3829375
6567,6764,4.662174231116978,0.383
5619,5690,4.667506507351163,0.3830625
5419,5696,4.6693265377311945,0.383125
5212,5127,4.669925029302419,0.3831875
6552,6459,4.670862014865861,0.38325
6386,6733,4.670907706564321,0.3833125
5289,5678,4.671720212708124,0.383375
5731,5645,4.672015573793374,0.3834375
6128,6150,4.672141386955673,0.3835
5718,5742,4.67253745388723,0.3835625
5501,5475,4.673716099713715,0.383625
5274,5646,4.674170479994018,0.3836875
5241,5130,4.674302680471499,0.38375
4941,5128,4.674377053359194,0.3838125
6113,6458,4.674526205324469,0.383875
5364,5644,4.6745527189181075,0.3839375
6910,6456,4.674917534615588,0.384
9026,5482,4.67519969746661,0.3840625
6886,6821,4.676048962019422,0.384125
5640,5726,4.676569550586123,0.3841875
5355,5685,4.677011399002822,0.38425
5956,5686,4.6780713501137825,0.3843125
5330,5689,4.678898959377534,0.384375
5993,6122,4.680247752748983,0.3844375
5424,5740,4.680621356226425,0.3845
6566,6729,4.681057002408011,0.3845625
5522,5671,4.681557413039627,0.384625
5496,5666,4.683602159231782,0.3846875
5378,5680,4.684017565109912,0.38475
5691,5798,4.684316847469404,0.3848125
6604,6465,4.684894714677853,0.384875
6345,6753,4.684974182052656,0.3849375
5049,5319,4.687725705467756,0.385
6325,6775,4.6904505649471275,0.3850625
5671,5733,4.690976232945673,0.385125
6631,6767,4.690990270497082,0.3851875
6782,6716,4.691502068557384,0.38525
6373,6455,4.691861795406339,0.3853125
6637,6841,4.692346524614436,0.385375
6523,6774,4.694961089027629,0.3854375
6635,6808,4.696067508485953,0.3855
5828,6123,4.69629741671713,0.3855625
6529,6752,4.69684268281128,0.385625
5788,6141,4.6975141016250745,0.3856875
5438,5738,4.700440696084911,0.38575
6503,6779,4.700569281243929,0.3858125
5552,5674,4.700732211106583,0.385875
6613,6731,4.701431208252416,0.3859375
6485,6730,4.70228265304263,0.386
5639,5467,4.705792167116101,0.3860625
5400,5679,4.705971741368103,0.386125
6601,6852,4.706805877796228,0.3861875
5840,6167,4.709146929402664,0.38625
5514,5734,4.7091617820175316,0.3863125
5269,5450,4.710622643194483,0.386375
4852,5174,4.7120446512340095,0.3864375
5147,5228,4.7149910736894185,0.3865
8755,5227,4.715009509434196,0.3865625
6301,6443,4.7159603059237725,0.386625
5332,5465,4.716911511772196,0.3866875
5176,5320,4.720785974825503,0.38675
6494,6772,4.721461688292038,0.3868125
6561,6719,4.722558199507034,0.386875
5171,5466,4.723062515485026,0.3869375
4700,5036,4.7243787399777375,0.387
5949,6126,4.726825039719074,0.3870625
5184,5311,4.729340451734856,0.387125
6078,5651,4.731439219227354,0.3871875
5114,5313,4.731920090476649,0.38725
4792,5133,4.736019802832402,0.3873125
4939,5315,4.736069858925305,0.387375
6578,6754,4.736699112168708,0.3874375
6226,6132,4.738495712749,0.3875
6415,6780,4.7402990599790655,0.3875625
5626,5692,4.741910149287264,0.387625
5926,5446,4.742240606876635,0.3876875
6014,6149,4.743537049833776,0.38775
6619,6454,4.745110725964992,0.3878125
5768,6124,4.747483845384181,0.387875
5996,6129,4.750310191496055,0.3879375
6038,6168,4.752355444868499,0.388
4907,5312,4.762447183398137,0.3880625
5568,5741,4.763539202850893,0.388125
5209,5332,4.764261028490694,0.3881875
4781,5135,4.766596233836935,0.38825
6080,6125,4.7673274470161005,0.3883125
6442,6717,4.76781819411076,0.388375
5086,5134,4.768698655046819,0.3884375
5197,5323,4.769885095019163,0.3885
6730,6724,4.7733903634916715,0.3885625
6595,6734,4.777444420202755,0.388625
4857,5229,4.777740790307519,0.3886875
4989,5129,4.77906746953181,0.38875
5914,6142,4.783139388890504,0.3888125
5937,6166,4.785340318872727,0.388875
5440,5735,4.787334331803891,0.3889375
4693,5035,4.788696966342457,0.389
5384,5672,4.789518444603573,0.3890625
5262,5463,4.789914586459872,0.389125
6062,5736,4.792675185493636,0.3891875
7053,6721,4.793741848503146,0.38925
5081,5226,4.796897254653516,0.3893125
5605,5722,4.798428140571787,0.389375
7028,6853,4.800182485882715,0.3894375
6432,6461,4.801570101159541,0.3895
6431,6460,4.802204151331125,0.3895625
5082,5247,4.803280224014884,0.389625
9638,6164,4.805105449696157,0.3896875
6869,6740,4.809676503683363,0.38975
6159,6462,4.809945856591867,0.3898125
6506,6720,4.812105887918392,0.389875
5034,5328,4.814695263397937,0.3899375
6490,6735,4.816509381040191,0.39
5123,5250,4.818208843470927,0.3900625
5966,6165,4.819511012006274,0.390125
6649,6737,4.8209825898823055,0.3901875
6783,6441,4.822896130003983,0.39025
5723,5448,4.8244558634186205,0.3903125
5331,5336,4.824788708622805,0.390375
5129,5195,4.825254105534725,0.3904375
5558,5737,4.825842046256298,0.3905
5735,5447,4.826490417685136,0.3905625
5148,5334,4.826779371264934,0.390625
5232,5449,4.827698583854385,0.3906875
6538,6723,4.8305159085658715,0.39075
7170,6736,4.83118053860062,0.3908125
6517,6442,4.833950349466363,0.390875
6827,6718,4.836416777017689,0.3909375
6298,6162,4.8401819824873655,0.391
5115,5331,4.843084618807438,0.3910625
6715,6817,4.844029893226207,0.391125
5092,5198,4.844067076282158,0.3911875
6845,6770,4.844540318450413,0.39125
5023,5310,4.8456383112027765,0.3913125
5845,6146,4.846484135319201,0.391375
6081,6151,4.847096978954596,0.3914375
4979,5200,4.850100109571088,0.3915
9262,6135,4.850781230525968,0.3915625
5093,5257,4.852534070687682,0.391625
5101,5249,4.852684337519179,0.3916875
5106,5246,4.85506481419435,0.39175
6486,6768,4.856146201783872,0.3918125
6881,6818,4.858601150951927,0.391875
5045,5407,4.859953049039291,0.3919375
6526,6815,4.860061498305072,0.392
6095,6130,4.860186346343994,0.3920625
8714,5196,4.8626306341450345,0.392125
5259,5330,4.863467914818386,0.3921875
6189,6438,4.866706041514135,0.39225
9885,6814,4.869545402167319,0.3923125
5131,5242,4.874353796579953,0.392375
6581,6809,4.875510511840616,0.3924375
5411,5337,4.876973367043433,0.3925
6891,6769,4.877058087481146,0.3925625
5094,5338,4.8785475416699455,0.392625
6045,6439,4.878926617851562,0.3926875
6055,6169,4.879462151196435,0.39275
4986,5248,4.881995153919888,0.3928125
4876,5173,4.882166042203494,0.392875
6070,6131,4.883261863854386,0.3929375
5938,6171,4.884383434926349,0.393
5839,6127,4.885449005327359,0.3930625
5040,5327,4.886575226392665,0.393125
6777,5317,4.8866228932694185,0.3931875
5836,6144,4.8876892228253155,0.39325
6912,6816,4.890460111862808,0.3933125
7340,5325,4.8913402332592,0.393375
6622,6725,4.892369591415559,0.3934375
5284,5318,4.8931660387697775,0.3935
5163,5259,4.896312869891915,0.3935625
5781,6143,4.896572990109803,0.393625
9999,6145,4.897670799836078,0.3936875
6546,6813,4.899583500617268,0.39375
6129,6163,4.899696187441009,0.3938125
5186,5329,4.9001816349210685,0.393875
6079,6463,4.902394657503578,0.3939375
5038,5326,4.9024421717155064,0.394
5140,5280,4.903170759649754,0.3940625
6812,6819,4.904242233055697,0.394125
5097,5136,4.905793866734541,0.3941875
6888,6722,4.906169084929729,0.39425
6579,6810,4.906227752391601,0.3943125
6740,6857,4.906648115543362,0.394375
5376,5445,4.909901535018889,0.3944375
4890,5175,4.911055603246609,0.3945
5219,5324,4.9129102509962195,0.3945625
5946,6137,4.913665897870942,0.394625
6717,6855,4.9137862049733485,0.3946875
6153,6440,4.9147201306423085,0.39475
5268,5408,4.915781741957517,0.3948125
5674,5411,4.91627573519736,0.394875
6733,6739,4.917389745904188,0.3949375
4879,5137,4.918267409855048,0.395
5545,5172,4.9185937279569885,0.3950625
5337,5316,4.919742813003438,0.395125
5205,5314,4.919819860092275,0.3951875
4994,5339,4.921981560766824,0.39525
5899,6138,4.922169530551628,0.3953125
6053,6147,4.922389907346883,0.395375
5050,5171,4.924206979468465,0.3954375
5286,5231,4.9246593703138615,0.3955
6548,6820,4.925513254241764,0.3955625
9514,6859,4.925822433472945,0.395625
6530,6811,4.926810589656725,0.3956875
6574,6858,4.928781939579153,0.39575
6256,6170,4.930256352577885,0.3958125
5048,5169,4.930462336407857,0.395875
5121,5199,4.9355601428593445,0.3959375
4964,5176,4.936294602769237,0.396
6479,6854,4.936598064964187,0.3960625
5759,6133,4.937388644047246,0.396125
6224,6464,4.94365166115756,0.3961875
5027,5406,4.943928316658798,0.39625
5863,6136,4.953018164657692,0.3963125
5256,5251,4.954000684661764,0.396375
6807,6873,4.958885757300209,0.3964375
5202,5203,4.959332513550294,0.3965
6138,6173,4.960132476590161,0.3965625
6658,6860,4.961364907607276,0.396625
5154,5254,4.969236796043788,0.3966875
4942,5170,4.970268438714527,0.39675
5890,6172,4.970614212896635,0.3968125
4956,5230,4.971431064217711,0.396875
4937,5215,4.9731312614005105,0.3969375
5087,5221,4.97349580268866,0.397
5780,6148,4.97355207507178,0.3970625
5199,5409,4.975157562905849,0.397125
5267,5256,4.9785602568478,0.3971875
4898,5205,4.9800865387618956,0.39725
4984,5258,4.980781370774707,0.3973125
5862,6134,4.984530600026346,0.397375
5156,5197,4.985227989870225,0.3974375
5090,5335,4.9863723696511215,0.3975
6556,6738,4.9882568806145855,0.3975625
5096,5201,4.988600093217485,0.397625
5190,5138,4.988793837199125,0.3976875
5223,5202,4.990143781387587,0.39775
5066,5220,4.990542759391872,0.3978125
4853,5225,4.9916920312828665,0.397875
5200,5273,4.993292732017267,0.3979375
10015,5212,4.995811720744143,0.398
5273,5413,4.997836075343685,0.3980625
4926,5255,4.999522996896303,0.398125
5428,5410,5.000430577504687,0.3981875
4918,5233,5.010471415851157,0.39825
5104,5219,5.011029260840189,0.3983125
8255,5179,5.011193616923322,0.398375
5178,5272,5.0168597939129995,0.3984375
4920,5216,5.0199699813607594,0.3985
5013,5209,5.021598180378021,0.3985625
5005,5213,5.022728549052374,0.398625
5067,5252,5.027173914823038,0.3986875
6005,6174,5.028947657348908,0.39875
4800,5139,5.0315190325289905,0.3988125
5152,5211,5.034144500297941,0.398875
5026,5182,5.034358442097869,0.3989375
5427,5283,5.034388722096821,0.399
9182,5423,5.035987036295182,0.3990625
5103,5204,5.03848589463621,0.399125
5012,5163,5.040606195812472,0.3991875
4905,5261,5.04062049146313,0.39925
5111,5274,5.041933631624829,0.3993125
5108,5260,5.042777695246514,0.399375
5130,5304,5.0445004055639515,0.3994375
4993,5164,5.046063979617486,0.3995
5183,5208,5.046608281355589,0.3995625
5172,5243,5.046809499004041,0.399625
9378,5415,5.047896349318478,0.3996875
8949,5154,5.0494397874531955,0.39975
5078,5253,5.0494750876771946,0.3998125
7640,5307,5.049925819415932,0.399875
7320,5161,5.050996936166257,0.3999375
5433,5282,5.0513264445831965,0.4
5112,5285,5.052319238888856,0.4000625
8486,8486,5.053753422194632,0.400125
5077,5165,5.060374594487712,0.4001875
8227,8467,5.060459299212425,0.40025
5088,5234,5.060964722526819,0.4003125
4991,5178,5.063183164526436,0.400375
5201,5167,5.0644421159037165,0.4004375
4968,5281,5.067293156562641,0.4005
5047,5302,5.068290876529488,0.4005625
6634,6864,5.069860649249563,0.400625
5278,5412,5.071694220553184,0.4006875
5244,5177,5.07231997540174,0.40075
4948,5232,5.076127469215066,0.4008125
8218,8468,5.076495243523482,0.400875
5006,5275,5.076819712785891,0.4009375
6598,6856,5.0770651377345075,0.401
5010,5140,5.0772642298400115,0.4010625
4847,5210,5.077665808967822,0.401125
5133,5443,5.078344386294475,0.4011875
8199,8487,5.081939206515585,0.40125
5555,5416,5.08402984480972,0.4013125
4985,5238,5.085919330005254,0.401375
6643,6861,5.0859997276659215,0.4014375
5143,5222,5.08679597066515,0.4015
4843,5181,5.0895133665583785,0.4015625
5280,5340,5.0906773717754845,0.401625
10952,8488,5.09086740634848,0.4016875
4923,5276,5.092193290767,0.40175
4867,5194,5.092272249434984,0.4018125
5122,5308,5.093551082091892,0.401875
6645,6812,5.094407215723436,0.4019375
9208,5262,5.0982149362102405,0.402
8229,8469,5.100927264639267,0.4020625
4972,5266,5.103544050026471,0.402125
5203,5414,5.105427361340389,0.4021875
5307,5207,5.107226020359462,0.40225
4977,5244,5.10798496893085,0.4023125
4897,5160,5.108108392155259,0.402375
5345,5305,5.109559465064251,0.4024375
4819,5218,5.110590918596301,0.4025
5033,5155,5.1120286181431425,0.4025625
6218,6437,5.112079107383579,0.402625
5616,5223,5.115218382267585,0.4026875
6660,6872,5.118557668400513,0.40275
8437,8461,5.120539821137072,0.4028125
5124,5270,5.121231391026015,0.402875
5917,6175,5.121457586129054,0.4029375
9031,6177,5.1217255748788375,0.403
8535,8492,5.1234956112894,0.4030625
6796,6878,5.129027386018606,0.403125
5889,6176,5.132217568399369,0.4031875
5009,5309,5.133233532754161,0.40325
4997,5245,5.133793056712079,0.4033125
8539,8470,5.134251372517724,0.403375
4756,5191,5.135463835089013,0.4034375
5631,5438,5.1358006979288575,0.4035
5161,5236,5.135883555017301,0.4035625
5036,5162,5.136371265813523,0.403625
5193,5306,5.1374539917659945,0.4036875
4999,5235,5.1385383435542735,0.40375
5295,5436,5.1386991178853805,0.4038125
4987,5303,5.138710441422802,0.403875
4882,5271,5.138878911417578,0.4039375
5187,5350,5.141630555367328,0.404
4909,5159,5.141680948216845,0.4040625
5021,5241,5.14197738763346,0.404125
5476,5417,5.142181904113556,0.4041875
5214,5346,5.14246866534279,0.40425
5125,5193,5.143281793872973,0.4043125
8343,8475,5.144004405896453,0.404375
5119,5279,5.145590555895581,0.4044375
5281,5440,5.145619752875632,0.4045
4971,5190,5.1479237873772945,0.4045625
5008,5168,5.148486931488833,0.404625
6193,6181,5.148897275052036,0.4046875
4919,5284,5.149633040534411,0.40475
5031,5265,5.149861495960238,0.4048125
8209,5287,5.152283339019334,0.404875
5136,5240,5.157524841512043,0.4049375
5074,5224,5.161500699435749,0.405
4988,5347,5.161777907324108,0.4050625
7191,6879,5.164251468036355,0.405125
8144,8491,5.1648355651808515,0.4051875
6689,6877,5.16795469076942,0.40525
5392,5424,5.1703237230267405,0.4053125
5046,5186,5.170493798712073,0.405375
5249,5189,5.170676977796461,0.4054375
5351,5444,5.171931109897855,0.4055
4896,5158,5.172703539079123,0.4055625
6842,7087,5.174645866427454,0.405625
8164,8485,5.175720724009807,0.4056875
4980,5278,5.177589857078601,0.40575
5128,5286,5.178349992739754,0.4058125
9002,5187,5.180720630906251,0.405875
6480,6874,5.181799628835165,0.4059375
5099,5405,5.182478394796817,0.406
5072,5214,5.1836827082492505,0.4060625
5138,5418,5.184737373391272,0.406125
8087,8496,5.1864783439810935,0.4061875
5185,5277,5.189122888388681,0.40625
4903,5206,5.1914185366255765,0.4063125
6755,6862,5.19163631003255,0.406375
6911,7090,5.192787772311476,0.4064375
7276,7086,5.19444699273231,0.4065
8309,8489,5.19501659992352,0.4065625
8230,8490,5.195039280681954,0.406625
5109,5404,5.196667330260652,0.4066875
5174,5349,5.197725623972474,0.40675
5168,5180,5.198199846933619,0.4068125
5068,5264,5.198696268542108,0.406875
7014,6865,5.201619866020337,0.4069375
5076,5156,5.201702493602852,0.407
6487,6863,5.20656271467476,0.4070625
5238,5437,5.2069724391254795,0.407125
5063,5166,5.210299717758346,0.4071875
8950,5422,5.214181515305086,0.40725
4917,5217,5.21675412150023,0.4073125
5841,5269,5.222662058344326,0.407375
7054,7088,5.2235499332783775,0.4074375
8124,8484,5.23074919189321,0.4075
6618,6875,5.233030882888443,0.4075625
5105,5263,5.233512044130862,0.407625
4996,5239,5.2354382190210345,0.4076875
5936,5348,5.236263282331265,0.40775
4872,5192,5.240270682666278,0.4078125
5069,5345,5.2403696244309685,0.407875
5146,5183,5.241326473720505,0.4079375
4958,5341,5.242578838398515,0.408
6305,6434,5.248344426382232,0.4080625
4798,5184,5.250382629042122,0.408125
8245,8481,5.251511362922315,0.4081875
6787,7102,5.251553809220354,0.40825
6568,6436,5.252472236015137,0.4083125
4938,5237,5.255771793502902,0.408375
5290,5419,5.256013948962277,0.4084375
4851,5157,5.2578308577177495,0.4085
5164,5300,5.258065350902825,0.4085625
6914,7089,5.258633222344429,0.408625
5020,5141,5.262304501519111,0.4086875
8133,8474,5.263098086529112,0.40875
8123,8476,5.263931428041246,0.4088125
7119,7091,5.264421651850739,0.408875
5591,5442,5.268111841361019,0.4089375
10236,8482,5.273685976166689,0.409
7325,7085,5.274714423813066,0.4090625
4884,5152,5.276053395356769,0.409125
8257,8465,5.277281065482384,0.4091875
5234,5289,5.2802708939223635,0.40925
8618,5301,5.281366076768336,0.4093125
4862,5188,5.282160828230076,0.409375
8378,8497,5.282532449672544,0.4094375
6051,6183,5.283995958519995,0.4095
5113,5420,5.284193082711795,0.4095625
8482,8462,5.285688392149382,0.409625
5888,5299,5.287077873607075,0.4096875
4901,5267,5.2929777423349265,0.40975
8175,8480,5.293207418165821,0.4098125
4915,5148,5.294391792326451,0.409875
5028,5146,5.295387835950578,0.4099375
5649,5421,5.29538908193058,0.41
8109,8472,5.296643822737678,0.4100625
6611,6883,5.297103084607102,0.410125
6639,6866,5.297112953781266,0.4101875
6180,6433,5.300480656383343,0.41025
4922,5185,5.302260635721723,0.4103125
8483,8494,5.303820783129709,0.410375
8273,8460,5.308340937560615,0.4104375
6596,6882,5.3087653826256656,0.4105
8690,8463,5.309607751837802,0.4105625
4916,5150,5.310883057297588,0.410625
8525,8493,5.311480443939672,0.4106875
5173,5296,5.311820318958553,0.41075
6818,6885,5.315283158843613,0.4108125
6986,7093,5.315307719363091,0.410875
4952,5298,5.320898956725387,0.4109375
8438,8466,5.321574525717324,0.411
5206,5427,5.323050348838251,0.4110625
8317,8471,5.3233341816028314,0.411125
5456,5441,5.323714858699304,0.4111875
6832,7105,5.324329679930315,0.41125
5402,5288,5.3244919114686695,0.4113125
5285,5439,5.325430780564716,0.411375
6880,7092,5.32614311171767,0.4114375
8900,8473,5.32638456633606,0.4115
7024,6880,5.327202311986184,0.4115625
6966,7118,5.330732145019738,0.411625
6520,6881,5.332093579978391,0.4116875
5829,6178,5.332590116425877,0.41175
5488,5351,5.3335224171596,0.4118125
4981,5290,5.333609616572346,0.411875
8248,8459,5.338166798660609,0.4119375
5158,5425,5.338222921619376,0.412
6688,6867,5.33993874175178,0.4120625
5353,5297,5.340568313700373,0.412125
9922,8479,5.341733364221113,0.4121875
6624,6876,5.342063278940145,0.41225
6028,6182,5.343584359997408,0.4123125
5102,5402,5.344912867175083,0.412375
5300,5352,5.345305151152161,0.4124375
4966,5153,5.3455331268713735,0.4125
4928,5144,5.345774891667588,0.4125625
6559,6871,5.346815217997005,0.412625
6734,7100,5.350799277010083,0.4126875
5708,5428,5.351543076049666,0.41275
5132,5374,5.351962485976628,0.4128125
5251,5292,5.3524960204999275,0.412875
4841,5147,5.3537836538484385,0.4129375
4894,5151,5.355086057966901,0.413
8269,5344,5.356326392565279,0.4130625
5155,5293,5.3641506235441625,0.413125
5318,5426,5.364757969377592,0.4131875
8208,8478,5.365694446869952,0.41325
8419,8477,5.366816151554076,0.4133125
6050,6180,5.367297549995442,0.413375
9268,8952,5.368459976557915,0.4134375
5167,5291,5.369770833623306,0.4135
5098,5353,5.375992573426402,0.4135625
6778,6868,5.3768724102825445,0.413625
6860,7111,5.377596400150196,0.4136875
6198,6201,5.378000609399919,0.41375
8370,8495,5.378900192346009,0.4138125
5287,5354,5.383685825402381,0.413875
7059,7108,5.384306247329505,0.4139375
6804,7083,5.386350878015492,0.414
7037,7095,5.389600098829419,0.4140625
5064,5435,5.390574027186972,0.414125
6923,7097,5.3920968159100084,0.4141875
8847,8483,5.394550715487412,0.41425
5386,5373,5.396349238696132,0.4143125
8456,8498,5.396388692815435,0.414375
5795,6179,5.397711164660905,0.4144375
6700,6869,5.399856155637053,0.4145
5958,6214,5.4016198835605564,0.4145625
6211,6432,5.402975652601981,0.414625
7328,6884,5.403701959006071,0.4146875
8262,8464,5.407706617598592,0.41475
5056,5355,5.408928427135152,0.4148125
6806,6888,5.4089353666870466,0.414875
6714,7109,5.409733605030624,0.4149375
5230,5382,5.4106621047038175,0.415
5673,5149,5.412382835763253,0.4150625
5137,5142,5.41262012117096,0.415125
6693,6889,5.417260639904725,0.4151875
5071,5268,5.4198622898056215,0.41525
5258,5143,5.420467816315465,0.4153125
9134,6213,5.422915527825239,0.415375
5135,5145,5.426931846198613,0.4154375
6238,6198,5.430356018956331,0.4155
6041,6184,5.432335742647524,0.4155625
6971,7096,5.435220104889595,0.415625
6831,7098,5.436392074275091,0.4156875
6365,6435,5.43823354466565,0.41575
10385,6203,5.438752054623933,0.4158125
5019,5403,5.439632034503177,0.415875
8628,8943,5.4416307443393634,0.4159375
6210,6423,5.442591857529351,0.416
7109,7114,5.445744709513292,0.4160625
5382,5399,5.447749633753347,0.416125
6848,7094,5.448035432904703,0.4161875
8821,8953,5.44899475907971,0.41625
6379,6185,5.449166993003473,0.4163125
5967,6199,5.449199052646463,0.416375
6968,7117,5.449456263941443,0.4164375
5275,5295,5.450793948098635,0.4165
7336,6886,5.452551435812097,0.4165625
7001,7101,5.453862726049806,0.416625
6955,7103,5.453940322266703,0.4166875
6949,7110,5.454536956197785,0.41675
5144,5342,5.4553919025947835,0.4168125
5044,5383,5.456461703076002,0.416875
7160,7115,5.457059478806173,0.4169375
5041,5377,5.459494771696939,0.417
5053,5376,5.461542989712541,0.4170625
6675,6870,5.461635106418271,0.417125
8780,8955,5.461856413177543,0.4171875
6034,6228,5.4658859596301,0.41725
5968,6205,5.468789522065094,0.4173125
5022,5294,5.471646658054567,0.417375
6669,7055,5.472886086447943,0.4174375
5910,6202,5.472967869873628,0.4175
6936,7116,5.473622057661601,0.4175625
6907,7084,5.475671330946966,0.417625
5991,6188,5.477630202811724,0.4176875
7365,7104,5.478861993361988,0.41775
8207,8458,5.4791086883616344,0.4178125
6754,6895,5.480308727526676,0.417875
5367,5381,5.481368580965807,0.4179375
10227,7120,5.481638759549696,0.418
6929,7053,5.48654398913493,0.4180625
6440,6430,5.488061556642492,0.418125
6874,6891,5.489495397747191,0.4181875
8816,8954,5.49085923282712,0.41825
6564,6892,5.492263200349839,0.4183125
7348,6225,5.492656916334113,0.418375
5397,5400,5.494195047041217,0.4184375
5864,6189,5.494862463079812,0.4185
6366,6192,5.494902957371551,0.4185625
5498,5384,5.49756233915906,0.418625
6025,6204,5.500698446515457,0.4186875
6988,7119,5.501059304271848,0.41875
8402,8456,5.502801999179269,0.4188125
5953,6208,5.505013954300125,0.418875
8494,8951,5.5052215946343495,0.4189375
5504,5375,5.505741081521819,0.419
6879,7082,5.506393999116426,0.4190625
5089,5356,5.5183661524001195,0.419125
5177,5379,5.521797399185971,0.4191875
6940,6893,5.522286669689265,0.41925
9024,8944,5.522579794744956,0.4193125
6705,6894,5.52394596928832,0.419375
5405,5434,5.525855639875658,0.4194375
6291,6206,5.528649506027591,0.4195
8312,8455,5.529517438357971,0.4195625
10845,6187,5.534819386028175,0.419625
8403,8499,5.5358429824513,0.4196875
5807,6191,5.536334694812467,0.41975
6728,7054,5.536554004247591,0.4198125
6232,6190,5.5384211030132064,0.419875
6671,7056,5.5385426202444705,0.4199375
6119,6186,5.540412468224076,0.42
6996,7059,5.541576941089261,0.4200625
6101,6211,5.54199375049393,0.420125
7204,7106,5.5448472556184925,0.4201875
6942,7099,5.546551131075944,0.42025
4959,5378,5.54693829824356,0.4203125
6043,6212,5.548696210936896,0.420375
5886,6196,5.550687423336626,0.4204375
5250,5429,5.550787575141612,0.4205
8414,8457,5.5522198038997885,0.4205625
8920,8959,5.556865403067377,0.420625
5575,5380,5.561905704505932,0.4206875
5771,6215,5.5632087428355135,0.42075
8954,8956,5.563852160427018,0.4208125
8536,8500,5.565604178804165,0.420875
6841,7063,5.56596776188735,0.4209375
6876,7052,5.567596328775835,0.421
6195,6226,5.567845749890125,0.4210625
6654,6887,5.568038488291904,0.421125
5860,6210,5.56878538424246,0.4211875
5389,5397,5.56944994414539,0.42125
9589,8454,5.569854635274282,0.4213125
5091,5396,5.573898560931127,0.421375
7006,7065,5.5742169473464855,0.4214375
6935,7112,5.575647231353628,0.4215
5116,5401,5.5764376278531245,0.4215625
5237,5430,5.5773285344016585,0.421625
6183,6193,5.578016228815272,0.4216875
9033,9038,5.5798099580987355,0.42175
8531,8957,5.582598744013353,0.4218125
5957,6209,5.583843340407498,0.421875
6358,6431,5.584199356067188,0.4219375
6738,7113,5.58701571035931,0.422
6811,7107,5.587188800632703,0.4220625
6590,6890,5.588753170884615,0.422125
6944,7076,5.588783391946549,0.4221875
6535,6200,5.590552568785029,0.42225
7088,6898,5.592686662835945,0.4223125
8166,8501,5.592898584226646,0.422375
8184,8583,5.593913135351954,0.4224375
8723,8960,5.597700185972485,0.4225
5159,5358,5.5981920214878755,0.4225625
5450,5385,5.601144557605096,0.422625
6356,6424,5.6013821889027895,0.4226875
6951,7057,5.601560545103439,0.42275
5252,5433,5.601918210510121,0.4228125
12871,9037,5.6027488969418755,0.422875
5857,6227,5.604735294860575,0.4229375
8579,8942,5.605312600631123,0.423
6830,7067,5.605481626741948,0.4230625
8329,8581,5.606116844077178,0.423125
7081,7038,5.607633420889442,0.4231875
6064,6421,5.608500856802152,0.42325
5881,6207,5.609347172222783,0.4233125
11063,8650,5.611487178595894,0.423375
9652,8958,5.6135813288599365,0.4234375
5029,5431,5.615462481031614,0.4235
6819,6994,5.61984906325813,0.4235625
7021,7050,5.621420242113231,0.423625
8810,8946,5.6225858796335615,0.4236875
6816,7064,5.623083231886881,0.42375
8804,8907,5.626667238739742,0.4238125
6760,7048,5.628487175544592,0.423875
5215,5394,5.629447191402562,0.4239375
5194,5367,5.630256511063294,0.424
12925,8657,5.633474739544454,0.4240625
6674,7121,5.634226190270283,0.424125
7244,7069,5.635622136813481,0.4241875
5543,5388,5.635804515601194,0.42425
8448,5372,5.6361347523651375,0.4243125
5054,5357,5.636523171023271,0.424375
6776,7075,5.636741617313646,0.4244375
8811,8961,5.638471682899308,0.4245
6156,6222,5.640291578436631,0.4245625
5058,5343,5.640355232367483,0.424625
5412,5359,5.641610832908157,0.4246875
6976,7006,5.642674681091307,0.42475
8406,8670,5.645462014536406,0.4248125
8732,8950,5.645837201538598,0.424875
7183,7045,5.645879157791796,0.4249375
6851,7062,5.6470537291492064,0.425
6213,6223,5.64710889523144,0.4250625
6461,6897,5.648856225385543,0.425125
5169,5398,5.64941968446675,0.4251875
8418,8582,5.652280070631832,0.42525
6775,7046,5.653083146316362,0.4253125
6664,7041,5.653505463319107,0.425375
8656,8948,5.653813681672091,0.4254375
5165,5370,5.654318459511046,0.4255
6304,6197,5.654908962698528,0.4255625
5610,5391,5.655104808207398,0.425625
9000,8947,5.655789752644864,0.4256875
9092,9039,5.656490549482783,0.42575
6672,7073,5.657455376282428,0.4258125
5157,5365,5.658499338442823,0.425875
6761,7068,5.658517638817671,0.4259375
4953,5366,5.660685587535795,0.426
5272,5386,5.661252826659677,0.4260625
5240,5368,5.661828769269334,0.426125
8735,8941,5.66190187953589,0.4261875
6668,7003,5.662130790276365,0.42625
7579,6896,5.663080612662725,0.4263125
5181,5392,5.663287339995691,0.426375
6868,7066,5.664833420986838,0.4264375
6926,6996,5.665258161462589,0.4265
6115,6229,5.666441657781547,0.4265625
8589,8903,5.666939534119024,0.426625
6096,6221,5.667985632903424,0.4266875
6790,7002,5.668601453267911,0.42675
5385,5371,5.6700926656540105,0.4268125
6314,6426,5.6712992781233424,0.426875
8557,8964,5.6715519441877404,0.4269375
6376,6419,5.672354850940337,0.427
6862,6998,5.673166953019972,0.4270625
8741,8938,5.675473311004339,0.427125
8292,8660,5.677544974297689,0.4271875
4936,5389,5.678662566250523,0.42725
7136,7049,5.680882689269765,0.4273125
8495,8651,5.680969787598087,0.427375
8234,8653,5.681465095689873,0.4274375
6695,7037,5.681805519641216,0.4275
6887,7060,5.686575459868777,0.4275625
13045,8672,5.687414576095989,0.427625
6721,7047,5.688142931932248,0.4276875
8398,8656,5.68887282904177,0.42775
8629,8949,5.690064940025081,0.4278125
5095,5360,5.693261483192373,0.427875
6018,6230,5.695090035051976,0.4279375
6230,6219,5.6970656866440095,0.428
8788,8963,5.6981311181098135,0.4280625
8828,8945,5.699558543898888,0.428125
6223,6429,5.702013462896616,0.4281875
9187,6218,5.703301340694907,0.42825
8436,8674,5.706848257934439,0.4283125
6920,7001,5.707336058565829,0.428375
7069,7061,5.709324542633567,0.4284375
8534,8898,5.709681338695873,0.4285
8424,8652,5.711193695591419,0.4285625
6687,6232,5.711333212084355,0.428625
6774,6997,5.711570033682278,0.4286875
6977,7042,5.713852741298638,0.42875
9583,6990,5.714125328845398,0.4288125
7104,7070,5.715155926237571,0.428875
6917,7040,5.715740463879001,0.4289375
6258,6427,5.717661616328996,0.429
8610,8894,5.718165040072904,0.4290625
7012,7122,5.7204690902109405,0.429125
8322,8654,5.720512473502936,0.4291875
7082,7058,5.720559032066149,0.42925
6185,6422,5.721470177515016,0.4293125
6706,6999,5.72187638489504,0.429375
6858,6995,5.72249099483588,0.4294375
8752,8962,5.722732013181258,0.4295
6059,6231,5.723084990358757,0.4295625
6588,7024,5.72579807123725,0.429625
6809,7077,5.726231565027774,0.4296875
7202,7078,5.7265864877306285,0.42975
6691,7081,5.727160739146484,0.4298125
5051,5363,5.727623679573753,0.429875
6813,6919,5.728237908098549,0.4299375
6900,7039,5.728622307268893,0.43
8057,8453,5.728777324257294,0.4300625
6893,6924,5.729915260151984,0.430125
6158,6216,5.732912600182431,0.4301875
8489,8502,5.737488337432069,0.43025
5317,5387,5.740762855961748,0.4303125
5808,6224,5.742943995427822,0.430375
6731,6925,5.743832789810426,0.4304375
5141,5361,5.743963252609149,0.4305
6747,6991,5.746037961269735,0.4305625
6155,6195,5.7470649196138766,0.430625
8727,8658,5.747375269389522,0.4306875
5231,5390,5.748807148838409,0.43075
5997,6194,5.750481189135712,0.4308125
6655,6930,5.751713086430641,0.430875
6948,6920,5.753832470745692,0.4309375
7192,6942,5.754344125010789,0.431
8797,8902,5.754648767475828,0.4310625
5507,5432,5.755138627276779,0.431125
6726,6903,5.755935069442103,0.4311875
6651,6993,5.756622578186239,0.43125
7032,7025,5.757361519543906,0.4313125
6834,6937,5.75859907447375,0.431375
8423,8584,5.760388213272108,0.4314375
8726,8936,5.7607622179072,0.4315
9871,6989,5.761068126285863,0.4315625
6123,6233,5.761933006842355,0.431625
8772,9024,5.7620992117238075,0.4316875
7164,7072,5.765138758398166,0.43175
8391,8586,5.767244367546368,0.4318125
8696,8904,5.767728264070115,0.431875
6899,7074,5.768877174842146,0.4319375
7030,7071,5.771362874600982,0.432
8350,8585,5.771936481631656,0.4320625
8712,8649,5.772097519959743,0.432125
8725,8906,5.772432765341819,0.4321875
7068,6988,5.77374968956633,0.43225
8854,8908,5.773915397767837,0.4323125
9278,9022,5.774066739004525,0.432375
8687,8937,5.774196454850426,0.4324375
8540,8659,5.7742879025320235,0.4325
8748,9042,5.775489947576489,0.4325625
6481,6899,5.77574408539806,0.432625
7550,6902,5.781028531040533,0.4326875
8677,8901,5.785521731725225,0.43275
8381,8452,5.789809042908246,0.4328125
6984,6992,5.7901049071667785,0.432875
6889,7004,5.791523526086735,0.4329375
5458,5364,5.791762064181341,0.433
8505,8588,5.79188051372239,0.4330625
7410,7051,5.792266844077972,0.433125
9041,9043,5.792715430276644,0.4331875
6828,7007,5.79392657529354,0.43325
12186,7000,5.79465177069153,0.4333125
8443,8671,5.794913675357975,0.433375
8697,8905,5.797175343821095,0.4334375
8588,8892,5.800691842843662,0.4335
4973,5393,5.800749960548785,0.4335625
6690,6923,5.800931720532958,0.433625
8718,7009,5.80174273758746,0.4336875
8496,8450,5.803827928846772,0.43375
6646,7005,5.804515522862175,0.4338125
6625,6922,5.805073796773399,0.433875
6741,6941,5.805121695811522,0.4339375
9436,8897,5.805703135669546,0.434
5221,5395,5.805854343935778,0.4340625
6191,6425,5.8074718809810975,0.434125
8708,8909,5.810512481402043,0.4341875
6647,6950,5.812006102416603,0.43425
8323,8574,5.812936736400957,0.4343125
6152,6420,5.815352660761619,0.434375
6188,6217,5.816663147196209,0.4344375
6854,6929,5.817144618929774,0.4345
8196,8451,5.818028891880658,0.4345625
6136,6418,5.818401437749344,0.434625
8688,9025,5.823855632356413,0.4346875
7228,7079,5.826584495871657,0.43475
8609,8580,5.829119482466922,0.4348125
5485,5362,5.829458442447276,0.434875
8520,8673,5.829819105110232,0.4349375
9316,8966,5.830087436960525,0.435
8382,8587,5.830352919598795,0.4350625
8623,9026,5.832220660786561,0.435125
5947,6236,5.835194286047454,0.4351875
6016,6234,5.836176016512923,0.43525
8655,8918,5.8377449106486665,0.4353125
8853,8895,5.838989406478618,0.435375
6725,7012,5.840163239125559,0.4354375
6575,6910,5.840717658710787,0.4355
8763,9017,5.840727658025912,0.4355625
8678,9027,5.841002557472734,0.435625
6491,6949,5.8434740654120105,0.4356875
6710,7011,5.844380260798175,0.43575
9888,6927,5.844950125048399,0.4358125
8062,8449,5.847112856127751,0.435875
6009,6220,5.8479954198106725,0.4359375
9077,9041,5.848294892166791,0.436
8637,8965,5.85014036310929,0.4360625
8770,8910,5.852700662317488,0.436125
8851,8899,5.853974316121821,0.4361875
8704,8917,5.854434725510487,0.43625
6849,6928,5.858418159296889,0.4363125
5348,5369,5.8590073445282655,0.436375
8700,9035,5.8593834972275545,0.4364375
8903,8967,5.859455116083268,0.4365
6662,6951,5.860252849511198,0.4365625
8793,9040,5.861858769798914,0.436625
10209,7124,5.865125793182642,0.4366875
8835,9033,5.867428606915269,0.43675
13997,9020,5.868103769312711,0.4368125
7242,6900,5.870317169391683,0.436875
8513,8900,5.870775557682464,0.4369375
7111,7023,5.8707782693898025,0.437
8742,9036,5.870963067213552,0.4370625
7013,7123,5.874432341712918,0.437125
7062,6987,5.874793941527855,0.4371875
6773,6908,5.877116297686712,0.43725
8499,8576,5.879075171831005,0.4373125
8652,8676,5.879123576806592,0.437375
6720,7013,5.879387060133922,0.4374375
8800,9019,5.880950298464768,0.4375
8461,8675,5.8813417984252965,0.4375625
6597,7010,5.886690729825659,0.437625
8410,8589,5.886846539648332,0.4376875
6814,6940,5.888636971822166,0.43775
8843,9034,5.890444194561951,0.4378125
8301,8655,5.8933895960383325,0.437875
8846,8893,5.894087573770321,0.4379375
8405,8669,5.894210978249362,0.438
8827,8913,5.894232734913544,0.4380625
7466,7035,5.894321645174841,0.438125
8532,8939,5.894460723885231,0.4381875
6983,6907,5.894607732310874,0.43825
6354,6428,5.894973069571961,0.4383125
8490,8577,5.895707962181291,0.438375
6835,7036,5.896136678068615,0.4384375
6615,7015,5.900377300613172,0.4385
6031,6414,5.901222398632058,0.4385625
8584,8940,5.902246911481257,0.438625
6632,6906,5.903973655350001,0.4386875
6735,7014,5.904155516969809,0.43875
8039,8448,5.905200485067098,0.4388125
8670,8677,5.905790539128816,0.438875
6699,7030,5.9061237500997095,0.4389375
6902,7044,5.907678274280329,0.439
6837,6909,5.907881137096638,0.4390625
8514,8503,5.908250082920063,0.439125
6766,6933,5.909192401379755,0.4391875
13279,8933,5.911195937222601,0.43925
6744,6916,5.914182207580666,0.4393125
8660,8590,5.9143019080569275,0.439375
10607,8662,5.915883726619654,0.4394375
6712,6921,5.917186519777715,0.4395
8931,9023,5.9177121867128335,0.4395625
8959,9028,5.917970263432835,0.439625
8580,8661,5.918105981786425,0.4396875
6821,6986,5.918286769291967,0.43975
6638,6901,5.9185577838781,0.4398125
6727,7043,5.921976795490764,0.439875
6829,6904,5.925974662114413,0.4399375
7371,6905,5.926766697064295,0.44
8247,8578,5.9284481525480714,0.4400625
9209,8914,5.930128574494688,0.440125
6318,6415,5.930378063194553,0.4401875
8078,8504,5.933794890054173,0.44025
6853,7026,5.936746756357479,0.4403125
6661,6939,5.937050829880263,0.440375
8590,8648,5.937128153221238,0.4404375
7159,6938,5.9379626051975265,0.4405
7187,6926,5.939475739848831,0.4405625
6544,6416,5.9394848105336,0.440625
9158,9021,5.939866129412394,0.4406875
9430,8935,5.9415165292469965,0.44075
12498,9032,5.941953898199813,0.4408125
6746,6943,5.942707990700455,0.440875
6236,6417,5.943308058680373,0.4409375
8743,8920,5.9455667365771205,0.441
8716,8896,5.946942216104958,0.4410625
8740,8934,5.949333355165322,0.441125
8487,8591,5.949643525608167,0.4411875
8404,8666,5.9510980991831275,0.44125
8324,8575,5.953870708135241,0.4413125
6897,6931,5.955455675435701,0.441375
8556,8664,5.9554955146322754,0.4414375
6482,6911,5.956846917203734,0.4415
8883,9044,5.95687044722456,0.4415625
8633,8916,5.959015573269994,0.441625
8457,8678,5.959564214548095,0.4416875
8027,8331,5.962417863444443,0.44175
7048,6934,5.96323516865516,0.4418125
7023,7080,5.963587264098578,0.441875
8416,8592,5.964120190497738,0.4419375
6779,6946,5.967667002849566,0.442
6875,6912,5.969123037976601,0.4420625
5994,6237,5.96930539868174,0.442125
8882,8919,5.9700531922561595,0.4421875
6890,6918,5.97117708598023,0.44225
8342,8507,5.973899786885568,0.4423125
8698,8968,5.974347540217877,0.442375
7975,8330,5.976966086356242,0.4424375
6759,6947,5.978454255046472,0.4425
7970,8329,5.979547543650369,0.4425625
11319,8915,5.9798247823955535,0.442625
8338,8569,5.980157303050532,0.4426875
7058,6936,5.980523235574424,0.44275
6708,6917,5.983748117464984,0.4428125
8886,8912,5.9839584638982615,0.442875
6286,6408,5.984010364512187,0.4429375
8386,8572,5.988113286881685,0.443
6676,6913,5.988920295258936,0.4430625
6786,6935,5.990730608541185,0.443125
8818,9029,5.991711720024114,0.4431875
8798,8990,5.992830330733682,0.44325
9054,9045,5.99302311381939,0.4433125
9200,8679,5.99402518918248,0.443375
8902,9018,5.994210146417117,0.4434375
10306,8447,5.995603006871875,0.4435
7080,7008,5.995672569049361,0.4435625
8363,8508,5.995803344267301,0.443625
8889,9073,5.996038700941995,0.4436875
8760,8891,5.9978011998209695,0.44375
6709,6972,6.002594889303282,0.4438125
6626,6932,6.002889065603881,0.443875
8684,9031,6.003099652344872,0.4439375
8307,8565,6.003728140459998,0.444
8582,8732,6.005511969397162,0.4440625
8171,8328,6.005565683636746,0.444125
8762,8573,6.00743815749388,0.4441875
8460,8571,6.010254246338832,0.44425
10232,6375,6.012138257780748,0.4443125
5975,6235,6.013147202182836,0.444375
13655,8737,6.014039110175304,0.4444375
8596,8922,6.014141368331366,0.4445
6823,7027,6.016096037435545,0.4445625
5981,6412,6.016323484280633,0.444625
6089,6413,6.022180274215202,0.4446875
6882,7022,6.022210011261336,0.44475
6815,7031,6.02662207827575,0.4448125
8320,8680,6.0272928719850825,0.444875
6068,6409,6.027849414049911,0.4449375
6698,6948,6.028081936099852,0.445
8866,9078,6.031604767988711,0.4450625
8663,8928,6.032514093240252,0.445125
13459,8982,6.036082432000512,0.4451875
8641,8681,6.0361541027040175,0.44525
8530,8665,6.036907317690975,0.4453125
8517,8730,6.038373433791776,0.445375
8814,9030,6.039395411626629,0.4454375
8881,8911,6.039514663859336,0.4455
8523,8663,6.039543769188185,0.4455625
6743,6915,6.040402487714005,0.445625
7036,7018,6.04106389479432,0.4456875
6933,7016,6.041706235704282,0.44575
6088,6376,6.042474418590473,0.4458125
6719,6944,6.043751135357979,0.445875
8806,9072,6.044241183521422,0.4459375
6599,6985,6.046039229438861,0.446
8717,8923,6.046097501925715,0.4460625
12952,8506,6.0471238002835435,0.446125
8392,8541,6.047548504416,0.4461875
8586,8668,6.04922704947171,0.44625
6838,6952,6.053492141917218,0.4463125
8691,8969,6.054808852649444,0.446375
8611,8593,6.055409101802525,0.4464375
9269,9074,6.055454083919926,0.4465
8643,8505,6.058977224903742,0.4465625
6800,7021,6.060408148974602,0.446625
8383,8543,6.06052821221931,0.4466875
6684,6960,6.062028762838736,0.44675
7866,8253,6.063259485919843,0.4468125
6732,7028,6.065183190373887,0.446875
8434,8567,6.0667862155560215,0.4469375
13016,9065,6.06711857873006,0.447
8232,8313,6.067733052238054,0.4470625
6141,6407,6.069802288174515,0.447125
6641,6959,6.06998957760743,0.4471875
8657,9076,6.070177091576284,0.44725
11963,9050,6.073452632813883,0.4473125
8260,8579,6.073676644234752,0.447375
8515,8729,6.074175758514684,0.4474375
9186,9071,6.074593742383627,0.4475
8834,9016,6.07499830002871,0.4475625
6965,7032,6.076211251189875,0.447625
8191,8542,6.077066822238066,0.4476875
6855,7125,6.07864328988137,0.44775
8817,8977,6.079392701279971,0.4478125
6825,7029,6.081763656183853,0.447875
8344,8318,6.081796621979493,0.4479375
8493,8682,6.0820146435956985,0.448
6583,7017,6.0843908570138865,0.4480625
8285,8544,6.0845186139411,0.448125
12518,9099,6.085181066362566,0.4481875
6663,6965,6.086863968639705,0.44825
8840,9070,6.087107058021729,0.4483125
8265,8568,6.088129096032048,0.448375
14274,9068,6.089541851550621,0.4484375
6941,6973,6.090132146714495,0.4485
6756,6953,6.09125122110845,0.4485625
8364,8594,6.091606321796121,0.448625
8060,8319,6.091617468513505,0.4486875
6313,6411,6.091831787494357,0.44875
6209,6410,6.0920912373958345,0.4488125
6723,6945,6.092378546334089,0.448875
6908,6964,6.092531713288508,0.4489375
8467,8595,6.094458402132659,0.449
8884,9066,6.095898054549025,0.4490625
13474,8890,6.095998083798349,0.449125
8711,9075,6.096080153321623,0.4491875
7131,6373,6.097084511534717,0.44925
8671,8979,6.097401733281572,0.4493125
10186,8726,6.097752556498904,0.449375
11238,9049,6.099469215140061,0.4494375
8225,8251,6.100946450629635,0.4495
8926,8931,6.102486769283814,0.4495625
8237,8570,6.102876951449161,0.449625
6355,6404,6.104592039294289,0.4496875
8909,8991,6.107403502252737,0.44975
8746,8932,6.107889590513992,0.4498125
8757,8970,6.111867529752203,0.449875
8510,8929,6.112872522141856,0.4499375
6254,6405,6.113088899611853,0.45
8675,8996,6.1138181247562216,0.4500625
8449,8667,6.1147725702317075,0.450125
8353,8446,6.114945583981921,0.4501875
6011,6242,6.115076276620471,0.45025
9510,8992,6.116782837758251,0.4503125
8668,8742,6.116817785924695,0.450375
6930,7127,6.1169426863442595,0.4504375
8360,8736,6.117007080027406,0.4505
7952,8250,6.117515460622826,0.4505625
11892,8724,6.119324340850994,0.450625
6677,6967,6.121497197427402,0.4506875
8838,8976,6.123084167902448,0.45075
8962,9048,6.123109232151933,0.4508125
8680,8989,6.123300286044355,0.450875
8440,8728,6.123425993634214,0.4509375
6871,7126,6.125614738566014,0.451
8720,8684,6.125709075674649,0.4510625
8786,8984,6.128055398608353,0.451125
6174,6239,6.1367264513263535,0.4511875
8683,8924,6.138496252385721,0.45125
8277,8566,6.1405757216542725,0.4513125
8805,8971,6.142702770623032,0.451375
8371,8685,6.143581201755296,0.4514375
8613,8921,6.1437774136592225,0.4515
8299,8647,6.144516418123203,0.4515625
8916,8973,6.145647729467214,0.451625
5879,6240,6.146677065481526,0.4516875
8992,8926,6.1482924562926655,0.45175
8413,8252,6.1486891759841455,0.4518125
9130,9098,6.149872832467054,0.451875
6767,6961,6.150027111194049,0.4519375
6394,6406,6.150121425809857,0.452
8664,8983,6.15076029842362,0.4520625
6840,7034,6.151884217593988,0.452125
8215,8333,6.151917864077291,0.4521875
5873,6241,6.152576750298067,0.45225
5992,6246,6.154180515208168,0.4523125
6244,6378,6.154924869619549,0.452375
8839,9069,6.155823640782273,0.4524375
8281,8734,6.155976649862168,0.4525
8318,8509,6.156590201211884,0.4525625
8993,9067,6.157776863230879,0.452625
8719,9100,6.157878510808246,0.4526875
8542,8733,6.158570928026961,0.45275
8351,8639,6.159582834688649,0.4528125
8635,8731,6.16069668621185,0.452875
8200,8310,6.160760165718557,0.4529375
8809,8887,6.1633023205283735,0.453
5908,6238,6.168712008905231,0.4530625
6799,6954,6.1690860876842635,0.453125
8888,8985,6.17152026251199,0.4531875
9192,8927,6.171597730939084,0.45325
8161,8254,6.172436332859434,0.4533125
8782,8750,6.172438111776273,0.453375
6852,6970,6.173105275554349,0.4534375
6560,6914,6.1732492061747735,0.4535
5976,6245,6.175245625300477,0.4535625
8032,8312,6.175366553691333,0.453625
8497,8930,6.176685178839989,0.4536875
12963,8986,6.178633065070585,0.45375
10295,9015,6.180379855939691,0.4538125
6704,6957,6.181302480927798,0.453875
8639,8727,6.182193122878402,0.4539375
8844,9101,6.184438379284984,0.454
8297,8555,6.187424079006973,0.4540625
11019,9080,6.1884136492747075,0.454125
8841,9077,6.188925123503054,0.4541875
8771,8994,6.189882053116321,0.45425
8634,8760,6.193212925530361,0.4543125
8873,9079,6.1943979173771595,0.454375
8543,8699,6.194809559714827,0.4544375
8387,8738,6.194846569939045,0.4545
8977,9014,6.195190806966707,0.4545625
6543,6966,6.196045916598223,0.454625
6713,7020,6.196306558799165,0.4546875
6798,6963,6.196341980559396,0.45475
8927,9013,6.196759554344567,0.4548125
8190,8554,6.196884272675106,0.454875
11347,9001,6.197282797388652,0.4549375
8877,9046,6.198213687167595,0.455
8400,8746,6.198935039232538,0.4550625
8311,8683,6.200207538485074,0.455125
9149,9051,6.200730169437861,0.4551875
8764,9053,6.201628569256513,0.45525
6972,6962,6.201814161937023,0.4553125
9084,9102,6.20248178652264,0.455375
8958,8978,6.204737737149344,0.4554375
6802,7019,6.2067948928870464,0.4555
7815,8249,6.2076545944836425,0.4555625
6131,6399,6.208077744647994,0.455625
8642,8323,6.208299615215992,0.4556875
11175,6984,6.209713749049797,0.45575
9040,8696,6.21141946462842,0.4558125
8638,8743,6.211459462855601,0.455875
8908,9081,6.2114972811532425,0.4559375
13333,8540,6.212441274298612,0.456
8957,8975,6.213485901686454,0.4560625
8465,8739,6.213844037313834,0.456125
6194,6374,6.216358104188885,0.4561875
8701,9052,6.2170481257848,0.45625
8592,8698,6.217246928477039,0.4563125
5907,6247,6.2199929657393795,0.456375
8862,8974,6.222210450195803,0.4564375
8921,8988,6.222454372485345,0.4565
8233,8321,6.222788379731583,0.4565625
8451,8596,6.22287433612621,0.456625
8050,8332,6.22376947646319,0.4566875
8420,8558,6.2243733115113855,0.45675
6694,6974,6.226293476877231,0.4568125
6093,6402,6.226360365685309,0.456875
8146,8320,6.2268893219238635,0.4569375
8833,8972,6.226896633502179,0.457
8729,9054,6.228437193738728,0.4570625
8922,9094,6.229577689475377,0.457125
8524,8725,6.2296409924840646,0.4571875
8388,8749,6.229941312064852,0.45725
6913,7033,6.23057148578107,0.4573125
7982,8327,6.231135618637836,0.457375
6928,6975,6.231460502902564,0.4574375
8645,8641,6.231608569953778,0.4575
9152,8995,6.23218844315204,0.4575625
6659,6968,6.232404829496431,0.457625
8789,9047,6.232421886858901,0.4576875
6612,6976,6.23509153142561,0.45775
8966,9096,6.2354147335637435,0.4578125
8978,8722,6.236405483065369,0.457875
8384,8325,6.238353381123943,0.4579375
8728,8697,6.238606220144334,0.458
8059,8314,6.2389126314348005,0.4580625
8930,9095,6.240887894885759,0.458125
7255,6977,6.24103714962223,0.4581875
8061,8324,6.241830455337208,0.45825
8733,8723,6.24252397532257,0.4583125
6602,6969,6.243454028223482,0.458375
6201,6403,6.244844215606008,0.4584375
5929,6244,6.245400150533783,0.4585
8259,8686,6.247343833796322,0.4585625
8558,8527,6.247550683213376,0.458625
8117,8307,6.251155921988698,0.4586875
8599,8559,6.252236981651663,0.45875
8377,8744,6.252311784621611,0.4588125
8169,8322,6.252781011105071,0.458875
6398,6401,6.253233045927914,0.4589375
9110,8556,6.253927157903718,0.459
8286,8557,6.254608722786543,0.4590625
8214,8513,6.25566380904047,0.459125
6178,6377,6.255787746022861,0.4591875
8550,8764,6.256132079510735,0.45925
8464,8597,6.257976615501775,0.4593125
6916,6971,6.259530514771313,0.459375
8488,8735,6.263080749850133,0.4594375
6214,6243,6.2639270539363,0.4595
6898,6956,6.266817219221025,0.4595625
8799,8997,6.268091152710781,0.459625
9067,8888,6.269815920370888,0.4596875
8471,8835,6.271204647255104,0.45975
8583,8886,6.272266894994118,0.4598125
6967,7129,6.272541951159042,0.459875
8287,8514,6.273054526674173,0.4599375
12906,8521,6.273852981766822,0.46
8444,8545,6.274541845777435,0.4600625
8516,8564,6.2767833651241745,0.460125
9126,8993,6.277069599521042,0.4601875
8871,8889,6.278314256832573,0.46025
9115,8765,6.281075155394888,0.4603125
8335,8539,6.282128401445561,0.460375
8943,9061,6.2865970260597805,0.4604375
9019,9005,6.287758270191603,0.4605
8439,8687,6.288797769372877,0.4605625
8366,8690,6.288914769690109,0.460625
7980,8255,6.28893901284232,0.4606875
8358,8689,6.2890440831067735,0.46075
8284,8511,6.289194447045929,0.4608125
8991,9009,6.290323820271055,0.460875
6175,6372,6.290626910924743,0.4609375
8608,8925,6.290632492162672,0.461
9009,8839,6.290867139646821,0.4610625
6883,7128,6.291077492345835,0.461125
8989,8834,6.293184551552486,0.4611875
8288,8553,6.294155134495668,0.46125
6992,7184,6.294254632066782,0.4613125
8037,8311,6.296568626582598,0.461375
8595,8740,6.296846842126115,0.4614375
8463,8769,6.2972860929302215,0.4615
8715,8741,6.297291564609168,0.4615625
8001,8315,6.298341903764708,0.461625
8831,9062,6.300746527320371,0.4616875
8415,8560,6.303243261527541,0.46175
8761,9011,6.303388655390904,0.4618125
7055,7183,6.305635708737896,0.461875
9183,9002,6.306678843713826,0.4619375
8896,9103,6.307572832231244,0.462
8622,8980,6.307894703930856,0.4620625
6262,6248,6.308888659014428,0.462125
5901,6379,6.309825797280041,0.4621875
8695,8981,6.310826203847682,0.46225
8624,8755,6.3111106309543175,0.4623125
9103,9000,6.312761224248334,0.462375
8168,8510,6.313258613845505,0.4624375
7946,8248,6.31369883522234,0.4625
8564,8759,6.316236266505371,0.4625625
8362,8646,6.318253237957492,0.462625
8313,8642,6.3184122531466755,0.4626875
8268,8316,6.31887997314584,0.46275
8627,8751,6.32069026091915,0.4628125
8570,8528,6.320806489167012,0.462875
8537,8748,6.321652134982742,0.4629375
8692,9012,6.3216644155837685,0.463
8045,8308,6.323480802225731,0.4630625
7968,8246,6.323566363194686,0.463125
8369,8334,6.327370592793841,0.4631875
8591,8606,6.3287757075269155,0.46325
6808,6955,6.330761115624,0.4633125
8272,8445,6.330882798589187,0.463375
8238,8640,6.331851975117729,0.4634375
8412,8442,6.333438488308616,0.4635
8754,8987,6.334455884816975,0.4635625
8484,8516,6.3365264909559755,0.463625
6120,6280,6.336552059121232,0.4636875
8081,8317,6.338348326385244,0.46375
6083,6400,6.340426251631129,0.4638125
8658,8444,6.341240882808734,0.463875
8878,9093,6.3415549838596235,0.4639375
6769,6958,6.341767018451378,0.464
9217,8836,6.3429305117756485,0.4640625
8973,8998,6.347975965983551,0.464125
8310,8546,6.349833448741265,0.4641875
6973,7181,6.349964270069677,0.46425
8458,8512,6.3504568906555505,0.4643125
8837,8688,6.350873489340984,0.464375
8246,8515,6.352263506193822,0.4644375
8107,8244,6.353792490214005,0.4645
8571,8837,6.354548010994563,0.4645625
6877,7180,6.354994300904423,0.464625
5999,6283,6.355478061443023,0.4646875
9113,8882,6.356267172962021,0.46475
8452,8518,6.356927236371007,0.4648125
8298,8609,6.357324038555021,0.464875
8546,8763,6.358335123845677,0.4649375
8744,9010,6.35869528902424,0.465
8492,8531,6.363681479228603,0.4650625
9616,9064,6.367118578730015,0.465125
6019,6249,6.367543208388952,0.4651875
8304,8611,6.367994357450698,0.46525
5989,6285,6.369435415016142,0.4653125
8706,8747,6.36987934085289,0.465375
8952,8999,6.370586522355325,0.4654375
9495,8547,6.371073988231956,0.4655
8600,8845,6.371335286743488,0.4655625
12725,8721,6.371587515208489,0.465625
8340,8610,6.372867086749693,0.4656875
8441,8517,6.373661485584421,0.46575
8731,8745,6.374688646475192,0.4658125
7907,8236,6.3750534037669695,0.465875
8183,8538,6.375097154138302,0.4659375
6749,6979,6.375765185274872,0.466
9354,7242,6.379464664343573,0.4660625
8940,8326,6.379514015144878,0.466125
8521,8766,6.380277110049974,0.4661875
8064,8245,6.380953580520099,0.46625
8988,9105,6.381112280744901,0.4663125
8829,9104,6.381284075001076,0.466375
8267,8700,6.381425922370909,0.4664375
8316,8443,6.382930226475878,0.4665
8476,8762,6.383598110464618,0.4665625
8604,8843,6.383965147907816,0.466625
8721,9058,6.384224810038745,0.4666875
8478,8549,6.386130325904787,0.46675
8280,8561,6.390486416903059,0.4668125
8254,8634,6.390858404721143,0.466875
8397,8519,6.393060345636627,0.4669375
8651,9060,6.39439615194749,0.467
8776,9082,6.396073208403436,0.4670625
8355,8630,6.39675312439681,0.467125
8709,8563,6.397410837527673,0.4671875
9044,9120,6.400126291935976,0.46725
7936,8247,6.400223277337432,0.4673125
8674,8883,6.402030582683665,0.467375
8784,9008,6.4023480137443585,0.4674375
8602,8761,6.40378506582681,0.4675
7046,7241,6.404505960420579,0.4675625
11122,8754,6.404714596621375,0.467625
8446,8526,6.404908323249288,0.4676875
6939,7130,6.406655680334893,0.46775
8043,8258,6.409265499740513,0.4678125
8430,8752,6.409310425126137,0.467875
11472,8337,6.409334113827754,0.4679375
8500,8635,6.409635936903328,0.468
8518,8778,6.41014922656052,0.4680625
6833,7131,6.410255401841368,0.468125
8052,8536,6.410482121338987,0.4681875
8507,8562,6.411461674309749,0.46825
8703,8838,6.411489195990725,0.4683125
6724,6983,6.4119008295801905,0.468375
8974,9083,6.4119888222786585,0.4684375
11692,8620,6.412658475560875,0.4685
8845,8842,6.412890427270554,0.4685625
6279,6277,6.413081047498167,0.468625
8538,8304,6.413160915969115,0.4686875
9062,9056,6.413878814534542,0.46875
8601,8636,6.414426102398579,0.4688125
8408,8598,6.415611090513721,0.468875
8636,8841,6.415820899692903,0.4689375
9055,9063,6.4168650586778995,0.469
8605,8720,6.417266879200838,0.4690625
8713,8767,6.417627678416352,0.469125
8468,8846,6.417947349928454,0.4691875
8856,8849,6.418057627098165,0.46925
8987,9097,6.418965243916546,0.4693125
8621,8768,6.4201072008315805,0.469375
8554,8550,6.42047087705987,0.4694375
8204,8603,6.421602627633092,0.4695
6030,6380,6.421792213760227,0.4695625
7949,8243,6.423068771277826,0.469625
8544,8770,6.423142343060249,0.4696875
6921,7182,6.424244473746057,0.46975
6139,6282,6.425262430359794,0.4698125
8561,8852,6.425967699150192,0.469875
8128,8441,6.427081521757145,0.4699375
8167,8309,6.427787132277103,0.47
7026,7237,6.428128753036162,0.4700625
8758,9007,6.4281549440868275,0.470125
6176,6260,6.428615504409208,0.4701875
6843,7178,6.428843129452389,0.47025
8849,8885,6.429064664185148,0.4703125
6147,6281,6.429107074079525,0.470375
6987,7246,6.429590941212837,0.4704375
8625,8844,6.430937253550951,0.4705
8767,8530,6.431260636001184,0.4705625
8372,8643,6.434173373005365,0.470625
8264,8537,6.434549154994784,0.4706875
8946,9119,6.435269693472151,0.47075
8870,8832,6.436761439422185,0.4708125
7437,7186,6.437417986744208,0.470875
7039,7240,6.4375821377366265,0.4709375
6627,6982,6.437586400019882,0.471
7010,7245,6.438513322241306,0.4710625
6781,6978,6.438564335068577,0.471125
8334,8238,6.438615099834692,0.4711875
8172,8599,6.440094649563889,0.47125
11372,6278,6.440445836432787,0.4713125
8607,8850,6.440776095055185,0.471375
8794,9118,6.441174198145632,0.4714375
7155,7233,6.441690918869881,0.4715
8375,8753,6.4416953897989515,0.4715625
5887,6263,6.443032799973139,0.471625
8276,8520,6.443053441988809,0.4716875
8508,8303,6.443672126480578,0.47175
9448,9106,6.443871587266017,0.4718125
8785,9055,6.44401431865208,0.471875
12155,8780,6.445081957386719,0.4719375
8239,8548,6.446147310383026,0.472
8479,8522,6.446443213672978,0.4720625
8429,8695,6.446802192697419,0.472125
8220,8524,6.447695314240946,0.4721875
13479,8638,6.450255792442817,0.47225
8187,8237,6.451525600709942,0.4723125
13339,8523,6.451804215958191,0.472375
9074,8619,6.45194866131726,0.4724375
8815,8600,6.455634143935754,0.4725
6163,6259,6.456532452735246,0.4725625
8374,8525,6.457773684325389,0.472625
7117,7243,6.457989475140039,0.4726875
8319,8535,6.459071534667714,0.47275
8178,8607,6.459589885625064,0.4728125
8904,9057,6.459838808715062,0.472875
8567,8644,6.459914443077764,0.4729375
8842,9006,6.4653809423074335,0.473
8545,8833,6.465631292079479,0.4730625
6859,6398,6.466117332955491,0.473125
7899,8239,6.467000108755656,0.4731875
6253,6276,6.469216780062197,0.47325
9036,8782,6.470355053100434,0.4733125
8665,8701,6.470696340616996,0.473375
8778,8702,6.471696069516497,0.4734375
8552,8853,6.471976003340842,0.4735
7484,7132,6.472827706289763,0.4735625
6207,6371,6.475318265207989,0.473625
8775,8840,6.476873701160002,0.4736875
8593,8851,6.477717680033493,0.47375
8180,8302,6.479861035350837,0.4738125
8256,8347,6.481602287600708,0.473875
8559,8645,6.482681498399074,0.4739375
8376,8604,6.482760866080866,0.474
6931,7185,6.483366922691971,0.4740625
8417,8551,6.484078668126585,0.474125
8699,9004,6.490006064185195,0.4741875
7390,7188,6.490604766213437,0.47425
8359,8631,6.491949133789149,0.4743125
7033,7187,6.491954044583508,0.474375
6342,6250,6.494325483150078,0.4744375
8326,8529,6.496517794805186,0.4745
8056,8335,6.497624264095066,0.4745625
12032,7146,6.497990256570347,0.474625
7031,7139,6.498523024954011,0.4746875
8409,8352,6.503695365130966,0.47475
8724,9003,6.5041375524197065,0.4748125
8547,8691,6.505927678235025,0.474875
8354,8257,6.507058901437972,0.4749375
8982,9107,6.509057701276333,0.475
8574,8601,6.510052668604203,0.4750625
7123,7236,6.510335466822653,0.475125
8480,8756,6.510381332174802,0.4751875
8389,8625,6.511044227825664,0.47525
7025,7191,6.511171891689855,0.4753125
6867,7190,6.512760075894107,0.475375
7250,7244,6.512848288233272,0.4754375
5963,6286,6.514094435773018,0.4755
8576,8605,6.515681379173998,0.4755625
8393,8621,6.517337958556368,0.475625
8553,8884,6.520747261967699,0.4756875
8598,8847,6.5216296291041544,0.47575
8738,9084,6.521854809002093,0.4758125
8065,8256,6.521880712101961,0.475875
8673,8821,6.522222593898164,0.4759375
8612,8854,6.523680838368023,0.476
8506,8259,6.5242121489051215,0.4760625
8442,8602,6.525219083641559,0.476125
9981,7239,6.525753698335279,0.4761875
8041,8306,6.5260943222473315,0.47625
7002,7144,6.526427279797531,0.4763125
9099,9121,6.526583773835,0.476375
8807,8608,6.527708495763363,0.4764375
8509,8622,6.531049289824978,0.4765
8850,9126,6.531067698824131,0.4765625
6126,6359,6.531160730902911,0.476625
8879,9108,6.531392535796499,0.4766875
9006,9117,6.5335700593311685,0.47675
7896,8242,6.533651537307264,0.4768125
8693,8830,6.5339835377709505,0.476875
8619,8692,6.534422538710373,0.4769375
6764,6981,6.534530054565607,0.477
6039,6284,6.536260917116465,0.4770625
8341,8338,6.5363662324054985,0.477125
7992,8339,6.5389867385703155,0.4771875
7101,7232,6.539597280529847,0.47725
8192,8291,6.54053185633461,0.4773125
8197,8552,6.541433728774109,0.477375
6044,6287,6.541534861375794,0.4774375
6978,7145,6.541685357121537,0.4775
5988,6258,6.541883819843747,0.4775625
9028,8758,6.5426976191934045,0.477625
6082,6255,6.542917195597397,0.4776875
8891,8757,6.544366159804213,0.47775
8498,8532,6.545445178780028,0.4778125
6997,7291,6.548124454570143,0.477875
8662,9122,6.548624046329678,0.4779375
9063,9281,6.549536648034632,0.478
8734,8829,6.550245367412913,0.4780625
8173,8351,6.5516521841993836,0.478125
6822,6980,6.551678292965107,0.4781875
8892,9088,6.5522666099786875,0.47825
9005,9092,6.552913407027177,0.4783125
8279,8618,6.553772890032519,0.478375
8686,9111,6.5548386189997245,0.4784375
6884,7143,6.555868033368938,0.4785
8765,9059,6.556015130164155,0.4785625
8023,8305,6.556540161924204,0.478625
8705,8241,6.559878423836835,0.4786875
6171,6257,6.559910947800063,0.47875
8739,8781,6.560658584642397,0.4788125
6100,6262,6.560950956640113,0.478875
7099,7179,6.562832658166371,0.4789375
8526,8779,6.563685159911529,0.479
8333,8612,6.563750624938962,0.4790625
8347,8693,6.565474733232122,0.479125
7345,7292,6.565522501267765,0.4791875
7152,7230,6.565820269210803,0.47925
6108,6288,6.567549721469504,0.4793125
8473,8694,6.567757932101131,0.479375
7995,8261,6.568204662777816,0.4794375
7611,7142,6.56879610515864,0.4795
8126,8349,6.571096725913321,0.4795625
8141,8355,6.573275576829133,0.479625
6270,6381,6.573863262804593,0.4796875
5918,6253,6.574151106452973,0.47975
8459,8637,6.576454168402734,0.4798125
8283,8346,6.5776781419264125,0.479875
8689,8831,6.578884587749485,0.4799375
6060,6261,6.579428383315758,0.48
8939,8881,6.580849741769839,0.4800625
8562,8289,6.581393684165619,0.480125
7985,8260,6.5818153989623625,0.4801875
6873,7238,6.582592709122764,0.48025
9213,9089,6.582616434230204,0.4803125
8781,9091,6.58281249892832,0.480375
8346,8617,6.586847386428872,0.4804375
6012,6252,6.586981915068463,0.4805
8986,8820,6.590960294698789,0.4805625
8722,8623,6.5909765724119325,0.480625
9839,9116,6.593346296987875,0.4806875
7997,8240,6.594794608284701,0.48075
8379,8633,6.595242300193831,0.4808125
8431,8290,6.595686031232731,0.480875
8263,8356,6.597429414783505,0.4809375
8217,8348,6.5989554869370295,0.481
7974,8294,6.598976535714883,0.4810625
8787,8783,6.599928719403579,0.481125
6040,6369,6.6021412922052605,0.4811875
6763,6393,6.6030608160968995,0.48125
7415,7136,6.603257797845799,0.4813125
8095,8353,6.604582104950396,0.481375
6154,6279,6.605415664999896,0.4814375
8194,8233,6.60574337775563,0.4815
8944,9085,6.606298622224358,0.4815625
8615,8848,6.6064512302331195,0.481625
8573,8534,6.606867256844453,0.4816875
8898,9128,6.60729803582592,0.48175
6074,6289,6.607736794120342,0.4818125
6856,7224,6.609988452243442,0.481875
7510,7137,6.610025130554277,0.4819375
11751,8296,6.610468021680617,0.482
8858,8624,6.610618478250103,0.4820625
6217,6382,6.610659688595888,0.482125
7832,8234,6.610840528828703,0.4821875
8071,8300,6.611288978649895,0.48225
6865,7189,6.611365553872474,0.4823125
8104,8350,6.613227844313087,0.482375
7222,7248,6.614958580699181,0.4824375
9253,9125,6.615840124387319,0.4825
8294,8295,6.618280495861654,0.4825625
6241,6397,6.618796889562191,0.482625
6257,6387,6.619714737356503,0.4826875
8485,8627,6.620554560362393,0.48275
6206,6251,6.620830692790719,0.4828125
8421,8822,6.621547905428997,0.482875
6866,7234,6.622753467808479,0.4829375
8385,8629,6.6233277509118125,0.483
6072,6312,6.625028778798082,0.4830625
6393,6383,6.625054832226624,0.483125
8997,9109,6.6253380888090305,0.4831875
8555,8613,6.625597562619873,0.48325
6023,6275,6.625807116592455,0.4833125
9290,9127,6.625933365639185,0.483375
8569,8777,6.626060866405396,0.4834375
8031,8265,6.629422106247716,0.4835
7038,7135,6.629813561420065,0.4835625
8474,8615,6.630546086451773,0.483625
10544,9132,6.630724031225554,0.4836875
6071,6290,6.632475524164988,0.48375
8603,8825,6.633662088090659,0.4838125
8453,8533,6.635672456805651,0.483875
8361,8301,6.636488930231849,0.4839375
6927,7250,6.637209426022878,0.484
6182,6370,6.638858515426705,0.4840625
6957,7297,6.639433334613273,0.484125
7142,7229,6.639645060234443,0.4841875
7071,7138,6.6397739635715425,0.48425
8918,9086,6.641090156346877,0.4843125
8427,8336,6.641402364738042,0.484375
9358,9282,6.642936179307412,0.4844375
6196,6264,6.645408745730492,0.4845
8295,8354,6.645623943841429,0.4845625
7105,7235,6.647179073228472,0.484625
6364,6313,6.647496001322793,0.4846875
8953,9113,6.6480334811059265,0.48475
6820,7176,6.648808227923723,0.4848125
5932,6256,6.648963170833326,0.484875
8792,9114,6.651874535878619,0.4849375
7807,8235,6.652735785680306,0.485
8091,7293,6.653698092095738,0.4850625
8131,8340,6.6537434012893755,0.485125
8890,9090,6.654089605216427,0.4851875
8092,8297,6.655083352219663,0.48525
6993,7247,6.655511221356278,0.4853125
13353,9110,6.655819412816072,0.485375
8475,8628,6.656252514157359,0.4854375
7178,7225,6.656493768201699,0.4855
8646,8823,6.658209869089546,0.4855625
8803,8771,6.658590715309856,0.485625
9070,9286,6.662128325438516,0.4856875
7121,7298,6.664615754807755,0.48575
7167,7193,6.666555485154618,0.4858125
6892,7249,6.667012599424083,0.485875
6498,6384,6.667118603228914,0.4859375
10025,7141,6.667504430283998,0.486
6850,7134,6.6683859073107214,0.4860625
9366,8855,6.668401029812912,0.486125
8935,9285,6.668596111322813,0.4861875
6847,7133,6.6701710571753665,0.48625
5980,6391,6.670963040165361,0.4863125
8864,9130,6.672584308238356,0.486375
8581,8704,6.673779045768015,0.4864375
8830,8826,6.675656823259715,0.4865
6146,6271,6.675773988212995,0.4865625
6362,6270,6.676386017328127,0.486625
7251,7251,6.677209886464425,0.4866875
8857,9112,6.679007313719353,0.48675
8125,8292,6.679627510585988,0.4868125
9925,8857,6.680276404801816,0.486875
9014,8718,6.680465861494781,0.4869375
6794,7147,6.680521587967974,0.487
8928,8703,6.681441789808446,0.4870625
6151,6360,6.681582691236258,0.487125
8251,8266,6.681902218042978,0.4871875
7092,6364,6.682639982399337,0.48725
7290,7194,6.684017850653504,0.4873125
8967,9134,6.684707701602974,0.487375
8597,8772,6.68514691103303,0.4874375
8357,8632,6.685934797926507,0.4875
7294,7140,6.685954358280355,0.4875625
7102,7289,6.687616002130767,0.487625
7988,8288,6.688211812257919,0.4876875
8529,8878,6.688334155361645,0.48775
8345,8614,6.688711104815297,0.4878125
8332,8263,6.689565661695951,0.487875
6199,6390,6.690773042780506,0.4879375
8768,8616,6.693338864129032,0.488
7153,7231,6.693476454890742,0.4880625
6846,7200,6.696385148985428,0.488125
7430,7299,6.6978747043274325,0.4881875
8528,8719,6.698946378584537,0.48825
8119,8262,6.6993356840396245,0.4883125
8533,8785,6.700233496195665,0.488375
8356,8341,6.70042448832271,0.4884375
8737,9123,6.700522848028072,0.4885
6121,6265,6.700595599661256,0.4885625
7073,7226,6.701353568637273,0.488625
6013,6314,6.701421118311259,0.4886875
8527,8784,6.703391138004918,0.48875
8568,8773,6.70342351346801,0.4888125
6844,7192,6.705620873195926,0.488875
6603,6291,6.705700926635018,0.4889375
6029,6319,6.7060130123356885,0.489
8863,9278,6.706178002648926,0.4890625
6106,6353,6.707345197833547,0.489125
8947,9124,6.708155368871758,0.4891875
8945,9087,6.708695179251208,0.48925
8365,8626,6.709076185134677,0.4893125
7964,8230,6.710717185320277,0.489375
6909,7228,6.71074976737782,0.4894375
9123,9270,6.713119722881174,0.4895
6110,6292,6.7148067714405215,0.4895625
8016,8293,6.7159601509545155,0.489625
6249,6267,6.716935501831131,0.4896875
8236,8231,6.719401087865322,0.48975
8791,8828,6.72038015511248,0.4898125
8869,8824,6.7217423910625484,0.489875
8934,9133,6.722596858324096,0.4899375
8244,8438,6.724102620571102,0.49
7930,8276,6.724150185570011,0.4900625
6527,6358,6.7243883209810065,0.490125
7100,7195,6.725372070727531,0.4901875
9156,9277,6.726083151357557,0.49025
13127,8440,6.7270815217571,0.4903125
7009,7175,6.72711155023444,0.490375
6124,6317,6.728670943758402,0.4904375
10799,7177,6.728843129452343,0.4905
8502,8858,6.730957392189566,0.4905625
8617,8827,6.734460498237468,0.490625
8127,8439,6.734987314326304,0.4906875
9124,9284,6.735500242406374,0.49075
7172,7196,6.736267296101914,0.4908125
8572,8358,6.736299436370359,0.490875
6150,6315,6.73637345280531,0.4909375
6278,6269,6.739606465245174,0.491
8948,9283,6.745366460063906,0.4910625
7344,6254,6.745402679717813,0.491125
5900,6274,6.745683635887644,0.4911875
7078,7223,6.74719678411293,0.49125
6321,6385,6.747880343441921,0.4913125
12318,8876,6.748884926336245,0.491375
8090,8269,6.7492184228237875,0.4914375
8002,8357,6.7501040897948315,0.4915
6204,6352,6.751611186818764,0.4915625
8481,8268,6.752514121643912,0.491625
7324,7174,6.753007114177535,0.4916875
9699,7173,6.753107270178248,0.49175
6547,6316,6.7533840536139,0.4918125
8773,9129,6.756388156984713,0.491875
8910,9135,6.757625792307522,0.4919375
6061,6293,6.757942947850324,0.492
7973,8267,6.759678211628852,0.4920625
9615,6273,6.760453708059458,0.492125
8808,8859,6.760754088093449,0.4921875
8594,8705,6.7609945102775555,0.49225
8796,8875,6.76116844075375,0.4923125
6130,6389,6.761577926108316,0.492375
6901,7222,6.76192450764438,0.4924375
6707,6388,6.762338598848714,0.4925
6075,6266,6.764592857146681,0.4925625
8099,8275,6.76656528792671,0.492625
8750,8774,6.766747643821191,0.4926875
7996,8264,6.767165075855473,0.49275
9285,9269,6.767265562343255,0.4928125
9178,9289,6.768008177059642,0.492875
5964,6318,6.7695745709221455,0.4929375
9151,8819,6.769721158041534,0.493
8252,8298,6.770539341384392,0.4930625
6925,7253,6.771106937001832,0.493125
6757,7150,6.771675158416315,0.4931875
7962,8299,6.774403577164662,0.49325
8212,8343,6.777588551975782,0.4933125
8745,9115,6.778848356442495,0.493375
8975,8861,6.779802041423636,0.4934375
8223,8344,6.780619745139688,0.4935
6077,6365,6.780764535111189,0.4935625
6001,6268,6.781088249861909,0.493625
7049,7256,6.782282642478549,0.4936875
7148,7252,6.782522370983429,0.49375
7333,7157,6.784387299352943,0.4938125
7179,7255,6.785188368393051,0.493875
5943,6294,6.785214456680137,0.4939375
8226,8278,6.785372549056433,0.494
7298,7259,6.785582863648074,0.4940625
7177,7149,6.786963782662497,0.494125
8113,8274,6.787008489901268,0.4941875
6260,6355,6.78702487259045,0.49425
6036,6295,6.788019699793949,0.4943125
8040,8280,6.789398902513426,0.494375
9184,9131,6.793240954880389,0.4944375
6114,6297,6.796237468604772,0.4945
8832,8856,6.796314220518639,0.4945625
5950,6272,6.796472276239797,0.494625
6885,7254,6.797161712698426,0.4946875
8848,8711,6.799539254010028,0.49475
6380,6394,6.800211166020063,0.4948125
7077,7172,6.801313011097363,0.494875
8396,8437,6.805390132763478,0.4949375
8672,8709,6.808550928572231,0.495
9653,8706,6.811817551467811,0.4950625
8024,8342,6.812374584715599,0.495125
8454,8710,6.8168397258110645,0.4951875
8681,8786,6.818490983158654,0.49525
8470,8716,6.821038157399471,0.4953125
8548,8880,6.822718669319556,0.495375
7315,7296,6.822979002347779,0.4954375
8632,8860,6.823814900828097,0.4955
9065,9287,6.824978625074664,0.4955625
6991,7170,6.825181312473319,0.495625
8205,8281,6.826386354983583,0.4956875
8174,8277,6.828074220611711,0.49575
8390,8775,6.828924366012643,0.4958125
7114,7290,6.829040160245313,0.495875
8395,8436,6.829064787863331,0.4959375
8956,9280,6.829765479641651,0.496
6122,6361,6.831061184759619,0.4960625
7969,8270,6.833818263320495,0.496125
8964,9180,6.834129222403476,0.4961875
7118,7294,6.835379889668616,0.49625
6990,7148,6.8356456560633205,0.4963125
8241,8359,6.836892740667508,0.496375
9145,9183,6.83867236257629,0.4964375
8659,8787,6.8412153525501935,0.4965
6091,6356,6.843105784718773,0.4965625
8941,8870,6.84328418397547,0.496625
6810,7197,6.844385036285303,0.4966875
6998,7300,6.845766200549747,0.49675
6177,6368,6.847007200069584,0.4968125
6166,6311,6.847030422448938,0.496875
9286,9279,6.8475524157079235,0.4969375
8616,8874,6.847643857488151,0.497
8813,8873,6.848066335880162,0.4970625
7413,7169,6.84816511823567,0.497125
8491,8435,6.848353480183732,0.4971875
9570,9276,6.849012111824891,0.49725
8824,9185,6.8493986527442985,0.4973125
8432,8708,6.849441511089481,0.497375
7141,7199,6.849718160631028,0.4974375
8100,8345,6.850100857667826,0.4975
6092,6392,6.856196465320522,0.4975625
6076,6310,6.856580111951075,0.497625
8159,8422,6.857283873567894,0.4976875
13000,8360,6.857568254281659,0.49775
8565,8862,6.859516621670878,0.4978125
7135,7295,6.860652810195688,0.497875
6190,6296,6.862565954371121,0.4979375
8575,8868,6.86260333883456,0.498
9012,8232,6.86418238868589,0.4980625
6797,7171,6.864235851297167,0.498125
8549,8879,6.866605530511492,0.4981875
6780,7156,6.867219793403024,0.49825
6168,6357,6.8674638795425835,0.4983125
6284,6396,6.869726398896205,0.498375
7334,7287,6.869890733638954,0.4984375
12040,7288,6.870032685801789,0.4985
6946,7202,6.871795731875636,0.4985625
6015,6320,6.874450856763929,0.498625
6919,7258,6.874995420489881,0.4986875
8679,8865,6.876174342256036,0.49875
8425,8776,6.876904108012809,0.4988125
9326,9271,6.877050953637195,0.498875
6963,7227,6.877393130036353,0.4989375
7072,7203,6.877593266132635,0.499
8650,8871,6.878569319273993,0.4990625
7045,7151,6.878786897173427,0.499125
8445,8707,6.8790392813060635,0.4991875
8073,8285,6.881564764801283,0.49925
8566,8866,6.882032265727958,0.4993125
8587,8864,6.883682736471428,0.499375
6872,7221,6.884455722159942,0.4994375
6964,7260,6.8854633196800705,0.4995
8563,8423,6.888799208972614,0.4995625
8469,8271,6.890431384199928,0.499625
9045,9275,6.891328522882077,0.4996875
6441,6300,6.892857404179949,0.49975
8030,8228,6.892922553474023,0.4998125
6216,6307,6.89579001229788,0.499875
7489,7257,6.896821817329169,0.4999375
8462,8712,6.896873420756151,0.5
6999,7198,6.900807533389866,0.5000625
6507,6321,6.902598862816603,0.500125
8779,8788,6.902904997941505,0.5001875
8120,8286,6.9044975067038195,0.50025
8820,8863,6.90508189117304,0.5003125
9089,9136,6.9078325125949505,0.500375
9104,9290,6.908464950539155,0.5004375
6169,6366,6.909439882800143,0.5005
7156,7261,6.909483894123014,0.5005625
9545,9267,6.911263867042408,0.500625
8653,8434,6.9135084929794175,0.5006875
12271,8818,6.91369636175591,0.50075
8270,8396,6.916496255483025,0.5008125
8447,8717,6.917080958403176,0.500875
11891,9274,6.917338837802163,0.5009375
8647,8867,6.91945936730383,0.501
7003,7201,6.919607660312295,0.5010625
6514,6386,6.919714737356458,0.501125
8819,8877,6.919860313663094,0.5011875
8058,8283,6.921936103405642,0.50125
5942,6367,6.922197173070003,0.5013125
8314,8715,6.923583727293703,0.501375
7987,8279,6.923875573492751,0.5014375
6112,6362,6.924478133674825,0.5015
8158,8273,6.927136217108114,0.5015625
9037,9181,6.92763124413716,0.501625
6945,7152,6.928046006455929,0.5016875
6132,6325,6.928164705508493,0.50175
6895,6298,6.928661240950646,0.5018125
8620,8872,6.9291510735008615,0.501875
8759,8869,6.930264013403189,0.5019375
6057,6354,6.931130933891609,0.502
8802,8789,6.934377779933129,0.5020625
6240,6302,6.937275596223458,0.502125
6049,6363,6.937427112056525,0.5021875
8182,8395,6.93789242225148,0.50225
6903,7153,6.94217328196703,0.5023125
8315,8392,6.943539598388156,0.502375
8380,8272,6.9446672332943535,0.5024375
8013,8284,6.945294378230415,0.5025
8034,8287,6.946988715267821,0.5025625
6280,6395,6.949476422333987,0.502625
7007,7154,6.9510213314930525,0.5026875
8278,8424,6.951665068515581,0.50275
8640,8800,6.952173940886382,0.5028125
8924,9268,6.953262900470463,0.502875
8914,9273,6.953603053349411,0.5029375
8644,8809,6.954285047923918,0.503
8756,8713,6.954766559266773,0.5030625
7051,7155,6.955218524083534,0.503125
7957,8282,6.95779210547073,0.5031875
9257,9174,6.95834975848868,0.50325
7063,7220,6.958477898254046,0.5033125
9242,9137,6.959011910362392,0.503375
6934,7158,6.95909049858858,0.5034375
5925,6306,6.9595348120195695,0.5035
7287,7161,6.9615067914567135,0.5035625
9473,9360,6.961752463387597,0.503625
6531,6351,6.962138426711931,0.5036875
6052,6323,6.9629869149183605,0.50375
6233,6327,6.963442251279048,0.5038125
7918,8229,6.965860272408577,0.503875
6982,7210,6.96687105714102,0.5039375
8923,9182,6.969496852331986,0.504
6274,6299,6.97283693093766,0.5040625
8046,8388,6.973420074101,0.504125
6103,6303,6.9742424621256305,0.5041875
6102,6309,6.975183512892954,0.50425
9175,9236,6.97652701427819,0.5043125
8661,8791,6.976723988465437,0.504375
6085,6343,6.976837002164075,0.5044375
8676,8810,6.977591569111496,0.5045
7954,7160,6.979514943500362,0.5045625
8951,9186,6.979571682156802,0.504625
6918,7263,6.98120999117873,0.5046875
9085,9288,6.984676486570834,0.50475
7406,7168,6.984701285959204,0.5048125
6339,6324,6.985326495338427,0.504875
8985,9187,6.986035569732962,0.5049375
8243,8393,6.986140132767673,0.505
7076,7204,6.986972155969738,0.5050625
9191,9173,6.98718759996143,0.505125
8321,8429,6.989687696155784,0.5051875
6878,7208,6.992666273040868,0.50525
8769,8794,6.993438946490301,0.5053125
6962,7218,6.994070293330083,0.505375
8472,8428,6.994629130925432,0.5054375
9292,9191,6.9956574446673585,0.5055
8893,9138,6.996753828267856,0.5055625
8875,9272,6.998046901960606,0.505625
8906,9184,7.000207811063774,0.5056875
6090,6304,7.003015817739538,0.50575
9221,9190,7.005983426908756,0.5058125
8919,9237,7.006002173754041,0.505875
9970,6344,7.007496226195599,0.5059375
8121,8362,7.007880870016379,0.506
13090,9259,7.008921596321784,0.5060625
9076,9248,7.010141429856617,0.506125
9121,9264,7.0102332267561,0.5061875
8666,8814,7.011475385339736,0.50625
9043,9309,7.012274837258133,0.5063125
9127,9247,7.017145307089777,0.506375
6979,7209,7.019728531577357,0.5064375
5986,6301,7.019955005770157,0.5065
6042,6328,7.0201726361500505,0.5065625
8753,8798,7.0204425407034705,0.506625
7087,7262,7.021780260282526,0.5066875
6403,6332,7.024749370695417,0.50675
9880,9244,7.024899710700083,0.5068125
8352,8391,7.027613835532293,0.506875
8142,8386,7.03939688145806,0.5069375
8859,9189,7.041411992135295,0.507
8086,8361,7.0415454528993,0.5070625
8925,9362,7.041911299187063,0.507125
9071,9308,7.042050270795926,0.5071875
8630,8815,7.042509274144436,0.50725
6067,6342,7.043174368246923,0.5073125
6915,7301,7.043558382728293,0.507375
9086,9345,7.0441871642862,0.5074375
8976,8811,7.04419532501413,0.5075
10132,9361,7.044469058663935,0.5075625
9015,9234,7.046318306374701,0.507625
8578,8816,7.049358401326117,0.5076875
9078,9266,7.049784307284995,0.50775
9018,9139,7.04984562920049,0.5078125
8118,8430,7.050242448918766,0.507875
8271,8433,7.050267499351435,0.5079375
8955,9218,7.050608465324899,0.508
6402,6305,7.053231032958479,0.5080625
6109,6322,7.05421460207026,0.508125
8936,9188,7.0555468538964305,0.5081875
6958,7211,7.056857943517912,0.50825
8996,9262,7.057444495328127,0.5083125
8874,9170,7.057791605021748,0.508375
8541,8714,7.058975224640108,0.5084375
8999,9235,7.05913591000558,0.5085
8710,8801,7.060464280713973,0.5085625
6456,6348,7.061947066904281,0.508625
6111,6308,7.065747056366149,0.5086875
9345,9346,7.068388444993502,0.50875
6181,6341,7.069103065276067,0.5088125
9458,9217,7.070705964698732,0.508875
7097,7162,7.071749767587335,0.5089375
8969,9219,7.072317318902947,0.509
7018,7205,7.07447476666664,0.5090625
9190,9291,7.0754566603603735,0.509125
10863,9194,7.075611475043388,0.5091875
9029,9140,7.0771300331635985,0.50925
8551,8790,7.078272383892454,0.5093125
7008,7159,7.0804422154755,0.509375
6995,7286,7.080501550611757,0.5094375
8503,8427,7.082011566431447,0.5095
9444,9341,7.083214311072311,0.5095625
6208,6334,7.08512167197614,0.509625
8348,8432,7.086791467209423,0.5096875
8865,9195,7.087540363200901,0.50975
9088,9307,7.088596684334561,0.5098125
7015,7217,7.088656739230942,0.509875
8181,8394,7.089372430436356,0.5099375
9048,9257,7.09164273908209,0.51
7083,7213,7.093492706487268,0.5100625
7652,7302,7.0937036015064905,0.510125
9172,9263,7.093748562247242,0.5101875
8995,9143,7.093884098788976,0.51025
7279,7214,7.093921025493955,0.5103125
8148,8390,7.0963936452135385,0.510375
6173,6349,7.09722082791086,0.5104375
8990,8812,7.098450233526478,0.5105
8585,8792,7.098738416910123,0.5105625
6795,7216,7.099420135395576,0.510625
6985,7264,7.100800425362991,0.5106875
9008,9162,7.101272995862018,0.51075
8917,9214,7.101370184966413,0.5108125
5891,6350,7.103238111894598,0.510875
10605,7267,7.103910796469222,0.5109375
8795,9175,7.104055218036706,0.511
6922,7212,7.10454554365333,0.5110625
7221,7167,7.104590781848856,0.511125
6222,6326,7.105134038292931,0.5111875
8907,9179,7.106050537586043,0.51125
8250,8389,7.107013942292042,0.5113125
8151,8419,7.107988397073086,0.511375
9139,9364,7.110045933766855,0.5114375
8094,8420,7.112147169007585,0.5115
8852,9176,7.112578017514124,0.5115625
7173,7215,7.113187323890543,0.511625
8751,8808,7.11553843488241,0.5116875
7184,7265,7.115967393726464,0.51175
6251,6345,7.116161835328285,0.5118125
9027,9320,7.11677077496438,0.511875
10687,9351,7.116834054577112,0.5119375
8210,8425,7.1174141405733735,0.512
7409,6333,7.117812698605803,0.5120625
6390,6331,7.1183953356832035,0.512125
8325,8399,7.119646131056925,0.5121875
12702,9261,7.120291009199377,0.51225
9496,9352,7.12037745437442,0.5123125
8306,8397,7.122383197101726,0.512375
13592,9177,7.122571724260297,0.5124375
9122,9321,7.124321570695315,0.5125
8477,8795,7.125002700453933,0.5125625
10324,9310,7.125120226678405,0.512625
8261,8421,7.125464627515498,0.5126875
9042,9221,7.126596617080395,0.51275
8511,8799,7.128432323150946,0.5128125
9173,9339,7.130918940656443,0.512875
8626,8793,7.131371796706617,0.5129375
9222,9243,7.131672424868839,0.513
8826,9265,7.13179157298373,0.5130625
9263,9171,7.134953559043197,0.513125
8983,9313,7.136551973777614,0.5131875
8110,8398,7.13683850557868,0.51325
8504,8431,7.137621647778246,0.5133125
6002,6340,7.138056888523579,0.513375
13194,9172,7.139307796151456,0.5134375
9010,9292,7.139519060773978,0.5135
6289,6346,7.140022056046064,0.5135625
9017,9322,7.142946058928942,0.513625
8654,8797,7.143009157926372,0.5136875
9111,9241,7.143485233083766,0.51375
9181,9365,7.143780015224593,0.5138125
9227,9233,7.145935725231425,0.513875
7091,7268,7.145975536400783,0.5139375
8971,9163,7.146245658266253,0.514
9116,9193,7.147752114580726,0.5140625
7112,7285,7.148162247518712,0.514125
7317,6330,7.14968269128633,0.5141875
6969,7166,7.151320347035039,0.51425
9143,9249,7.152687780632164,0.5143125
7878,8227,7.1532717587761,0.514375
6959,7219,7.154802242094661,0.5144375
6736,6339,7.15739073847476,0.5145
9379,9238,7.159417770506934,0.5145625
8876,9232,7.160863102291273,0.514625
9234,9220,7.16232253384851,0.5146875
12709,9239,7.162780609852916,0.51475
7034,7309,7.164844748238465,0.5148125
8289,8426,7.165060933897053,0.514875
8749,8807,7.167732467221754,0.5149375
8577,8806,7.169013778296971,0.515
9165,9340,7.169310931374525,0.5150625
8823,9156,7.169841158973895,0.515125
8960,9146,7.170408674234636,0.5151875
11225,8817,7.170507285855592,0.51525
9064,9260,7.172741112943754,0.5153125
8899,9155,7.173363802978201,0.515375
9441,9142,7.174621079509166,0.5154375
9160,9213,7.1750732140467335,0.5155
6488,6335,7.175272918409291,0.5155625
8466,8406,7.176730442538883,0.515625
8152,8364,7.17916168619422,0.5156875
9114,9144,7.179404499056432,0.51575
8867,9192,7.1813390069996785,0.5158125
9159,9178,7.181447218891549,0.515875
8522,8802,7.181505657369257,0.5159375
8188,8409,7.1820602481419655,0.516
9030,9216,7.182189246633129,0.5160625
9135,9211,7.182324014281107,0.516125
6950,7266,7.182929310646955,0.5161875
8007,8226,7.185255747156361,0.51625
8825,9212,7.188114130883491,0.5163125
8349,8413,7.188380354221181,0.516375
9229,9384,7.189235212177209,0.5164375
9082,9312,7.189962913690465,0.5165
8963,9164,7.190003598960061,0.5165625
8894,9147,7.190308476551309,0.516625
7229,7308,7.191332272804857,0.5166875
9053,9245,7.1913950034137315,0.51675
9047,9141,7.19141086212619,0.5168125
8105,8412,7.191551054074694,0.516875
9112,9311,7.192036661537372,0.5169375
9330,9160,7.193847815983872,0.517
9748,9246,7.194221641715899,0.5170625
7145,7206,7.197488026862516,0.517125
10569,7281,7.198423204325081,0.5171875
6125,6329,7.1991336936197285,0.51725
6492,6347,7.200729603114951,0.5173125
8965,9231,7.201738987154954,0.517375
9046,9347,7.201881484704927,0.5174375
9157,9325,7.202165537322458,0.5175
8140,8225,7.2023898252145955,0.5175625
8980,9342,7.202611540664066,0.517625
8880,9145,7.203857959200036,0.5176875
8801,9161,7.2041355949904755,0.51775
6063,6336,7.206751818230259,0.5178125
7186,7269,7.207571431155998,0.517875
8336,8363,7.2089985066011195,0.5179375
9035,9366,7.20917704419503,0.518
8080,8384,7.209716349438395,0.5180625
8411,8813,7.2107794773127125,0.518125
8938,9242,7.212229835850394,0.5181875
8855,9222,7.212848913072776,0.51825
8961,9298,7.21285378394839,0.5183125
8968,9153,7.212928536286199,0.518375
8868,8796,7.214659422014051,0.5184375
9100,9363,7.215489491422886,0.5185
8015,8208,7.2178910695392915,0.5185625
6762,7164,7.2191015738634405,0.518625
8042,8418,7.220719588662746,0.5186875
8905,9196,7.221416550908998,0.51875
8913,9223,7.222186364225308,0.5188125
8730,8410,7.222746149927275,0.518875
6924,7207,7.223820358090961,0.5189375
9167,9323,7.225243300431657,0.519
9025,9343,7.226927761126035,0.5190625
9013,8400,7.228048333503466,0.519125
9542,9149,7.229250627411261,0.5191875
9007,9302,7.230147396215216,0.51925
9072,9387,7.230317526081649,0.5193125
9236,9353,7.231631760931009,0.519375
8249,8387,7.233205954907476,0.5194375
6947,7303,7.234231760147395,0.5195
8560,8804,7.235388556952103,0.5195625
8984,9359,7.238585344329522,0.519625
9138,9304,7.240306771585097,0.5196875
7226,7279,7.2404082730597565,0.51975
8337,8407,7.240621288039051,0.5198125
9254,9348,7.241526413379347,0.519875
8231,8198,7.241812711614216,0.5199375
9161,9326,7.242267116731682,0.52
13272,9169,7.2427236757662286,0.5200625
7990,8209,7.242930320253436,0.520125
8035,8385,7.24761405053323,0.5201875
7865,8196,7.248003276901841,0.52025
8860,9215,7.25078752308923,0.5203125
8433,8408,7.252847218905117,0.520375
7043,7283,7.254270562924603,0.5204375
9080,9252,7.254569609183136,0.5205
9664,9318,7.2552172305149725,0.5205625
7257,7270,7.256060072290325,0.520625
9129,9383,7.256195997648092,0.5206875
9375,9316,7.256270322907312,0.52075
9144,9357,7.25878947626552,0.5208125
9249,9385,7.261220990321135,0.520875
9087,9305,7.261347391135246,0.5209375
12645,9350,7.261771277599792,0.521
9210,9254,7.262623793545686,0.5210625
8132,8373,7.263946863693377,0.521125
8074,8383,7.2642653224327205,0.5211875
9059,9358,7.267244960981316,0.52125
8012,8210,7.268537968954206,0.5213125
9529,9338,7.269749827423652,0.521375
8822,9152,7.270552677238356,0.5214375
9271,9293,7.271437443082846,0.5215
7056,7280,7.272634436312501,0.5215625
8649,8211,7.273365082212877,0.521625
8915,9306,7.27487567253138,0.5216875
9177,9253,7.276373033482855,0.52175
8302,8372,7.2764339016763415,0.5218125
9261,9349,7.27829955408879,0.521875
8195,8377,7.279536419773763,0.5219375
9081,9258,7.279812538650958,0.522
9039,9154,7.27995864640684,0.5220625
9016,9314,7.280019125136732,0.522125
9108,9324,7.280246003282514,0.5221875
6047,6337,7.281282095448546,0.52225
13584,9225,7.282089628120275,0.5223125
9218,9303,7.2824499232660855,0.522375
8682,8805,7.283478414310025,0.5224375
9132,9317,7.284212817557318,0.5225
9364,9295,7.285851528520425,0.5225625
8157,8401,7.288598638256303,0.522625
9146,9386,7.288715813091812,0.5226875
8399,8403,7.290454725916334,0.52275
6805,7163,7.290741732152696,0.5228125
8897,9296,7.292675576080342,0.522875
7196,7307,7.29322002897743,0.5229375
7120,7282,7.293281496925829,0.523
8872,9167,7.2963133016285155,0.5230625
7095,7284,7.2969237631124315,0.523125
10390,9319,7.2989818494068,0.5231875
8707,8375,7.301751344555555,0.52325
8068,8195,7.301790015928759,0.5233125
8994,9168,7.302385386792139,0.523375
7168,7304,7.3028190933059705,0.5234375
9205,9224,7.304986896986975,0.5235
9105,9344,7.305347384691004,0.5235625
9293,9382,7.308746661791588,0.523625
8932,9227,7.310442010783618,0.5236875
9554,9210,7.31053374564749,0.52375
8253,8411,7.312020301799521,0.5238125
8998,9158,7.314572373958754,0.523875
8014,8197,7.316857387577102,0.5239375
9193,9327,7.317858455984037,0.524
9038,9250,7.320320056381547,0.5240625
9101,9148,7.320501346032302,0.524125
8694,8803,7.320566704203543,0.5241875
9228,9330,7.322363634678709,0.52425
9020,9240,7.322632036655477,0.5243125
8885,9197,7.325101926431898,0.524375
7915,8379,7.327311678323895,0.5244375
9137,9388,7.327835019401277,0.5245
9226,9226,7.332312897878182,0.5245625
5915,6338,7.332969462756864,0.524625
9021,9294,7.334893673797296,0.5246875
9246,9301,7.336618324680103,0.52475
8028,8369,7.336970498524124,0.5248125
7859,8199,7.3371556380390075,0.524875
8970,9300,7.338152445366745,0.5249375
9196,9329,7.340941370464634,0.525
8242,8368,7.341412650063148,0.5250625
9239,9328,7.343986832241399,0.525125
9399,9297,7.346078278476966,0.5251875
8895,9150,7.3477672777297585,0.52525
8836,9157,7.349515864345449,0.5253125
8139,8376,7.349733439812553,0.525375
9131,9251,7.352451312110588,0.5254375
8303,8414,7.354346042772136,0.5255
8122,8365,7.354644695889306,0.5255625
9219,9331,7.3577171386536975,0.525625
7948,8191,7.358169111328266,0.5256875
9287,9354,7.3585855979524695,0.52575
9011,9356,7.358758380874519,0.5258125
8038,8366,7.359938330341379,0.525875
7944,8224,7.361496886382838,0.5259375
9075,9204,7.363150116105658,0.526
9394,9159,7.367110842528632,0.5260625
8165,8367,7.369247692851786,0.526125
8373,8404,7.370753243294075,0.5261875
7467,7305,7.370779069129867,0.52625
9069,9256,7.371230806685617,0.5263125
7901,8213,7.373932318870061,0.526375
7929,8207,7.375298137075333,0.5264375
8861,9299,7.377389539427668,0.5265
7956,8223,7.377467464713163,0.5265625
9400,9367,7.384844765339039,0.526625
8224,8415,7.388033373264307,0.5266875
8933,9255,7.389430802133347,0.52675
8501,8381,7.390893622190902,0.5268125
8093,8371,7.39092097939124,0.526875
8290,8374,7.391795940515294,0.5269375
7950,8194,7.393008623137916,0.527
9189,9229,7.394342290858049,0.5270625
7151,7165,7.39547879539316,0.527125
7094,7276,7.3957649977555775,0.5271875
8111,8370,7.3975784475246655,0.52725
7306,7306,7.397885763790214,0.5273125
9279,9198,7.398195454265988,0.527375
7050,7310,7.398296242470792,0.5274375
8275,8402,7.399506963476028,0.5275
8282,8214,7.399644702697628,0.5275625
9371,9380,7.402907771782338,0.527625
8211,8417,7.403526973180988,0.5276875
8942,9199,7.4064740342863615,0.52775
8929,9228,7.411428210445479,0.5278125
8235,8200,7.413917725215015,0.527875
8407,8380,7.415188027348222,0.5279375
10627,9381,7.4279205236516646,0.528
8774,9166,7.431600947577408,0.5280625
8972,9203,7.431960502801758,0.528125
9136,9355,7.433921580753122,0.5281875
7806,8193,7.435994687034736,0.52825
8887,9165,7.436213106963805,0.5283125
8101,8202,7.440188020536652,0.528375
7019,7273,7.4412179116681045,0.5284375
8147,8382,7.4439689460728005,0.5285
8428,8405,7.44407908343976,0.5285625
8777,9201,7.444173666798633,0.528625
8009,8212,7.450970609574256,0.5286875
7225,7278,7.45215221154217,0.52875
6952,7274,7.453515143132563,0.5288125
8177,8192,7.458776156133808,0.528875
9215,9315,7.4629536299230494,0.5289375
8327,8378,7.465856240821381,0.529
8206,8416,7.466725413278482,0.5290625
6974,7271,7.471052174665147,0.529125
9153,9202,7.476153778413277,0.5291875
8812,9230,7.478106427044281,0.52925
9052,9389,7.491462906929655,0.5293125
7180,7311,7.494093074716147,0.529375
9233,9200,7.494867445149907,0.5294375
7208,7272,7.496281548054981,0.5295
7288,7277,7.5017691052592,0.5295625
9250,9390,7.514200095444494,0.529625
9051,9151,7.515170154971997,0.5296875
8003,8206,7.515988299012633,0.52975
6863,7275,7.52523543536995,0.5298125
9049,9337,7.5270880238801965,0.529875
9034,9371,7.529972315733289,0.5299375
9102,9336,7.530283589906844,0.53
8979,9332,7.53256628866518,0.5300625
10011,9208,7.535494150979844,0.530125
8937,9205,7.535949560787685,0.5301875
7989,8205,7.536889307737283,0.53025
9365,9379,7.541066831879675,0.5303125
9117,9368,7.543599247275097,0.530375
7872,8190,7.544393133054086,0.5304375
9128,9333,7.547953902422137,0.5305
9090,9335,7.548349694652416,0.5305625
7060,7312,7.550976616168896,0.530625
9056,9378,7.551365201553722,0.5306875
8020,8215,7.554864297048539,0.53075
9266,9209,7.560813637681804,0.5308125
10778,9372,7.563082221262221,0.530875
7892,8220,7.563522452511393,0.5309375
9476,9334,7.591813358917875,0.531
7981,8203,7.592266368612627,0.5310625
8108,8201,7.594758039424619,0.531125
9283,9398,7.620323401053611,0.5311875
9381,9544,7.62254604683028,0.53125
9206,9369,7.627130702801992,0.5313125
8179,8222,7.636578047892499,0.531375
7893,8219,7.638795709017813,0.5314375
8328,8218,7.639713156184712,0.5315
7914,8204,7.64711858775479,0.5315625
9691,9377,7.648530829808919,0.531625
8911,9207,7.670167043287506,0.5316875
9003,9391,7.67503653750839,0.53175
8000,8221,7.678133816654054,0.5318125
9503,9543,7.690056116128744,0.531875
7065,7313,7.693630285087465,0.5319375
8098,8189,7.697540541472222,0.532
9058,9370,7.697651518857697,0.5320625
9001,9206,7.703579593309769,0.532125
9264,9399,7.708915605044581,0.5321875
6906,7317,7.713422176124254,0.53225
9150,9373,7.7140888510409695,0.5323125
9368,9393,7.723870557448322,0.532375
9212,9542,7.724227015061729,0.5324375
9197,9376,7.729104964773228,0.5325
9162,9400,7.733571672987409,0.5325625
9328,9375,7.735418403154085,0.532625
9207,9397,7.742708771774687,0.5326875
8029,8188,7.743985617641783,0.53275
7501,7314,7.745461699389011,0.5328125
9295,9555,7.747739819140634,0.532875
7891,8217,7.747803161496904,0.5329375
7850,8216,7.754719020581888,0.533
9118,9392,7.76830121807609,0.5330625
7174,7331,7.769724621550154,0.533125
9346,9545,7.770701800485199,0.5331875
8293,8182,7.774935497705542,0.53325
7267,7316,7.789893606168562,0.5333125
9202,9561,7.790076517862531,0.533375
9211,9395,7.7910021653015065,0.5334375
9188,9374,7.793641584706961,0.5335
7085,7318,7.80195009725287,0.5335625
9422,9546,7.8057096844428315,0.533625
9119,9394,7.81263715918476,0.5336875
9459,9396,7.815956928417222,0.53375
9347,9552,7.817814677243632,0.5338125
9339,9562,7.821320550555356,0.533875
9240,9401,7.828989805413585,0.5339375
7084,7315,7.829432671867721,0.534
8163,8183,7.83367004018487,0.5340625
8203,8181,7.840105348268821,0.534125
8154,8184,7.84227226157725,0.5341875
6938,7333,7.851961120897954,0.53425
7925,8178,7.864945908215645,0.5343125
6937,7330,7.868408560580747,0.534375
9586,9563,7.881314388392298,0.5344375
7157,7328,7.88302684185112,0.5345
9384,9549,7.89620123482382,0.5345625
6953,7319,7.897912851013302,0.534625
9372,9485,7.899208658823113,0.5346875
7224,7332,7.9003027000827615,0.53475
13595,9559,7.9019261962527025,0.5348125
9401,9541,7.902669246388314,0.534875
9367,9553,7.902714375325786,0.5349375
7877,8179,7.903856965357022,0.535
9301,9556,7.910673177842796,0.5350625
7764,8186,7.915507210857868,0.535125
7979,8185,7.9178506396630155,0.5351875
7004,7320,7.921596098787063,0.53525
7394,7329,7.929699025788636,0.5353125
9413,9557,7.929733361516924,0.535375
9402,9403,7.932532897282044,0.5354375
9225,9554,7.93522600765607,0.5355
9155,9558,7.938401815044244,0.5355625
7199,7321,7.957478370844683,0.535625
9361,9550,7.9600387473464025,0.5356875
8036,8187,7.961137086174631,0.53575
9125,9402,7.968199764545602,0.5358125
9258,9404,7.970356144113339,0.535875
7941,8180,7.971784446572883,0.5359375
7594,7322,7.974285246025033,0.536
8072,8177,7.9746249638843665,0.5360625
14454,9551,7.9749119119329634,0.536125
9601,8176,7.976356520519857,0.5361875
9284,9405,7.979461917063645,0.53625
9216,9408,7.981761110970297,0.5363125
9275,9489,7.985617685610578,0.536375
10068,9692,7.9864636312127,0.5364375
9382,9564,7.997965213879979,0.5365
9644,9538,7.998063554965938,0.5365625
9270,9522,8.004441100438385,0.536625
9502,9486,8.00794179441391,0.5366875
9300,9511,8.008123665645485,0.53675
9230,9452,8.015994430356045,0.5368125
7040,7334,8.016129310552856,0.536875
9109,9533,8.019156257484497,0.5369375
11781,9503,8.025083263857937,0.537
9336,9523,8.025083762179293,0.5370625
7122,7335,8.02635890490808,0.537125
9376,9681,8.029615690887795,0.5371875
9566,9548,8.030357931747744,0.53725
12416,9539,8.033235095985901,0.5373125
11048,9406,8.033564552849953,0.537375
9324,9534,8.034208866300105,0.5374375
9412,9426,8.03707548635714,0.5375
9438,9694,8.039364288651086,0.5375625
9220,9535,8.039747818358364,0.537625
9297,9519,8.040537584063713,0.5376875
9298,9560,8.041228608094684,0.53775
9350,9547,8.041828294473248,0.5378125
9395,9693,8.044586791821075,0.537875
9577,9460,8.047216792474956,0.5379375
7127,7338,8.050394004789155,0.538
9289,9450,8.05066758043506,0.5380625
9421,9487,8.05622059851703,0.538125
14118,9518,8.064389972567028,0.5381875
9066,9484,8.068735097961053,0.53825
9169,9493,8.071858356155644,0.5383125
9428,9512,8.07195977515289,0.538375
9390,9520,8.073113164315714,0.5384375
9238,9502,8.076366834134433,0.5385
9272,9467,8.078138053367866,0.5385625
9255,9407,8.07947732156424,0.538625
9437,9691,8.085863037366721,0.5386875
10479,9526,8.086093512409207,0.53875
9265,9462,8.095033673719286,0.5388125
9120,9459,8.095964870033413,0.538875
9050,9416,8.096526938175202,0.5389375
9464,9453,8.098246057187794,0.539
9595,9451,8.098614891331522,0.5390625
9683,9690,8.108502974216435,0.539125
9288,9428,8.112605928022845,0.5391875
9309,9435,8.118087947126014,0.53925
9632,9510,8.122256880217833,0.5393125
9107,9436,8.124047392878538,0.539375
9091,9424,8.124937400178169,0.5394375
9004,9458,8.125481849833704,0.5395
9497,9434,8.125675970701536,0.5395625
9321,9509,8.126504507100208,0.539625
9060,9417,8.128822958741921,0.5396875
13531,9425,8.130916030028857,0.53975
9432,9695,8.131337715425616,0.5398125
9359,9445,8.131543005216031,0.539875
9485,9528,8.13313621897646,0.5399375
9185,9532,8.133145763265247,0.54
9180,9469,8.135908437651665,0.5400625
9170,9517,8.13788511046073,0.540125
9267,9506,8.138077944215752,0.5401875
9752,9492,8.143754065501525,0.54025
9344,9527,8.14417740173451,0.5403125
9865,9540,8.146787428218659,0.540375
6989,7327,8.14751854170106,0.5404375
9097,9470,8.148520304974909,0.5405
8186,8174,8.149033326984522,0.5405625
6932,7323,8.149388897062977,0.540625
9405,9415,8.151405116761111,0.5406875
9141,9463,8.152632306929831,0.54075
9878,9461,8.15407264862722,0.5408125
9471,9529,8.156099733511155,0.540875
9179,9468,8.165174241976842,0.5409375
9420,9521,8.167954735592843,0.541
9335,9501,8.175575300623223,0.5410625
9681,9565,8.176910869525841,0.541125
9425,9697,8.177302256573398,0.5411875
9061,9504,8.180387942867924,0.54125
9096,9483,8.180588668183987,0.5413125
9198,9488,8.182954079541332,0.541375
9356,9524,8.18736856740361,0.5414375
7066,7336,8.192801228538087,0.5415
9195,9505,8.192880312314173,0.5415625
9513,9566,8.195590815617152,0.541625
9083,9495,8.196619891763135,0.5416875
9171,9508,8.196765518422353,0.54175
7027,7324,8.197718341165,0.5418125
9410,9494,8.200853658316419,0.541875
9442,9530,8.204094887163365,0.5419375
7289,7337,8.204440346302022,0.542
9094,9456,8.205672416445054,0.5420625
9602,9679,8.206901172417702,0.542125
9636,9682,8.207427429784616,0.5421875
8137,8173,8.210107916975517,0.54225
9241,9537,8.211270726597718,0.5423125
9142,9410,8.212597486755726,0.542375
9106,9409,8.215024441238256,0.5424375
9235,9414,8.215817868319277,0.5425
9274,9698,8.218157230470638,0.5425625
9199,9411,8.21911787917145,0.542625
9317,9491,8.21941376400514,0.5426875
9639,9418,8.221873195582134,0.54275
7041,7339,8.225225596910377,0.5428125
9154,9457,8.226231949979592,0.542875
9147,9427,8.227186456745244,0.5429375
9294,9423,8.2295337089854,0.543
9353,9678,8.231047604300898,0.5430625
8048,8172,8.231048809861022,0.543125
9318,9525,8.23110513534175,0.5431875
7842,8170,8.232416520315837,0.54325
9201,9490,8.23267431614056,0.5433125
9449,9536,8.235615538901811,0.543375
9439,9677,8.237765821246285,0.5434375
9700,9507,8.239287607518577,0.5435
9784,9497,8.24472875955621,0.5435625
9237,9454,8.24642293374552,0.543625
7005,7326,8.249736826634717,0.5436875
9251,9513,8.25643140330942,0.54375
9477,9700,8.256651975262116,0.5438125
9334,9699,8.25723870398042,0.543875
7236,7341,8.258931324753462,0.5439375
9280,9471,8.262263377073964,0.544
7263,7340,8.262372745812058,0.5440625
13519,9466,8.26323339425494,0.544125
9386,9433,8.26496770270819,0.5441875
9466,9689,8.265688536070456,0.54425
9095,9464,8.267723826463111,0.5443125
9093,9412,8.26865683584083,0.544375
9194,9449,8.268770868088723,0.5444375
9332,9516,8.269757092131954,0.5445
9406,9496,8.271719842284256,0.5445625
12614,9499,8.27521142109697,0.544625
9231,9514,8.276166015563263,0.5446875
7921,8175,8.276356520519812,0.54475
9306,9419,8.282860169966852,0.5448125
9338,9472,8.284530360762574,0.544875
9445,9455,8.286390055389802,0.5449375
9726,9680,8.287814514633737,0.545
9304,9437,8.290026782241284,0.5450625
6960,7325,8.29032161302257,0.545125
9431,9702,8.293345619320007,0.5451875
10293,9531,8.293702961876306,0.54525
7098,7347,8.298090529936417,0.5453125
9455,9446,8.300715631224762,0.545375
8006,8169,8.305700550146867,0.5454375
9204,9429,8.30687320459947,0.5455
9314,9447,8.311245829714494,0.5455625
9829,9676,8.311334438359495,0.545625
7175,7346,8.314243772706732,0.5456875
9904,9686,8.317935716218244,0.54575
9630,9684,8.325603373115655,0.5458125
10815,9473,8.32662869599983,0.545875
7808,8150,8.328899468252985,0.5459375
9687,9675,8.33033203691366,0.546
9463,9515,8.33067833241796,0.5460625
9303,9444,8.332051878693164,0.546125
9571,9568,8.332081412864909,0.5461875
9535,9500,8.333426245639203,0.54625
11090,9432,8.334012977772773,0.5463125
9415,9696,8.334733081611944,0.546375
7233,7344,8.339920918128655,0.5464375
9563,9683,8.34099208992302,0.5465
9164,9430,8.34192416728456,0.5465625
9403,9567,8.346566750343868,0.546625
9163,9413,8.34778117286021,0.5466875
7869,8147,8.348756724758687,0.54675
8266,8152,8.352966764300163,0.5468125
7840,8151,8.358691242809414,0.546875
9214,9420,8.359420802575414,0.5469375
9795,9674,8.361285856244876,0.547
7884,8157,8.364187741632463,0.5470625
7622,7345,8.366676758596554,0.547125
7983,8144,8.373686560572537,0.5471875
9355,9422,8.375982848086096,0.54725
7124,7343,8.37929240148776,0.5473125
7984,8146,8.380206101384601,0.547375
9489,9701,8.38354523274586,0.5474375
7910,8149,8.387119341936568,0.5475
7889,8148,8.38826721011435,0.5475625
9494,9685,8.390072833433237,0.547625
8136,8167,8.39025055965135,0.5476875
9291,9477,8.393790142657735,0.54775
9767,9672,8.396123435126242,0.5478125
8076,8171,8.396162288164305,0.547875
9426,9465,8.397532895455925,0.5479375
7309,7342,8.399557522722489,0.548
9398,9438,8.400901835808668,0.5480625
9480,9703,8.402189470081225,0.548125
9168,9448,8.408624929259986,0.5481875
9068,9476,8.413503618593495,0.54825
7814,8145,8.414069965606245,0.5483125
7928,8160,8.42265034798936,0.548375
9794,9572,8.424590203297043,0.5484375
7126,7362,8.428608308935736,0.5485
9660,9688,8.432580590444331,0.5485625
9362,9439,8.44272951726839,0.548625
9023,9421,8.445753255148588,0.5486875
9373,9482,8.446455222790632,0.54875
9407,9570,8.451893107252658,0.5488125
13290,9475,8.45618200175727,0.548875
9374,9498,8.458973490375683,0.5489375
9243,9571,8.45991353949944,0.549
9323,9687,8.460319949422342,0.5490625
9232,9481,8.468689854418699,0.549125
9223,9431,8.469087247576226,0.5491875
7000,7354,8.470980156019095,0.54925
7991,8153,8.474616098091133,0.5493125
10763,8138,8.475029038905404,0.549375
11570,8133,8.48020722455692,0.5494375
9596,9673,8.48062461863185,0.5495
9305,9474,8.485998427728987,0.5495625
7042,7356,8.486577495983965,0.549625
7486,7363,8.488118762084923,0.5496875
9561,9440,8.488680275439378,0.54975
7935,8165,8.489130261929859,0.5498125
9360,9480,8.489198440089808,0.549875
9592,9573,8.4903045895079,0.5499375
7268,7348,8.490396428199574,0.55
8083,8159,8.49417673904884,0.5500625
7205,7349,8.496770726573345,0.550125
7162,7361,8.499018046077367,0.5501875
7035,7353,8.505947049635779,0.55025
7277,7355,8.50932366209031,0.5503125
9380,9478,8.511486147312212,0.550375
9079,9441,8.513871188594862,0.5504375
9446,9574,8.514525066691249,0.5505
7972,8156,8.514776850336261,0.5505625
7902,8158,8.516309377472567,0.550625
7788,8134,8.5184808684362,0.5506875
9460,9569,8.51938591406963,0.55075
7774,8163,8.52125002441619,0.5508125
7994,8164,8.525952226677305,0.550875
9393,9670,8.526394916176741,0.5509375
9349,9669,8.53040205673392,0.551
9352,9671,8.532525845886084,0.5510625
8519,8139,8.539952175344183,0.551125
7079,7350,8.540710511847806,0.5511875
9962,9704,8.540967348351046,0.55125
7115,7357,8.547585227008312,0.5513125
8450,8162,8.55178421410153,0.551375
8202,8166,8.567261400221696,0.5514375
7240,7358,8.570412310662505,0.5515
7592,7351,8.573960285394264,0.5515625
8004,8127,8.574223528461971,0.551625
9312,9581,8.577722128603227,0.5516875
9665,9706,8.579458125846713,0.55175
7906,8154,8.584562221861233,0.5518125
7852,8140,8.585135350019755,0.551875
7903,7352,8.588653429416695,0.5519375
7940,8168,8.592269434908758,0.552
9331,9443,8.595486903471965,0.5520625
7813,8143,8.596341901002006,0.552125
9327,9442,8.600099573224497,0.5521875
9385,9705,8.602851998650976,0.55225
7456,7696,8.604967377228945,0.5523125
9462,9582,8.612026465781923,0.552375
7905,8128,8.612573447447176,0.5524375
9934,9707,8.61896212321551,0.5525
7875,8161,8.619514142659227,0.5525625
7209,7359,8.619653887790832,0.552625
7020,7360,8.635898309799245,0.5526875
7864,8155,8.644850714621043,0.55275
7011,7364,8.646295920921034,0.5528125
9140,9479,8.64827904507581,0.552875
9443,9583,8.655533679490986,0.5529375
7432,7410,8.667267731780385,0.553
9224,9575,8.684786195058564,0.5530625
7719,7365,8.684978794029234,0.553125
7795,8141,8.689402198948073,0.5531875
9608,9584,8.7018242483839,0.55325
7714,8126,8.706508143068731,0.5533125
8055,8135,8.722025379164506,0.553375
7837,8137,8.723908402618349,0.5534375
9351,9577,8.723915024080156,0.5535
9244,9576,8.727365198572556,0.5535625
8685,8142,8.731191778035054,0.553625
7951,8125,8.732858884930238,0.5536875
6943,7372,8.733737940046922,0.55375
7468,7697,8.73483070370878,0.5538125
11293,7369,8.736125648111965,0.553875
7237,7412,8.736238530206492,0.5539375
7165,7367,8.738020688651204,0.554
7440,7694,8.738625329434512,0.5540625
7858,8132,8.743708933237713,0.554125
7061,7413,8.751323917489572,0.5541875
7272,7366,8.752022121834898,0.55425
7029,7415,8.755569553621285,0.5543125
7709,7841,8.756294079716895,0.554375
7310,7411,8.757911297004853,0.5544375
9578,9578,8.759984962682552,0.5545
7908,8119,8.760849575098405,0.5545625
8176,8136,8.762460618640148,0.554625
9475,9585,8.764612494665812,0.5546875
7943,8123,8.768489839102244,0.55475
9247,9586,8.771173293847028,0.5548125
8219,8122,8.771435092816091,0.554875
8981,8124,8.773638658003279,0.5549375
9546,9587,8.77708665042303,0.555
9488,9709,8.778317312300032,0.5550625
7597,7840,8.78480048335814,0.555125
7246,7486,8.784946309177144,0.5551875
7895,8117,8.78794403297411,0.55525
9433,9668,8.789559916971825,0.5553125
8129,8118,8.792876610942926,0.555375
8005,8129,8.800416732614963,0.5554375
9765,9710,8.80109201644666,0.5555
7839,8130,8.812746204045993,0.5555625
9408,9708,8.813439964352483,0.555625
7193,7371,8.814570745357287,0.5556875
7636,7385,8.81722798420708,0.55575
7800,7824,8.81912633523848,0.5558125
9524,9723,8.82031978990301,0.555875
9613,9580,8.824779114254625,0.5559375
10212,9731,8.82489226932148,0.556
8614,8116,8.827114582969557,0.5560625
9456,9591,8.82951251538509,0.556125
8097,8131,8.831886970174196,0.5561875
9409,9711,8.836930411378376,0.55625
7188,7370,8.837308838728745,0.5563125
9816,9724,8.840271541045581,0.556375
9174,9597,8.848736825315314,0.5564375
7190,7368,8.849793161386856,0.5565
9526,9579,8.858730498427803,0.5565625
7488,7825,8.859212723499695,0.556625
9302,9663,8.859588257926589,0.5566875
7134,7414,8.860616635980364,0.55675
9913,9721,8.862838368773737,0.5568125
9333,9667,8.864122423290837,0.556875
9575,9590,8.865068982893376,0.5569375
7388,7698,8.866856821529609,0.557
9520,9722,8.867619354111412,0.5570625
7285,7386,8.867694739333388,0.557125
7107,7373,8.873530455929085,0.5571875
8116,8121,8.874788051442465,0.55725
7632,7834,8.878286451857548,0.5573125
7668,7849,8.88165673540368,0.557375
7265,7695,8.882913490646843,0.5574375
9424,9607,8.888132779434045,0.5575
9845,9729,8.892168628912827,0.5575625
7730,7823,8.893475986922908,0.557625
7452,7485,8.896368154989887,0.5576875
9474,9594,8.898994172390076,0.55775
7755,7416,8.90014169420283,0.5578125
8130,8120,8.901084796395821,0.557875
7882,7822,8.90395831719104,0.5579375
9370,9732,8.904825502119593,0.558
9369,9717,8.905001152493355,0.5580625
9245,9593,8.90531780752417,0.558125
7496,7838,8.910635390501625,0.5581875
9478,9588,8.912516526706668,0.55825
9416,9726,8.913371826284447,0.5583125
9618,9718,8.916579302700143,0.558375
7369,7701,8.917023185603512,0.5584375
9296,9665,8.921248057322828,0.5585
12218,9715,8.921554147460824,0.5585625
7920,8076,8.925013907272273,0.558625
9629,9595,8.925355398988245,0.5586875
7262,7487,8.926524441995753,0.55875
9322,9596,8.928011508536201,0.5588125
7245,7407,8.929154897621402,0.558875
7560,7842,8.929842509090463,0.5589375
7520,7702,8.936010504582669,0.559
7057,7409,8.936885599080028,0.5590625
7416,7374,8.940883884622508,0.559125
9500,9719,8.943755855570998,0.5591875
7479,7848,8.943863884849634,0.55925
7380,7408,8.944144476901442,0.5593125
7691,7821,8.945249971558724,0.559375
9666,9728,8.947011847977478,0.5594375
7389,7699,8.94771691804408,0.5595
7785,7693,8.953678559503828,0.5595625
7203,7378,8.954242709016285,0.559625
7273,7406,8.955682552901408,0.5596875
7561,7820,8.956715148447984,0.55975
9486,9658,8.957361417966808,0.5598125
9988,9720,8.95902274981097,0.559875
6954,7383,8.959513156730736,0.5599375
7533,7843,8.959816432616321,0.56
7414,7700,8.961378931453282,0.5600625
9481,9712,8.970357445934951,0.560125
7494,7467,8.973907389610986,0.5601875
9423,9716,8.976550025129882,0.56025
9501,9725,8.977461037047533,0.5603125
9593,9713,8.978892782771482,0.560375
7564,7692,8.979411713892205,0.5604375
7215,7384,8.980532067294575,0.5605
7531,7691,8.983026412429354,0.5605625
7942,7836,8.986718117527516,0.560625
9556,9589,8.990884894381793,0.5606875
7655,7833,8.992503068504675,0.56075
7569,7710,8.997779262215772,0.5608125
9389,9714,8.998302405793993,0.560875
7218,7464,9.001637233502265,0.5609375
9337,9730,9.006241207492053,0.561
7149,7468,9.007101690293894,0.5610625
7838,7835,9.011814211301612,0.561125
7185,7397,9.013460644867564,0.5611875
9504,9600,9.014454918619776,0.56125
7247,7489,9.01453456044203,0.5613125
7387,7488,9.014962815049103,0.561375
7532,7826,9.015338923613626,0.5614375
8274,8075,9.018907183975102,0.5615
7513,7845,9.020195436699623,0.5615625
7663,7390,9.020360866078363,0.561625
9646,9664,9.023215680269004,0.5616875
7828,7844,9.023948184353685,0.56175
9522,9592,9.024610807727072,0.5618125
6970,7375,9.02511542909292,0.561875
7784,8115,9.025424165176446,0.5619375
7436,7689,9.028793038855497,0.562
7654,7839,9.030819124187929,0.5620625
9533,9598,9.033113991791879,0.562125
7605,7827,9.03347744853204,0.5621875
9567,9599,9.034447378013624,0.56225
9551,9659,9.03580503140688,0.5623125
7817,7817,9.036650571144492,0.562375
7824,7837,9.037926662479663,0.5624375
9281,9605,9.039076229902435,0.5625
9654,9657,9.044528780994256,0.5625625
7182,7465,9.045961422345272,0.562625
9492,9601,9.04603722162335,0.5626875
8051,8074,9.046060321375194,0.56275
7138,7389,9.047878377419579,0.5628125
7478,7690,9.050725199710996,0.562875
7441,7808,9.052626866525543,0.5629375
7971,7850,9.053370804495671,0.563
8240,7819,9.053820434742192,0.5630625
7687,7818,9.0574875004545,0.563125
7606,7466,9.058336665147067,0.5631875
7016,7376,9.06366426888917,0.56325
7189,7382,9.071750573840518,0.5633125
7607,7812,9.075055022050151,0.563375
9383,9662,9.076039712931902,0.5634375
10907,7484,9.076449589189906,0.5635
7197,7417,9.077120822892425,0.5635625
7176,7490,9.078271766889202,0.563625
7086,7402,9.080897470767127,0.5636875
7849,8083,9.082837210656749,0.56375
9308,9727,9.084774958201592,0.5638125
9259,9604,9.08955764571374,0.563875
7090,7388,9.089870331957513,0.5639375
7731,7704,9.089979063486794,0.564
8102,8112,9.09240582088853,0.5640625
13133,9603,9.09411496640746,0.564125
7377,7377,9.095041154251817,0.5641875
7339,7401,9.097679584932507,0.56425
9620,9736,9.098768125010338,0.5643125
9532,9733,9.099685031449326,0.564375
9340,9608,9.100264025095953,0.5644375
7096,7387,9.100535800803414,0.5645
9910,9656,9.101313739893612,0.5645625
7648,7809,9.10258472116982,0.564625
9417,9735,9.103583356818149,0.5646875
9418,9606,9.104078837474162,0.56475
8067,8077,9.107058091204749,0.5648125
7676,7703,9.10827234172666,0.564875
7373,7711,9.108756808569751,0.5649375
7335,7418,9.111027541053431,0.565
9505,9666,9.114924565053684,0.5650625
9483,9734,9.117974189186953,0.565125
7759,8078,9.118215161379112,0.5651875
7044,7405,9.118687144436649,0.56525
10606,7856,9.119043991755348,0.5653125
7259,7491,9.120701523957905,0.565375
7868,7847,9.121565914240819,0.5654375
8053,7811,9.124730799003714,0.5655
7669,7853,9.12620265471071,0.5655625
7139,7391,9.12648179690973,0.565625
9396,9609,9.126697632979017,0.5656875
7447,7707,9.128351458111524,0.56575
7643,7806,9.129532003479653,0.5658125
7672,7851,9.130263412665045,0.565875
7831,8085,9.130400775225667,0.5659375
11907,7709,9.131040038914534,0.566
10982,8089,9.140494488034392,0.5660625
10950,7430,9.146029787248608,0.566125
9856,7429,9.14877494496261,0.5661875
7909,8079,9.149618566156732,0.56625
9348,9602,9.150004985277292,0.5663125
7194,7380,9.152412270804916,0.566375
8106,8082,9.153083578271435,0.5664375
11913,7399,9.154017951704986,0.5665
7064,7379,9.154413754481652,0.5665625
7804,7858,9.156375371293848,0.566625
7647,7714,9.158628864384127,0.5666875
7304,7492,9.159897432287949,0.56675
7108,7404,9.16160295327029,0.5668125
7860,7852,9.1616650582813,0.566875
7727,8080,9.162746253004116,0.5669375
7181,7463,9.163112398669796,0.567
7629,7855,9.163561228034723,0.5670625
7587,7807,9.164366114550035,0.567125
8150,8108,9.167484891280083,0.5671875
7570,7846,9.169478787636535,0.56725
7330,7462,9.169727106897426,0.5673125
8063,8073,9.16974499362152,0.567375
7958,7810,9.169772816700515,0.5674375
7283,7392,9.169839536395443,0.5675
7559,7814,9.170231884413624,0.5675625
7303,7688,9.171051615425881,0.567625
7227,7398,9.173172872179293,0.5676875
7603,7832,9.17675761754424,0.56775
9404,9740,9.178668261790676,0.5678125
7022,7396,9.179838322059368,0.567875
8135,7854,9.180155894445079,0.5679375
9552,9660,9.181644979502607,0.568
7724,7857,9.188041448683066,0.5680625
10044,9633,9.191107528067391,0.568125
8222,8109,9.193496407493058,0.5681875
9623,9742,9.193915380115072,0.56825
9710,9743,9.194094893872261,0.5683125
9073,7805,9.194708035356825,0.568375
8201,8059,9.197486284582283,0.5684375
9493,9632,9.199186692319245,0.5685
7631,7813,9.200485954191663,0.5685625
9451,9661,9.202367429375158,0.568625
7249,7687,9.205567140611493,0.5686875
7372,7426,9.205776527766034,0.56875
7917,8114,9.20639591915949,0.5688125
7912,8111,9.20721504753044,0.568875
9640,9741,9.20849784492043,0.5689375
7836,8087,9.209876554104426,0.569
7706,7706,9.210246013483584,0.5690625
9506,9737,9.212145956435279,0.569125
7355,7469,9.21302486059676,0.5691875
7704,7831,9.214057177979385,0.56925
9391,9631,9.221478502244963,0.5693125
7316,7473,9.223698275540642,0.569375
7927,8084,9.224461939117191,0.5694375
7252,7493,9.224943021994363,0.5695
7618,7828,9.226914637257892,0.5695625
7198,7474,9.229175607862544,0.569625
7195,7403,9.229222468473267,0.5696875
11158,7483,9.231329813383809,0.56975
7349,7723,9.231760763415991,0.5698125
8185,7829,9.23247165396208,0.569875
7431,7765,9.234627581671248,0.5699375
7659,7764,9.236775600766919,0.57
9650,9651,9.240715321604853,0.5700625
8026,8110,9.244063726257309,0.570125
7318,7425,9.246723002642852,0.5701875
7391,7427,9.25079079754903,0.57025
9508,9738,9.252375492081683,0.5703125
7557,7517,9.252866697744707,0.570375
9329,9739,9.25355140802003,0.5704375
8017,7804,9.25511643932282,0.5705
7116,7476,9.25561950681913,0.5705625
9507,9610,9.257224321738931,0.570625
7855,8104,9.257490329330949,0.5706875
7230,7419,9.260827503741666,0.57075
7765,8072,9.261458114601737,0.5708125
7816,7431,9.261999764578036,0.570875
8216,7708,9.265419624545416,0.5709375
7400,7479,9.266260687192357,0.571
7374,7424,9.267633666349298,0.5710625
12918,9750,9.268805233075568,0.571125
7947,8103,9.27156815602109,0.5711875
8089,8058,9.272032585659872,0.57125
7143,7393,9.273832996032183,0.5713125
7617,7725,9.274800105294844,0.571375
7364,7724,9.275125569043894,0.5714375
7274,7475,9.27514437828438,0.5715
8070,8090,9.277200141666526,0.5715625
9277,9634,9.277647066084228,0.571625
7641,7685,9.27775914608128,0.5716875
7503,7766,9.279069511960984,0.57175
11093,7726,9.281588198131885,0.5718125
7658,7803,9.28209777352265,0.571875
7939,8081,9.283628569108828,0.5719375
7216,7395,9.283744594201153,0.572
7295,7400,9.284465321365587,0.5720625
8084,8060,9.285395618164443,0.572125
9971,8107,9.286043820682607,0.5721875
9764,10050,9.286075776966072,0.57225
9877,9624,9.286226941339123,0.5723125
9619,9654,9.286429879273442,0.572375
7924,8086,9.287093431356766,0.5724375
7525,7816,9.28868060020261,0.5725
11548,7432,9.288728316216293,0.5725625
7540,7705,9.290333034735,0.572625
7591,7936,9.29042785936258,0.5726875
7596,7686,9.291829901512529,0.57275
7770,7898,9.291916387546848,0.5728125
9743,10038,9.292741730184844,0.572875
7689,7815,9.29623051686815,0.5729375
7070,7421,9.297913664336534,0.573
7747,7715,9.299463899915054,0.5730625
10061,7679,9.300226995569687,0.573125
7834,7381,9.30143349176251,0.5731875
7331,7515,9.301541190233706,0.57325
9693,9653,9.302481449844208,0.5733125
7978,8113,9.302878624404002,0.573375
7756,7516,9.302974600802827,0.5734375
7630,7712,9.303013906909086,0.5735
7383,7472,9.303477353718222,0.5735625
9580,9652,9.304475694872622,0.573625
7753,7802,9.308338550054714,0.5736875
8394,7683,9.308423375597044,0.57375
9498,9650,9.312157863135212,0.5738125
9273,9611,9.312267928309211,0.573875
9509,9756,9.313315368278381,0.5739375
7266,7495,9.319441558281142,0.574
8018,7937,9.319957864730895,0.5740625
8138,8091,9.321134710474212,0.574125
9310,9612,9.321561410068853,0.5741875
11394,9635,9.32242003657268,0.57425
7650,7721,9.3227544518395,0.5743125
7017,7394,9.323924477848323,0.574375
7612,7716,9.325522791181356,0.5744375
7710,7941,9.326768922227643,0.5745
7302,7523,9.327517581125903,0.5745625
8085,8088,9.331091158839172,0.574625
7404,7478,9.333149399004128,0.5746875
7299,7470,9.338635746600971,0.57475
7700,7830,9.341243836075364,0.5748125
7793,7942,9.344039052064772,0.574875
7883,7943,9.344353099869636,0.5749375
7554,7717,9.3453480008327,0.575
9363,9649,9.347262853079656,0.5750625
7491,7859,9.350618706687328,0.575125
8096,8106,9.350727891056636,0.5751875
7760,8105,9.350916220629074,0.57525
7656,7522,9.354659194180499,0.5753125
9315,9640,9.35500536649488,0.575375
7423,7494,9.356032850014458,0.5754375
9453,9625,9.358026701992571,0.5755
7998,7935,9.35867903891517,0.5755625
10648,7768,9.359463174132316,0.575625
11946,9748,9.360425390638625,0.5756875
9819,10053,9.361154868063863,0.57575
7699,7767,9.363306669192525,0.5758125
7125,7471,9.363427533233335,0.575875
7379,7713,9.363828171707041,0.5759375
9579,9630,9.364975210304806,0.576
9434,9623,9.365112580014738,0.5760625
9392,9744,9.367292874501118,0.576125
9248,9613,9.368309169091503,0.5761875
10096,9655,9.372145677023354,0.57625
7679,7763,9.373498122234082,0.5763125
7624,7940,9.373570148822978,0.576375
7674,7420,9.374342939455232,0.5764375
7670,7896,9.3755574250182,0.5765
7528,7496,9.37812497818959,0.5765625
10714,10029,9.382685158029858,0.576625
7521,7722,9.383036814004413,0.5766875
9540,9757,9.383367973354552,0.57675
7311,7518,9.384073769516021,0.5768125
7558,7718,9.386325846377986,0.576875
7321,7434,9.38895345386652,0.5769375
7758,7895,9.389770400857174,0.577
7338,7497,9.390321473208246,0.5770625
7386,7681,9.391888578922817,0.577125
7464,7521,9.392605183021942,0.5771875
9603,9747,9.393174610711185,0.57725
7300,7477,9.396005155445437,0.5773125
9282,9637,9.396145362761331,0.577375
9572,9755,9.397273110765923,0.5774375
7411,7433,9.398454979986582,0.5775
7833,8093,9.400701769829766,0.5775625
7443,7482,9.401943743827587,0.577625
9539,9753,9.406249630598154,0.5776875
7132,7423,9.406313769579697,0.57775
7722,7680,9.406923111134574,0.5778125
12320,7872,9.407314860002543,0.577875
7507,7506,9.408196309707137,0.5779375
9889,8094,9.408847986459136,0.578
8103,7684,9.40943404235577,0.5780625
8008,7618,9.409645587551267,0.578125
7781,7939,9.410363800624168,0.5781875
9818,10033,9.411463475378355,0.57825
9840,10052,9.412663744200131,0.5783125
7671,7934,9.41307132287352,0.578375
7549,7520,9.414780176512522,0.5784375
7395,7428,9.415791566285975,0.5785
7619,7867,9.41581001904376,0.5785625
9756,9745,9.4209019978681,0.578625
7830,7897,9.421615967271919,0.5786875
7462,7525,9.422891326111312,0.57875
7470,7562,9.424739580362825,0.5788125
7137,7519,9.425201906388452,0.578875
9771,9752,9.425944297169622,0.5789375
7461,7480,9.426868570248189,0.579
7497,7860,9.42810947732471,0.5790625
8088,8057,9.428342285447457,0.579125
9796,10031,9.429249672154356,0.5791875
9812,10039,9.429294775036965,0.57925
9860,10030,9.433418257731546,0.5793125
8149,8096,9.433837359065251,0.579375
7516,7801,9.437324224765916,0.5794375
7556,7762,9.439283290990375,0.5795
9450,9626,9.440810077231845,0.5795625
9712,9751,9.440865074224234,0.579625
9957,10032,9.445115772312647,0.5796875
7433,7561,9.445783537445323,0.57975
12477,7507,9.446928144510707,0.5798125
9452,9766,9.447843325167469,0.579875
7539,7682,9.452123461894189,0.5799375
7220,7461,9.452976479221206,0.58
7305,7564,9.455420165547594,0.5800625
7278,7524,9.457819053802723,0.580125
7150,7610,9.459812608532957,0.5801875
7628,7861,9.461089155992568,0.58025
7743,7944,9.462724204466326,0.5803125
7959,7899,9.462945731233049,0.580375
9853,10028,9.463092129370352,0.5804375
7158,7505,9.463376297601712,0.5805
9465,9615,9.465908674825755,0.5805625
7538,7760,9.46670333506745,0.580625
9320,9627,9.467284296621074,0.5806875
7702,8061,9.469738418978977,0.58075
9427,9614,9.469775931389336,0.5808125
9454,9746,9.470523506714812,0.580875
9487,9749,9.471243357818935,0.5809375
7651,7770,9.471569643605562,0.581
7955,8097,9.475559414068016,0.5810625
7455,7560,9.476166650269874,0.581125
7707,7769,9.476780367952529,0.5811875
7312,7556,9.476949259472462,0.58125
7581,7670,9.477329984107655,0.5813125
7621,7917,9.478066111654243,0.581375
7684,7752,9.482324329667449,0.5814375
7327,7510,9.483159383825068,0.5815
8075,8098,9.48567982724478,0.5815625
10615,7677,9.48909253228237,0.581625
9414,9636,9.489176099768315,0.5816875
7614,7613,9.489769068281134,0.58175
7420,7730,9.49021839505258,0.5818125
7089,7422,9.490833972060955,0.581875
7805,7933,9.491318186705485,0.5819375
7967,8071,9.492806880900389,0.582
7867,7945,9.49293759533873,0.5820625
7322,7563,9.493136575651533,0.582125
7544,7581,9.493997179351254,0.5821875
9605,9765,9.495600797248471,0.58225
9311,9641,9.4970869993424,0.5823125
9900,10054,9.498686499045675,0.582375
7445,7719,9.501370769414734,0.5824375
9645,9767,9.501424994953823,0.5825
7495,7753,9.501588003064512,0.5825625
8300,8092,9.501623214361757,0.582625
7542,7915,9.501746423478494,0.5826875
7362,7673,9.501801004588742,0.58275
11393,7862,9.503093272777392,0.5828125
12822,7894,9.503494553368341,0.582875
7563,7567,9.503597985799502,0.5829375
7555,7727,9.50378962713819,0.583
9995,10051,9.504208738824104,0.5830625
7763,8102,9.504510889286848,0.583125
7487,7729,9.50657651984909,0.5831875
7239,7499,9.508483861900231,0.58325
9720,8055,9.509552366204503,0.5833125
7642,7761,9.509774017831433,0.583375
7752,7731,9.511237063354884,0.5834375
7434,7481,9.511792085273896,0.5835
7580,7614,9.513082530826864,0.5835625
9801,10011,9.514238629439433,0.583625
7548,7576,9.51425776353176,0.5836875
7566,7728,9.515576192062213,0.58375
7911,8067,9.517163964218298,0.5838125
7427,7720,9.519601323952088,0.583875
7666,7916,9.51991136264337,0.5839375
11197,7758,9.520808921714547,0.584
7291,7559,9.521673597863696,0.5840625
7514,7751,9.524637223443733,0.584125
7739,7615,9.525404475051005,0.5841875
7993,8095,9.529078605795235,0.58425
8115,7800,9.530011017154607,0.5843125
8401,8065,9.53089827524036,0.584375
8368,8068,9.53136509564547,0.5844375
7361,7513,9.531982141994376,0.5845
9789,10026,9.532142321997753,0.5845625
7744,8066,9.532861574251797,0.584625
10489,7871,9.532935683560481,0.5846875
13916,9617,9.53472527438214,0.58475
7435,7678,9.534845841363108,0.5848125
7352,7569,9.537570226063849,0.584875
10170,10055,9.538309714760658,0.5849375
7450,7514,9.539291488238518,0.585
9732,10048,9.539479987422965,0.5850625
7110,7498,9.540351454849656,0.585125
9758,10056,9.540468291003776,0.5851875
9260,9648,9.541723265694714,0.58525
11695,8100,9.544163929159254,0.5853125
9388,9616,9.544470056245586,0.585375
7269,7578,9.545167729050036,0.5854375
8228,8050,9.545664535104493,0.5855
7667,7932,9.545675685352649,0.5855625
7965,7938,9.545728828930692,0.585625
7402,7669,9.546533534942569,0.5856875
9662,9768,9.547603113798004,0.58575
10000,10034,9.548561791647899,0.5858125
7547,7612,9.552892160363626,0.585875
7588,7733,9.553312839487717,0.5859375
9252,9628,9.554124813288126,0.586
7572,7759,9.555197869767994,0.5860625
8291,7981,9.555696396867916,0.586125
7475,7571,9.556020658499506,0.5861875
7523,7746,9.556622245571361,0.58625
7590,7919,9.55668692113511,0.5863125
7256,7568,9.557855731916106,0.586375
9584,9758,9.558225998429862,0.5864375
7627,7757,9.558317090702985,0.5865
7686,8049,9.55967975023134,0.5865625
9750,10037,9.559918382029196,0.586625
8025,7582,9.560433085564114,0.5866875
8155,7946,9.561092382680954,0.58675
10522,10040,9.562249035601212,0.5868125
8296,8054,9.562846980508198,0.586875
7448,7747,9.563348564820217,0.5869375
7900,7619,9.56431166983134,0.587
7777,7611,9.566257351020795,0.5870625
7738,7528,9.567472132253215,0.587125
7623,7527,9.569193506790612,0.5871875
7534,7870,9.570254301400269,0.58725
7742,7579,9.570526552680917,0.5873125
8702,7924,9.57092960194359,0.587375
7604,7672,9.572204017512036,0.5874375
7201,7580,9.572282366078639,0.5875
7552,7526,9.575790275019017,0.5875625
7761,7865,9.575878650324512,0.587625
7465,7900,9.576200591419592,0.5876875
7873,7572,9.576276194067873,0.58775
10329,9622,9.57669172736621,0.5878125
9749,10027,9.578493247185634,0.587875
10233,10049,9.578821029495657,0.5879375
7578,7774,9.581806397474566,0.588
7275,7501,9.581817569636769,0.5880625
7243,7574,9.58186868617554,0.588125
7241,7435,9.58326199539863,0.5881875
7919,8063,9.583320998285672,0.58825
9523,9638,9.583694260404855,0.5883125
7791,7914,9.583819210905858,0.588375
9823,10036,9.583899309080039,0.5884375
9775,10035,9.585856427029626,0.5885
7675,7598,9.587971948778204,0.5885625
7851,8064,9.58965205349648,0.588625
7231,7565,9.589940885298915,0.5886875
9341,9639,9.590478072798987,0.58875
7530,7868,9.59071839136368,0.5888125
7419,7583,9.592325920318103,0.588875
7546,7503,9.593797161740781,0.5889375
7589,7918,9.596244538962537,0.589
7343,7566,9.598147912475383,0.5890625
7748,7799,9.59881222300828,0.589125
7329,7623,9.59897711731844,0.5891875
7726,8034,9.59969982010125,0.58925
8422,8036,9.601258159749023,0.5893125
8305,8053,9.601376767451143,0.589375
7359,7617,9.602318446600066,0.5894375
7459,7750,9.603062284809198,0.5895
7314,7621,9.603289918676182,0.5895625
7444,7500,9.603361177914394,0.589625
7147,7511,9.60345736245165,0.5896875
7522,7869,9.603655545024026,0.58975
7585,7630,9.603744443940059,0.5898125
7757,7745,9.606153304422833,0.589875
7620,7873,9.606965277493487,0.5899375
7646,7575,9.608021427204676,0.59
7720,7890,9.608058646710333,0.5900625
7248,7502,9.608083651013658,0.590125
7562,7950,9.608292687810376,0.5901875
9307,9621,9.609503069398897,0.59025
9313,9629,9.609759456649272,0.5903125
7506,7732,9.610318895945852,0.590375
7937,7949,9.61110618507439,0.5904375
7571,7922,9.612470062401371,0.5905
7210,7437,9.612482406233426,0.5905625
7346,7671,9.613390168496267,0.590625
7223,7554,9.61539297285185,0.5906875
7751,7676,9.617327943663668,0.59075
7701,7874,9.617911300778587,0.5908125
7296,7597,9.618658075316716,0.590875
7381,7570,9.621946158412811,0.5909375
7541,7866,9.622602646849487,0.591
7792,8035,9.622693834484721,0.5910625
9792,10020,9.623702434492884,0.591125
9472,9764,9.623718095561912,0.5911875
9435,9642,9.625323409165617,0.59125
7586,7931,9.626633455972978,0.5913125
7146,7508,9.626956441061452,0.591375
7961,8056,9.627088623396958,0.5914375
7442,7509,9.627099021431945,0.5915
7904,8046,9.627314487998206,0.5915625
9299,9618,9.627523376290355,0.591625
7595,7664,9.628026823537652,0.5916875
7480,7628,9.63251806053654,0.59175
9342,9643,9.632795716238547,0.5918125
7683,7923,9.63316463851936,0.591875
7887,8099,9.635203966542349,0.5919375
7886,7893,9.635587088893317,0.592
7732,7863,9.635747795629982,0.5920625
9963,9647,9.635820073950072,0.592125
7616,7954,9.638036452028928,0.5921875
9467,9763,9.638156618598828,0.59225
9776,10025,9.639311565473804,0.5923125
7660,7864,9.64173596976741,0.592375
7284,7558,9.642158986425102,0.5924375
7933,7735,9.642331268510247,0.5925
7673,7903,9.642356706460419,0.5925625
7678,7904,9.643510224671786,0.592625
7481,7744,9.643565863651475,0.5926875
7734,8044,9.644130364352463,0.59275
7363,7436,9.644839753732185,0.5928125
7353,7616,9.645040680687316,0.592875
9863,10024,9.645168573509864,0.5929375
7301,7460,9.64520500145818,0.593
7446,7629,9.646905970276407,0.5930625
7584,7557,9.647097574716895,0.593125
10171,10133,9.648134781982435,0.5931875
10247,9754,9.648921267136302,0.59325
7721,7951,9.649137048062698,0.5933125
7408,7553,9.649982187196429,0.593375
7206,7504,9.650169401117068,0.5934375
7485,7771,9.651506122482147,0.5935
7715,7620,9.65264711906002,0.5935625
7625,7622,9.654632347956749,0.593625
7537,7883,9.658350576467683,0.5936875
8339,7775,9.658353201361024,0.59375
7472,7627,9.665900103001718,0.5938125
9906,10097,9.66698056496432,0.593875
7502,7668,9.667036384321023,0.5939375
7696,8048,9.667917324443806,0.594
7421,7734,9.667992428233447,0.5940625
7286,7592,9.67038011180216,0.594125
8049,8052,9.671300552641355,0.5941875
9714,10059,9.671586862304366,0.59425
7862,8047,9.6729480240856,0.5943125
7292,7665,9.673265561769881,0.594375
7471,7577,9.673566638663146,0.5944375
9325,9644,9.674115594989871,0.5945
7535,7666,9.674631935991101,0.5945625
7399,7663,9.676870576626243,0.594625
7657,7674,9.677960983404205,0.5946875
10033,10012,9.678299361954373,0.59475
7677,7754,9.67839472360663,0.5948125
8156,8062,9.679908726190888,0.594875
9609,9619,9.679910543975893,0.5949375
9790,9771,9.68090514591006,0.595
9774,10041,9.681244435911253,0.5950625
9597,9769,9.682439624269136,0.595125
10785,7756,9.683818220581543,0.5951875
7398,7594,9.686670435286374,0.59525
7422,7748,9.68748431968504,0.5953125
9590,9645,9.689405594669438,0.595375
9991,10047,9.689575376212474,0.5954375
7783,8045,9.690956097222625,0.5955
7517,7631,9.691783917604766,0.5955625
7740,7624,9.692117687252335,0.595625
7543,7930,9.693698048916758,0.5956875
7235,7667,9.693753798073544,0.59575
7397,7555,9.693999636308263,0.5958125
7337,7585,9.694971397542986,0.595875
10124,10140,9.695689400791935,0.5959375
7662,7982,9.696417289214423,0.596
10114,10061,9.696579614248549,0.5960625
7693,7993,9.696679016228927,0.596125
7649,7925,9.696720792468,0.5961875
7565,7882,9.697993314022483,0.59625
9576,9770,9.69802485131504,0.5963125
9793,10021,9.698171563760525,0.596375
9676,10060,9.6982921657833,0.5964375
11648,10007,9.69911848038953,0.5965
7874,8051,9.702113976330224,0.5965625
7573,7772,9.703680642900736,0.596625
7890,7905,9.703757626914353,0.5966875
9651,10057,9.70484498381461,0.59675
9739,9759,9.705644625790796,0.5968125
7360,7749,9.705829989258632,0.596875
7736,7947,9.7070033932672,0.5969375
7207,7529,9.707500446553809,0.597
7626,7755,9.709472428088702,0.5970625
7835,7902,9.7101673033917,0.597125
8112,8070,9.710548883636193,0.5971875
7438,7512,9.710631948076639,0.59725
7293,7593,9.711253901516784,0.5973125
7888,8069,9.71195021177698,0.597375
7725,7948,9.71201417673467,0.5974375
9844,10101,9.712568693695175,0.5975
7341,7573,9.713134449486233,0.5975625
7511,7901,9.71337633265,0.597625
7794,7980,9.714653434590673,0.5976875
7376,7743,9.714933617286874,0.59775
7385,7675,9.715185298941492,0.5978125
7426,7662,9.716269014695513,0.597875
9894,10043,9.71912393545017,0.5979375
9858,10042,9.720393705569222,0.598
7574,7584,9.72201337630895,0.5980625
7932,7596,9.72209417029012,0.598125
7818,7920,9.723168610664288,0.5981875
9525,9760,9.723260617917617,0.59825
7281,7586,9.725831875260155,0.5983125
9930,10152,9.726919085262011,0.598375
7476,7609,9.728793694553246,0.5984375
10213,10044,9.72887738744032,0.5985
7823,8038,9.730491823442435,0.5985625
9587,9762,9.732985723005868,0.598625
7366,7652,9.733103582007857,0.5986875
7741,8037,9.73476465233523,0.59875
7234,7444,9.735748969237875,0.5988125
10176,10096,9.735823286753202,0.598875
7052,7443,9.73795466184788,0.5989375
10020,10134,9.738205568181684,0.599
10387,10075,9.738407121201021,0.5990625
10055,10143,9.738603788157889,0.599125
7796,7929,9.739866117454653,0.5991875
9866,10130,9.740002387016261,0.59925
7977,8101,9.740186736698092,0.5993125
7653,7926,9.74181415736291,0.599375
7708,8039,9.743650065490783,0.5994375
7545,7651,9.746056132081549,0.5995
7498,7595,9.746130233431472,0.5995625
7358,7608,9.747386271041137,0.599625
7787,7889,9.749164148473255,0.5996875
9848,10058,9.751304649827603,0.59975
9703,10013,9.751399052251713,0.5998125
7644,7888,9.7531877396857,0.599875
7368,7625,9.753337553417623,0.5999375
9581,9761,9.75432183389637,0.6
10106,10099,9.75453723397004,0.6000625
7822,7952,9.754808838501503,0.600125
7140,7530,9.755349092792926,0.6001875
7661,7891,9.755638026916017,0.60025
7323,7591,9.756408481337758,0.6003125
9826,10132,9.757620969718687,0.600375
10155,10076,9.757983797019165,0.6004375
9680,10008,9.760547300870826,0.6005
7171,7459,9.76299487291351,0.6005625
7460,7776,9.763208148631065,0.600625
7326,7606,9.763884085330801,0.6006875
9864,10009,9.764059489520946,0.60075
9836,10006,9.76428435059654,0.6008125
9731,10010,9.766925109448493,0.600875
11539,8043,9.76703655702488,0.6009375
9929,10100,9.767489952550363,0.601
7211,7449,9.768081939300487,0.6010625
9946,10098,9.768401331489486,0.601125
9357,9646,9.768647150133575,0.6011875
7598,7957,9.771973776178129,0.60125
9809,10080,9.772043086795293,0.6013125
9670,10023,9.772060849820491,0.601375
9568,9620,9.77263051633247,0.6014375
9843,10081,9.773642255180448,0.6015
10516,10022,9.775906469631082,0.6015625
7615,7635,9.778401497699292,0.601625
7745,7777,9.779274356456312,0.6016875
7454,7653,9.779285838934243,0.60175
7163,7455,9.779493829715193,0.6018125
13839,10111,9.779898986940225,0.601875
9692,10077,9.783177106118842,0.6019375
9958,10154,9.78432541819518,0.602
7401,7650,9.785654656586985,0.6020625
9820,10153,9.787748365266111,0.602125
7894,7880,9.788041479618755,0.6021875
7809,7875,9.788417738805038,0.60225
7986,7876,9.788730431546242,0.6023125
7577,7955,9.790021185758178,0.602375
7382,7654,9.790650468973809,0.6024375
7609,7742,9.791928726054493,0.6025
9941,10063,9.792922542974338,0.6025625
7797,7906,9.796635683635145,0.602625
10517,10129,9.796931937356476,0.6026875
7695,8042,9.799926164462136,0.60275
7737,7978,9.801206995076768,0.6028125
7698,7995,9.801664460964844,0.602875
9997,10141,9.801787314494845,0.6029375
9786,10017,9.803636848036945,0.603
7357,7661,9.803993084696685,0.6030625
7778,7977,9.806072709997807,0.603125
7749,7986,9.806564405642234,0.6031875
9770,10144,9.808820083934393,0.60325
10367,10131,9.809664942462405,0.6033125
7976,7928,9.810402587563544,0.603375
9591,9772,9.813165276735617,0.6034375
9815,10112,9.815041507524256,0.6035
10075,10142,9.816324256310168,0.6035625
7801,7884,9.81743954823537,0.603625
10016,10062,9.817653588273402,0.6036875
7067,7442,9.819177391742187,0.60375
9921,10074,9.820489530839268,0.6038125
7347,7589,9.820519749945902,0.603875
8221,7965,9.8217037674425,0.6039375
7518,7887,9.821832959045423,0.604
7169,7607,9.82267766531345,0.6040625
7723,7798,9.823450293654673,0.604125
7499,7599,9.824268326635774,0.6041875
9725,10085,9.82433632501045,0.60425
7711,7990,9.824645399150086,0.6043125
7638,7913,9.824728361510438,0.604375
8901,7605,9.825671614770386,0.6044375
9377,9773,9.826920864561316,0.6045
7392,7533,9.827417800117132,0.6045625
7536,7736,9.827760861120396,0.604625
7477,7626,9.82793825964552,0.6046875
7733,7892,9.82803086996853,0.60475
9780,10110,9.828457546926415,0.6048125
9690,10086,9.83015105139691,0.604875
7690,7961,9.830601068044302,0.6049375
7500,7655,9.831101204740548,0.605
9891,10046,9.832809751862555,0.6050625
9951,10016,9.833788204779125,0.605125
7451,7632,9.83429412755902,0.6051875
8082,7907,9.835291123590423,0.60525
7953,7797,9.837562481908094,0.6053125
7583,7908,9.838764227218576,0.605375
9606,10018,9.840288417404281,0.6054375
7637,7773,9.840378984758786,0.6055
7551,7878,9.842979473152468,0.6055625
7319,7604,9.843840955851647,0.605625
9569,9774,9.844337810593515,0.6056875
7493,7458,9.846589108521357,0.60575
11934,10145,9.847623998084146,0.6058125
9984,10125,9.849428562363073,0.605875
10229,10126,9.850449361475967,0.6059375
8198,7985,9.851071102302285,0.606
7780,7927,9.851645356472773,0.6060625
7938,7983,9.852211623169978,0.606125
7601,7438,9.852329542012399,0.6061875
7810,7953,9.85286348000534,0.60625
10097,10084,9.85396575685263,0.6063125
10110,10092,9.854698690540545,0.606375
7856,7991,9.855400320531885,0.6064375
7803,8033,9.855554964833232,0.6065
10133,10078,9.856869525493494,0.6065625
7280,7540,9.859279706860548,0.606625
9990,10019,9.859660398742676,0.6066875
7811,7994,9.85988317691374,0.60675
9828,10105,9.86145584959479,0.6068125
7717,7879,9.861554301612045,0.606875
7238,7445,9.863799856753758,0.6069375
8367,7984,9.864532448627642,0.607
8193,7962,9.865976588433455,0.6070625
10319,10045,9.86649457856845,0.607125
7370,7541,9.866862638920338,0.6071875
8435,7921,9.867067341081906,0.60725
7342,7439,9.8689407118286,0.6073125
9949,10079,9.870194385214745,0.607375
7960,7970,9.870448554131372,0.6074375
8044,7587,9.874218943797928,0.6075
8077,7964,9.874539344816185,0.6075625
7802,7958,9.874716046027515,0.607625
7685,7974,9.875942124936046,0.6076875
7412,7552,9.87679331903496,0.60775
7508,7532,9.877003125831948,0.6078125
9755,8032,9.877286017115125,0.607875
7682,7973,9.877765162242781,0.6079375
8331,7911,9.87779128825673,0.608
9799,10093,9.878009708875425,0.6080625
10103,10091,9.878368393135815,0.608125
9908,10127,9.87908778976032,0.6081875
7553,7531,9.880567699027893,0.60825
10009,10015,9.883733018777093,0.6083125
7634,7636,9.884405528855382,0.608375
7313,7588,9.88747734998185,0.6084375
10013,10106,9.889026088378728,0.6085
7688,7886,9.88975982535726,0.6085625
8019,7987,9.890046195991545,0.608625
7692,7877,9.89264152111707,0.6086875
7608,7590,9.89304703045741,0.60875
7526,7741,9.893305388205249,0.6088125
7718,7885,9.894684762484303,0.608875
8258,7956,9.895095871484614,0.6089375
9779,9985,9.895496486620573,0.609
7703,7602,9.896054322194686,0.6090625
7844,7960,9.89694105156866,0.609125
10149,10148,9.896941304701954,0.6091875
8079,8041,9.899647375219502,0.60925
7453,7656,9.899663257051316,0.6093125
7378,7633,9.900747390596393,0.609375
7217,7446,9.90170397515044,0.6094375
9867,10155,9.902247528292605,0.6095
7821,8040,9.904422677033835,0.6095625
7519,7637,9.90507294133738,0.609625
9824,10149,9.905213322115287,0.6096875
7424,7659,9.905455942671779,0.60975
9907,10102,9.907867247872787,0.6098125
9967,10128,9.909026058940526,0.609875
7779,7988,9.910170756265643,0.6099375
7161,7450,9.9112432368712,0.61
7776,7539,9.911563102843047,0.6100625
7575,7634,9.91217330165614,0.610125
7916,7989,9.91536572822622,0.6101875
10307,10161,9.915494563897937,0.61025
9827,10103,9.916842653689514,0.6103125
9973,10146,9.917041759424364,0.610375
7897,8005,9.918108928706829,0.6104375
12555,9982,9.919478815799835,0.6105
7853,7778,9.922860225414865,0.6105625
10141,10094,9.923045352736608,0.610625
10553,10136,9.924932401764067,0.6106875
7767,7601,9.925929771020947,0.61075
15036,10164,9.93059184332219,0.6108125
8170,7959,9.931402522994176,0.610875
10048,10083,9.932150703512093,0.6109375
9936,10135,9.932586682256556,0.611
9600,9779,9.933347156943796,0.6110625
9879,10064,9.933470148997912,0.611125
7529,7660,9.933972286840913,0.6111875
7819,8008,9.934158913889632,0.61125
8021,7972,9.937871709994852,0.6113125
7769,7643,9.938295146322616,0.611375
9803,9780,9.93851909009561,0.6114375
9996,10139,9.939852450131525,0.6115
11484,7969,9.941239169003325,0.6115625
9915,10163,9.941826187534161,0.611625
7074,7451,9.94231755656017,0.6116875
9729,9979,9.942457000680633,0.61175
7350,7453,9.9442582644283,0.6118125
7825,7881,9.944280976864775,0.611875
10100,10124,9.94852538838154,0.6119375
7664,7737,9.948718468703305,0.612
10010,10137,9.952476950217829,0.6120625
7403,7456,9.952699304251382,0.612125
7515,7738,9.952853838487613,0.6121875
10116,10115,9.954445591418335,0.61225
7128,7454,9.9545720176734,0.6123125
9927,10014,9.954580273495253,0.612375
7474,7795,9.956465731347862,0.6124375
9657,9924,9.957490850075146,0.6125
7393,7542,9.959453289685143,0.6125625
7407,7657,9.96022683220167,0.612625
9730,9980,9.960278431243637,0.6126875
9985,10147,9.961266137894654,0.61275
9895,9781,9.961274506820246,0.6128125
10140,10162,9.961722165949823,0.612875
9977,10160,9.963965978390547,0.6129375
7782,8007,9.964756557698934,0.613
9811,9978,9.965547291506255,0.6130625
7827,8006,9.96736904121201,0.613125
7449,7534,9.967480536522771,0.6131875
9916,10089,9.969834156836441,0.61325
9854,10116,9.969999958849826,0.6133125
7826,7975,9.970400031962072,0.613375
7885,7603,9.971813887577355,0.6134375
7645,7963,9.972493123897266,0.6135
7271,7448,9.97336664433044,0.6135625
7854,7910,9.975162817472778,0.613625
9917,10156,9.975942056958502,0.6136875
9747,10113,9.97628353036157,0.61375
9715,10123,9.976938164939043,0.6138125
9931,10090,9.97723629317386,0.613875
7829,7966,9.97764901151379,0.6139375
11211,7739,9.97780308787901,0.614
10102,10005,9.977830786364052,0.6140625
7735,7452,9.978238900650695,0.614125
8011,7992,9.982853394620633,0.6141875
9857,9981,9.98447748058038,0.61425
7429,7647,9.984620089734904,0.6143125
9674,9986,9.986244603832347,0.614375
7820,7979,9.986435507153146,0.6144375
12990,9931,9.986718643353242,0.6145
10050,10095,9.98913419808548,0.6145625
9849,10082,9.989614684368803,0.614625
7351,7457,9.98983058584031,0.6146875
7490,7780,9.996808609979553,0.61475
9397,9783,9.998556305735974,0.6148125
7848,7996,10.000429889373095,0.614875
7880,7971,10.002592378312443,0.6149375
8145,7912,10.003621277060688,0.615
9744,10065,10.00427241810769,0.6150625
10049,10151,10.004661020724598,0.615125
9851,10087,10.004848871750823,0.6151875
9956,10109,10.008116398707443,0.61525
7260,7644,10.00957043710389,0.6153125
9604,9775,10.009673377733066,0.615375
9769,10114,10.01084800929766,0.6154375
7308,7538,10.011394438027878,0.6155
9876,9932,10.01260049212442,0.6155625
12603,10069,10.012708839875813,0.615625
9869,9923,10.01484901922197,0.6156875
9689,9983,10.016810506021216,0.61575
13509,9776,10.017266786363166,0.6158125
9782,10157,10.019529529242732,0.615875
7843,7779,10.020148226237666,0.6159375
7680,7781,10.020646546240528,0.616
9719,10108,10.022299414201939,0.6160625
7270,7441,10.022842688920377,0.616125
9559,9939,10.023471800530729,0.6161875
7746,7909,10.025128532535746,0.61625
7716,7658,10.026002584954085,0.6163125
9886,10158,10.02661803195383,0.616375
7425,7796,10.028634927577968,0.6164375
10019,10073,10.029438023221019,0.6165
12957,9926,10.031297859958727,0.6165625
7354,7645,10.031542749622758,0.616625
14515,9984,10.032433741020782,0.6166875
9831,9929,10.032442958058141,0.61675
10071,10172,10.033615349285128,0.6168125
9565,9928,10.035281836522017,0.616875
7282,7600,10.035377944904667,0.6169375
9914,10104,10.037005653316669,0.617
7863,8001,10.039013594491394,0.6170625
9945,10150,10.039923277695266,0.617125
8189,7794,10.041077584485265,0.6171875
9599,9927,10.041285668171895,0.61725
8022,8003,10.041322705728476,0.6173125
7133,7440,10.041976490333582,0.617375
7473,7639,10.042283503885301,0.6174375
10433,9782,10.043354812277812,0.6175
10249,10138,10.04590701751465,0.6175625
9838,10159,10.046185167966087,0.617625
7697,7976,10.046939321792252,0.6176875
9622,9925,10.048963516290883,0.61775
7766,7740,10.052518161769399,0.6178125
7754,7997,10.053984417246511,0.617875
9704,9974,10.054663193093916,0.6179375
7768,8002,10.055863409063363,0.618
7417,7543,10.060558784744785,0.6180625
7512,7649,10.065595994934142,0.618125
9825,10088,10.069254913174404,0.6181875
9518,7537,10.069588947047691,0.61825
7405,7638,10.071246408158686,0.6183125
9718,10066,10.07797928720629,0.618375
7705,7646,10.082087172778301,0.6184375
8114,7648,10.085153093492636,0.6185
9862,10165,10.086146485788277,0.6185625
9837,10071,10.089371647619828,0.618625
7881,8011,10.08937475723144,0.6186875
10203,10072,10.093015737480982,0.61875
9975,10173,10.093409939831076,0.6188125
9734,10107,10.095182686410567,0.618875
9745,9935,10.100695186907274,0.6189375
7613,8004,10.101878863021966,0.619
7713,7642,10.104491244466203,0.6190625
9490,9942,10.104655859787044,0.619125
7253,7535,10.115045571480891,0.6191875
9594,9784,10.115430933592393,0.61925
9515,9785,10.116332633980619,0.6193125
10215,9930,10.117693471833036,0.619375
7847,8012,10.119290388483364,0.6194375
7212,7447,10.126850301860372,0.6195
9727,9793,10.12784054726228,0.6195625
9709,9987,10.127979987585263,0.619625
10210,10117,10.12847994049514,0.6196875
9585,9977,10.129005700523635,0.61975
10077,10174,10.129128347556502,0.6198125
9797,9778,10.129615256871602,0.619875
7600,8026,10.130052921408492,0.6199375
9954,10070,10.131035480747755,0.62
7599,8000,10.134547387074235,0.6200625
9781,10118,10.134818869151673,0.620125
7384,7536,10.138584580698534,0.6201875
9873,10068,10.139148673614386,0.62025
9686,9936,10.140149826760535,0.6203125
10263,10179,10.142229225941605,0.620375
7694,8009,10.142689978505132,0.6204375
7861,7967,10.143621527394203,0.6205
9721,9941,10.146243220989618,0.6205625
7845,7968,10.146448967738138,0.620625
7934,7999,10.146476589893041,0.6206875
10154,9934,10.150166183066176,0.62075
7219,7551,10.15207121918695,0.6208125
8160,8010,10.159966673757822,0.620875
9440,9786,10.160141937305752,0.6209375
9822,9933,10.16350108529366,0.621
10440,9954,10.164921261293443,0.6210625
10039,10003,10.16540518054444,0.621125
9679,10002,10.16715501681665,0.6211875
9766,9950,10.16975933285255,0.62125
9544,9921,10.169773495131722,0.6213125
7200,7549,10.170871185775354,0.621375
7509,7785,10.174470490497583,0.6214375
9470,8031,10.17728601711508,0.6215
9541,9940,10.17783277252056,0.6215625
9940,10067,10.178888002920644,0.621625
9553,9777,10.184298373272327,0.6216875
9842,9949,10.185449796974808,0.62175
7665,7782,10.186455786490683,0.6218125
10281,10180,10.186651446411588,0.621875
12023,9788,10.187914206909568,0.6219375
7505,7793,10.189782026370494,0.622
7762,7998,10.189890771197383,0.6220625
7841,8025,10.191895143878583,0.622125
9806,10122,10.192468996201,0.6221875
9669,9938,10.194840727592918,0.62225
7712,8027,10.198122486097418,0.6223125
8162,7545,10.205068012024753,0.622375
7428,7640,10.205973382325283,0.6224375
9898,9997,10.207368580583193,0.6225
9800,10004,10.209740781973665,0.6225625
7213,7544,10.209843187505044,0.622625
9805,9988,10.211771686293446,0.6226875
14216,10178,10.21252816985168,0.62275
7567,7786,10.212548410006548,0.6228125
7879,8013,10.215291827280112,0.622875
9631,9792,10.216549070804035,0.6229375
9903,9937,10.219524631989884,0.623
9560,9919,10.224204830053282,0.6230625
7602,7783,10.22522643894115,0.623125
7482,7641,10.229366053453418,0.6231875
7264,7547,10.233208737791529,0.62325
9530,9910,10.233360434776614,0.6233125
9516,9787,10.23346646145444,0.623375
7457,7791,10.234983748936997,0.6234375
10008,9975,10.236648693990901,0.6235
7527,7792,10.237157085354625,0.6235625
9943,10177,10.237310145987067,0.623625
9617,9953,10.240007335493146,0.6236875
7418,7548,10.244585374246071,0.62375
9536,9866,10.245012314495966,0.6238125
9754,9920,10.245571246221289,0.623875
7367,7784,10.252763903070559,0.6239375
7469,7787,10.253990690190449,0.624
7356,7546,10.254741290705965,0.6240625
7610,8014,10.258052928155166,0.624125
9728,9918,10.25842931779448,0.6241875
10028,10166,10.261599329899923,0.62425
9675,9909,10.262539249993324,0.6243125
9661,9789,10.26467608548694,0.624375
9901,10119,10.26530141415526,0.6244375
9491,9973,10.26644233961565,0.6245
7966,8028,10.26747581632003,0.6245625
9919,10001,10.267620373163027,0.624625
9807,10171,10.268142579854498,0.6246875
14309,9947,10.269474988776551,0.62475
9932,10183,10.269679389425619,0.6248125
7729,7550,10.274367292342731,0.624875
10035,10168,10.276081329212388,0.6249375
9942,10167,10.276289225711935,0.625
11181,9948,10.278488567349314,0.6250625
9751,10185,10.28449739902635,0.625125
9673,9906,10.286717542298106,0.6251875
9884,9922,10.288917675285347,0.62525
9817,9952,10.290329723464083,0.6253125
9972,9904,10.290886683410918,0.625375
9713,9800,10.293244519512882,0.6254375
7999,8029,10.29831082933174,0.6255
9678,9976,10.299672616646376,0.6255625
13450,10120,10.300047434107341,0.625625
9697,9955,10.306622054226864,0.6256875
9549,9989,10.306917439957147,0.62575
9419,9797,10.309679397431523,0.6258125
7812,8015,10.310397603618185,0.625875
7635,8024,10.311655284985477,0.6259375
9788,9969,10.31435582170218,0.626
9938,10170,10.315348092197496,0.6260625
9742,9951,10.315438495025205,0.626125
7898,8019,10.318207128548124,0.6261875
9722,9912,10.318613191894201,0.62625
9531,9916,10.319124040737847,0.6263125
10182,10175,10.320097552232255,0.626375
7775,8016,10.321987618635603,0.6264375
9706,9801,10.323061946590997,0.6265
9855,10181,10.324456201725525,0.6265625
9716,9791,10.32876162780849,0.626625
9783,10000,10.33984278520029,0.6266875
7582,8021,10.339934821511065,0.62675
9564,9914,10.34013424478178,0.6268125
9911,9946,10.340840270986519,0.626875
13710,9903,10.344723977486979,0.6269375
9511,9795,10.34532888303579,0.627
9668,9913,10.345389674412786,0.6270625
9643,9794,10.346772350567676,0.627125
9550,9864,10.348712949055766,0.6271875
10253,9908,10.34965185040869,0.62725
9768,9943,10.349861978958415,0.6273125
10113,10407,10.351300906065603,0.627375
10506,9991,10.354760669828124,0.6274375
9557,9796,10.355098921744116,0.6275
7786,7790,10.355271672720619,0.6275625
9926,9971,10.357206529327073,0.627625
13540,9972,10.36322749743556,0.6276875
9882,10169,10.365638990930051,0.62775
9512,9861,10.365791725708618,0.6278125
9759,9804,10.366531843166626,0.627875
10127,10406,10.367124611517283,0.6279375
9562,9865,10.36750629513358,0.628
10090,10176,10.369665633291106,0.6280625
9810,9799,10.370154707719848,0.628125
9791,9907,10.373448116119675,0.6281875
9624,9798,10.375967121573012,0.62825
7798,8030,10.379512623469395,0.6283125
7728,8020,10.380334533691894,0.628375
9778,9863,10.382228841972847,0.6284375
10001,9998,10.383369868666364,0.6285
9937,10182,10.388352233366845,0.6285625
9982,10121,10.395044043325015,0.628625
13230,9806,10.397719645629309,0.6286875
9881,9869,10.399041752143944,0.62875
9763,9996,10.40266610420133,0.6288125
9753,9911,10.404723186098522,0.628875
7846,8017,10.406428880303679,0.6289375
9920,9917,10.415869164190326,0.629
9890,9970,10.4231647044802,0.6290625
9777,9993,10.425874410944289,0.629125
7439,7788,10.432901656392346,0.6291875
9821,9915,10.436383564155108,0.62925
7681,7789,10.43924708120744,0.6293125
9724,9944,10.443417105360254,0.629375
9736,9990,10.4451476650936,0.6294375
9610,9867,10.449563477816355,0.6295
9835,9958,10.449956135708362,0.6295625
9647,9802,10.454656042644729,0.629625
9707,9890,10.454942656426624,0.6296875
9980,10186,10.456092382740735,0.62975
10276,10408,10.456855048607508,0.6298125
10002,10184,10.458204973739498,0.629875
9648,9805,10.4589762739447,0.6299375
9558,9870,10.46226808663289,0.63
9429,9790,10.46365105804989,0.6300625
10296,9874,10.46650491321202,0.630125
9733,9992,10.466931010606231,0.6301875
9598,9862,10.467335360868105,0.63025
9737,9956,10.469733153525226,0.6303125
9952,9905,10.473359459919834,0.630375
9641,9868,10.47613772156808,0.6304375
9896,9957,10.481509215280767,0.6305
10168,9995,10.483454445072766,0.6305625
7857,8018,10.484879565883034,0.630625
9548,9807,10.488341905932202,0.6306875
7923,8023,10.491570885746683,0.63075
9694,9803,10.494989622691378,0.6308125
9701,9808,10.501703799030906,0.630875
9983,9902,10.507721001456503,0.6309375
7871,8022,10.529118707288376,0.631
9717,9994,10.532242722365709,0.6310625
9893,9871,10.537487409867936,0.631125
9635,9945,10.538468694195672,0.6311875
9870,9999,10.54562532655143,0.63125
9684,9831,10.545700537663606,0.6313125
9738,9968,10.545727406440278,0.631375
9612,9893,10.551323287147284,0.6314375
9537,9873,10.555150699035835,0.6315
9850,9962,10.564531808162656,0.6315625
9773,9875,10.566229703730642,0.631625
9696,9891,10.566787312673682,0.6316875
10549,10424,10.571313861827093,0.63175
9897,9961,10.573259233116232,0.6318125
9841,9879,10.574230776718423,0.631875
9723,9828,10.576973344704356,0.6319375
9625,9809,10.57716177361283,0.632
9702,9964,10.578942514305936,0.6320625
10004,9886,10.580102585309078,0.632125
9912,10187,10.58103500797938,0.6321875
9656,9892,10.581960807354449,0.63225
9705,9963,10.589590926522988,0.6323125
10145,10188,10.593003954423011,0.632375
9935,9829,10.597406145884861,0.6324375
9947,10205,10.599413845485174,0.6325
10109,10403,10.612670743267586,0.6325625
9760,9827,10.613679138567363,0.632625
9677,9876,10.614038351465865,0.6326875
9762,9895,10.6187266846473,0.63275
10012,9859,10.620807775266712,0.6328125
10245,10388,10.625835853641888,0.632875
10222,10402,10.62867636857436,0.6329375
9814,9966,10.630229672759356,0.633
10072,10194,10.631629537032836,0.6330625
10300,10409,10.633417607706292,0.633125
9655,9860,10.634002047395256,0.6331875
9698,9959,10.634318728072572,0.63325
9637,9901,10.63704169948926,0.6333125
9614,9832,10.637862405647525,0.633375
9688,9960,10.641702225259564,0.6334375
10062,10207,10.641812021067835,0.6335
9484,9825,10.646754836742275,0.6335625
9527,9872,10.646829582882447,0.633625
9642,9877,10.650317911832985,0.6336875
9658,9965,10.652120752421183,0.63375
10191,10405,10.65268461311723,0.6338125
9671,9882,10.658719445662314,0.633875
9846,9810,10.659763901473866,0.6339375
10142,10401,10.660578983822802,0.634
9787,9881,10.66191013057528,0.6340625
10150,10189,10.66442067188666,0.634125
10677,10206,10.666555787556945,0.6341875
9830,9885,10.667963952674882,0.63425
10121,9880,10.66986103678994,0.6343125
9479,9894,10.672065913021129,0.634375
9813,9823,10.673819769827219,0.6344375
10092,10410,10.674664269792288,0.6345
9902,9900,10.6784968445902,0.6345625
9785,10191,10.68315783388698,0.634625
10282,10197,10.684354235791488,0.6346875
9798,9830,10.686732057319546,0.63475
10006,10428,10.689167664976935,0.6348125
9411,9833,10.689568441618007,0.634875
9960,9822,10.691867876610672,0.6349375
9959,10190,10.695312081567977,0.635
9772,9811,10.6959417988503,0.6350625
9633,9826,10.697859590246253,0.635125
10298,10412,10.699892049549703,0.6351875
10047,10204,10.702662376043918,0.63525
10151,10203,10.706690354354237,0.6353125
10242,10423,10.708639790765346,0.635375
14774,9816,10.710309882072124,0.6354375
9482,9824,10.714881245795482,0.6355
9469,9899,10.716033455459069,0.6355625
9628,9896,10.716121097342466,0.635625
10101,10195,10.716657780248624,0.6356875
10087,10198,10.718030169394979,0.63575
9457,9858,10.718782597971199,0.6358125
10131,10413,10.719351198184995,0.635875
9517,9834,10.720312064841778,0.6359375
9741,9887,10.728279694073876,0.636
9872,9812,10.731117859935807,0.6360625
10082,10411,10.731678499561554,0.636125
10765,10445,10.735949825305852,0.6361875
9621,9889,10.736442164622986,0.63625
9534,9815,10.739936919127558,0.6363125
10473,10202,10.740374432223234,0.636375
9852,9884,10.74070153488708,0.6364375
9607,9888,10.742682971671798,0.6365
9685,9897,10.744289934693256,0.6365625
10143,10430,10.74656750246993,0.636625
10357,10387,10.746781682073333,0.6366875
10126,10427,10.75434704495683,0.63675
9974,10214,10.75681468502512,0.6368125
10146,10208,10.7571067813858,0.636875
9757,9839,10.761507001030736,0.6369375
10595,10199,10.762552217717598,0.637
9802,10200,10.765658937876765,0.6370625
9948,10210,10.766159883597766,0.637125
10074,10201,10.770071807061413,0.6371875
13813,9813,10.770427655226285,0.63725
10066,10390,10.771351950304279,0.6373125
10159,10400,10.771805948796214,0.637375
13841,10397,10.772038659670784,0.6374375
9461,9846,10.772164475040427,0.6375
9519,9843,10.772963216641301,0.6375625
9761,10193,10.773378299746014,0.637625
9861,9857,10.778268862893015,0.6376875
10224,10429,10.782338792596533,0.63775
10129,10196,10.783716911245733,0.6378125
9574,9883,10.784895787491337,0.637875
10362,10404,10.786345948275311,0.6379375
10388,10394,10.788663490744398,0.638
9682,9836,10.789060265080252,0.6380625
9735,9878,10.79385224449129,0.638125
10098,10425,10.796216693268093,0.6381875
10119,10393,10.800728563940083,0.63825
9711,9844,10.803645469237154,0.6383125
10123,10426,10.80391420801675,0.638375
9543,9820,10.80645399101968,0.6384375
9611,9967,10.80854119264552,0.6385
10382,10421,10.808829198571061,0.6385625
9833,9854,10.812225023031488,0.638625
9740,9821,10.81395957152597,0.6386875
10115,9840,10.814260144077139,0.63875
9626,9835,10.814952460334894,0.6388125
10474,10255,10.816544893326977,0.638875
10775,10444,10.816772555057355,0.6389375
9923,10244,10.819423304343672,0.639
10005,10209,10.819612660157532,0.6390625
9499,9841,10.82088098727138,0.639125
9573,9845,10.821280898872487,0.6391875
13233,10416,10.823707905023298,0.63925
9905,10215,10.824260866371901,0.6393125
10195,10386,10.82439755697851,0.639375
10094,10254,10.825140174259218,0.6394375
9953,10256,10.827095840505763,0.6395
10179,10419,10.830905087013775,0.6395625
10104,10217,10.835263362712112,0.639625
10037,10230,10.840858275613073,0.6396875
10085,10247,10.84449936597764,0.63975
10187,10398,10.8448334037829,0.6398125
10181,10391,10.845851385317928,0.639875
10206,10389,10.845861437560075,0.6399375
10219,10192,10.848703327535759,0.64
10199,10233,10.850852270300265,0.6400625
9521,9853,10.855965380802331,0.640125
10196,10399,10.85872297922981,0.6401875
10095,10395,10.859359231662552,0.64025
9667,9856,10.861599955221322,0.6403125
9663,9837,10.863540554235215,0.640375
10633,10448,10.863978651666343,0.6404375
10167,10439,10.864575093880148,0.6405
10246,10396,10.866342872329028,0.6405625
10871,10415,10.869594160901784,0.640625
10190,10414,10.871103392138366,0.6406875
9387,9814,10.871941365234079,0.64075
10084,10232,10.873310759672108,0.6408125
10243,10446,10.876471249656674,0.640875
9468,9848,10.883334709527958,0.6409375
10067,10392,10.886677546982924,0.641
9804,9842,10.89258111004142,0.6410625
9528,9838,10.896326598307951,0.641125
10189,10418,10.898746233652673,0.6411875
10325,10449,10.906339301204639,0.64125
10315,10216,10.90795886629678,0.6413125
10342,10348,10.908036891510847,0.641375
9847,10213,10.91020526039074,0.6414375
9588,9817,10.915074173635958,0.6415
9672,9898,10.919389047727122,0.6415625
11519,10385,10.920039712093967,0.641625
10063,10436,10.920752955646321,0.6416875
10078,10447,10.923768135519708,0.64175
10053,9855,10.924917748893222,0.6418125
10017,10212,10.926005482634878,0.641875
10269,10363,10.932976418561111,0.6419375
10321,10438,10.938937624183609,0.642
10309,10443,10.940735316798964,0.6420625
9892,9847,10.944414459420955,0.642125
10223,10422,10.946679539735442,0.6421875
14507,10435,10.951580359128684,0.64225
10083,10211,10.952432893559035,0.6423125
9986,10218,10.952813343717708,0.642375
10051,10231,10.954120818506567,0.6424375
10056,10431,10.954490093148138,0.6425
10205,10378,10.957814452410844,0.6425625
10188,10417,10.961016596949435,0.642625
10877,10253,10.968279996320575,0.6426875
11764,10250,10.972314594100908,0.64275
9928,9849,10.979598225536165,0.6428125
10426,10351,10.986688590584663,0.642875
10165,10349,10.990445949474747,0.6429375
9918,10350,10.99258030266185,0.643
10577,10379,10.994288391840314,0.6430625
10749,10356,10.995203624596911,0.643125
10273,10354,10.99763325811432,0.6431875
10241,10376,10.997635007001008,0.64325
10348,10380,11.001697285156979,0.6433125
9944,10342,11.006758332956906,0.643375
10265,10357,11.008118940179656,0.6434375
10031,10355,11.009825525598558,0.6435
10254,10229,11.01328872867282,0.6435625
10021,10242,11.013514065835011,0.643625
10216,10343,11.013955775692011,0.6436875
10038,10353,11.016165702642866,0.64375
12288,10236,11.016603865912657,0.6438125
9868,9852,11.016839014955167,0.643875
10040,10245,11.017919209304637,0.6439375
10057,10341,11.018141937765222,0.644
10369,10420,11.019216720776967,0.6440625
10138,10452,11.020911093353675,0.644125
10178,10237,11.021612624626869,0.6441875
10230,10338,11.024184130444837,0.64425
9883,10258,11.024723499072138,0.6443125
9966,10367,11.026004256425836,0.644375
10099,10451,11.028661311266092,0.6444375
10118,10366,11.029487297295532,0.6445
10260,10440,11.030523318099199,0.6445625
10088,10377,11.030585450138801,0.644625
10259,10434,11.030842091460045,0.6446875
9875,10249,11.037404212546676,0.64475
9978,10234,11.040444621640631,0.6448125
9992,10252,11.041430939609768,0.644875
9968,10248,11.042125568891606,0.6449375
10317,10450,11.047961705550392,0.645
10064,10225,11.048142171847871,0.6450625
10373,10382,11.049909812507053,0.645125
9832,9850,11.050881965238887,0.6451875
9859,10257,11.054984136982739,0.64525
10157,10364,11.05824780945943,0.6453125
10270,10442,11.058754281567417,0.645375
10335,10251,11.062939879964688,0.6454375
10018,10365,11.065442676051589,0.6455
10393,10246,11.066262648669863,0.6455625
10112,10240,11.071225300480023,0.645625
10030,10340,11.072222595737117,0.6456875
9989,10368,11.074410856601503,0.64575
10256,10437,11.075386336707084,0.6458125
11000,10454,11.076415340221047,0.645875
9964,10235,11.081123329228603,0.6459375
9708,9819,11.081237514346526,0.646
10144,10243,11.083114696933649,0.6460625
10289,10383,11.087486726022007,0.646125
10320,10345,11.087867124932245,0.6461875
10007,10433,11.088826215934887,0.64625
9627,9851,11.09318196913489,0.6463125
10341,10346,11.093513447649343,0.646375
10226,10441,11.09435501347673,0.6464375
10105,10432,11.096864934785685,0.6465
10080,10347,11.099944073687652,0.6465625
11724,10453,11.104284527140862,0.646625
9695,9818,11.106318649249488,0.6466875
9899,10352,11.10731539630342,0.64675
10034,10261,11.113677513806351,0.6468125
9998,10241,11.120754013506485,0.646875
10239,10344,11.12103852013513,0.6469375
9874,10220,11.123979513397671,0.647
9808,10226,11.12763779893146,0.6470625
10161,10259,11.1289858330357,0.647125
10003,10219,11.129936799340271,0.6471875
10173,10384,11.131674130854208,0.64725
10496,10457,11.131796998277423,0.6473125
9950,10381,11.136994704592553,0.647375
9933,10369,11.13990941278189,0.6474375
10366,10358,11.141287385965825,0.6475
10137,10375,11.142484878989649,0.6475625
10198,10455,11.147872749655335,0.647625
9955,10260,11.150405670406258,0.6476875
10220,10359,11.15838178218894,0.64775
10108,10339,11.164693757309692,0.6478125
10234,10361,11.170476814041422,0.647875
9909,10221,11.174263350415231,0.6479375
14027,10228,11.178568253541357,0.648
10244,10227,11.18054491083933,0.6480625
10305,10238,11.181943733973412,0.648125
10081,10371,11.183027339036357,0.6481875
10163,10324,11.19666522101977,0.64825
10248,10370,11.197055726200006,0.6483125
10174,10456,11.203936181949643,0.648375
10221,10332,11.20591634796051,0.6484375
10268,10362,11.206328651230592,0.6485
10054,10331,11.21498210044831,0.6485625
9834,10223,11.222433597066015,0.648625
10036,10239,11.23614188067495,0.6486875
10169,10337,11.240450197115706,0.64875
10608,10360,11.251915806460033,0.6488125
10237,10336,11.256195975808623,0.648875
13004,10334,11.26660834788811,0.6489375
10164,10327,11.269195461973368,0.649
10347,10333,11.28106533315713,0.6490625
10288,10374,11.289412796723013,0.649125
10303,10326,11.290692138740383,0.6491875
10023,10373,11.307927705103225,0.64925
10111,10222,11.31380742074191,0.6493125
10130,10224,11.3196652596489,0.649375
10343,10460,11.320737585697316,0.6494375
10465,10458,11.327588879666791,0.6495
10166,10459,11.330111368093867,0.6495625
10861,10463,11.346344500137775,0.649625
10240,10372,11.35780968164056,0.6496875
9994,10329,11.366220308909874,0.64975
10042,10263,11.371506861705257,0.6498125
10058,10262,11.37432520428024,0.649875
10134,10328,11.380224441683367,0.6499375
10027,10335,11.385900366878218,0.65
10043,10330,11.38628355500498,0.6500625
10162,10321,11.387333842147996,0.650125
10125,10325,11.387510887430267,0.6501875
10455,10323,11.439681054624316,0.65025
9979,10265,11.445009628748721,0.6503125
10352,10462,11.449708456330995,0.650375
10271,10537,11.461463608667373,0.6504375
10453,10464,11.476053575786068,0.6505
10286,10461,11.487754437162607,0.6505625
10262,10534,11.496443264933191,0.650625
10193,10322,11.498642308936155,0.6506875
10185,10465,11.501761901104487,0.65075
10338,10539,11.504131920292707,0.6508125
14448,10314,11.520143856317077,0.650875
10147,10318,11.527200206515545,0.6509375
10059,10535,11.535495968878763,0.651
10128,10264,11.537323317484152,0.6510625
10322,10538,11.54735759411335,0.651125
10998,10536,11.567268238849238,0.6511875
10046,10282,11.582280669035185,0.65125
10308,10320,11.590657449878563,0.6513125
10014,10272,11.591725332406213,0.651375
10065,10276,11.595234140141315,0.6514375
10511,10278,11.600209385762582,0.6515
10264,10319,11.601437847093166,0.6515625
10445,10540,11.60273340259539,0.651625
9961,10266,11.603297705327577,0.6516875
10274,10317,11.624532371695523,0.65175
10076,10316,11.625548113976834,0.6518125
10304,10466,11.62874442727582,0.651875
10175,10467,11.637956316840814,0.6519375
10177,10285,11.64123912218406,0.652
10029,10315,11.658724733820236,0.6520625
10052,10274,11.66239765647913,0.652125
10406,10530,11.665003344634897,0.6521875
10073,10268,11.667872448511957,0.65225
10207,10490,11.677390133990002,0.6523125
10204,10277,11.684611526302092,0.652375
10548,10281,11.684856819944343,0.6524375
10156,10273,11.685579930383483,0.6525
10431,10522,11.686603826073451,0.6525625
10596,10523,11.691998481195014,0.652625
10291,10519,11.693513279495619,0.6526875
10791,10544,11.694806725245485,0.65275
9987,10280,11.697088796059688,0.6528125
10183,10269,11.704503156658348,0.652875
10255,10533,11.705324377062084,0.6529375
10148,10473,11.705888642740206,0.653
10311,10474,11.707053128642997,0.6530625
10022,10270,11.708041221935446,0.653125
10045,10279,11.708608000937147,0.6531875
10798,10472,11.721305558551308,0.65325
10459,10531,11.72181101004719,0.6533125
10693,10469,11.73850248415954,0.653375
10197,10284,11.738624607098359,0.6534375
10272,10521,11.741426738750306,0.6535
9924,10267,11.748899114598203,0.6535625
9965,10313,11.75109153388405,0.653625
10060,10271,11.753716673633335,0.6536875
10280,10283,11.754423515685744,0.65375
10582,10545,11.755802524598607,0.6538125
9887,10275,11.759143015849077,0.653875
10139,10483,11.76415311189794,0.6539375
14936,10542,11.768098662258012,0.654
10318,10489,11.776393831980045,0.6540625
10153,10527,11.778405373801547,0.654125
10228,10543,11.789259053041292,0.6541875
10550,10470,11.790999043812235,0.65425
10632,10518,11.792511453045904,0.6543125
10723,10484,11.795398707826962,0.654375
10493,10491,11.800109204898945,0.6544375
10363,10541,11.801785756009394,0.6545
13410,10486,11.809763275829368,0.6545625
10201,10528,11.810202982938563,0.654625
10225,10520,11.81070042581905,0.6546875
10555,10510,11.819568899967749,0.65475
10136,10532,11.82093825135064,0.6548125
10376,10485,11.823539114677374,0.654875
10340,10471,11.824170292677536,0.6549375
10091,10286,11.827348841737717,0.655
10250,10524,11.840096814541425,0.6550625
10257,10498,11.852487924645516,0.655125
10024,10509,11.858823470220045,0.6551875
10331,10529,11.861352293564323,0.65525
10301,10487,11.864788953935204,0.6553125
10120,10468,11.868587673922093,0.655375
10535,10515,11.870349157284409,0.6554375
10314,10546,11.876886090364792,0.6555
10361,10511,11.876933863964268,0.6555625
10417,10493,11.878792341323447,0.655625
10107,10305,11.879377191491926,0.6556875
10079,10492,11.8813742320458,0.65575
10194,10526,11.882852205148538,0.6558125
11149,10476,11.88664184136212,0.655875
10313,10482,11.887178336941133,0.6559375
10200,10477,11.888164520727287,0.656
15342,10480,11.88958961474782,0.6560625
10093,10475,11.891879025560456,0.656125
10398,10488,11.904318890613581,0.6561875
10434,10525,11.909156131729219,0.65625
12865,10502,11.914466914167406,0.6563125
10412,10512,11.918701959628265,0.656375
14272,10304,11.925634070981346,0.6564375
10333,10481,11.926123970472645,0.6565
10135,10287,11.929372834732476,0.6565625
10278,10478,11.933106460593876,0.656625
10287,10494,11.93568722255145,0.6566875
10636,10548,11.93728626547886,0.65675
10202,10312,11.946856479219377,0.6568125
10772,10310,11.949395842571334,0.656875
10310,10505,11.953776372946209,0.6569375
10211,10311,11.962447456768132,0.657
10483,10547,11.967728526617748,0.6570625
10383,10479,11.974767261356874,0.657125
10267,10517,11.982990547509644,0.6571875
14189,10514,11.988334735215972,0.65725
10275,10500,11.996983182606755,0.6573125
10682,10299,12.001664467552473,0.657375
10358,10506,12.008269900176629,0.6574375
10026,10300,12.016104819324482,0.6575
10217,10504,12.022195713815336,0.6575625
10302,10516,12.022253449840036,0.657625
10560,10549,12.025302593816264,0.6576875
10122,10294,12.027760163746507,0.65775
15265,15549,12.036202424877274,0.6578125
10524,10503,12.040896333214505,0.657875
10192,10499,12.042144428962388,0.6579375
10779,10495,12.045947064166626,0.658
10508,10501,12.06013068127379,0.6580625
10865,10309,12.066060993760175,0.658125
10180,10497,12.07071557590291,0.6581875
10492,10306,12.080073134611666,0.65825
10353,10550,12.081255332094088,0.6583125
10117,10496,12.08376447664864,0.658375
10644,10308,12.086172066305153,0.6584375
10297,10288,12.08969166906752,0.6585
10402,10307,12.109787164637737,0.6585625
10089,10289,12.11246285044831,0.658625
15453,15548,12.112561895589806,0.6586875
10482,10513,12.113402823373008,0.65875
9969,10302,12.124994228701894,0.6588125
9939,10301,12.129605560700725,0.658875
15547,15418,12.139832108281553,0.6589375
10238,10552,12.141731385086928,0.659
10214,10295,12.142383090454814,0.6590625
15985,15550,12.150806042023078,0.659125
10070,10508,12.151811120898287,0.6591875
10468,10551,12.156245450769575,0.65925
15851,15419,12.171136038226905,0.6593125
15549,15524,12.17164129929597,0.659375
9976,10298,12.178508425913606,0.6594375
10152,10297,12.178868082397685,0.6595
10328,10303,12.182969238190708,0.6595625
15212,15525,12.197436110523313,0.659625
15608,15551,12.197602560473115,0.6596875
10503,10553,12.198343829151554,0.65975
13601,10563,12.20093841247126,0.6598125
10780,10559,12.207978229963032,0.659875
14406,14557,12.21222389264085,0.6599375
10218,10507,12.221658322749022,0.66
10184,10296,12.234025172924703,0.6600625
15397,15543,12.240975406811003,0.660125
15197,15409,12.244663929772287,0.6601875
15354,15563,12.244793663840255,0.66025
10172,10293,12.25175386714966,0.6603125
15151,15553,12.25195144297345,0.660375
15716,15544,12.252005980144304,0.6604375
14240,14558,12.260549889369031,0.6605
10542,10560,12.26503462522112,0.6605625
15120,15411,12.266743311423852,0.660625
10235,10555,12.277110287188975,0.6606875
14351,14530,12.277456340264735,0.66075
15269,15405,12.277794426375749,0.6608125
15159,15412,12.278490329651959,0.660875
14622,14560,12.279927899218137,0.6609375
10345,10556,12.280960074824634,0.661
15309,15416,12.284783961031962,0.6610625
15121,15454,12.284913162136263,0.661125
14142,10292,12.287733960455967,0.6611875
15003,14547,12.288364606297364,0.66125
15271,15554,12.288553650623044,0.6613125
15185,15560,12.289533105995588,0.661375
15338,15552,12.290795262697657,0.6614375
14181,14531,12.291146490749952,0.6615
15221,15408,12.291594334731599,0.6615625
15695,15410,12.29213022853628,0.661625
10069,10291,12.29623594648183,0.6616875
15439,15547,12.300326060849784,0.66175
15331,15455,12.304274533490116,0.6618125
15355,15404,12.307518354238482,0.661875
9993,10290,12.308927016727921,0.6619375
15041,15420,12.31366050456154,0.662
15356,15407,12.314391978133926,0.6620625
15791,15546,12.314695925762408,0.662125
15174,15417,12.314939342174966,0.6621875
15417,15522,12.322019019649133,0.66225
15130,15406,12.322054298828334,0.6623125
15135,15415,12.324147130930896,0.662375
14516,14561,12.327487439855076,0.6624375
15060,15456,12.3288819373563,0.6625
15248,15459,12.32973767632302,0.6625625
10439,10561,12.332666000242625,0.662625
15395,15523,12.334387330134405,0.6626875
10364,10557,12.338653417257206,0.66275
14291,14555,12.34112488001324,0.6628125
14436,14556,12.344025706715001,0.662875
15994,15414,12.345682541647193,0.6629375
15141,15390,12.348045228725141,0.663
14314,14554,12.34911549734852,0.6630625
15298,15413,12.34964688177979,0.663125
14281,14548,12.350433418745979,0.6631875
14193,14529,12.353046746789232,0.66325
10258,10554,12.355335924291353,0.6633125
10518,10564,12.358052133182923,0.663375
10507,10562,12.358258657416059,0.6634375
15889,15460,12.358271228371677,0.6635
14445,14553,12.36805823486884,0.6635625
10428,10558,12.378216288477802,0.663625
15324,15564,12.379853040273474,0.6636875
15462,15388,12.382074855345536,0.66375
15196,15386,12.384137292807736,0.6638125
15256,15565,12.384394925077686,0.663875
14257,14540,12.39176345437454,0.6639375
15260,15521,12.393956498804073,0.664
15511,15741,12.396275647222865,0.6640625
15365,15545,12.397619375667546,0.664125
15558,15740,12.402060549858788,0.6641875
15040,15403,12.403549820590115,0.66425
14287,14552,12.403663142588584,0.6643125
10377,10565,12.403932482409118,0.664375
15228,15542,12.406014811232808,0.6644375
15443,15562,12.414269296038583,0.6645
15264,15530,12.421701043697112,0.6645625
14304,14564,12.421988936540856,0.664625
15328,15558,12.422382970928311,0.6646875
15491,15559,12.422731122607047,0.66475
14258,14544,12.42307141298079,0.6648125
15428,15453,12.425050197352448,0.664875
14226,14545,12.430196039111934,0.6649375
14220,14546,12.431133329982913,0.665
15537,15739,12.433572916000458,0.6650625
14980,15382,12.434001451083304,0.665125
14530,14543,12.435296507219846,0.6651875
15134,15389,12.441256530795727,0.66525
14540,14541,12.442194891010558,0.6653125
14701,14528,12.443253382891498,0.665375
14210,14550,12.444063623731381,0.6654375
15306,15526,12.448166783075976,0.6655
14228,14468,12.448338613558008,0.6655625
14443,14562,12.448358162770546,0.665625
14466,14532,12.453966247793687,0.6656875
15423,15561,12.458077038473675,0.66575
14538,14559,12.461826271059635,0.6658125
15590,15520,12.46258912290159,0.665875
14367,14565,12.464812025644278,0.6659375
15988,14526,12.464951265748596,0.666
15377,15527,12.466916218615097,0.6660625
15419,15539,12.468766251099623,0.666125
15584,15457,12.471943437333493,0.6661875
14604,14539,12.473628331534655,0.66625
14347,14567,12.47538274686417,0.6663125
15182,15462,12.475899731743311,0.666375
15289,15461,12.483535544572305,0.6664375
15202,15506,12.484075121849628,0.6665
14183,14525,12.49021686548781,0.6665625
15017,15384,12.491138098676629,0.666625
14972,15396,12.491563973634811,0.6666875
15708,15745,12.49204516108125,0.66675
14255,14566,12.492752971200161,0.6668125
15327,15421,12.492812289690619,0.666875
15320,15528,12.49317278347462,0.6669375
14645,14484,12.498509595421638,0.667
15050,15387,12.500912283254138,0.6670625
14697,14563,12.501398318509928,0.667125
15156,15402,12.501475714964954,0.6671875
15132,15391,12.50245245308588,0.66725
15882,15529,12.505101545909383,0.6673125
14101,14481,12.50512258880508,0.667375
15715,15372,12.50580498936165,0.6674375
14401,14534,12.508243956683373,0.6675
15210,15541,12.508530751242006,0.6675625
15525,15744,12.508906762419656,0.667625
15630,15748,12.509271297222085,0.6676875
10932,10566,12.510640520075185,0.66775
14781,14542,12.511032431900276,0.6678125
15192,15531,12.511312211712493,0.667875
15175,15422,12.511955993214315,0.6679375
14288,14486,12.514228350626126,0.668
14867,14482,12.515246569314058,0.6680625
15279,15397,12.517782934174875,0.668125
15562,15556,12.517787226072414,0.6681875
14225,14485,12.51885412561569,0.66825
14424,14469,12.519221079647423,0.6683125
14316,14551,12.52034901279194,0.668375
14609,14524,12.521936682032674,0.6684375
14974,15401,12.522088228934763,0.6685
15857,15398,12.529839377328017,0.6685625
15292,15381,12.529931944519376,0.668625
15315,15557,12.532810568957984,0.6686875
15286,15395,12.536854055163985,0.66875
15239,15555,12.537042035000013,0.6688125
15251,15511,12.540539760310594,0.668875
15372,15508,12.542116097356711,0.6689375
14560,14549,12.544918725492607,0.669
15230,15373,12.545449648578142,0.6690625
15215,15532,12.5457873197754,0.669125
15507,15734,12.550722760195185,0.6691875
15729,15743,12.551276923137948,0.66925
14400,14480,12.551879694065065,0.6693125
14219,14488,12.553610000682056,0.669375
15137,15399,12.555604087342772,0.6694375
15232,15507,12.559418572813684,0.6695
15653,15749,12.559435770326672,0.6695625
15469,15738,12.559690383391626,0.669625
15612,15746,12.56743753676642,0.6696875
15051,15466,12.571506175165041,0.66975
15394,15513,12.57179080424703,0.6698125
15532,15747,12.572439913771404,0.669875
15273,15464,12.573803860562975,0.6699375
14313,14522,12.574440967277496,0.67
14320,14538,12.574696497204513,0.6700625
14293,14487,12.574818098020387,0.670125
15403,15383,12.574834935331637,0.6701875
15848,15540,12.57776239700138,0.67025
14385,14527,12.578140933064105,0.6703125
15337,15518,12.578360256035921,0.670375
14461,14489,12.580930079133395,0.6704375
10425,10567,12.581232591948378,0.6705
15311,15465,12.586362700914151,0.6705625
15430,15742,12.58734387977347,0.670625
15456,15458,12.589625321176982,0.6706875
15108,15426,12.590398945595325,0.67075
15205,15467,12.591603592186402,0.6708125
15184,15451,12.593523822954694,0.670875
15325,15566,12.593822496724442,0.6709375
15349,15514,12.59859947561381,0.671
15236,15519,12.598985993360657,0.6710625
10251,10568,12.59938306059064,0.671125
15227,15425,12.602217018016518,0.6711875
14283,14467,12.603653536752063,0.67125
14557,14466,12.606549959188442,0.6713125
15122,15400,12.607504970664422,0.671375
15723,15737,12.608254637749724,0.6714375
15259,15392,12.608822175066507,0.6715
15764,15735,12.611298721420098,0.6715625
15293,15468,12.61361237909523,0.671625
15769,15736,12.614139109031612,0.6716875
15157,15505,12.617995103955082,0.67175
15270,15428,12.622310687747586,0.6718125
15018,15471,12.626607277440144,0.671875
15204,15450,12.62667024400207,0.6719375
15008,15374,12.62763605926716,0.672
14460,14483,12.627778887350587,0.6720625
14366,14470,12.628292003435035,0.672125
15871,15469,12.634857551119921,0.6721875
15382,15509,12.636338976360776,0.67225
15168,15380,12.637107079954149,0.6723125
15339,15463,12.642806814124242,0.672375
15317,15423,12.646382043895755,0.6724375
15089,14500,12.646914004967812,0.6725
15376,15371,12.64855194981692,0.6725625
15149,15385,12.653893982207592,0.672625
15169,15510,12.65406259229826,0.6726875
15969,15449,12.654173148811651,0.67275
14329,14533,12.65421598283615,0.6728125
15287,15424,12.655466360803757,0.672875
14211,14475,12.659807591692925,0.6729375
15229,15631,12.662863212263574,0.673
14306,14568,12.663899390255665,0.6730625
14715,14535,12.664063441577127,0.673125
14234,14471,12.6644246821445,0.6731875
15626,15512,12.665270955623555,0.67325
14422,14501,12.66965551216822,0.6733125
15162,15370,12.669981689288988,0.673375
15272,15375,12.670225224790784,0.6734375
15527,15452,12.67087024780858,0.6735
15333,15630,12.677099837137348,0.6735625
15431,15533,12.678811306924445,0.673625
15345,15633,12.679869915643849,0.6736875
15627,15751,12.68447933106745,0.67375
14840,14498,12.68650397637407,0.6738125
15828,15752,12.686831584459469,0.673875
15466,15733,12.686866511504604,0.6739375
15310,15516,12.687623291451246,0.674
14484,14499,12.695530250105094,0.6740625
14455,14477,12.696004854889452,0.674125
15117,15393,12.696892347782978,0.6741875
15242,15535,12.696967087869325,0.67425
15388,15704,12.700819969367103,0.6743125
14384,14490,12.702082140633365,0.674375
15620,15725,12.70242759705775,0.6744375
10576,10569,12.706022918791291,0.6745
15448,15727,12.707689869038404,0.6745625
15475,15750,12.711025025213075,0.674625
15400,15703,12.715618627173399,0.6746875
15055,15538,12.716242116407102,0.67475
14261,14523,12.716634352393385,0.6748125
15489,15632,12.718048882156154,0.674875
15154,15394,12.71822485767666,0.6749375
14499,14491,12.718387929751316,0.675
15685,15726,12.719284934966026,0.6750625
15629,15378,12.729162512333005,0.675125
14280,14476,12.729524512631087,0.6751875
14713,14478,12.733199411718715,0.67525
14146,14495,12.735140261774404,0.6753125
15960,14465,12.736779274559467,0.675375
14325,14496,12.738469618222553,0.6754375
14253,14472,12.73899954369358,0.6755
15438,15504,12.74295551522232,0.6755625
14371,14536,12.743254207507789,0.675625
14268,14579,12.744737124152834,0.6756875
15343,15536,12.746568106610766,0.67575
15536,15567,12.747449415427809,0.6758125
14573,14576,12.749410287325873,0.675875
15446,15537,12.749429504246564,0.6759375
14348,14578,12.755743290821556,0.676
15396,15470,12.756161451024582,0.6760625
14344,14537,12.756467513180269,0.676125
14284,14502,12.756719582118876,0.6761875
15756,15702,12.756884179381586,0.67625
15408,15429,12.757527524057878,0.6763125
15238,15379,12.757882513875757,0.676375
15346,15427,12.761498372410188,0.6764375
15996,14577,12.762408256833169,0.6765
15278,15377,12.763090412258407,0.6765625
14327,14616,12.7664808391512,0.676625
14323,14464,12.76931944922535,0.6766875
15966,15473,12.769863144765623,0.67675
15530,15430,12.7698933630802,0.6768125
14462,14573,12.770262305969709,0.676875
15364,15515,12.772848377451055,0.6769375
15499,14617,12.775590504343654,0.677
15112,15472,12.778814409256029,0.6770625
15390,15569,12.785365745735817,0.677125
14297,14569,12.791795944494424,0.6771875
14209,14503,12.792573793302381,0.67725
15831,15431,12.7976220770488,0.6773125
15781,15635,12.79883972506559,0.677375
14368,14575,12.79888985924822,0.6774375
15291,15447,12.800662337622953,0.6775
10370,10570,12.801365608147194,0.6775625
15468,15724,12.801608647400371,0.677625
15763,14493,12.802448046413929,0.6776875
15323,14571,12.802722179199236,0.67775
15910,14521,12.805617534277417,0.6778125
10350,10571,12.807916048486277,0.677875
15506,15568,12.808644642150739,0.6779375
15541,15534,12.80981109038521,0.678
15809,15517,12.809908418685154,0.6780625
14637,14497,12.81124243624663,0.678125
14440,14570,12.812517179131419,0.6781875
15607,15729,12.81418340184564,0.67825
15412,15571,12.815430222832902,0.6783125
15812,15728,12.823819799597914,0.678375
14295,14494,12.825808977427641,0.6784375
14378,14479,12.825965682921606,0.6785
15534,15701,12.829994839612027,0.6785625
15984,14510,12.83107613019979,0.678625
15233,15570,12.832521365742195,0.6786875
14223,14618,12.834636432083698,0.67875
15804,15753,12.836114899864924,0.6788125
15176,15448,12.837827419031328,0.678875
14586,14505,12.839322915223647,0.6789375
15945,15353,12.840227678489555,0.679
15235,15352,12.841728018083813,0.6790625
14477,14574,12.844247969895605,0.679125
14369,14619,12.846267124765973,0.6791875
14141,14504,12.846358782041989,0.67925
15574,15723,12.847735779361301,0.6793125
14891,15232,12.853609687402013,0.679375
14388,14520,12.855718001730793,0.6794375
14915,14519,12.855938578441283,0.6795
15220,15376,12.857920054565056,0.6795625
15755,15757,12.859919823776181,0.679625
15480,15708,12.863358974409493,0.6796875
15796,15705,12.86712151084248,0.67975
14354,14474,12.8684625189494,0.6798125
15567,15756,12.875606733470477,0.679875
15478,15572,12.877118309476145,0.6799375
15425,15634,12.87805343130458,0.68
15313,15349,12.880422914257679,0.6800625
15106,15445,12.882280899822717,0.680125
12352,12678,12.882559952492329,0.6801875
15963,14509,12.883335047475839,0.68025
15085,15227,12.883460223956718,0.6803125
15894,15754,12.88350183243142,0.680375
15180,15340,12.884516614233917,0.6804375
15733,15709,12.886440589806853,0.6805
15167,15351,12.886612994413781,0.6805625
15930,15476,12.888307707697322,0.680625
15484,15732,12.88863357498326,0.6806875
12511,12684,12.888776257108248,0.68075
14387,14492,12.892214661464777,0.6808125
15387,15636,12.896208153037378,0.680875
15385,15228,12.897044542646881,0.6809375
15389,15367,12.89760431895752,0.681
10448,10580,12.897820511755754,0.6810625
15907,14516,12.89791773659681,0.681125
14966,15366,12.900051006741023,0.6811875
15569,15706,12.906023481406464,0.68125
15027,15224,12.90613533145438,0.6813125
14762,14572,12.90799573100685,0.681375
13739,14138,12.908472055672974,0.6814375
14328,14457,12.91047433009635,0.6815
14981,15434,12.910975370264623,0.6815625
11549,10579,12.913277037754597,0.681625
14326,14613,12.913552802590402,0.6816875
14517,14590,12.914769426036628,0.68175
15640,15446,12.916093215263345,0.6818125
15102,15339,12.916702971249151,0.681875
15263,15503,12.91778515404144,0.6819375
14269,14586,12.919548767749802,0.682
15555,15730,12.92077478542592,0.6820625
14149,14473,12.92188264849733,0.682125
14600,14589,12.923834033535059,0.6821875
15573,15722,12.924419560395563,0.68225
15977,14615,12.924804052096079,0.6823125
15145,15368,12.925518841643225,0.682375
14416,14511,12.926770618674254,0.6824375
14866,15248,12.926777101291009,0.6825
15427,15433,12.934460080524104,0.6825625
15762,15707,12.935309018068892,0.682625
15199,15342,12.935464540430758,0.6826875
15290,15369,12.93692699639223,0.68275
14285,14582,12.940739427409198,0.6828125
15576,15485,12.942431704081855,0.682875
14377,14452,12.945096527273108,0.6829375
15275,15432,12.945312495105327,0.683
15245,15233,12.94549677172472,0.6830625
12778,12679,12.9476516584391,0.683125
14449,14518,12.947929812560687,0.6831875
14262,14580,12.951443062832823,0.68325
15147,15497,12.952532495114838,0.6833125
15386,15498,12.95264564784361,0.683375
15687,15718,12.954866026345599,0.6834375
14215,14506,12.955470654762166,0.6835
15009,15230,12.958164705403988,0.6835625
15472,15783,12.959891966172336,0.683625
15415,15629,12.961299128218798,0.6836875
15257,15477,12.962212987021758,0.68375
15133,15341,12.963296502993899,0.6838125
15606,15700,12.964801501150987,0.683875
15700,15223,12.96657091938755,0.6839375
14893,15226,12.967932576195153,0.684
15319,15478,12.969267121390885,0.6840625
15285,15329,12.970411038880457,0.684125
15370,15482,12.974734984731185,0.6841875
15754,15500,12.974998161715575,0.68425
10538,10578,12.975285830437087,0.6843125
15721,15501,12.975359609582938,0.684375
15540,15484,12.975655130804398,0.6844375
15647,15758,12.97612549008386,0.6845
10452,10572,12.978018380544427,0.6845625
15449,15719,12.979083791351513,0.684625
13848,14137,12.979347581495404,0.6846875
14266,14451,12.983009048521808,0.68475
15810,15755,12.983780450111453,0.6848125
14510,14584,12.98404062722534,0.684875
14238,14581,12.984130265580916,0.6849375
15528,15481,12.986083876952534,0.685
14334,14463,12.988356667149674,0.6850625
15191,15343,12.988524050997057,0.685125
15326,15347,12.988708493606282,0.6851875
15517,15637,12.988757085979387,0.68525
12336,12685,12.988785118793885,0.6853125
14355,14620,12.989338565548906,0.685375
15101,15231,12.989627590483906,0.6854375
15231,15441,12.990796570095199,0.6855
14398,14621,12.99280943325175,0.6855625
15082,15225,12.993612223570608,0.685625
15118,15442,12.994235012883337,0.6856875
15088,15338,12.995030497039352,0.68575
15282,14600,12.995310240799427,0.6858125
10688,10577,12.996093265869376,0.685875
15361,15439,12.996274968334774,0.6859375
15305,15499,12.997044381528212,0.686
15127,15475,12.998482936071923,0.6860625
15074,15218,13.002062633551077,0.686125
14553,14601,13.003252797693904,0.6861875
14442,14507,13.003686618671509,0.68625
15053,15365,13.004131804959115,0.6863125
12332,12683,13.004440780388222,0.686375
15502,15731,13.004979375300536,0.6864375
12951,13202,13.005338792087969,0.6865
14434,14614,13.0056050090584,0.6865625
15181,15350,13.006995778544706,0.686625
12593,12680,13.008077229832452,0.6866875
15793,15696,13.00902054830567,0.68675
14164,14453,13.011180796312601,0.6868125
14993,15330,13.011524581100048,0.686875
14352,14588,13.011832764215342,0.6869375
15255,15474,13.01247717206229,0.687
14751,14449,13.01521197600573,0.6870625
15563,15698,13.015862610381873,0.687125
15470,15496,13.01607333608149,0.6871875
14601,14604,13.016251454283974,0.68725
12531,12682,13.0164910464905,0.6873125
14178,14515,13.01821091760985,0.687375
15495,15249,13.018888610778504,0.6874375
15436,15444,13.019036470950368,0.6875
14195,14623,13.01905304326101,0.6875625
14800,14458,13.020064216880428,0.687625
15124,15355,13.021112288653057,0.6876875
12651,12643,13.021128492628804,0.68775
12314,12681,13.02125207779909,0.6878125
12968,13194,13.02181138250603,0.687875
15548,15483,13.023317903727275,0.6879375
15201,15229,13.024388077522644,0.688
15582,15694,13.02744084761548,0.6880625
12917,13203,13.028386792932906,0.688125
15758,15759,13.028760006272933,0.6881875
10447,10574,13.03358829428862,0.68825
15335,15573,13.034147292649322,0.6883125
12398,12677,13.034446536993528,0.688375
15059,15348,13.034533931444003,0.6884375
14296,14585,13.03461417550966,0.6885
13109,13204,13.035145600824308,0.6885625
15241,15622,13.035811573660112,0.688625
15039,15345,13.035927335909264,0.6886875
15461,15344,13.035981070762318,0.68875
14277,14508,13.038042162411557,0.6888125
14916,15196,13.038442535287459,0.688875
15587,15668,13.03909778142156,0.6889375
15515,15254,13.039605409321894,0.689
10351,10581,13.04290330980416,0.6890625
13638,13201,13.043238205088073,0.689125
14534,14517,13.044479197838882,0.6891875
15371,15712,13.044669388489638,0.68925
15392,15250,13.04554105164334,0.6893125
14248,14606,13.046511625351513,0.689375
13784,14177,13.047907222779486,0.6894375
15166,14602,13.048663731135548,0.6895
15452,15697,13.048953639997308,0.6895625
14673,14607,13.050376022327555,0.689625
15056,15234,13.05048811465008,0.6896875
10444,10575,13.050668719881287,0.68975
13929,14178,13.052227017917176,0.6898125
14305,14583,13.053741172646596,0.689875
15032,15251,13.054700665418977,0.6899375
15876,15443,13.055508342524263,0.69
15947,14461,13.056125206648858,0.6900625
14218,14460,13.056430626225392,0.690125
14125,14514,13.056687567345989,0.6901875
14330,14599,13.057687519109322,0.69025
15893,15436,13.058643080599722,0.6903125
14245,14459,13.0595656225305,0.690375
15098,15354,13.060581062300116,0.6904375
15240,15438,13.061529293127478,0.6905
15186,15346,13.062202355303953,0.6905625
15116,15333,13.06279251975593,0.690625
15069,15334,13.063547790537086,0.6906875
15744,15667,13.064407443019718,0.69075
14382,14587,13.064721831311317,0.6908125
15447,15710,13.064745785880405,0.690875
15671,15486,13.067001951008933,0.6909375
11449,10573,13.06785007142878,0.691
15545,15328,13.06869241872414,0.6910625
15160,15493,13.068759614029432,0.691125
15357,15489,13.069264192013861,0.6911875
15301,15717,13.069423226796061,0.69125
15207,15336,13.070340886710483,0.6913125
15771,15487,13.071053875468806,0.691375
15413,15699,13.07460160522919,0.6914375
10888,10582,13.076294228194456,0.6915
14907,15197,13.076890649060715,0.6915625
15956,14513,13.077206038087525,0.691625
14068,14462,13.078452637586452,0.6916875
15295,15440,13.079917420841866,0.69175
14994,15337,13.081728269552514,0.6918125
14278,14512,13.08244195770817,0.691875
15072,15437,13.082880700329497,0.6919375
15457,15693,13.084587145718842,0.692
15488,15331,13.086161130410346,0.6920625
15380,15324,13.08680494738178,0.692125
14139,14140,13.088283833973946,0.6921875
12457,10583,13.088789771826441,0.69225
14587,14591,13.092203722118938,0.6923125
14298,14596,13.0923269843056,0.692375
14935,15216,13.092978512775517,0.6924375
15314,15488,13.094089809382012,0.6925
15152,15244,13.094704324594659,0.6925625
13826,14136,13.095643708036505,0.692625
15666,15332,13.096977521995314,0.6926875
15704,15760,13.099661487191725,0.69275
15091,15335,13.09992845410693,0.6928125
15997,15364,13.099934761939721,0.692875
13125,13196,13.100477107080224,0.6929375
13771,14139,13.100508197724366,0.693
15267,15217,13.102264750618133,0.6930625
15638,15711,13.102881664135793,0.693125
15126,15480,13.10496914875307,0.6931875
15513,15721,13.105307156986555,0.69325
12601,12706,13.105620256579414,0.6933125
15603,15761,13.10563599215402,0.693375
15404,15479,13.10599893179915,0.6934375
13022,12711,13.106955408442445,0.6935
14463,14622,13.107282255111386,0.6935625
15454,15669,13.107678950744003,0.693625
15250,15243,13.108093005973842,0.6936875
14962,15252,13.108570924793412,0.69375
15068,15322,13.108614896914332,0.6938125
15016,15356,13.108718805869103,0.693875
12306,12644,13.111641548468697,0.6939375
15922,15198,13.114048239228396,0.694
15578,15720,13.11550770126837,0.6940625
15300,15492,13.115995213296856,0.694125
15012,15199,13.116270692921262,0.6941875
13283,13193,13.117238887214853,0.69425
13812,14145,13.119189026133427,0.6943125
12647,12708,13.12005144725822,0.694375
15237,15220,13.120262177521909,0.6944375
15246,15211,13.123849950034582,0.6945
15179,15219,13.127917457069998,0.6945625
15504,15628,13.128632599132516,0.694625
14361,14611,13.130268835504921,0.6946875
15790,15716,13.131398707721246,0.69475
15249,15621,13.132763517101694,0.6948125
14996,15192,13.133033983703626,0.694875
15797,15784,13.13335445768007,0.6949375
15029,15235,13.133458010572895,0.695
15596,15768,13.134213818218086,0.6950625
15284,15238,13.137765875081868,0.695125
15262,15237,13.137767076221053,0.6951875
15148,15208,13.138616698922078,0.69525
15519,15767,13.13971261482493,0.6953125
14414,14609,13.140032782574508,0.695375
15073,15212,13.141156769823738,0.6954375
15341,15327,13.141408671379395,0.6955
14332,14450,13.141736758703473,0.6955625
15616,15323,13.14365501655493,0.695625
13173,13200,13.144129543898316,0.6956875
12643,12712,13.144268762224556,0.69575
14763,14592,13.144277879678839,0.6958125
12933,13195,13.145505201069454,0.695875
15216,15236,13.14714938084353,0.6959375
15173,15360,13.150092774915947,0.696
15109,15491,13.15037061001317,0.6960625
14333,14454,13.150817432529493,0.696125
15348,15247,13.153854955537781,0.6961875
14910,15242,13.153894996817144,0.69625
14292,14598,13.15416055364949,0.6963125
15368,15206,13.154329781228398,0.696375
15010,15239,13.15455992083389,0.6964375
15303,15240,13.155582860774075,0.6965
15092,15357,13.156951949268887,0.6965625
14771,15193,13.15781942350145,0.696625
15214,15502,13.158547811146718,0.6966875
15183,15435,13.158799678502191,0.69675
12481,12703,13.15907870667047,0.6968125
13249,13197,13.15928609372645,0.696875
15564,15715,13.161375116113959,0.6969375
10158,10584,13.16182180330793,0.697
14310,14624,13.162009158035971,0.6970625
15080,15326,13.162114433489705,0.697125
15784,15663,13.162878515541252,0.6971875
14224,14456,13.163222140147582,0.69725
15550,15666,13.163269573417438,0.6973125
14360,14605,13.163408919527456,0.697375
15522,15638,13.163813872841729,0.6974375
13893,14142,13.165588289559537,0.6975
12964,13199,13.167762619512587,0.6975625
14229,14597,13.16786053877263,0.697625
15081,15195,13.169313225555697,0.6976875
12412,12713,13.171546423998961,0.69775
14948,15201,13.171573196325426,0.6978125
14246,14595,13.176243353620293,0.697875
15244,15207,13.177054653147934,0.6979375
15843,15713,13.178049070147381,0.698
15087,15194,13.178182520435712,0.6980625
14263,14594,13.178693855767506,0.698125
14503,14448,13.181743010039554,0.6981875
14396,14612,13.182003549892897,0.69825
12462,12707,13.184038901515123,0.6983125
12958,13205,13.18452055055127,0.698375
12972,13188,13.185094539868714,0.6984375
12749,12704,13.185268090475802,0.6985
15481,15763,13.187929787783332,0.6985625
14865,15205,13.190803965627765,0.698625
13828,14149,13.190975942279692,0.6986875
15674,15714,13.192843765310954,0.69875
15918,12637,13.194651682605354,0.6988125
14518,14174,13.194808959823149,0.698875
13030,13198,13.196296111227639,0.6989375
14872,15253,13.196332419048986,0.699
14958,15256,13.196399940179163,0.6990625
14446,14610,13.196885716631641,0.699125
14982,15209,13.197092414943654,0.6991875
15274,15359,13.197208301756973,0.69925
15680,15782,13.19758020962945,0.6993125
15471,15688,13.199025554921946,0.699375
15858,15695,13.201334280698347,0.6994375
15987,15661,13.201507955676561,0.6995
13074,13212,13.20301723755847,0.6995625
12771,12686,13.20334974921525,0.699625
14031,14141,13.203533469918739,0.6996875
15879,13215,13.20470166194832,0.69975
15048,15246,13.207541078486884,0.6998125
14844,15202,13.207607418756652,0.699875
13861,14173,13.208360898964202,0.6999375
14188,14447,13.208418147726206,0.7
12428,12705,13.20874063813244,0.7000625
14845,15203,13.209202954075863,0.700125
15407,15690,13.209362019905484,0.7001875
15418,15604,13.209770810436794,0.70025
12385,12674,13.209928056598983,0.7003125
15459,15769,13.210385464906494,0.700375
15254,15363,13.212399083286982,0.7004375
14197,14446,13.213147308026919,0.7005
12401,12673,13.213889625166985,0.7005625
15280,15623,13.214844217650125,0.700625
15642,15766,13.214938448666999,0.7006875
15523,15495,13.215297274357454,0.70075
14950,15321,13.215868907867844,0.7008125
14260,14455,13.216533123523732,0.700875
12491,12642,13.216681290000906,0.7009375
15516,15358,13.216768330087007,0.701
15076,15245,13.218877378635398,0.7010625
12628,12691,13.21976866906175,0.701125
15195,15627,13.220524326694658,0.7011875
12629,12714,13.220544960052166,0.70125
15850,15692,13.223127457921919,0.7013125
12438,12641,13.223307814892223,0.701375
15732,15765,13.226444188357618,0.7014375
15067,15200,13.228119335469046,0.7015
15219,15204,13.228450393659841,0.7015625
12615,12645,13.229258204899224,0.701625
15991,15656,13.230320194069463,0.7016875
12449,12672,13.232574108160634,0.70175
15090,15325,13.23295664520515,0.7018125
14852,15210,13.233341511743902,0.701875
15518,15664,13.23350453529838,0.7019375
15414,15626,13.234255174375676,0.702
15949,15625,13.235550045238597,0.7020625
13058,13216,13.236901587840066,0.702125
15350,15494,13.23710565406168,0.7021875
15075,15490,13.237950454157954,0.70225
13115,13207,13.23845806752297,0.7023125
15559,15785,13.238880832918767,0.702375
15093,15222,13.238970591903353,0.7024375
14857,15255,13.239373592495667,0.7025
12535,12692,13.239893474543805,0.7025625
13806,14135,13.241125817264674,0.702625
13963,14144,13.242287367440895,0.7026875
15581,15589,13.243638769991094,0.70275
13219,13187,13.244148811538707,0.7028125
14340,14608,13.24419139055658,0.702875
15500,15684,13.24472669508873,0.7029375
14208,14179,13.246343011763202,0.703
12439,12676,13.246543361160548,0.7030625
12450,12675,13.24669816812252,0.703125
15243,15190,13.248556588941028,0.7031875
15316,15574,13.248615678212445,0.70325
15129,15213,13.248740709384492,0.7033125
14345,14603,13.249218151265495,0.703375
12434,12695,13.250525594779447,0.7034375
14640,14593,13.252884307508339,0.7035
12437,12638,13.254556120837833,0.7035625
15139,15191,13.255633653771383,0.703625
15494,15662,13.25584350235249,0.7036875
15761,15691,13.256470429432284,0.70375
12483,12639,13.257058505763325,0.7038125
15211,15606,13.257159775681657,0.703875
15344,15576,13.257821528895647,0.7039375
12419,12646,13.258662940680551,0.704
14878,15214,13.259891382735077,0.7040625
15474,15624,13.260469234780203,0.704125
12672,12688,13.260794498724863,0.7041875
15524,15620,13.261934151812966,0.70425
10365,10576,13.261999735743416,0.7043125
12363,12701,13.262594143609476,0.704375
15114,15241,13.262932310729411,0.7044375
12476,12657,13.263236879465012,0.7045
15332,15575,13.266369582357811,0.7045625
15440,15577,13.267601497248506,0.704625
15885,15781,13.269311187458698,0.7046875
14052,14180,13.269615462534603,0.70475
15714,15764,13.26962617481422,0.7048125
12492,12696,13.269667650087513,0.704875
14244,14147,13.271760704520375,0.7049375
13914,14146,13.272651866853039,0.705
15226,15221,13.274363388058191,0.7050625
13212,13190,13.274955974166232,0.705125
15617,15657,13.275611298460035,0.7051875
13866,14134,13.27665164346331,0.70525
15023,15314,13.276766185272663,0.7053125
13849,14181,13.277098841651195,0.705375
14924,15259,13.277201628324292,0.7054375
15304,15588,13.2798901788467,0.7055
12410,12693,13.281953065851212,0.7055625
15288,15670,13.282132973968828,0.705625
14405,14148,13.28234022914262,0.7056875
12338,12702,13.283136228051717,0.70575
15565,15770,13.283382514021696,0.7058125
15437,15320,13.286351518538595,0.705875
13885,14175,13.286416866417767,0.7059375
13446,13206,13.286556852139029,0.706
15366,15660,13.286648012381193,0.7060625
15433,15665,13.286805246955055,0.706125
12386,12687,13.287017046178562,0.7061875
14429,14625,13.287421137571982,0.70625
13083,13213,13.287670035400879,0.7063125
10741,10598,13.28837566375239,0.706375
15911,15771,13.288428501574572,0.7064375
13108,13189,13.29140313340713,0.7065
15818,15762,13.291935758287764,0.7065625
12420,12651,13.29426786410636,0.706625
15409,15579,13.294624386687019,0.7066875
15514,15786,13.296512614842186,0.70675
14986,15258,13.298155608509433,0.7068125
15308,15257,13.29856443143035,0.706875
14592,14150,13.299479551648119,0.7069375
15682,15580,13.30005816618268,0.707
12541,12634,13.300128254368246,0.7070625
12478,12700,13.301794702045981,0.707125
15351,15605,13.306202514404049,0.7071875
15420,15609,13.307165723323806,0.70725
15095,15189,13.308866290896276,0.7073125
13988,14151,13.309137087942418,0.707375
12589,12716,13.30993129088506,0.7074375
15369,15675,13.312576916551961,0.7075
14458,14627,13.314023035803075,0.7075625
12435,12715,13.318205554433462,0.707625
15070,15319,13.318438565843735,0.7076875
15492,15591,13.318659886160958,0.70775
14132,14176,13.318909104676322,0.7078125
15623,15687,13.323463069607214,0.707875
15983,14187,13.324106541763967,0.7079375
12443,12656,13.3251943140624,0.708
15778,15789,13.326901492642719,0.7080625
15375,15361,13.32717552510212,0.708125
15277,15608,13.327212545723796,0.7081875
15726,15788,13.32756089796635,0.70825
15258,15610,13.32873437162175,0.7083125
12247,12661,13.328938973638515,0.708375
15542,15671,13.329032776383428,0.7084375
12487,12670,13.32915581954262,0.7085
14775,14188,13.32947179414964,0.7085625
12516,12709,13.32996480420502,0.708625
10334,10599,13.331950896625017,0.7086875
15064,15315,13.333126208602607,0.70875
15336,15597,13.33647591318595,0.7088125
10355,10585,13.337916280800982,0.708875
15772,15587,13.338107064558926,0.7089375
12599,12658,13.33889095322479,0.709
12347,12690,13.340978695285912,0.7090625
13855,14143,13.342331303325864,0.709125
14942,15160,13.344369666170678,0.7091875
14187,14152,13.34446517699439,0.70925
13184,13191,13.346009434312236,0.7093125
13831,14194,13.34718139096185,0.709375
15261,15215,13.347481191940005,0.7094375
15379,15598,13.348403429705968,0.7095
15923,12383,13.349025760099948,0.7095625
15318,15674,13.351326272356118,0.709625
15373,15672,13.352193948876902,0.7096875
12474,12669,13.35478357842203,0.70975
15572,14437,13.354885725862005,0.7098125
13809,14182,13.355922282096799,0.709875
15451,15681,13.356201905186253,0.7099375
13868,12635,13.356731240121917,0.71
15954,15773,13.356940533820762,0.7100625
15222,15578,13.358030701280768,0.710125
15383,15317,13.358756259313168,0.7101875
12650,12726,13.359475977041711,0.71025
13121,13214,13.359767698331325,0.7103125
15416,15641,13.363792488114314,0.710375
14379,14628,13.36475136378931,0.7104375
12503,12659,13.365107998973599,0.7105
15441,15639,13.365809039514716,0.7105625
15411,15689,13.366978596131958,0.710625
15505,15787,13.368122810493787,0.7106875
15037,15260,13.368621506305999,0.71075
15792,15659,13.369627880698545,0.7108125
15980,15584,13.36977641371459,0.710875
12421,12717,13.370903595529171,0.7109375
13918,14199,13.372340829786936,0.711
14059,14440,13.373297292795087,0.7110625
12058,12385,13.373953221642523,0.711125
14997,15262,13.376374143309704,0.7111875
10512,10590,13.37810541199076,0.71125
14886,15156,13.37840374713187,0.7113125
15465,15685,13.37875140366259,0.711375
15217,15362,13.380198926511866,0.7114375
15362,15607,13.380944760221837,0.7115
14086,14153,13.381314516879229,0.7115625
15560,15581,13.382291311791278,0.711625
15104,15318,13.382526419466785,0.7116875
12228,12636,13.382615438290713,0.71175
15429,15680,13.382905521428484,0.7118125
12551,12697,13.383050094799273,0.711875
12684,12632,13.383783914244304,0.7119375
12851,13192,13.384150625523944,0.712
14108,14189,13.38418141341731,0.7120625
12240,12648,13.387255674885182,0.712125
14480,14195,13.387304575149528,0.7121875
13002,13210,13.387564018222065,0.71225
12993,12721,13.388368100318075,0.7123125
15609,15658,13.388565521471492,0.712375
15096,15265,13.389070892027803,0.7124375
15155,15316,13.390443892764097,0.7125
10411,10601,13.39188800104182,0.7125625
12359,12710,13.392001882315526,0.712625
15084,15166,13.394218606344793,0.7126875
14179,14441,13.395366857270346,0.71275
15964,14193,13.395472831537745,0.7128125
14057,14154,13.395570410134951,0.712875
12679,12694,13.396395601881068,0.7129375
15602,15602,13.396466577045885,0.713
14550,14629,13.398974008559662,0.7130625
15613,15772,13.399048227948242,0.713125
12886,13211,13.399164370728386,0.7131875
12427,12640,13.39930805589529,0.71325
10394,10600,13.399875253001937,0.7133125
12522,12725,13.402196711650959,0.713375
14259,14117,13.402967526058774,0.7134375
12277,12405,13.40374365894786,0.7135
12820,13186,13.404438244859648,0.7135625
12406,12647,13.404700343449804,0.713625
15177,12631,13.405071418656917,0.7136875
15599,15792,13.405172885477214,0.71375
12931,12652,13.406319003781846,0.7138125
15200,15582,13.407625877575128,0.713875
12557,12629,13.40804943559283,0.7139375
15321,15640,13.408553088668214,0.714
12376,12698,13.40859188681361,0.7140625
15432,15590,13.40868313961164,0.714125
15302,15600,13.411392559996557,0.7141875
12113,12371,13.411593692766473,0.71425
14570,14166,13.412016707623025,0.7143125
15266,15594,13.41223822051893,0.714375
14217,14438,13.412693175892173,0.7144375
15554,15686,13.413406890937722,0.7145
12367,12374,13.415894901553202,0.7145625
15497,15677,13.416292565644653,0.714625
14876,15264,13.416692643485476,0.7146875
13021,13209,13.416698124376808,0.71475
12567,12722,13.416791221372932,0.7148125
10283,10591,13.41821377719566,0.714875
10266,10586,13.418257068278308,0.7149375
13865,14196,13.420099429550419,0.715
15163,15593,13.421372705288604,0.7150625
13320,13208,13.421515730284,0.715125
14887,15161,13.42189880124829,0.7151875
15493,15603,13.42232389312835,0.71525
13792,14121,13.422389204598176,0.7153125
15153,15164,13.42316948155053,0.715375
13785,13220,13.423230786009071,0.7154375
15405,15601,13.42664254206261,0.7155
12153,12373,13.426723770446188,0.7155625
14535,14626,13.429086610879722,0.715625
13003,13217,13.429257508567161,0.7156875
12212,12377,13.429350969016014,0.71575
15486,15596,13.429467434443495,0.7158125
15908,14192,13.432877931977146,0.715875
12205,12407,13.434844631539136,0.7159375
12372,12727,13.436361955938764,0.716
12606,12719,13.436837830630566,0.7160625
15065,12650,13.436881657405138,0.716125
14032,14165,13.437969064219942,0.7161875
12466,12667,13.43799254308965,0.71625
12286,12357,13.438493666972818,0.7163125
15143,15266,13.43940079492154,0.716375
15734,15790,13.440895987359909,0.7164375
15679,15683,13.441209605541644,0.7165
12328,12379,13.442153103380633,0.7165625
15668,15586,13.4426189992314,0.716625
13906,14122,13.442866725922158,0.7166875
15330,15583,13.44289897884596,0.71675
15865,15611,13.444944559529858,0.7168125
13925,14186,13.445179492604666,0.716875
12781,12728,13.445828750187275,0.7169375
13754,14118,13.44591973393267,0.717
12260,12358,13.446104870753288,0.7170625
15384,15676,13.446659243820704,0.717125
15299,15263,13.44796083912047,0.7171875
13732,14119,13.447986240633327,0.71725
12468,12689,13.448489009927016,0.7173125
15531,15619,13.45134054594996,0.717375
15424,15599,13.451915411400023,0.7174375
14971,15261,13.45360751880412,0.7175
12504,12699,13.45580734465807,0.7175625
12392,12630,13.456110762064782,0.717625
13972,14172,13.456951867388398,0.7176875
15172,15165,13.458367286555358,0.71775
12055,12409,13.46169186664406,0.7178125
15773,15791,13.461781417724978,0.717875
13909,14162,13.461941798035468,0.7179375
12331,12626,13.46199895170139,0.718
14113,14164,13.464251543271757,0.7180625
13457,13183,13.465133403425398,0.718125
15247,15313,13.465383161564432,0.7181875
12154,12375,13.46566610911077,0.71825
12213,12384,13.465700602119114,0.7183125
14409,14444,13.465707539012328,0.718375
15933,14191,13.465938137495868,0.7184375
12193,12382,13.466180251029527,0.7185
15529,15798,13.466255662217463,0.7185625
15667,15682,13.467883458188226,0.718625
14088,14133,13.467892494876196,0.7186875
12845,12718,13.468042829968681,0.71875
15450,15595,13.468152002329589,0.7188125
15399,15614,13.46940493886268,0.718875
15322,15673,13.47069121090044,0.7189375
15719,15652,13.471328201688948,0.719
12740,12668,13.471772552704579,0.7190625
13692,12370,13.476031000449666,0.719125
10231,10597,13.477647886154728,0.7191875
15611,15268,13.478749312241234,0.71925
15190,15296,13.479102487192904,0.7193125
15063,15159,13.479114670172066,0.719375
12223,12396,13.479999378748062,0.7194375
12226,12378,13.481392680954741,0.7195
13905,14120,13.48585313083072,0.7195625
15464,15612,13.486134147804023,0.719625
12467,12671,13.486343959526494,0.7196875
15750,15592,13.486928500529075,0.71975
15426,15311,13.487235360756813,0.7198125
14319,14439,13.488927211659757,0.719875
10624,10596,13.488971325115813,0.7199375
11958,12372,13.489076372051613,0.72
12377,12724,13.489712990260614,0.7200625
13912,14249,13.491327952757729,0.720125
12923,12653,13.49196282280991,0.7201875
12085,12376,13.492177855977843,0.72025
10490,10602,13.493719816828389,0.7203125
12566,12633,13.49384197758036,0.720375
15482,15644,13.495719772989332,0.7204375
15381,15618,13.496964616059586,0.7205
12529,12368,13.497753270867406,0.7205625
12139,12397,13.497792874145489,0.720625
12128,12364,13.499075535131624,0.7206875
14067,14244,13.499695702616464,0.72075
15539,15312,13.500734223935524,0.7208125
15444,15643,13.501076627610246,0.720875
15993,15647,13.501743984981658,0.7209375
15943,14445,13.502350820392621,0.721
13830,14155,13.502398950977067,0.7210625
15111,15157,13.502420973392418,0.721125
14883,15188,13.502720214862848,0.7211875
12245,12410,13.503136853075148,0.72125
10316,10587,13.503464336993034,0.7213125
15378,15585,13.50350465254337,0.721375
12189,12406,13.50375361678266,0.7214375
15391,15145,13.503832040084944,0.7215
12221,12359,13.50453116300173,0.7215625
14077,14123,13.505626872177572,0.721625
15161,15267,13.505951246790573,0.7216875
12949,13224,13.507094620787257,0.72175
10992,10595,13.507307176106565,0.7218125
15597,15794,13.507671964212705,0.721875
10279,10588,13.5093737323607,0.7219375
11803,10605,13.509650403233081,0.722
15410,15616,13.51157493720666,0.7220625
15735,15795,13.51381570226954,0.722125
14381,14631,13.514681011625498,0.7221875
15974,15655,13.514876308966677,0.72225
15445,15653,13.515688220627453,0.7223125
12445,12662,13.515694737682907,0.722375
15730,15645,13.51641990798339,0.7224375
12188,12381,13.516510396797003,0.7225
13937,14124,13.51689422478239,0.7225625
15654,15780,13.518100493996599,0.722625
14955,15158,13.520126481548004,0.7226875
12375,12654,13.521689553378565,0.72275
12125,12393,13.523021895484362,0.7228125
12440,12723,13.523689645161312,0.722875
15066,15163,13.526200214115079,0.7229375
15619,15298,13.526304907694339,0.723
15860,15778,13.52654832947178,0.7230625
13856,14161,13.528108842741858,0.723125
15906,13182,13.529096948046572,0.7231875
15731,15646,13.52992548634461,0.72325
14222,14156,13.53080095470682,0.7233125
15208,15271,13.531102886556482,0.723375
15352,15613,13.531168066833288,0.7234375
13775,14167,13.532670936764816,0.7235
10529,10603,13.534012430772123,0.7235625
14051,14250,13.534473497790486,0.723625
12267,12666,13.535334753666802,0.7236875
12553,12660,13.535673126586971,0.72375
15701,15642,13.537301103216123,0.7238125
15296,15654,13.53799762281551,0.723875
12821,13184,13.540577476050203,0.7239375
12060,12367,13.540904749856509,0.724
13977,14243,13.542427085473037,0.7240625
15467,15679,13.543866738164525,0.724125
14792,14241,13.548683239975844,0.7241875
12290,12386,13.549825166752271,0.72425
12109,12369,13.549925899159462,0.7243125
14167,14443,13.551193658922102,0.724375
13534,10610,13.554265309664174,0.7244375
12323,12649,13.555638476228978,0.7245
15709,15777,13.55631643825086,0.7245625
12311,12663,13.557136342034255,0.724625
14080,14157,13.558491149972951,0.7246875
10570,10608,13.558789581684778,0.72475
15049,15297,13.558851873318417,0.7248125
14959,15183,13.558887404155485,0.724875
14365,14442,13.558944311701907,0.7249375
15780,15793,13.559134984890989,0.725
12389,12356,13.560258884358745,0.7250625
15194,15187,13.56080186924737,0.725125
13959,14200,13.561128821930424,0.7251875
13768,14201,13.561308768436447,0.72525
12799,13223,13.56276228916363,0.7253125
14241,14202,13.56288060436691,0.725375
15779,15796,13.563052066325781,0.7254375
13552,13228,13.563716195615143,0.7255
12064,12360,13.564498644467221,0.7255625
12544,12665,13.565997509380622,0.725625
13161,13227,13.566875318982284,0.7256875
15463,15168,13.56792676777195,0.72575
12909,13226,13.569253946692015,0.7258125
15131,15299,13.569648385985602,0.725875
13862,14183,13.569668188159767,0.7259375
12334,12361,13.570095309815997,0.726
15110,15182,13.570344371663623,0.7260625
13054,13218,13.57118061409028,0.726125
13798,14246,13.572426084846484,0.7261875
12093,12380,13.572978705766218,0.72625
14597,14630,13.574291853014074,0.7263125
14097,14163,13.574689710975917,0.726375
14869,15167,13.574981464628308,0.7264375
15479,15678,13.57544322679314,0.7265
15496,15774,13.576096945382915,0.7265625
15888,14434,13.57641456702845,0.726625
10378,10607,13.577676095129846,0.7266875
14919,15169,13.578053409914219,0.72675
13872,14197,13.57937841369926,0.7268125
13979,14168,13.57957553791789,0.726875
15136,15302,13.581366020969654,0.7269375
10609,10594,13.581544227965537,0.727
12173,12416,13.5823082279137,0.7270625
14049,14226,13.582624300739553,0.727125
15487,15617,13.585083607754768,0.7271875
14054,14245,13.58553844954099,0.72725
14025,14247,13.587876187321399,0.7273125
13969,14251,13.589238179923768,0.727375
13805,14116,13.589829135700256,0.7274375
12809,13185,13.589887321403921,0.7275
12882,13219,13.590291000005891,0.7275625
14900,15171,13.590297682083474,0.727625
15782,15797,13.591176020045168,0.7276875
12070,12408,13.591196302107619,0.72775
13843,14198,13.59142410416166,0.7278125
12943,13222,13.59192323388379,0.727875
15044,15144,13.592798190403983,0.7279375
15189,15289,13.595622254163573,0.728
14836,15181,13.596955695712495,0.7280625
15959,14132,13.597105612632276,0.728125
15312,15300,13.601109716142446,0.7281875
10332,10604,13.601999877184653,0.72825
15083,15301,13.602140207142384,0.7283125
15806,15775,13.60224839202806,0.728375
12414,12729,13.602368444320518,0.7284375
14913,15146,13.602779964804085,0.7285
13036,13221,13.60289012854605,0.7285625
15026,15173,13.603275322227773,0.728625
14599,14169,13.603581027423388,0.7286875
14884,15162,13.60510327689326,0.72875
12322,12413,13.605621813474272,0.7288125
10413,10593,13.606239567212924,0.728875
13951,14159,13.60734370343721,0.7289375
12706,12655,13.607527359198684,0.729
15198,15172,13.60896097407067,0.7290625
12201,12366,13.609261968452984,0.729125
13944,14223,13.610300043881807,0.7291875
13982,14252,13.611778962923836,0.72925
13864,14160,13.612489746958772,0.7293125
14008,14203,13.613025764079794,0.729375
12179,12387,13.613089544716559,0.7294375
14233,14185,13.614699367433786,0.7295
12165,12395,13.615316244111682,0.7295625
12904,12796,13.616953397243151,0.729625
14928,15152,13.619432644358312,0.7296875
15883,15649,13.619504461297083,0.72975
14943,15185,13.620650133453864,0.7298125
10456,10592,13.620696698061238,0.729875
14087,14224,13.620823837534772,0.7299375
10471,10764,13.62094096656267,0.73
15086,15305,13.621091735656364,0.7300625
13851,14227,13.62158719313129,0.730125
15206,15615,13.6247145251873,0.7301875
15610,15776,13.625229424733106,0.73025
15678,15779,13.626487938723585,0.7303125
12649,12664,13.62665809842133,0.730375
14231,14422,13.626950393146899,0.7304375
12384,12617,13.62717735864885,0.7305
14110,14184,13.627616607892833,0.7305625
14979,15306,13.629420202747497,0.730625
13874,14125,13.629508431166187,0.7306875
14237,14219,13.6297447989582,0.73075
15283,15281,13.631297687645883,0.7308125
14076,14190,13.631869591915574,0.730875
14121,14242,13.63245438119452,0.7309375
14004,14423,13.633960187552248,0.731
10710,10763,13.635837920981544,0.7310625
15975,14237,13.635889478457557,0.731125
14169,14225,13.636831330748919,0.7311875
15193,15155,13.637764247062933,0.73125
10160,10589,13.639452116891903,0.7313125
15655,15799,13.63960262052342,0.731375
14289,14218,13.64056793869122,0.7314375
15747,15648,13.640753220129682,0.7315
15999,15288,13.641279158728821,0.7315625
15002,15153,13.641384250223837,0.731625
14276,14431,13.641790955530496,0.7316875
15188,15272,13.64302593568732,0.73175
12527,12720,13.643358323257871,0.7318125
12611,12627,13.644528741679778,0.731875
12222,12365,13.644591557140075,0.7319375
14394,14424,13.646262620064363,0.732
14853,15303,13.646835897120582,0.7320625
14873,15186,13.647167243409513,0.732125
12577,12800,13.647352841358725,0.7321875
14174,14436,13.647514388122318,0.73225
12141,12399,13.649009504865717,0.7323125
12234,12435,13.650033065935304,0.732375
12948,13229,13.651243039405927,0.7324375
12455,12398,13.653301902972089,0.7325
13954,14204,13.654870476714223,0.7325625
15777,15651,13.655083163177096,0.732625
14307,14171,13.655243012910432,0.7326875
12215,12363,13.65754818591654,0.73275
15944,14221,13.659028273965305,0.7328125
14476,14429,13.659248697051453,0.732875
15697,15290,13.660546111238773,0.7329375
13808,14158,13.660624621841635,0.733
15841,12436,13.661742837689644,0.7330625
14353,14430,13.665178702966386,0.733125
14892,15143,13.66576799184918,0.7331875
13322,13225,13.667316824411955,0.73325
12665,12618,13.669943845772877,0.7333125
12532,12730,13.670636481272822,0.733375
14129,14236,13.671158681532233,0.7334375
12469,12795,13.671356684313196,0.7335
12309,12404,13.673169302676797,0.7335625
14134,14170,13.673311749731738,0.733625
14956,15310,13.673479355702057,0.7336875
15004,15154,13.674510687336806,0.73375
12520,12394,13.67509927748415,0.7338125
10261,10606,13.675477263177868,0.733875
15374,15291,13.675826200808615,0.7339375
14393,14240,13.676716156791372,0.734
15670,15280,13.677757510476795,0.7340625
13053,13181,13.67825763529845,0.734125
12167,12403,13.679471425921747,0.7341875
12209,12390,13.680636470976197,0.73425
12695,12793,13.680720015867337,0.7343125
14495,14632,13.682861410091846,0.734375
14038,14216,13.684034080109768,0.7344375
14114,14220,13.684781831108921,0.7345
10432,10609,13.685163621829588,0.7345625
14977,15184,13.686238746413437,0.734625
15094,15269,13.686570946186293,0.7346875
15978,15804,13.687637262454473,0.73475
12161,12433,13.689029805805376,0.7348125
12446,12801,13.689084302099445,0.734875
14166,14398,13.690201077052961,0.7349375
14322,14205,13.691523492240549,0.735
13817,14130,13.693357791607923,0.7350625
14542,14427,13.693904985641439,0.735125
14581,14432,13.695403015948159,0.7351875
15340,15279,13.697696716891642,0.73525
15455,15802,13.700761971931342,0.7353125
12402,12415,13.701502413830212,0.735375
15079,15180,13.702079549683276,0.7354375
14046,14253,13.704596908710073,0.7355
12362,12628,13.70517637896205,0.7355625
10521,10824,13.707611994375384,0.735625
15946,15309,13.708447118135155,0.7356875
12409,12625,13.708555002564935,0.73575
10956,10766,13.709255008070272,0.7358125
15097,15287,13.709295645436669,0.735875
12473,12432,13.710503143015103,0.7359375
14331,14428,13.711231518073873,0.736
12689,12736,13.712573401169948,0.7360625
12231,12411,13.71502369171617,0.736125
13772,14238,13.715412993038626,0.7361875
15570,15803,13.715687497250656,0.73625
13941,14129,13.715802008320452,0.7363125
12505,12790,13.716532397759238,0.736375
14214,14435,13.717168882182932,0.7364375
12006,12417,13.718868500865938,0.7365
12814,12434,13.721402289787648,0.7365625
12124,12362,13.721420061814115,0.736625
12118,12389,13.722146124118808,0.7366875
12528,12792,13.723114625137896,0.73675
15442,15295,13.723193818033678,0.7368125
10436,10611,13.724084985609124,0.736875
10416,10612,13.724633282540708,0.7369375
14207,14235,13.726139316801891,0.737
10565,10767,13.730064183276681,0.7370625
14085,14128,13.730482456560594,0.737125
14812,14421,13.731906962833591,0.7371875
12493,12794,13.73213351114373,0.73725
15140,15308,13.733137430042916,0.7373125
14811,15148,13.734732410868446,0.737375
12360,12412,13.735286516285669,0.7374375
13699,14111,13.735889189174713,0.7375
15483,15650,13.736745824705167,0.7375625
14925,15270,13.739226257863265,0.737625
14082,14425,13.739640027348969,0.7376875
12033,12355,13.739779036652408,0.73775
15268,15282,13.74025659357767,0.7378125
10634,10613,13.742215089726301,0.737875
14904,15151,13.743463746539419,0.7379375
15125,15283,13.744259418682987,0.738
14196,14401,13.748603502763444,0.7380625
14486,14248,13.750545734603293,0.738125
13910,14206,13.751404290882647,0.7381875
15218,15170,13.751653012953057,0.73825
12456,12731,13.753558014490409,0.7383125
10559,10822,13.754067067825645,0.738375
13038,13230,13.754534288417744,0.7384375
14185,14400,13.755140371057223,0.7385
15071,15304,13.75559108002335,0.7385625
15334,15307,13.756772949235483,0.738625
14074,10827,13.756853116184857,0.7386875
10767,10826,13.758037035743882,0.73875
14970,15147,13.758565662094725,0.7388125
12348,12437,13.758712317863683,0.738875
14144,14239,13.759048404809846,0.7389375
14922,15177,13.760368111995604,0.739
14036,14402,13.761001818265186,0.7390625
14794,15174,13.761591090100183,0.739125
14312,14426,13.763402237105538,0.7391875
14302,14399,13.76351154145732,0.73925
14158,14275,13.763673260350515,0.7393125
14198,14273,13.764914567822643,0.739375
14021,14234,13.765129749700236,0.7394375
10925,10823,13.766743347988722,0.7395
14339,14420,13.767438235030568,0.7395625
13094,13234,13.768967358420241,0.739625
13986,14217,13.771832644596316,0.7396875
12361,12418,13.773791380986722,0.73975
14914,15285,13.773954912132922,0.7398125
12208,12624,13.774145268486564,0.739875
14157,14254,13.774533627028177,0.7399375
15144,15286,13.774720988812305,0.74
12326,12400,13.777793006949196,0.7400625
14934,15293,13.778063065278047,0.740125
12270,12735,13.778856525677838,0.7401875
12656,12401,13.77960418722705,0.74025
14120,14396,13.78030651049221,0.7403125
13050,13231,13.780400320638591,0.740375
14011,14274,13.780791335744198,0.7404375
10561,10828,13.782393558504964,0.7405
15553,15800,13.784954959477773,0.7405625
15651,15809,13.785647586629011,0.740625
12098,12388,13.789913535925962,0.7406875
12337,12623,13.791850076341234,0.74075
12631,12797,13.793795982542406,0.7408125
12597,12826,13.794239713992056,0.740875
12452,12753,13.796690592296727,0.7409375
10670,10750,13.798069464160449,0.741
10477,10821,13.798129953695252,0.7410625
15103,15070,13.800455070159842,0.741125
15015,15178,13.802756117626132,0.7411875
15077,15273,13.803162413967812,0.74125
12424,12414,13.80743011909476,0.7413125
14989,15292,13.807600772528076,0.741375
12815,12752,13.80832397982067,0.7414375
14045,14126,13.80890775204989,0.7415
13935,14222,13.809966300838596,0.7415625
15329,12392,13.810378889924777,0.741625
15924,12807,13.810568257722935,0.7416875
14906,15141,13.810860280640327,0.74175
12540,12619,13.810913631841913,0.7418125
15013,15277,13.812815168412953,0.741875
10520,10765,13.813940860940306,0.7419375
10491,10754,13.816461168355318,0.742
14968,15071,13.819837462555597,0.7420625
15165,15276,13.820126287745325,0.742125
12517,12798,13.82154414287379,0.7421875
12525,12616,13.82355149715545,0.74225
13833,14228,13.824349647206873,0.7423125
13900,14207,13.82532518730818,0.742375
15757,15801,13.825695063581634,0.7424375
12800,12754,13.827465528714583,0.7425
10470,10747,13.828131566058005,0.7425625
14212,14127,13.828184516177089,0.742625
12110,12391,13.829617917640917,0.7426875
13933,14115,13.83005220398968,0.74275
15123,15294,13.830566761065484,0.7428125
14170,14230,13.830669307012158,0.742875
12202,12402,13.831056828485316,0.7429375
14009,14233,13.83140526226748,0.743
14279,14232,13.831745839155701,0.7430625
15358,15805,13.831942383004616,0.743125
13704,14079,13.832080911564162,0.7431875
10732,10769,13.832192272737302,0.74325
11047,10762,13.837092134144314,0.7433125
13807,14078,13.838419348832986,0.743375
12564,12740,13.840738809300774,0.7434375
14862,14637,13.843484587971943,0.7435
14957,15142,13.84353964404545,0.7435625
12713,12799,13.843549687631594,0.743625
13300,13232,13.846378778025155,0.7436875
14137,14418,13.84709870634083,0.74375
12866,12802,13.848244688490468,0.7438125
14062,14397,13.848401383471582,0.743875
12607,12791,13.850369604417665,0.7439375
10562,10753,13.85057651476734,0.744
12600,12741,13.852092970668082,0.7440625
14539,14633,13.853051085034394,0.744125
14562,14433,13.853705537710766,0.7441875
15899,14074,13.853900439942663,0.74425
14423,14229,13.85585048313078,0.7443125
10400,10677,13.85605374540421,0.744375
10410,10770,13.85703046307674,0.7444375
14013,14255,13.861007102476606,0.7445
10420,10752,13.86141832175258,0.7445625
12569,12763,13.862385900170239,0.744625
14042,14270,13.864300976051481,0.7446875
10804,10676,13.86471312181368,0.74475
14078,14131,13.868032165397835,0.7448125
14504,14635,13.868152993299418,0.744875
13330,13233,13.869729158080872,0.7449375
14156,14419,13.872059739818724,0.745
12295,12620,13.872116644558673,0.7450625
14903,15140,13.873269984912213,0.745125
14439,14271,13.874605561586804,0.7451875
13069,13235,13.876632415971017,0.74525
12475,12803,13.877739398043104,0.7453125
12585,12737,13.877746981042492,0.745375
12353,12734,13.879618132752057,0.7454375
13292,13238,13.88028052661548,0.7455
14835,15137,13.882001624531313,0.7455625
14799,15072,13.88291775181142,0.745625
12704,12805,13.883808422605398,0.7456875
13823,14084,13.884111402179542,0.74575
10762,10768,13.884433905386118,0.7458125
10391,10759,13.88504078006531,0.745875
13123,12804,13.885158118980371,0.7459375
12646,12768,13.89141264372256,0.746
10396,10755,13.891499074280546,0.7460625
12089,12429,13.89281838783586,0.746125
15045,15175,13.893116199820952,0.7461875
12892,12748,13.89553605211313,0.74625
14954,15150,13.896866584767622,0.7463125
14102,14276,13.896948709532808,0.746375
13890,14114,13.897050342746297,0.7464375
12657,12806,13.898079794722662,0.7465
12697,12732,13.90051124980937,0.7465625
10290,10614,13.900965128598614,0.746625
13825,14110,13.90280069013329,0.7466875
13286,13236,13.903004568021515,0.74675
14023,14073,13.903861513934544,0.7468125
14270,14636,13.904569273565357,0.746875
10526,10726,13.904743010863513,0.7469375
10681,10825,13.905109637309124,0.747
15846,14638,13.905156688788566,0.7470625
10339,10748,13.906247371005179,0.747125
11226,10830,13.906262023014506,0.7471875
12559,12438,13.907056239642316,0.74725
12305,12493,13.907507245026636,0.7473125
14714,14634,13.90752412688471,0.747375
12860,13239,13.909436384444916,0.7474375
14037,14208,13.910394005946955,0.7475
14363,14264,13.910993698012362,0.7475625
12604,12494,13.911215793210886,0.747625
12488,12738,13.91298163782426,0.7476875
12082,12431,13.915060043041422,0.74775
12378,12496,13.915533095339924,0.7478125
10486,10751,13.915789889420694,0.747875
13936,10721,13.916375166942203,0.7479375
12507,12622,13.916902775899189,0.748
14855,15176,13.917148765263164,0.7480625
12982,13180,13.91736276658321,0.748125
14053,14215,13.918282631483862,0.7481875
13913,14081,13.919277921728963,0.74825
14991,15149,13.919775631430184,0.7483125
10625,10692,13.921358018379465,0.748375
10294,10670,13.92380847667664,0.7484375
13816,14080,13.92446938950934,0.7485
15035,15278,13.924563548289825,0.7485625
12558,12743,13.925642966873056,0.748625
10558,10749,13.928306342869746,0.7486875
12774,13240,13.929769678334651,0.74875
14877,15138,13.93166050824675,0.7488125
10671,10836,13.931859283988615,0.748875
10349,10724,13.932821701777016,0.7489375
12405,12621,13.93309421638196,0.749
14115,14280,13.933866601950058,0.7490625
13996,14265,13.935490031684594,0.749125
12317,12615,13.935926294609544,0.7491875
10510,10668,13.937111884585192,0.74925
14122,14277,13.940081998936648,0.7493125
14236,14415,13.940310365219375,0.749375
12391,12750,13.940789666112323,0.7494375
14880,15079,13.942667951581143,0.7495
12552,12745,13.943545300496453,0.7495625
14964,15068,13.944897600683134,0.749625
10551,10795,13.945153248251131,0.7496875
10399,10756,13.946241853571564,0.74975
15034,15179,13.94643402279985,0.7498125
14030,14086,13.947077302043681,0.749875
12938,12500,13.947420674668592,0.7499375
14839,14403,13.948175998196803,0.75
12157,12419,13.948599521666893,0.7500625
10612,10794,13.949047457192364,0.750125
13895,14072,13.950703069725932,0.7501875
15115,15275,13.95092518795127,0.75025
10742,10746,13.951252174199453,0.7503125
13746,14076,13.95168801360228,0.750375
10579,10829,13.951794510896434,0.7504375
13637,12776,13.952707763502758,0.7505
15360,12788,13.95321823960353,0.7505625
15631,15806,13.95420802131116,0.750625
15030,15284,13.955234941384788,0.7506875
10487,10796,13.955599500420249,0.75075
14435,14414,13.956235999479304,0.7508125
12878,12824,13.959274050574777,0.750875
13674,14100,13.960370062115771,0.7509375
12069,12354,13.960699759327326,0.751
10292,10671,13.9608391206217,0.7510625
15776,15808,13.961822674695213,0.751125
14653,14279,13.962936915063892,0.7511875
14180,14214,13.966619305325366,0.75125
13953,14082,13.967617291459874,0.7513125
12602,12762,13.96838410252576,0.751375
10437,10616,13.969198787768391,0.7514375
12652,12749,13.969232893715798,0.7515
15839,15810,13.969966056857174,0.7515625
12675,12770,13.970847563018424,0.751625
10591,10797,13.97182985923962,0.7516875
10397,10758,13.972950316552442,0.75175
13190,12755,13.973126962565857,0.7518125
12235,12499,13.974992543274311,0.751875
14194,14272,13.976552403212509,0.7519375
12509,12744,13.977180046836565,0.752
13099,13237,13.978238312935673,0.7520625
12545,12733,13.978810622488027,0.752125
10519,10669,13.979121743588735,0.7521875
15363,12509,13.979252894669571,0.75225
14028,14212,13.979739565974342,0.7523125
12357,12439,13.980773964102127,0.752375
10564,10757,13.98143532907227,0.7524375
12710,12765,13.982058967218109,0.7525
12194,12424,13.98317510901029,0.7525625
14005,14106,13.98320842364842,0.752625
13886,14278,13.983706999713831,0.7526875
13470,13272,13.98392878188156,0.75275
12371,12742,13.984782778234148,0.7528125
12705,12783,13.986210326954051,0.752875
13678,14085,13.9869144424988,0.7529375
14079,14413,13.989348758331289,0.753
15605,15823,13.989374297219229,0.7530625
10590,10744,13.990237585765271,0.753125
15816,15811,13.991826877880612,0.7531875
13720,14075,13.991862411194461,0.75325
10583,10792,13.992850871933456,0.7533125
10389,10693,13.992996335746625,0.753375
14271,14404,13.993277042176032,0.7534375
12726,12761,13.99342913606597,0.7535
15832,15822,13.994428694135877,0.7535625
13829,14262,13.994646109545101,0.753625
12576,12789,13.995456393840186,0.7536875
14911,15073,13.997227299370252,0.75375
12810,12779,13.997797353985334,0.7538125
14055,14257,13.99832245309085,0.753875
12216,12526,13.998551889043483,0.7539375
10588,10760,13.998912859352686,0.754
12350,12350,14.000506279099454,0.7540625
12634,12524,14.000590410289078,0.754125
12497,12760,14.001762037501749,0.7541875
12883,13241,14.002025019845632,0.75425
13156,13179,14.0026222241504,0.7543125
15510,15274,14.00266840697077,0.754375
14024,14231,14.002741184476236,0.7544375
10726,10678,14.00280873916563,0.7545
12344,12505,14.002856824491118,0.7545625
12297,12420,14.002925589012875,0.754625
13903,14068,14.003147755810005,0.7546875
12873,12827,14.003288097977702,0.75475
12485,12440,14.003360537421031,0.7548125
10664,10673,14.004708515744255,0.754875
15543,15807,14.005030828451027,0.7549375
12537,12769,14.00521218803533,0.755
10680,10788,14.006427371936184,0.7550625
14061,14395,14.00692986977765,0.755125
13965,14210,14.007037027111892,0.7551875
10467,10745,14.009960745916601,0.75525
15645,15817,14.010151183182643,0.7553125
14885,15077,14.010646081984078,0.755375
15881,12514,14.01096593872694,0.7554375
12168,12430,14.011821679280274,0.7555
12841,12756,14.012511060006773,0.7555625
10466,10672,14.013502762805274,0.755625
14182,14417,14.013608680339075,0.7556875
13794,14112,14.014180202594162,0.75575
13898,14113,14.014424586302084,0.7558125
13170,13274,14.014779927830887,0.755875
15904,14077,14.01484077086252,0.7559375
10639,10833,14.015940570203838,0.756
12619,12527,14.016097082803526,0.7560625
14301,14263,14.016121398833093,0.756125
10645,10837,14.01859290688867,0.7561875
12674,12766,14.02046641075367,0.75625
12747,12915,14.02108675080649,0.7563125
12595,12781,14.021586805131847,0.756375
13835,14066,14.021811210104715,0.7564375
13911,14209,14.022214747807311,0.7565
10878,10789,14.022606599202163,0.7565625
12335,12525,14.023887342246553,0.756625
10284,10691,14.02390452267457,0.7566875
12300,12510,14.024886108407145,0.75675
12562,12782,14.026124149464295,0.7568125
10838,10831,14.026213065348884,0.756875
10777,10689,14.026823856677993,0.7569375
14346,14346,14.028101102672963,0.757
12980,13175,14.028361582410298,0.7570625
14341,14109,14.029882439255971,0.757125
12330,12528,14.032944037773404,0.7571875
13934,14213,14.033013830653545,0.75725
12340,12506,14.033275145105563,0.7573125
10344,10615,14.033698210599027,0.757375
14929,12508,14.034239593093844,0.7574375
12691,12822,14.035449551734473,0.7575
14882,15135,14.037337153362614,0.7575625
10404,10800,14.037418602834691,0.757625
12183,12515,14.037654155478322,0.7576875
15702,15820,14.03912925986856,0.75775
15635,15826,14.039803778028954,0.7578125
12937,13245,14.041070704261074,0.757875
14213,14259,14.041947841481942,0.7579375
10514,10674,14.042532840976946,0.758
13919,14069,14.042775128680432,0.7580625
10498,10681,14.043148465153308,0.758125
12744,13174,14.044032869188413,0.7581875
14127,14105,14.044698459135134,0.75825
13080,12784,14.045112622139413,0.7583125
14163,14405,14.045801404750136,0.758375
15503,15819,14.045959025562297,0.7584375
14029,14256,14.046100904753757,0.7585
12717,12808,14.046735517385969,0.7585625
13120,13176,14.048268035950287,0.758625
14290,14266,14.048761730131673,0.7586875
12760,12965,14.051608147705565,0.75875
14041,14260,14.051619495236764,0.7588125
11094,10802,14.051645925630623,0.758875
13968,14104,14.052140794326078,0.7589375
12396,12507,14.052157101164994,0.759
10429,10719,14.053072609708465,0.7590625
12998,13271,14.053315683138408,0.759125
10563,10793,14.054929972348418,0.7591875
15937,14268,14.05515853222596,0.75925
14073,14347,14.055194340682192,0.7593125
10547,10771,14.055730572583684,0.759375
14908,15078,14.056492645409207,0.7594375
12635,12823,14.056722143916431,0.7595
12889,12906,14.057579110401775,0.7595625
10356,10680,14.057597346771104,0.759625
14849,15069,14.05767334535949,0.7596875
13950,14067,14.057754781317499,0.75975
10602,10695,14.05913375989553,0.7598125
12670,12905,14.059341563604903,0.759875
14831,15080,14.060519723976086,0.7599375
10475,10675,14.062048663163182,0.76
11198,10835,14.062061468055845,0.7600625
12536,12751,14.06243961228688,0.760125
13877,14101,14.062630306383426,0.7601875
10770,10790,14.064593005035704,0.76025
13202,13270,14.065234555416282,0.7603125
12502,12832,14.067228201563012,0.760375
12126,12497,14.06739075931796,0.7604375
12489,12809,14.068488582310238,0.7605
13778,14099,14.068561751053267,0.7605625
10759,10832,14.069013466794559,0.760625
12512,12764,14.069133982436824,0.7606875
15643,15818,14.069318368703534,0.76075
14058,14269,14.069330227681576,0.7608125
15884,12747,14.069529768797793,0.760875
12299,12492,14.071086037415398,0.7609375
12425,12522,14.07115883801498,0.761
12690,12771,14.071499213623156,0.7610625
10381,10720,14.072293738772942,0.761125
14596,14281,14.07332773777216,0.7611875
14611,14639,14.07356232172242,0.76125
15614,15848,14.074041680684331,0.7613125
12453,12767,14.077250736450878,0.761375
10419,10698,14.078907967908208,0.7614375
12269,12495,14.079239949473731,0.7615
10441,10728,14.079867419089851,0.7615625
10737,10725,14.079926860633805,0.761625
10323,10679,14.080024670846683,0.7616875
12356,12772,14.080336258534544,0.76175
10523,10820,14.080383780921238,0.7618125
12874,12910,14.08066158475458,0.761875
15014,15136,14.080810507569367,0.7619375
12594,12775,14.08089069241828,0.762
12077,12444,14.08102964892828,0.7620625
14918,14412,14.081982426507466,0.762125
13174,12778,14.082348809872883,0.7621875
15753,14371,14.08249056704949,0.76225
15646,15821,14.083228165857008,0.7623125
13160,12739,14.083791223838944,0.762375
12669,12498,14.084063224535157,0.7624375
10621,10841,14.084657567000704,0.7625
13973,14261,14.084756615881133,0.7625625
14204,14407,14.085088681313891,0.762625
12711,12810,14.08564064030088,0.7626875
15203,15076,14.085698572366255,0.76275
13709,14083,14.085930350147237,0.7628125
13952,14372,14.08613348122276,0.762875
10481,10803,14.086618426331484,0.7629375
12494,12825,14.086744009966651,0.763
14308,14394,14.086873550088512,0.7630625
13975,14098,14.089695223398621,0.763125
15788,15850,14.090220148900926,0.7631875
10661,10801,14.090393022997546,0.76325
12127,12511,14.090976282280963,0.7633125
14273,14416,14.091120408816778,0.763375
14709,15139,14.091127092788156,0.7634375
13140,13247,14.091452504408608,0.7635
12315,12501,14.0919837482013,0.7635625
12737,12909,14.09442659323895,0.763625
13607,13246,14.094801701135793,0.7636875
12630,12759,14.096036713918693,0.76375
12151,12353,14.096471634402405,0.7638125
10678,10667,14.096502993536546,0.763875
15460,15824,14.09736116239219,0.7639375
14001,14258,14.097378590575772,0.764
10451,10722,14.098448374795225,0.7640625
14952,15075,14.098888486543956,0.764125
15768,15849,14.101918255964392,0.7641875
12932,13244,14.101948954039699,0.76425
15551,15825,14.102409331209174,0.7643125
12451,12746,14.103264288592982,0.764375
10746,10809,14.103668963185328,0.7644375
13096,13178,14.104093209186885,0.7645
12796,12979,14.104322718631693,0.7645625
12750,12834,14.104745157994785,0.764625
10653,10799,14.105699437153476,0.7646875
12374,12777,14.105705781072857,0.76475
12719,12774,14.106034826154655,0.7648125
10299,10696,14.106386463675562,0.764875
13220,13243,14.107591641843555,0.7649375
12176,12423,14.107876665715139,0.765
12403,12521,14.108598576684926,0.7650625
13209,13273,14.109036222418354,0.765125
12746,12913,14.109256238517219,0.7651875
10729,10699,14.110442951642312,0.76525
10438,10761,14.110765356695083,0.7653125
13915,14211,14.111687798213552,0.765375
12605,12833,14.11289767038943,0.7654375
14250,14107,14.113125235091502,0.7655
12660,12503,14.11363828163735,0.7655625
12365,12421,14.114447425202798,0.765625
12620,12780,14.115322185681407,0.7656875
12351,12614,14.116799971870932,0.76575
12542,12758,14.117071214779571,0.7658125
10589,10723,14.117531664153603,0.765875
12169,12445,14.118319606967816,0.7659375
15043,15133,14.118773421563901,0.766
13920,14092,14.119962140116968,0.7660625
12730,12811,14.121240277256902,0.766125
10665,10819,14.121970707272794,0.7661875
10616,10727,14.122116705664098,0.76625
10327,10697,14.122621594358407,0.7663125
12837,12911,14.1231081746173,0.766375
10650,10694,14.123117851760867,0.7664375
15950,14341,14.123248070407953,0.7665
14608,14409,14.123395459567746,0.7665625
13059,13297,14.123529053065113,0.766625
10628,10839,14.124217019849539,0.7666875
12738,12812,14.12544450828068,0.76675
12293,12513,14.126539763253504,0.7668125
14020,14087,14.127236790594225,0.766875
15917,12786,14.128596862443828,0.7669375
10743,10804,14.129730248856276,0.767
12571,12916,14.130800978198067,0.7670625
10566,10838,14.132665572358746,0.767125
10953,10842,14.132774408076557,0.7671875
12818,12968,14.13280611782443,0.76725
12667,12523,14.133187135197204,0.7673125
13091,12757,14.13371879545457,0.767375
10573,10844,14.133736414852137,0.7674375
10427,10686,14.134238883139915,0.7675
12625,12914,14.134815734273843,0.7675625
15766,15813,14.134889221527828,0.767625
15508,15812,14.135198769330827,0.7676875
10330,10687,14.135758319528236,0.76775
14200,14344,14.13616101980665,0.7678125
12664,12971,14.139619618106735,0.767875
10868,10787,14.140609124994285,0.7679375
14321,14108,14.14077902319218,0.768
12184,12442,14.141096598037393,0.7680625
12639,12835,14.142296257964745,0.768125
13131,13345,14.142633973776583,0.7681875
15485,15890,14.143172950111648,0.76825
15178,14340,14.143201711360462,0.7683125
14162,14393,14.144159448042046,0.768375
12262,12512,14.145424596045814,0.7684375
13217,13242,14.145593775519956,0.7685
15171,15066,14.145750560827082,0.7685625
13811,14070,14.146100239908492,0.768625
14010,14339,14.146265790858706,0.7686875
12114,12443,14.146398257414603,0.76875
12802,12917,14.146453634135696,0.7688125
14143,14345,14.146788083695355,0.768875
13100,10629,14.147177983749884,0.7689375
15476,15828,14.147451815246086,0.769
15639,15891,14.147627636506058,0.7690625
10809,10840,14.147872798987919,0.769125
14747,15081,14.148872144608731,0.7691875
10613,10772,14.149556313748803,0.76925
10461,10666,14.149592114092115,0.7693125
14140,14373,14.149894185764424,0.769375
12987,12829,14.1503657952926,0.7694375
10371,10617,14.150491596820189,0.7695
12626,12980,14.15054379273056,0.7695625
10513,10645,14.151657768726182,0.769625
12762,12908,14.152746402852927,0.7696875
12171,12520,14.153017731115142,0.76975
13723,14065,14.15598355286761,0.7698125
12736,12981,14.156599260208623,0.769875
14081,14374,14.156678512474855,0.7699375
13117,12969,14.157473909287546,0.77
12941,13173,14.157906382574765,0.7700625
12568,12613,14.159044449935436,0.770125
12801,12785,14.161045931781246,0.7701875
12030,12428,14.16415793251167,0.77025
12707,12954,14.164724751702352,0.7703125
15684,15815,14.16520397766567,0.770375
12463,12441,14.167501611672833,0.7704375
10505,10798,14.16754259067784,0.7705
10578,10690,14.169848514774799,0.7705625
10545,10843,14.170571267405649,0.770625
12395,12425,14.171333655491935,0.7706875
12149,12484,14.171941688896368,0.77075
14838,15074,14.172198433235963,0.7708125
13949,14097,14.172866233236164,0.770875
13983,14267,14.172984513525307,0.7709375
10684,10683,14.173545611233294,0.771
12574,12485,14.173652941905175,0.7710625
12847,12967,14.175111358048753,0.771125
14256,14411,14.177119797196156,0.7711875
12482,12516,14.177459967246932,0.77125
12782,12817,14.178237733573724,0.7713125
13245,13285,14.1787758069554,0.771375
12580,12828,14.17952114153104,0.7714375
12399,12422,14.181258914707541,0.7715
11142,10791,14.181753737543204,0.7715625
12687,12970,14.182290078203778,0.771625
12543,12918,14.183235894470045,0.7716875
10630,10814,14.183407643523992,0.77175
14191,14283,14.18342823357284,0.7718125
11082,10818,14.184466996804531,0.771875
12991,13265,14.184715620249563,0.7719375
10368,10634,14.187977236489246,0.772
10626,10834,14.189081969727795,0.7720625
12971,13260,14.189109622337128,0.772125
14099,14406,14.190668039181219,0.7721875
10430,10730,14.190818172134755,0.77225
12819,13177,14.19093101476642,0.7723125
12533,12912,14.191173611712884,0.772375
13097,13259,14.191450221111381,0.7724375
10537,10684,14.192165049355935,0.7725
12284,12426,14.192565878916412,0.7725625
12843,12966,14.193337149454464,0.772625
15921,12955,14.193732165633264,0.7726875
10753,10776,14.193765902815016,0.77275
10443,10639,14.194387004891382,0.7728125
12341,12533,14.195769580716615,0.772875
12807,10852,14.197237104279566,0.7729375
12905,13171,14.197322837182128,0.773
12102,12450,14.197651084286008,0.7730625
12387,12818,14.19785031119227,0.773125
13789,14095,14.199281325823677,0.7731875
13051,13264,14.19930110202472,0.77325
14863,15134,14.199933353207598,0.7733125
12204,12341,14.203168412079549,0.773375
12654,12983,14.203669330178172,0.7734375
15526,15861,14.20380990610738,0.7735
12673,12427,14.204416606283985,0.7735625
14150,14284,14.20561981099786,0.773625
15834,15860,14.206073369490923,0.7736875
12187,12349,14.206822327337477,0.77375
12526,12787,14.207166520850478,0.7738125
10800,10729,14.20763189793729,0.773875
15054,15067,14.207734675507027,0.7739375
10409,10682,14.21103385422964,0.774
10384,10644,14.211442746311832,0.7740625
14094,14089,14.212411525771586,0.774125
15158,15128,14.214897442050642,0.7741875
15751,15892,14.215266327316385,0.77425
12720,12921,14.215443005744874,0.7743125
10374,10665,14.215969916654217,0.774375
10485,10685,14.216145324124227,0.7744375
12008,12340,14.216568790606743,0.7745
12430,12343,14.217201561308002,0.7745625
13957,14071,14.218619510701046,0.774625
14342,14348,14.22014971786416,0.7746875
12616,12830,14.220238742695528,0.77475
12021,12342,14.220433553371322,0.7748125
12945,12819,14.220653793391648,0.774875
13116,13298,14.220869670598859,0.7749375
13226,13275,14.221676609837232,0.775
12644,12816,14.223208279855726,0.7750625
13801,14093,14.223880155436063,0.775125
12243,12347,14.224213411690698,0.7751875
10696,10805,14.224262886218298,0.77525
12852,12529,14.225281323502259,0.7753125
12292,12351,14.225560352507955,0.775375
13735,14096,14.226004651827452,0.7754375
10502,10811,14.22939335471699,0.7755
10488,10817,14.22957111183564,0.7755625
13802,14094,14.230379963168389,0.775625
13242,13269,14.230589801012457,0.7756875
14732,14641,14.232332050218247,0.77575
10500,10646,14.232562608937542,0.7758125
12225,12345,14.232810013120798,0.775875
15979,15872,14.232958013157258,0.7759375
10354,10700,14.232969665829955,0.776
14205,14410,14.233488399079079,0.7760625
14206,14350,14.233836833952637,0.776125
13896,14102,14.234440356470714,0.7761875
14456,14640,14.234702330470327,0.77625
14832,12518,14.23480839516742,0.7763125
10446,10621,14.234998362831107,0.776375
12572,12924,14.235956576338822,0.7764375
15821,15827,14.236385119604165,0.7765
15853,15858,14.236411433261765,0.7765625
12170,12482,14.236577214663384,0.776625
12751,12929,14.23931771662842,0.7766875
12955,13268,14.239836218322125,0.77675
14243,10775,14.241005492483623,0.7768125
13285,12773,14.242058246611805,0.776875
13487,13332,14.242522115595193,0.7769375
10360,10777,14.24408290294582,0.777
13172,13266,14.244606323130029,0.7770625
15748,15834,14.24488712344305,0.777125
15660,15847,14.245000313075707,0.7771875
10252,10688,14.245373874345205,0.77725
12210,12502,14.245652227706387,0.7773125
10372,10633,14.24605966015963,0.777375
14634,14337,14.246595014942159,0.7774375
12034,12352,14.246810970190154,0.7775
13750,14047,14.24725895354959,0.7775625
15600,15814,14.24795321435954,0.777625
12685,12956,14.249864610660325,0.7776875
14136,14282,14.250419422654431,0.77775
14017,14090,14.250822975203391,0.7778125
10435,10743,14.251035332891092,0.777875
15509,15829,14.252114807723956,0.7779375
11006,10636,14.252545624454342,0.778
10414,10701,14.252911005185865,0.7780625
12554,12907,14.25379451188951,0.778125
12472,12519,14.253984298781234,0.7781875
12499,12517,14.254131558601784,0.77825
10495,10731,14.254159358961033,0.7783125
12693,12972,14.255425026948842,0.778375
12588,12964,14.25557410704073,0.7784375
10599,10850,14.25611453153806,0.7785
15878,15832,14.256218786249065,0.7785625
14826,15130,14.256293187416532,0.778625
14356,14408,14.256689440328728,0.7786875
14830,15058,14.25785543828897,0.77875
10600,10632,14.259219810185641,0.7788125
12095,12344,14.259901520678568,0.778875
12480,12504,14.260404066744286,0.7789375
10504,10647,14.260791595772275,0.779
14145,14363,14.261420600510519,0.7790625
12026,12491,14.261596726050584,0.779125
13010,12903,14.26333632624619,0.7791875
14003,14343,14.2634294256859,0.77925
14359,14338,14.263956542929236,0.7793125
14092,14353,14.264229504535933,0.779375
13974,14285,14.266932359421844,0.7794375
15953,14349,14.267693668259199,0.7795
12266,12486,14.269019304735366,0.7795625
12703,12926,14.269020110823476,0.779625
10525,10643,14.270411160095364,0.7796875
15223,13277,14.271065272449732,0.77975
14135,14352,14.2714188278876,0.7798125
12791,12984,14.272066943031632,0.779875
12099,12446,14.272094038825344,0.7799375
13042,12920,14.273124653523155,0.78
15022,15129,14.273235117858349,0.7800625
12708,12814,14.27347406519334,0.780125
10497,10640,14.27351481208666,0.7801875
14376,14351,14.274415795167442,0.78025
12934,12982,14.275030611547663,0.7803125
12162,12487,14.275475631825657,0.780375
13962,14355,14.27547656507727,0.7804375
10484,10648,14.27705371408615,0.7805
15401,15833,14.277109221462979,0.7805625
13998,14063,14.277957072715708,0.780625
13961,14342,14.280698842505672,0.7806875
15628,15851,14.282302851783015,0.78075
13126,13287,14.282416101562603,0.7808125
15736,15816,14.283670563735086,0.780875
12764,12821,14.284414730521348,0.7809375
10457,10810,14.284694693665983,0.781
15209,12928,14.284936957399395,0.7810625
14106,14365,14.286635804522348,0.781125
12394,12534,14.286675215667628,0.7811875
13447,13292,14.286973605517915,0.78125
12861,12977,14.287304782983938,0.7813125
15938,13331,14.28775116186057,0.781375
12862,12986,14.287901281369841,0.7814375
10598,10816,14.28867245826018,0.7815
10531,10815,14.288786928141917,0.7815625
15568,15893,14.289420509524462,0.781625
12742,12836,14.289784293462162,0.7816875
12989,12985,14.29157545549856,0.78175
12944,13278,14.292950024047741,0.7818125
11988,12348,14.29436427155747,0.781875
14854,15059,14.294939260564206,0.7819375
15535,15859,14.29523813570836,0.782
12983,13279,14.295550886356068,0.7820625
14661,15060,14.296519620059826,0.782125
12388,12530,14.299017964366158,0.7821875
10458,10622,14.299021607190866,0.78225
13436,12978,14.299667277449998,0.7823125
13066,13299,14.299926059473137,0.782375
12217,12535,14.30027550465752,0.7824375
12596,12813,14.30032624608225,0.7825
14093,14088,14.301333145842818,0.7825625
14769,15061,14.302025606010375,0.782625
15622,15871,14.304637596826296,0.7826875
13380,13291,14.30616358729003,0.78275
13827,14062,14.306281123230974,0.7828125
12561,12532,14.306906573868446,0.782875
13960,14375,14.308299872217276,0.7829375
13850,14103,14.308815233635642,0.783
10472,10813,14.309028944817328,0.7830625
13381,13286,14.310407057587554,0.783125
10701,10806,14.310590956500278,0.7831875
12741,12820,14.312231400582505,0.78325
13288,13248,14.313184675982939,0.7833125
12519,12339,14.313795778151643,0.783375
12133,12288,14.315497769664944,0.7834375
14897,15065,14.31627655815987,0.7835
10620,10718,14.317833351758168,0.7835625
10480,10773,14.318096826006581,0.783625
14727,15064,14.318121476261922,0.7836875
15624,15844,14.318176068954244,0.78375
13779,14046,14.318291648977265,0.7838125
12590,12831,14.319253280027624,0.783875
12637,12947,14.319295849322543,0.7839375
15711,15885,14.319802120274062,0.784
15007,15131,14.320373481729575,0.7840625
10642,10845,14.320803878280913,0.784125
15738,15894,14.320988996306141,0.7841875
10662,10860,14.321382577834129,0.78425
13153,13351,14.322776884029054,0.7843125
15557,15874,14.32337672905328,0.784375
10463,10638,14.323752220061237,0.7844375
10540,10851,14.323763338965819,0.7845
10610,10856,14.323815658709918,0.7845625
14177,14391,14.324318732345091,0.784625
14018,14287,14.325576394423933,0.7846875
10509,10624,14.326727606465056,0.78475
14370,14645,14.327211759210059,0.7848125
10379,10618,14.327497194372654,0.784875
14788,15132,14.327575123179486,0.7849375
12715,12946,14.327739197410892,0.785
15801,15882,14.328667174298971,0.7850625
13942,14336,14.328925843067509,0.785125
10539,10849,14.329074140121975,0.7851875
10336,10642,14.329404223920392,0.78525
10720,10652,14.330292108131403,0.7853125
12694,12940,14.330830982147745,0.785375
12776,12483,14.33135220107556,0.7854375
13276,13344,14.331408771023689,0.7855
15900,12952,14.332576858566426,0.7855625
12765,12925,14.333081648692996,0.785625
10718,10625,14.333100950371204,0.7856875
12745,12904,14.33317300447925,0.78575
15634,15866,14.33326099944452,0.7858125
12380,12451,14.33358930340637,0.785875
13040,13348,14.33463062362648,0.7859375
10285,10630,14.335352628253872,0.786
12773,13172,14.335657109744034,0.7860625
14095,14286,14.33773279963657,0.786125
10277,10620,14.337990734663322,0.7861875
10603,10846,14.338340813938203,0.78625
14817,15082,14.338835773155097,0.7863125
15512,15873,14.339415152407582,0.786375
15636,15830,14.341369945988163,0.7864375
13015,13324,14.341716129186352,0.7865
14069,13249,14.342300712205088,0.7865625
14729,15063,14.343373369780238,0.786625
15694,15845,14.343856635320208,0.7866875
10415,10702,14.343928559997721,0.78675
12956,13346,14.344566076354567,0.7868125
13084,13325,14.346511171420161,0.786875
13714,14061,14.346565055511292,0.7869375
14096,14091,14.346662538076544,0.787
12716,12976,14.346815790826668,0.7870625
12698,12927,14.346849928805796,0.787125
10649,10635,14.346915772944953,0.7871875
12393,12531,14.347898940091,0.78725
10454,10641,14.348124218029511,0.7873125
12879,12931,14.348234831580157,0.787375
12811,12941,14.3488786311882,0.7874375
10697,10637,14.348905723785037,0.7875
15767,15883,14.34928362296796,0.7875625
10424,10732,14.350028458560814,0.787625
12769,12919,14.350095163969854,0.7876875
13302,13267,14.351331658739582,0.78775
10476,10714,14.351535400747139,0.7878125
14048,14364,14.352095836925855,0.787875
10694,10703,14.35241784053153,0.7879375
11045,10847,14.354334125333025,0.788
12996,13170,14.354652095067195,0.7880625
12145,12346,14.355088182903955,0.788125
13318,13296,14.35607527696493,0.7881875
12251,12457,14.356698132751035,0.78825
12755,12932,14.357028265221288,0.7883125
12977,12987,14.357237190913565,0.788375
13025,12962,14.363809054825424,0.7884375
10781,10704,14.363810256211195,0.7885
12900,12933,14.36402996449442,0.7885625
14103,14354,14.364222908004194,0.788625
13103,13334,14.364614166189085,0.7886875
14070,14376,14.364865352949892,0.78875
12313,12536,14.365948000585604,0.7888125
10629,10631,14.36641930762778,0.788875
14171,14326,14.367474995935481,0.7889375
12653,12930,14.367604903881329,0.789
12696,12949,14.367918396889763,0.7890625
12984,13349,14.368454385288942,0.789125
10572,10651,14.368531735318243,0.7891875
15927,13258,14.368539425338895,0.78925
12329,12448,14.368870790967776,0.7893125
10592,10848,14.36962262462339,0.789375
13138,13347,14.370269654116555,0.7894375
13231,13295,14.371536704160917,0.7895
12681,12953,14.371830272249781,0.7895625
15490,15840,14.372025104830072,0.789625
14430,14644,14.372298992007927,0.7896875
11330,10708,14.372334947884724,0.78975
10745,10808,14.372737881139528,0.7898125
14482,14329,14.373387011839213,0.789875
10421,10778,14.37361865271339,0.7899375
15706,15862,14.373774583520344,0.79
12783,12951,14.374326455285427,0.7900625
10395,10655,14.374927012948433,0.790125
10536,10807,14.374975967514956,0.7901875
14089,14335,14.37547090561975,0.79025
12633,12963,14.37648830650619,0.7903125
12514,12474,14.377499687831914,0.790375
14035,14370,14.37755888171614,0.7904375
10543,10623,14.378487409907962,0.7905
13681,14052,14.378703870343315,0.7905625
13037,13328,14.378890522526717,0.790625
14613,14643,14.37925907622298,0.7906875
13047,12923,14.379271856210835,0.79075
12790,12950,14.3811545863623,0.7908125
12298,12478,14.381167630820073,0.790875
12582,12939,14.382056955888856,0.7909375
13178,13333,14.382375746821026,0.791
15789,15863,14.382464446251788,0.7910625
12333,12465,14.382677791433935,0.791125
12358,12479,14.382778280913953,0.7911875
13797,14051,14.382805221975104,0.79125
10646,10862,14.38300257819219,0.7913125
14119,14392,14.383616592984026,0.791375
15698,15870,14.384376257758731,0.7914375
10418,10786,14.384836334997544,0.7915
13971,14064,14.385202098827904,0.7915625
15912,13168,14.386360193134124,0.791625
14232,14366,14.38686004461374,0.7916875
13019,13280,14.387108043905755,0.79175
13075,13284,14.38778507998586,0.7918125
15649,15853,14.38792251316886,0.791875
14426,14318,14.38837705406263,0.7919375
15915,14057,14.389810261149023,0.792
10494,10656,14.390148383981568,0.7920625
12659,12900,14.390163961752023,0.792125
10893,10785,14.390296062921152,0.7921875
12798,12973,14.391083441753835,0.79225
14184,14325,14.391143836553056,0.7923125
13187,13311,14.391407738693943,0.792375
13966,14369,14.391806207191394,0.7924375
12975,13293,14.392027904709266,0.7925
14432,14690,14.392074332652783,0.7925625
13956,14048,14.392442312226422,0.792625
10575,10858,14.392667140536787,0.7926875
10346,10716,14.393591405711959,0.79275
12922,12957,14.39374998667472,0.7928125
13136,13276,14.394509988801929,0.792875
13142,13352,14.395488697327892,0.7929375
15895,12958,14.395918854592992,0.793
13020,13281,14.39603443371334,0.7930625
13167,13300,14.396995543227376,0.793125
12946,13167,14.397392488872583,0.7931875
13191,13263,14.397807901487795,0.79325
15737,15835,14.399208417082491,0.7933125
10614,10654,14.399507759586527,0.793375
14019,14384,14.399852714276221,0.7934375
10403,10653,14.400616011943725,0.7935
12775,12974,14.40103601727219,0.7935625
12636,12838,14.401396417706337,0.793625
13023,12473,14.404253252030912,0.7936875
10423,10706,14.404509812188394,0.79375
14441,14642,14.404753742995126,0.7938125
15422,15865,14.405281833410754,0.793875
13945,14059,14.405930710999428,0.7939375
13902,14058,14.405996390470591,0.794
13106,13330,14.406106789888781,0.7940625
12981,13261,14.406841760876887,0.794125
15498,15886,14.407191689503634,0.7941875
12413,12449,14.40805065669133,0.79425
12662,12612,14.40830539757917,0.7943125
13164,13353,14.408785968062375,0.794375
13006,13343,14.40885644209584,0.7944375
15673,15879,14.409058320682334,0.7945
15604,15864,14.40920621882833,0.7945625
12731,12859,14.409408702704695,0.794625
13786,13257,14.411780144385148,0.7946875
12676,12895,14.412488721276986,0.79475
12049,12332,14.41277504416098,0.7948125
15187,15062,14.414408419893334,0.794875
13989,14290,14.414698544069097,0.7949375
10422,10662,14.415248859491953,0.795
12739,12922,14.416153195786364,0.7950625
14949,15044,14.417245976138929,0.795125
12999,13288,14.417421651566201,0.7951875
14299,14647,14.418186176357267,0.79525
13763,14050,14.41851034378874,0.7953125
12627,12452,14.41888071524977,0.795375
12423,12490,14.41906300933124,0.7954375
15170,14056,14.419132254269016,0.7955
12304,12489,14.42239074954341,0.7955625
10532,10853,14.424199521596393,0.795625
12303,12447,14.424255015088193,0.7956875
13691,13262,14.42477999660855,0.79575
13043,13256,14.425251351112593,0.7958125
10910,10628,14.425847758607006,0.795875
12921,13310,14.426329391134459,0.7959375
10574,10854,14.42687595667826,0.796
12237,12454,14.426950417983335,0.7960625
12965,13251,14.427073246632972,0.796125
12617,12488,14.427423834755928,0.7961875
15837,15889,14.428883182340087,0.79625
10774,10649,14.428965292177963,0.7963125
14753,15020,14.42901645830625,0.796375
14147,14289,14.430122558195535,0.7964375
15838,15855,14.430976883604444,0.7965
15213,15084,14.43120630783801,0.7965625
13064,13312,14.431526651302875,0.796625
15942,12945,14.431677822101847,0.7966875
12138,12331,14.431854545249053,0.79675
12891,13252,14.43253774757818,0.7968125
14864,15057,14.43273623311893,0.796875
14917,15047,14.43327628360953,0.7969375
10668,10717,14.43445824657556,0.797
15807,15852,14.435456050154926,0.7970625
12768,12902,14.437141008584376,0.797125
12888,13162,14.437210438967895,0.7971875
15814,15831,14.437442022752748,0.79725
15663,15875,14.43849346986326,0.7973125
12699,12937,14.438551613465052,0.797375
10380,10619,14.43952373798561,0.7974375
13883,14049,14.439828144653575,0.7975
15710,15888,14.440192763228424,0.7975625
12966,13294,14.442500315968346,0.797625
12916,13169,14.443145493392876,0.7976875
10841,10626,14.443885691793525,0.79775
14002,14292,14.444211230472774,0.7978125
10898,10715,14.44481300614757,0.797875
12547,12901,14.445021606880118,0.7979375
15672,15884,14.447136402249043,0.798
15746,15869,14.449047146365956,0.7980625
15775,15903,14.45113683742511,0.798125
14148,14331,14.451822060510722,0.7981875
15501,15841,14.451988235354747,0.79825
11015,10855,14.452651427796354,0.7983125
12200,12477,14.452722319194208,0.798375
13060,13327,14.452826021995861,0.7984375
14902,15126,14.452891724924257,0.7985
15637,15897,14.453260933605861,0.7985625
12940,13166,14.455705414731256,0.798625
15718,15887,14.456027098121467,0.7986875
13041,13354,14.45662175886173,0.79875
14112,14330,14.457923401651897,0.7988125
15836,15895,14.458045305447968,0.798875
14953,15083,14.458250650711989,0.7989375
10702,10812,14.45896746817948,0.799
15957,13290,14.459845992703777,0.7990625
13095,13301,14.45995347740677,0.799125
12613,12890,14.461419574898173,0.7991875
15592,15899,14.46183483463733,0.79925
10933,10664,14.462138099349318,0.7993125
14941,15127,14.462401091908987,0.799375
13137,13336,14.46291621205728,0.7994375
13992,14053,14.46337112102924,0.7995
13165,12942,14.465772524391014,0.7995625
14133,14328,14.466092112788147,0.799625
15822,15896,14.466156286536716,0.7996875
13301,13329,14.466221339160256,0.79975
15919,12991,14.467546190794792,0.7998125
12407,12815,14.467813350003325,0.799875
10975,10742,14.467862541455247,0.7999375
15294,15121,14.468795655069243,0.8
15833,15843,14.469458671723714,0.8000625
14155,14390,14.471309328564075,0.800125
12051,12337,14.4714144180748,0.8001875
14311,14356,14.471659723573339,0.80025
14254,14368,14.473378161458186,0.8003125
13065,13326,14.475559272505961,0.800375
12278,12476,14.476658782084769,0.8004375
12928,12934,14.47684619212805,0.8005
14532,14380,14.47701463351109,0.8005625
14034,14288,14.477498640509339,0.800625
13070,12975,14.47799511175458,0.8006875
12920,13250,14.47809002225722,0.80075
15799,15881,14.47859822206442,0.8008125
13012,12883,14.478926724418443,0.800875
12976,13306,14.479480640780821,0.8009375
13039,13282,14.480263521908,0.801
13266,13335,14.481010099253353,0.8010625
12621,12837,14.481423394005787,0.801125
14427,14646,14.481884435260781,0.8011875
15705,15880,14.482672404806408,0.80125
12366,12564,14.483296152043067,0.8013125
10986,10861,14.483484587447265,0.801375
12967,12948,14.48356833692742,0.8014375
10326,10657,14.484257675380604,0.8015
15786,15854,14.484452340946518,0.8015625
10695,10707,14.48465991951457,0.801625
14172,14389,14.485971918990572,0.8016875
15347,10661,14.488516648781456,0.80175
14072,14033,14.489112586954889,0.8018125
14921,15051,14.490681513351547,0.801875
15057,10782,14.491065388940456,0.8019375
12524,12611,14.492332071800774,0.802
13928,14031,14.493007755163717,0.8020625
10587,10774,14.493039675324098,0.802125
12244,12453,14.494596343423154,0.8021875
10663,10709,14.495260209862181,0.80225
15992,15055,14.495594193775332,0.8023125
14666,15049,14.496571091142641,0.802375
14047,14361,14.498047408497314,0.8024375
11923,12287,14.498171504182892,0.8025
12538,12886,14.499033280975937,0.8025625
15648,15838,14.499571726365275,0.802625
10460,10660,14.499659397983464,0.8026875
13425,13289,14.500024176721581,0.80275
14090,14379,14.50076531300192,0.8028125
15621,15867,14.501078649910824,0.802875
12846,12861,14.50166544699232,0.8029375
15681,15898,14.501943382011632,0.803
15920,14694,14.502044997311032,0.8030625
10408,10663,14.502409351566484,0.803125
15998,15877,14.502562938359915,0.8031875
12899,13305,14.502897133338138,0.80325
10722,10857,14.503654197348396,0.8033125
13244,13283,14.503997078571274,0.803375
14648,15025,14.504038157539071,0.8034375
15656,15837,14.504584906419495,0.8035
12806,13254,14.504610803565583,0.8035625
11132,10863,14.505170851322873,0.803625
12479,12459,14.505266439846082,0.8036875
13128,13350,14.505267946906088,0.80375
13162,13304,14.505505282418653,0.8038125
14425,14692,14.507234153864601,0.803875
12678,12943,14.507291791378975,0.8039375
12501,12458,14.50892198265592,0.804
10359,10710,14.50897119338947,0.8040625
12316,12480,14.509229485701553,0.804125
12714,12944,14.510266796440419,0.8041875
14651,15043,14.510905717496144,0.80425
13215,12938,14.511184141110789,0.8043125
11953,12317,14.511353291245086,0.804375
10312,10659,14.511455230738306,0.8044375
12560,12464,14.511738781400481,0.8045
12116,12290,14.512513096463636,0.8045625
15699,15876,14.51297064913797,0.804625
10818,10705,14.513123977304076,0.8046875
15724,15836,14.513454170316209,0.80475
13711,12989,14.513526879784422,0.8048125
14123,14298,14.514013754819644,0.804875
15752,15904,14.514070935009158,0.8049375
13738,14036,14.514443478300564,0.805
12548,12481,14.514818948071934,0.8050625
15556,15857,14.51526554086945,0.805125
12761,12988,14.515471780285452,0.8051875
14843,15050,14.515586063511137,0.80525
15902,14695,14.516883965816078,0.8053125
13110,13255,14.516997496608383,0.805375
10601,10781,14.517514500482662,0.8054375
10637,10735,14.517754618135882,0.8055
13879,14035,14.517903534809648,0.8055625
14969,15123,14.51865511428582,0.805625
14933,15125,14.51898760445556,0.8056875
13443,13313,14.519972108433194,0.80575
13382,13355,14.520103426340029,0.8058125
15856,15846,14.520199995379016,0.805875
10499,10779,14.520638146281271,0.8059375
14350,14327,14.521023528201113,0.806
10640,10658,14.52112910668302,0.8060625
12158,12455,14.52114784109699,0.806125
13838,14054,14.522282882480113,0.8061875
13994,13320,14.522405457161312,0.80625
13027,13309,14.524790864597662,0.8063125
13141,13317,14.526158429475117,0.806375
14805,15014,14.526992514759286,0.8064375
10464,10713,14.52759282885063,0.8065
12160,12289,14.5276002313949,0.8065625
10449,10711,14.52848710239573,0.806625
10450,10784,14.530866802104583,0.8066875
13981,14045,14.531016998661244,0.80675
12855,12858,14.531639615299582,0.8068125
14469,14691,14.531649461149527,0.806875
13107,12959,14.531816209356293,0.8069375
12539,12860,14.532294755812245,0.807
10515,10859,14.532690211440467,0.8070625
14317,14317,14.532766399693173,0.807125
14151,14324,14.53327757503348,0.8071875
13397,13321,14.533776996286178,0.80725
12523,12893,14.533896743594369,0.8073125
13871,14032,14.53428071911162,0.807375
15852,15907,14.534284595754798,0.8074375
10597,10712,14.535234647081552,0.8075
14686,15027,14.535298947118235,0.8075625
14888,15048,14.535389759947066,0.807625
10546,10734,14.53592650484336,0.8076875
13993,14362,14.536019374255602,0.80775
12103,12460,14.536256873698449,0.8078125
13396,13316,14.536720839751297,0.807875
14221,14293,14.537004892706818,0.8079375
15632,15905,14.537949047271695,0.808
15745,15902,14.53870325673688,0.8080625
14644,15045,14.541382620538116,0.808125
12578,12887,14.544756374697272,0.8081875
14782,15013,14.544977937637213,0.80825
12490,12562,14.545616475617635,0.8083125
14152,14386,14.545699742055604,0.808375
15675,15909,14.54606284055194,0.8084375
13889,14034,14.546431535040483,0.8085
11998,12338,14.547362064765593,0.8085625
13210,13337,14.549066266072487,0.808625
15689,15856,14.549570020982628,0.8086875
14192,14319,14.549637106870023,0.80875
12080,12323,14.550020174562633,0.8088125
15586,15124,14.550171510162954,0.808875
12111,12333,14.554484413700948,0.8089375
12429,12839,14.555812202852167,0.809
12471,12844,14.555862228600517,0.8090625
14006,14321,14.556038324405108,0.809125
12759,12995,14.556098007893524,0.8091875
14716,14696,14.55716264270086,0.80925
13422,13340,14.557170042140342,0.8093125
12817,12935,14.558149697219278,0.809375
12417,12537,14.558526008360332,0.8094375
12257,12475,14.559183069293113,0.8095
14399,14693,14.559362961162151,0.8095625
14117,14297,14.55994699954772,0.809625
14165,14334,14.55996629764536,0.8096875
12666,12894,14.5600046992231,0.80975
15099,12841,14.56030125454572,0.8098125
12370,12456,14.56117893938631,0.809875
13093,13356,14.561482793198138,0.8099375
10337,10650,14.56167304408325,0.81
12591,12993,14.561926777332474,0.8100625
14007,14333,14.562217710547884,0.810125
12849,12871,14.562380333853298,0.8101875
12632,12840,14.562946457423777,0.81025
14126,14332,14.563036110999064,0.8103125
14252,14299,14.563537814783103,0.810375
14848,15026,14.563551856672348,0.8104375
14492,14688,14.563607775857918,0.8105
14235,14060,14.564678571394552,0.8105625
13978,14291,14.565265878750779,0.810625
12192,12321,14.565629338310373,0.8106875
12063,12294,14.565736785000354,0.81075
15935,12293,14.566715274565013,0.8108125
13207,12992,14.567768144224829,0.810875
12325,12296,14.5688577387225,0.8109375
14282,14673,14.569364005852321,0.811
14124,14377,14.570118053711894,0.8110625
14549,14320,14.570188451706144,0.811125
10375,10733,14.571086161230255,0.8111875
14403,14672,14.571106661763224,0.81125
14802,15011,14.5717579926918,0.8113125
10679,10865,14.572969636930566,0.811375
12302,12330,14.57361464413475,0.8114375
15058,14367,14.573694464710115,0.8115
14131,14037,14.574822517186021,0.8115625
12343,12461,14.57547892705179,0.811625
12969,12891,14.575948062090674,0.8116875
10874,10736,14.576108123034032,0.81175
15688,15908,14.577196335624876,0.8118125
15739,15910,14.57730164752752,0.811875
12050,12334,14.577498171815478,0.8119375
12743,12842,14.578083968034662,0.812
14412,14314,14.578271510930563,0.8120625
14825,15086,14.579229661174622,0.812125
10401,10741,14.579290293512031,0.8121875
12780,12896,14.580706736596312,0.81225
10959,10864,14.581736075880826,0.8123125
13616,13253,14.582050280610474,0.812375
15661,15901,14.583265155322806,0.8124375
10407,10627,14.584609836599839,0.8125
12236,12563,14.585169413518997,0.8125625
12832,12998,14.58527531520781,0.812625
14931,15028,14.585687287498331,0.8126875
12581,12888,14.587300353809724,0.81275
12203,12295,14.587580908994596,0.8128125
13408,13307,14.588011546738699,0.812875
15845,15839,14.589476494283872,0.8129375
12041,12286,14.589570708539895,0.813
15633,15842,14.59031261729865,0.8130625
14717,14385,14.59088908619492,0.813125
12648,12961,14.591481248553691,0.8131875
12556,12848,14.591894921142284,0.81325
10405,10780,14.592043733150831,0.8133125
12723,12843,14.592067408085995,0.813375
14828,15021,14.592828358817997,0.8134375
15435,14648,14.593005910594002,0.8135
12422,12538,14.593214812785845,0.8135625
14617,15022,14.59358388624264,0.813625
15941,14698,14.594410061529288,0.8136875
14431,14689,14.595433939178292,0.81375
13747,13656,14.595453328348867,0.8138125
15872,15878,14.596436324148499,0.813875
12803,12897,14.596466902071825,0.8139375
14500,14657,14.597063210496344,0.814
14489,14697,14.598462706916735,0.8140625
13129,13314,14.59866079619951,0.814125
12901,12996,14.599109517404486,0.8141875
14690,14674,14.60132352779101,0.81425
12797,13160,14.601468956399458,0.8143125
12722,12892,14.601568378822094,0.814375
14657,15010,14.6016699099996,0.8144375
12447,12314,14.602598444426803,0.8145
13017,12960,14.602846804586306,0.8145625
13024,12867,14.603474091085445,0.814625
10534,10737,14.603979506117298,0.8146875
13007,13156,14.604614180301269,0.81475
14358,14357,14.60466993527325,0.8148125
12195,12463,14.604704518263134,0.814875
12246,12466,14.604782119243737,0.8149375
14428,14655,14.605159183672185,0.815
12252,12320,14.606186793552297,0.8150625
12261,12313,14.607367619064462,0.815125
15717,15868,14.607816947116135,0.8151875
14899,15024,14.608447877520575,0.81525
12894,12889,14.608648798512377,0.8153125
12789,12997,14.609375935382559,0.815375
14772,15019,14.609396455442266,0.8154375
14091,14294,14.609473750797179,0.8155
10501,10783,14.610987761595652,0.8155625
14227,14387,14.612420853197591,0.815625
13311,13338,14.612784891960246,0.8156875
13602,13323,14.61492776980981,0.81575
13940,14358,14.6157345664501,0.8158125
14740,15042,14.615799082847616,0.815875
12754,12885,14.615811037848516,0.8159375
15928,12863,14.616229928782786,0.816
13837,14044,14.61655400970244,0.8160625
15892,15912,14.61669665460272,0.816125
14111,14316,14.61709995780393,0.8161875
12816,12898,14.618372755474411,0.81625
15625,15054,14.618476680278718,0.8163125
13101,12899,14.618750617495607,0.816375
14176,14381,14.619271293638121,0.8164375
14879,14987,14.619347618056509,0.8165
14582,14660,14.619556978861965,0.8165625
12622,12845,14.619572569393313,0.816625
14267,14378,14.619646768672055,0.8166875
15847,15900,14.62012108099293,0.81675
14335,14667,14.620834432571428,0.8168125
14890,15056,14.621461838152527,0.816875
14963,15119,14.621611056448046,0.8169375
14689,15030,14.621964129221396,0.817
14511,14656,14.623275735287052,0.8170625
14315,14322,14.6246027346765,0.817125
13520,12285,14.626863089774588,0.8171875
14104,14382,14.627086492133913,0.81725
14420,14701,14.628107946609134,0.8173125
12680,12846,14.628580051914469,0.817375
12919,13163,14.62891328055457,0.8174375
12255,12291,14.628930192989628,0.8175
14643,15015,14.629331723919677,0.8175625
13092,12862,14.6299725035351,0.817625
12500,12565,14.630201338409734,0.8176875
13148,12990,14.63031193752272,0.81775
14337,14700,14.630668713341038,0.8178125
13008,13358,14.630997336743121,0.817875
12232,12292,14.631541786485286,0.8179375
14576,14675,14.631887756872857,0.818
14815,15085,14.631896568447246,0.8180625
14373,14359,14.632825166825342,0.818125
12291,12467,14.633397668104635,0.8181875
12885,13159,14.634318547009798,0.81825
13063,12878,14.635136450746359,0.8183125
11997,12297,14.635403423610342,0.818375
13946,13164,14.636059557770523,0.8184375
14533,14658,14.637023759807107,0.8185
15903,13303,14.63788811079803,0.8185625
14652,15046,14.638151302465758,0.818625
14264,14654,14.638303644136158,0.8186875
13317,13655,14.638522850201525,0.81875
12960,12884,14.63914411879341,0.8188125
13105,13149,14.63918591775041,0.818875
13072,13342,14.641715498613621,0.8189375
14527,14649,14.641922334549918,0.819
15367,15041,14.642454630308748,0.8190625
12624,12873,14.64387531457578,0.819125
12199,12328,14.643947837847008,0.8191875
12242,12472,14.644690777027336,0.81925
14098,14055,14.645913410907724,0.8193125
12641,12870,14.64632892433292,0.819375
12758,12994,14.646632067537439,0.8194375
12831,12875,14.64703757778102,0.8195
12827,12868,14.64709445675544,0.8195625
14470,14653,14.648116965763393,0.819625
15406,13514,14.648879915159796,0.8196875
15138,15053,14.649388676223907,0.81975
13547,13302,14.650520987116352,0.8198125
12219,12462,14.651103991549235,0.819875
13171,13165,14.65218952372743,0.8199375
14201,14360,14.653559893505644,0.82
12321,12336,14.653934781565113,0.8200625
15544,15913,14.654619406973097,0.820125
12677,12869,14.654743632096142,0.8201875
14827,15009,14.655315569341838,0.82025
14946,15023,14.655560332359073,0.8203125
13151,13322,14.656094066080414,0.820375
13921,14300,14.65610153214675,0.8204375
13347,13515,14.656629360261832,0.8205
14940,15122,14.656964924707836,0.8205625
13327,13654,14.658688479345983,0.820625
13077,13308,14.65988429328877,0.8206875
14404,14676,14.660047644251335,0.82075
13371,13504,14.660935079862838,0.8208125
13270,13360,14.661103201001197,0.820875
13001,13139,14.661325440776864,0.8209375
14410,14679,14.661741724650028,0.821
15001,15029,14.664545959506313,0.8210625
12005,12322,14.665756792378488,0.821125
12658,12865,14.665808091951703,0.8211875
14107,14323,14.665930919753237,0.82125
12224,12543,14.666586327318555,0.8213125
12970,13148,14.666639419982175,0.821375
14920,15018,14.667281979111976,0.8214375
14889,15052,14.667761216339159,0.8215
13298,13341,14.669618161146445,0.8215625
12701,12874,14.67040076149874,0.821625
14786,15036,14.670846536460886,0.8216875
12181,12600,14.671701227443236,0.82175
14022,14383,14.672846365021769,0.8218125
14983,13512,14.674971853245324,0.821875
13192,13357,14.676019936513512,0.8219375
11987,12315,14.676063022470316,0.822
13135,13511,14.67621898158427,0.8220625
15281,14310,14.676262486509131,0.822125
12256,12567,14.67648879431431,0.8221875
13085,13359,14.677048180840075,0.82225
14667,14659,14.677068115755901,0.8223125
14797,15016,14.678861491014004,0.822375
13057,13138,14.678951468556988,0.8224375
14754,14664,14.679577742004312,0.8225
13088,13442,14.679928272964162,0.8225625
12123,12318,14.680656656969632,0.822625
13033,12999,14.682801321243232,0.8226875
12788,12609,14.683332549474017,0.82275
12549,12849,14.68360328032577,0.8228125
14389,14671,14.685268053394566,0.822875
12893,12864,14.686550460330864,0.8229375
10442,10740,14.687596588559586,0.823
14349,14665,14.68791791576109,0.8230625
13331,13315,14.688334635800857,0.823125
14374,14651,14.688710803622826,0.8231875
14923,15012,14.690326843436196,0.82325
14976,15038,14.690333384359064,0.8233125
12053,12316,14.692251745257408,0.823375
12735,13147,14.69453470750318,0.8234375
12732,13001,14.694622898341322,0.8235
12461,12540,14.695150193781956,0.8235625
14413,14315,14.695471414611802,0.823625
12484,12876,14.695576854069259,0.8236875
14537,14661,14.69614632891171,0.82375
12433,12571,14.6975400133731,0.8238125
12426,12597,14.69775048256156,0.823875
13403,13513,14.697800140738082,0.8239375
15398,15037,14.697983048785773,0.824
14383,14296,14.698210883580941,0.8240625
12688,12872,14.698546658098621,0.824125
14578,14699,14.698602008370472,0.8241875
14650,15033,14.699606723401303,0.82425
12373,12569,14.700616929752641,0.8243125
12088,12298,14.701499497709847,0.824375
12856,12936,14.702045889937608,0.8244375
13291,13661,14.703766716419068,0.8245
13158,13161,14.704305902546366,0.8245625
10776,10739,14.704428332650423,0.824625
13197,13443,14.705436861902172,0.8246875
12663,12877,14.706379758371668,0.82475
13046,13441,14.708219751799788,0.8248125
14419,14666,14.708851132571908,0.824875
12390,12570,14.70892441990327,0.8249375
12495,12312,14.709832531118309,0.825
14168,14301,14.710372387791494,0.8250625
15932,12598,14.711230457023703,0.825125
13119,13155,14.71145895450195,0.8251875
13632,13415,14.71181184295915,0.82525
12134,12539,14.712210972141065,0.8253125
12250,12324,14.714396003329739,0.825375
14357,14650,14.714567768734923,0.8254375
12979,13318,14.714704047220494,0.8255
14471,14705,14.715024010027719,0.8255625
15046,12852,14.7160333187976,0.825625
12729,13151,14.716658256284745,0.8256875
12757,12610,14.716752410940671,0.82575
15042,15120,14.717346674226746,0.8258125
12877,13361,14.717920199900618,0.825875
15113,15008,14.718277410381916,0.8259375
13821,14027,14.720670484280845,0.826
12638,12882,14.722632529309749,0.8260625
14780,15017,14.724135488611182,0.826125
13413,13506,14.724399485769482,0.8261875
12346,12335,14.72470567301275,0.82625
14251,14295,14.725026571463786,0.8263125
13134,13319,14.726271112019504,0.826375
14418,14652,14.727127433522355,0.8264375
12258,12601,14.728108943969346,0.8265
12345,12329,14.728238457106954,0.8265625
13550,13150,14.728281262496239,0.826625
13169,13145,14.728624021924588,0.8266875
15827,15911,14.728833902030374,0.82675
10822,10866,14.728916558531182,0.8268125
13568,13657,14.729411445533515,0.826875
13304,13518,14.730317567490829,0.8269375
13293,13374,14.73259745418909,0.827
12515,12561,14.733083670928863,0.8270625
13216,13507,14.734085556023274,0.827125
13044,13140,14.734104227917896,0.8271875
13268,13437,14.734306436006364,0.82725
11986,12270,14.734959767084092,0.8273125
15641,15906,14.735423185071795,0.827375
12784,13002,14.735632369836594,0.8274375
12668,12851,14.736626140508179,0.8275
13303,13508,14.737418162932954,0.8275625
14618,14703,14.737437528822511,0.827625
15047,15032,14.739084364319979,0.8276875
12830,13158,14.741997910596183,0.82775
13369,13505,14.742323134148137,0.8278125
13990,12608,14.745860874323625,0.827875
13154,13413,14.746526433794543,0.8279375
12486,12545,14.74705665614897,0.828
14803,14680,14.74745143606151,0.8280625
12459,12850,14.74750570414517,0.828125
12521,12541,14.748559284508929,0.8281875
14242,14388,14.748952151766616,0.82825
11989,12325,14.749512878566748,0.8283125
13834,14030,14.74997165074251,0.828375
12903,13144,14.751589128571823,0.8284375
12074,12271,14.751845882421549,0.8285
13221,13418,14.753030875916238,0.8285625
13256,13658,14.755070635682614,0.828625
12249,12284,14.75557304594281,0.8286875
14725,15088,14.755970566077394,0.82875
12785,13014,14.755979880272434,0.8288125
14411,14702,14.75652799077443,0.828875
13208,13414,14.756582370927617,0.8289375
10392,10738,14.758750733904321,0.829
13434,13429,14.75898319996736,0.8290625
11982,12272,14.75920004553791,0.829125
14300,14677,14.761532772881765,0.8291875
13939,14039,14.761921799281026,0.82925
12220,12544,14.761982821222546,0.8293125
13278,13659,14.762173617272083,0.829375
13308,13417,14.762359733022777,0.8294375
13246,13362,14.763054474590263,0.8295
14818,15089,14.763324105806078,0.8295625
12281,12542,14.763917409860824,0.829625
13005,13141,14.765184693084848,0.8296875
14040,14038,14.769200836386972,0.82975
14813,14989,14.769357267038231,0.8298125
12238,12468,14.76967470603654,0.829875
13182,13411,14.769738001936503,0.8299375
12686,12596,14.770727047287664,0.83
13501,13444,14.771996519206596,0.8300625
12712,12866,14.772048857294521,0.830125
13198,13363,14.773714499676544,0.8301875
12772,13000,14.7744805751679,0.83025
12441,12566,14.774642166053354,0.8303125
13832,14028,14.77465332185102,0.830375
12608,12857,14.776218881270097,0.8304375
14773,15031,14.778761314687472,0.8305
14881,15034,14.778848769681417,0.8305625
14820,15087,14.779132980302847,0.830625
14488,14686,14.7793552348694,0.8306875
14798,15039,14.781267561669665,0.83075
12988,13003,14.781346063087312,0.8308125
15909,13435,14.783317807704634,0.830875
12908,13146,14.783773112082827,0.8309375
14159,14309,14.785343162868912,0.831
14199,14311,14.786251099515312,0.8310625
13114,13339,14.788364782169538,0.831125
13931,14029,14.789932726554753,0.8311875
13836,14043,14.789997920513997,0.83125
12930,13135,14.790628640189198,0.8313125
14901,15040,14.793339168154944,0.831375
14450,14687,14.793497401276682,0.8314375
15128,15006,14.794269645349914,0.8315
11861,12299,14.795181077669668,0.8315625
12583,12599,14.796219396932202,0.831625
12233,12560,14.797181002262278,0.8316875
13299,13419,14.798833610841712,0.83175
13580,13520,14.800005315390536,0.8318125
13693,13440,14.801158569224981,0.831875
13924,14040,14.80395781097991,0.8319375
15896,12881,14.805361894786984,0.832
12383,12580,14.80641257552793,0.8320625
11948,12300,14.806705315437284,0.832125
12381,12469,14.806753284186925,0.8321875
12117,12304,14.807345713980567,0.83225
12131,12319,14.807463851290322,0.8323125
12191,12302,14.808546442577835,0.832375
13078,13372,14.808749418507205,0.8324375
12618,13015,14.809380433631759,0.8325
12825,13010,14.809395249970521,0.8325625
14084,14042,14.809987356023385,0.832625
13344,13630,14.811165276595375,0.8326875
12546,12847,14.81161193079538,0.83275
14556,14988,14.813868289273614,0.8328125
13356,13137,14.8142300564175,0.832875
12682,13011,14.814283378628716,0.8329375
13420,13517,14.815972668769291,0.833
12598,12879,14.816064330928612,0.8330625
14678,14704,14.816468985033225,0.833125
12953,12853,14.820030266381309,0.8331875
15740,15925,14.820774473521851,0.83325
14336,14312,14.821333775558514,0.8333125
14417,14678,14.822299219968727,0.833375
13510,13626,14.822547683177845,0.8334375
15164,15090,14.824885400877292,0.8335
14437,14668,14.825034330488506,0.8335625
13073,13434,14.82574178398113,0.833625
12792,13017,14.825948806766291,0.8336875
13262,13422,14.827000571988492,0.83375
12530,12577,14.82725481789089,0.8338125
13376,13509,14.827518813496454,0.833875
12857,13005,14.82774483568528,0.8339375
12007,12305,14.829533261668757,0.834
14375,14684,14.830273007052256,0.8340625
13052,13157,14.831460265426813,0.834125
14154,13662,14.831477033076908,0.8341875
13435,13438,14.832221245773326,0.83425
13328,13516,14.834341341673962,0.8343125
12136,12303,14.836384557657993,0.834375
12003,12311,14.836653014414651,0.8344375
14501,14662,14.836729408958945,0.8345
13341,13660,14.837042562284296,0.8345625
14978,15091,14.83728454413972,0.834625
12587,12575,14.837968439582255,0.8346875
12838,13012,14.838526264498796,0.83475
12106,12326,14.83863539117715,0.8348125
12863,13153,14.839436138810242,0.834875
14294,14303,14.83961314429689,0.8349375
14760,14682,14.839998618950858,0.835
12147,12470,14.841205010510976,0.8350625
12460,12576,14.842049921837315,0.835125
14202,14313,14.843196386482987,0.8351875
15875,13673,14.843346953418632,0.83525
14757,15007,14.843863583626444,0.8353125
15100,15092,14.844704080321662,0.835375
14395,14302,14.845142673705595,0.8354375
13464,13628,14.845526436369255,0.8355
14520,14663,14.845747472974836,0.8355625
12264,12607,14.848215177247084,0.835625
12324,12568,14.848261670937518,0.8356875
12180,12275,14.84835298556277,0.83575
12872,13004,14.849000743398847,0.8358125
13433,13423,14.850623695555214,0.835875
15759,15914,14.8522130817189,0.8359375
13652,13653,14.852350177458447,0.836
12570,12856,14.852581774734972,0.8360625
14623,14681,14.853756018921331,0.836125
14999,14685,14.857432977686813,0.8361875
14834,15035,14.858688718584062,0.83625
14247,14304,14.858967831164136,0.8363125
12282,12603,14.859007261651186,0.836375
12763,13016,14.859942109405893,0.8364375
12287,12572,14.860945537764337,0.8365
12454,12276,14.862342010877228,0.8365625
12411,12581,14.86321224779931,0.836625
12835,13142,14.863320667788685,0.8366875
12623,12855,14.86362939720334,0.83675
12787,13006,14.863665934846267,0.8368125
15707,15919,14.865634829840928,0.836875
12506,12579,14.865933227935102,0.8369375
13770,13632,14.867081954875857,0.837
12031,12269,14.867297685763106,0.8370625
12992,13373,14.868154596309523,0.837125
15025,14986,14.868368621969239,0.8371875
12368,12471,14.871093442649453,0.83725
13200,13009,14.872672355477334,0.8373125
12954,12559,14.872730822802168,0.837375
13465,13672,14.873961456858751,0.8374375
12829,13152,14.876398065805688,0.8375
15006,15096,14.878521620317997,0.8375625
12470,12573,14.8806829160701,0.837625
14380,14683,14.88079310070475,0.8376875
12283,12604,14.88085579296444,0.83775
13876,13928,14.880906499652156,0.8378125
13483,13510,14.881400610390301,0.837875
13359,13416,14.882466028371027,0.8379375
12097,12279,14.882943949583932,0.838
13146,13412,14.887351873197076,0.8380625
13733,13431,14.887730424477013,0.838125
13745,13529,14.88802271999748,0.8381875
14756,14984,14.88805624510951,0.83825
12853,12880,14.888090045531726,0.8383125
12458,12602,14.888415186684824,0.838375
15652,13449,14.889694850826118,0.8384375
15742,15926,14.889783992543471,0.8385
12263,12546,14.890677779287898,0.8385625
14967,14985,14.8908924248517,0.838625
14230,14041,14.89100513880635,0.8386875
13306,13640,14.89105495907711,0.83875
14116,14305,14.892179078731715,0.8388125
12259,12273,14.893072742527238,0.838875
12496,12585,14.893217126626269,0.8389375
14318,14707,14.894004410866728,0.839
14945,15118,14.895452821362369,0.8390625
12442,12574,14.895995186730943,0.839125
14457,14706,14.896037544809587,0.8391875
13493,13668,14.896563879151245,0.83925
13606,13669,14.897272031402963,0.8393125
13193,13143,14.897465360143997,0.839375
13204,13430,14.897717532406432,0.8394375
14905,15097,14.897991337959866,0.8395
14026,14308,14.900206760776882,0.8395625
13416,13503,14.902240493866884,0.839625
13596,13532,14.903412062939651,0.8396875
13029,13136,14.904200624389205,0.83975
13252,13132,14.905042095635508,0.8398125
14447,14670,14.907091939216116,0.839875
13352,13635,14.908295921447461,0.8399375
13034,13376,14.908967662394616,0.84
14043,13424,14.90959394467609,0.8400625
12575,12605,14.910374382892542,0.840125
13234,13461,14.910474506926676,0.8401875
13624,13439,14.910893687005455,0.84025
12834,13134,14.91247580697086,0.8403125
13734,13436,14.913706830209321,0.840375
14173,13666,14.914210024007843,0.8404375
12279,12606,14.914311849688602,0.8405
12950,13008,14.91439278077587,0.8405625
15823,15924,14.914788586014765,0.840625
12253,12551,14.915009525197547,0.8406875
10705,10867,14.915360193100923,0.84075
13899,14026,14.915662323175184,0.8408125
15890,13019,14.916481784058988,0.840875
12105,12274,14.917645308466945,0.8409375
15690,15915,14.91787771016925,0.841
13189,13525,14.919207574884922,0.8410625
15712,15918,14.92058617195994,0.841125
12143,12283,14.921902655633403,0.8411875
13659,13923,14.922084590055874,0.84125
13524,13638,14.922105522909078,0.8413125
12642,12547,14.923256372556125,0.841375
13277,13530,14.923907106799788,0.8414375
13326,13650,14.924255935324027,0.8415
13576,13433,14.924758154076699,0.8415625
13548,13633,14.926674757176897,0.841625
12418,12548,14.927154751224407,0.8416875
15595,15927,14.927359664081905,0.84175
14595,14990,14.928566673276237,0.8418125
13294,13375,14.931000734930194,0.841875
13378,13458,14.932938848008916,0.8419375
12448,12327,14.933372820152954,0.842
13237,13484,14.933617938970656,0.8420625
13056,13018,14.933900852875922,0.842125
13180,13459,14.934067113546234,0.8421875
13150,13364,14.935781550649608,0.84225
12185,12301,14.937313655410435,0.8423125
13211,13502,14.93813969060784,0.842375
12196,12557,14.93894333845924,0.8424375
13551,13950,14.939378445075135,0.8425
15644,15916,14.940057911678423,0.8425625
13275,13432,14.943275088441624,0.842625
12035,12281,14.943351420287854,0.8426875
14575,14669,14.94555383166312,0.84275
13159,13428,14.94640248263886,0.8428125
13253,13133,14.947069866296715,0.842875
15000,14981,14.947861169667021,0.8429375
14973,15003,14.948514488532737,0.843
13152,13528,14.949026316452546,0.8430625
13448,13634,14.94929542338582,0.843125
10554,10868,14.950036512131874,0.8431875
14161,14306,14.951211896995574,0.84325
13273,13674,14.951310831307865,0.8433125
13400,13627,14.956698661957489,0.843375
13183,13519,14.95726699565921,0.8434375
12985,13367,14.960028426624831,0.8435
12880,13007,14.960747508314626,0.8435625
13223,13410,14.96176143088951,0.843625
13882,13927,14.961810860223522,0.8436875
12207,12555,14.962642798173192,0.84375
13488,13446,14.9626890290956,0.8438125
12974,13154,14.962732611538968,0.843875
13248,13636,14.963026274462436,0.8439375
13366,13675,14.963167346503269,0.844
13176,13445,14.964314341108093,0.8440625
13497,13631,14.967115578675475,0.844125
12464,12549,14.967212173199414,0.8441875
15561,15920,14.967486507294097,0.84425
13541,13468,14.967916872403293,0.8443125
13456,13671,14.969947004269216,0.844375
12227,12552,14.972902886081329,0.8444375
13494,13457,14.97623363853495,0.8445
13460,13448,14.976610846666517,0.8445625
12579,13013,14.976725456376698,0.844625
13373,13554,14.977877065780149,0.8446875
15855,15928,14.9790216267927,0.84475
12986,13450,14.979365087696351,0.8448125
13232,13531,14.979701483642202,0.844875
14153,12584,14.980071281378969,0.8449375
13274,13368,14.981249887291597,0.845
14810,15094,14.98129298162803,0.8450625
13365,13365,14.982886546678401,0.845125
14547,14014,14.983120716778103,0.8451875
15538,13559,14.983178016300826,0.84525
13258,13558,14.983517812395121,0.8453125
13177,13521,14.984066501717052,0.845375
12018,12280,14.984354172641815,0.8454375
15691,15929,14.984550627210638,0.8455
15062,15117,14.984985570614754,0.8455625
13891,13919,14.985251180588875,0.845625
12294,12578,14.98688457232447,0.8456875
14615,14983,14.987131957474503,0.84575
13079,13460,14.989877622858103,0.8458125
12808,12556,14.991044041742953,0.845875
12661,12854,14.991401927713923,0.8459375
12319,12586,14.99178349414251,0.846
14610,15002,14.99293568884059,0.8460625
13543,13664,14.9941339150987,0.846125
13261,13483,14.994407850419748,0.8461875
12327,12277,14.995022833698386,0.84625
13323,13480,14.997535310348212,0.8463125
13878,14008,14.997588253416325,0.846375
15929,13477,14.997590601089769,0.8464375
13067,13366,14.998897648646789,0.8465
12144,12306,14.99989885157288,0.8465625
13315,13501,15.000046502063014,0.846625
13475,13629,15.000708834048737,0.8466875
13312,13407,15.001273206234373,0.84675
13522,13926,15.003847893357943,0.8468125
14822,14978,15.004151617761863,0.846875
13199,13478,15.004459286117253,0.8469375
15981,15005,15.004740030166431,0.847
13250,13526,15.005403405813013,0.8470625
13243,13447,15.006277878497258,0.847125
13343,13557,15.006995373432801,0.8471875
14806,15093,15.006997307434403,0.84725
13335,13556,15.007769199320819,0.8473125
14856,15095,15.009446204967844,0.847375
15021,15001,15.009655901802489,0.8474375
15743,15923,15.0097275204364,0.8475
15972,14025,15.009858650186516,0.8475625
13756,13886,15.010129490604186,0.847625
14704,14977,15.010190677226092,0.8476875
13781,13369,15.011017282488865,0.84775
13205,13421,15.01113491612432,0.8478125
13749,13917,15.012060750103956,0.847875
12355,12278,15.012262363098671,0.8479375
12239,12595,15.014398003625956,0.848
13654,13887,15.016563787670066,0.8480625
13188,13382,15.016917789187573,0.848125
13238,13663,15.017347068053596,0.8481875
14391,13408,15.017811897869933,0.84825
14528,14708,15.018821630204911,0.8483125
14605,14979,15.018876065017139,0.848375
13820,14009,15.019621108951924,0.8484375
13361,13420,15.020000843867365,0.8485
13386,13540,15.020912001760735,0.8485625
13463,13546,15.02274374300714,0.848625
12910,12582,15.022801332765084,0.8486875
13842,13920,15.022996557421493,0.84875
13316,13552,15.024435092950853,0.8488125
13143,13370,15.024982098103692,0.848875
12382,12550,15.025950199460567,0.8489375
13612,14012,15.026729881179563,0.849
13617,13885,15.027041991820397,0.8490625
12939,13021,15.027894346183302,0.849125
13565,13522,15.028912276233768,0.8491875
12044,12268,15.029195353523619,0.84925
13712,13553,15.029241941868804,0.8493125
14203,13665,15.029951567001945,0.849375
15891,13104,15.030394930251532,0.8494375
13379,13555,15.030830131727498,0.8495
13222,13371,15.033184886073968,0.8495625
14239,13931,15.033392996157318,0.849625
13282,13542,15.03377536543212,0.8496875
13439,13456,15.034386634236853,0.84975
14912,15098,15.035711639461397,0.8498125
13032,13464,15.03615098397654,0.849875
13964,13943,15.036594222839994,0.8499375
13236,13463,15.038651567523175,0.85
13803,13498,15.038834439821812,0.8500625
10703,10898,15.041136344240613,0.850125
13437,13549,15.041425646021025,0.8501875
13321,13487,15.043931536688206,0.85025
13014,12554,15.044107250984325,0.8503125
13608,13942,15.044298619679012,0.850375
13634,13470,15.045314448088448,0.8504375
12718,12558,15.045838976386221,0.8505
12310,12583,15.048309481619981,0.8505625
13787,14024,15.049433359671411,0.850625
15901,13625,15.050848342223844,0.8506875
12079,12307,15.051415664048363,0.85075
13491,13488,15.051418875026457,0.8508125
15722,15921,15.051625491953928,0.850875
12349,12553,15.051929805740428,0.8509375
13061,13409,15.053290703353014,0.851
13334,13392,15.053569172137486,0.8510625
14728,13925,15.054038910080635,0.851125
14109,13929,15.055870936234669,0.8511875
14682,14980,15.057050346140159,0.85125
13239,13452,15.058245333274044,0.8513125
13650,13383,15.058414263756504,0.851375
13149,13377,15.058947502670435,0.8514375
12813,13124,15.059400704541076,0.8515
14770,14996,15.061087472409099,0.8515625
12508,12309,15.06115023116331,0.851625
12046,12282,15.061357802263728,0.8516875
13314,13462,15.062417892510894,0.85175
13466,13534,15.062711258053014,0.8518125
14554,14709,15.063872871754938,0.851875
13740,13856,15.06513178369255,0.8519375
15019,15100,15.065322136702434,0.852
14343,14010,15.067189557505799,0.8520625
13028,13128,15.068341594716685,0.852125
13490,13637,15.06909239146944,0.8521875
13718,13921,15.069150335747281,0.85225
13271,13466,15.06958888844315,0.8523125
13251,13651,15.070355771227923,0.852375
15703,15917,15.070538985540225,0.8524375
13257,13481,15.070615364133118,0.8525
13206,13427,15.071196399546807,0.8525625
13089,13472,15.071311472184334,0.852625
14764,14982,15.071852456206898,0.8526875
10889,10896,15.072567229601646,0.85275
13235,13486,15.074783344943626,0.8528125
13350,13471,15.074851214642422,0.852875
13368,13451,15.075285302611292,0.8529375
14616,14991,15.076730685433176,0.853
13240,13474,15.077395014451668,0.8530625
13122,13453,15.077775845761607,0.853125
13269,13642,15.077824934260889,0.8531875
13406,13639,15.077908378542588,0.85325
13218,13476,15.079290404048834,0.8533125
13370,13479,15.07942039633349,0.853375
13354,13541,15.080312675843288,0.8534375
15844,15930,15.081426295471601,0.8535
13175,13425,15.08158653146802,0.8535625
13958,13930,15.082266997588476,0.853625
14583,14710,15.0841293749138,0.8536875
13819,13944,15.08470022137476,0.85375
13423,13547,15.085361411227723,0.8538125
12973,13389,15.085924092568348,0.853875
13340,13652,15.088140036321192,0.8539375
14734,14992,15.088549667324969,0.854
13590,13603,15.088900294450923,0.8540625
13648,13946,15.089922423499274,0.854125
12563,13020,15.090949090442564,0.8541875
14778,14976,15.091180983022468,0.85425
13449,13533,15.091456402370795,0.8543125
13332,13594,15.091795431755145,0.854375
15061,15116,15.094065480486279,0.8544375
13629,13593,15.095482755480589,0.8545
13241,13527,15.095777410131177,0.8545625
13462,13545,15.095853472920908,0.854625
13111,13394,15.096765432017264,0.8546875
13357,13641,15.096870274044022,0.85475
13342,13393,15.09724564609769,0.8548125
14056,13951,15.100143437297675,0.854875
13646,13913,15.100885066121918,0.8549375
13521,13539,15.101233164436962,0.855
13412,13485,15.101881490903224,0.8550625
13558,13560,15.10251951758869,0.855125
13267,13426,15.102791677600862,0.8551875
13163,13378,15.104868214860517,0.85525
13186,13543,15.105906476928794,0.8553125
13480,13667,15.105921647074183,0.855375
13892,14011,15.107009823789213,0.8554375
12273,12310,15.108678772569192,0.8555
13603,13475,15.108792483143361,0.8555625
13857,13882,15.1095854815037,0.855625
14402,13884,15.110533335420769,0.8556875
14737,15004,15.111452996620756,0.85575
13389,13108,15.1119496408744,0.8558125
13995,14023,15.113352991952752,0.855875
15028,15099,15.113506854986554,0.8559375
13289,13395,15.11384205715649,0.856
15588,15922,15.11463243045523,0.8560625
13847,13924,15.114765929503164,0.856125
10885,10895,15.115998711313523,0.8561875
13414,13670,15.117677672924856,0.85625
13451,13406,15.117841632141335,0.8563125
12897,13105,15.12016885798721,0.856375
13049,13130,15.121630675903134,0.8564375
13700,14013,15.121851257032631,0.8565
13626,13918,15.122863844973836,0.8565625
13082,13110,15.125026548729693,0.856625
13196,13523,15.125088659340463,0.8566875
14160,14020,15.12594784986004,0.85675
10790,10956,15.12621117438971,0.8568125
10707,10871,15.127004617693501,0.856875
13254,13482,15.128128832486027,0.8569375
13767,13883,15.130284454406365,0.857
12936,13123,15.130410075047166,0.8570625
13398,13561,15.130799616040349,0.857125
14064,14015,15.130846410469303,0.8571875
10584,10869,15.131268251126357,0.85725
15965,13596,15.131530627749044,0.8573125
13247,13465,15.131843653936812,0.857375
13499,13604,15.132146361800096,0.8574375
12870,13125,15.133526755066441,0.8575
12959,13106,15.134201478249679,0.8575625
13967,13952,15.13583252394028,0.857625
14860,14019,15.136223458610857,0.8576875
15785,15931,15.136529697278547,0.85775
13147,13473,15.136653167719032,0.8578125
12042,12308,15.136904272064157,0.857875
14468,14711,15.13751710495444,0.8579375
13987,13939,15.138238688368347,0.858
13383,13524,15.138325817587202,0.8580625
13748,13911,15.140595688123994,0.858125
15868,13391,15.141627774445624,0.8581875
14779,13973,15.1437667659618,0.85825
13539,13914,15.144024724351539,0.8583125
14075,14307,15.144075610397522,0.858375
13264,13467,15.14443441507342,0.8584375
13228,13597,15.14485975538355,0.8585
13360,13381,15.145923755375634,0.8585625
13955,13871,15.147774689103016,0.858625
13417,13400,15.148039970116542,0.8586875
13744,13922,15.14825764801435,0.85875
13701,13868,15.149193295035047,0.8588125
13562,13538,15.150215902057198,0.858875
13641,13953,15.15378724736297,0.8589375
12867,13099,15.15425827819854,0.859
13880,13912,15.154847199149344,0.8590625
13345,13489,15.156102509332413,0.859125
14050,13849,15.156853500420084,0.8591875
15234,14993,15.157272762314278,0.85925
13098,13111,15.157303407814425,0.8593125
14814,14997,15.158254831847444,0.859375
13390,13605,15.159318215588883,0.8594375
13774,13941,15.1594011664356,0.8595
12609,12587,15.159508065727778,0.8595625
10915,10897,15.160518769091368,0.859625
13086,13403,15.16083658731236,0.8596875
13791,13855,15.161746174565451,0.85975
13605,13945,15.161958598675255,0.8598125
12898,13129,15.163268533768587,0.859875
13201,13469,15.166124619016045,0.8599375
13627,13877,15.166787205962237,0.86
13281,13500,15.16690444783444,0.8600625
13571,13598,15.166921092882376,0.860125
13387,13562,15.167101333403934,0.8601875
13213,13390,15.167730475445524,0.86025
13922,13853,15.167877491704985,0.8603125
13633,13544,15.167967995227855,0.860375
15898,13910,15.1688520583823,0.8604375
13124,13100,15.168957016886452,0.8605
12254,12594,15.169301544530526,0.8605625
13227,13537,15.169556017302284,0.860625
13405,13643,15.169977943339745,0.8606875
14130,14018,15.171842064608654,0.86075
13377,13676,15.17251097174153,0.8608125
14724,15000,15.172749426385053,0.860875
13737,13933,15.173158441847818,0.8609375
12868,13107,15.17327868792836,0.861
13284,13404,15.173624517230337,0.8610625
15973,13949,15.17468483635821,0.861125
13372,12589,15.176218062209045,0.8611875
13113,13499,15.176239526015934,0.86125
13694,13847,15.176936785464932,0.8613125
10541,10872,15.177726685295738,0.861375
13185,13536,15.17780364324085,0.8614375
15725,15932,15.177830143295068,0.8615
15952,13954,15.178708045991925,0.8615625
13715,13607,15.179201499249757,0.861625
13336,13595,15.180954222392302,0.8616875
15916,13937,15.182314002440307,0.86175
13144,13379,15.182643014861014,0.8618125
12854,13131,15.185417414944823,0.861875
13349,13581,15.185991110706937,0.8619375
13265,13649,15.186405216949424,0.862
13530,13854,15.186458113150366,0.8620625
12858,13023,15.187065588336282,0.862125
14785,14998,15.188643724760823,0.8621875
13788,14017,15.18890637141567,0.86225
13384,13600,15.189487229321458,0.8623125
13822,13548,15.190152103906485,0.862375
14847,15115,15.193350480804611,0.8624375
13319,13563,15.193785388828019,0.8625
12869,13122,15.194091672383138,0.8625625
14039,14021,15.194515501027809,0.862625
13471,13384,15.195088290895228,0.8626875
12833,13022,15.19529676436423,0.86275
10530,10891,15.196902174857769,0.8628125
14397,13948,15.19753539803014,0.862875
13980,13889,15.198176467627036,0.8629375
13665,13857,15.200907527445679,0.863
13622,13591,15.20516630193697,0.8630625
13904,13975,15.205840394816505,0.863125
13777,13888,15.206745857734177,0.8631875
15905,13862,15.206981429570305,0.86325
15840,13916,15.20897919251479,0.8633125
13351,13592,15.209541331521223,0.863375
13570,13909,15.211012520376244,0.8634375
13478,13850,15.211606773214953,0.8635
13881,13932,15.21215909671946,0.8635625
13658,13852,15.212278186415688,0.863625
12947,13380,15.212644359824253,0.8636875
13628,13936,15.212680469318457,0.86375
13780,14007,15.212725731207684,0.8638125
13536,13454,15.214340202630865,0.863875
12795,13109,15.21450974987647,0.8639375
11904,12258,15.215336345301466,0.864
11073,10900,15.215400754932489,0.8640625
13643,13869,15.216932221594107,0.864125
10711,10899,15.217835337638917,0.8641875
14012,13873,15.218451837104112,0.86425
13313,13126,15.218742531874113,0.8643125
14846,15102,15.218802497612614,0.864375
11955,12257,15.219223636379184,0.8644375
13753,13880,15.220781689713249,0.8645
10736,10958,15.22099182355305,0.8645625
13859,14022,15.221223172081181,0.864625
15521,15101,15.222783149544512,0.8646875
12655,13043,15.223097406594661,0.86475
13179,13402,15.224300610155979,0.8648125
15571,15942,15.224305692601774,0.864875
13203,13550,15.224307267561471,0.8649375
13697,13624,15.224526146361086,0.865
12094,12267,15.225075807828262,0.8650625
13112,13401,15.226422525602175,0.865125
14066,13934,15.227149492934814,0.8651875
10672,10870,15.227858985990451,0.86525
13508,13879,15.22864368886303,0.8653125
13631,13848,15.229306209814013,0.865375
13948,14016,15.229321352357147,0.8654375
14793,14999,15.229837794800915,0.8655
12692,13024,15.232217747811774,0.8655625
12404,12593,15.23295183748428,0.865625
10806,10877,15.233008665321222,0.8656875
14044,13940,15.2363896974623,0.86575
10740,10894,15.236426475485814,0.8658125
14415,14713,15.237469582009453,0.865875
13686,13858,15.238458073793254,0.8659375
13599,13851,15.238943392516376,0.866
12805,13103,15.239317960275457,0.8660625
12767,13121,15.239945280944085,0.866125
13582,13874,15.240472722156028,0.8661875
13730,13878,15.240997228991318,0.86625
13393,13587,15.241006722931843,0.8663125
13263,13455,15.241553193254731,0.866375
15033,14712,15.243895292237767,0.8664375
13707,13938,15.244035368123377,0.8665
13348,13535,15.244807910582722,0.8665625
13573,13601,15.245873420306452,0.866625
13623,13875,15.246516071190399,0.8666875
12397,12588,15.246740895151106,0.86675
14138,13947,15.247091453992198,0.8668125
13702,13902,15.247911067103132,0.866875
15618,15933,15.248117964060611,0.8669375
13526,13551,15.24850825557337,0.867
13157,13396,15.248913594297164,0.8670625
15874,13066,15.252483023626837,0.867125
13853,13906,15.254077250023101,0.8671875
14787,14975,15.255783342860468,0.86725
14665,14974,15.256733317502949,0.8673125
13132,13399,15.257257808719032,0.867375
15119,15103,15.257283481606692,0.8674375
13011,13102,15.257369567287014,0.8675
10750,10893,15.258615701961162,0.8675625
13901,13974,15.259727272889677,0.867625
14186,13870,15.259799710120205,0.8676875
13695,13881,15.260716611411226,0.86775
13930,13935,15.261329669384395,0.8678125
13556,13599,15.262347627456165,0.867875
14683,14995,15.263327839986005,0.8679375
13594,13907,15.26429388865381,0.868
13309,13586,15.266894251391932,0.8680625
13662,13405,15.268832944299902,0.868125
12915,13112,15.270280526479837,0.8681875
14824,14994,15.27215552437201,0.86825
13214,13590,15.272420433483603,0.8683125
12926,13127,15.273044512057368,0.868375
13297,13582,15.27392164674552,0.8684375
10568,10884,15.27433558622306,0.8685
13525,13491,15.274995207372285,0.8685625
13130,13397,15.278768321015605,0.868625
12565,12266,15.279327769540487,0.8686875
15107,15114,15.280021840487734,0.86875
11074,10959,15.280500245139365,0.8688125
11027,10955,15.281972325538845,0.868875
13613,13496,15.282953169421717,0.8689375
13104,13385,15.284350497357536,0.869
13804,13915,15.288918935759966,0.8690625
13181,13386,15.289689599032954,0.869125
13840,13955,15.289979664940574,0.8691875
14128,13971,15.291574808975838,0.86925
14065,13863,15.29349008546933,0.8693125
15770,15937,15.294189885948981,0.869375
13625,13860,15.295718475604644,0.8694375
13782,13903,15.295918991079816,0.8695
13255,13623,15.296336352479102,0.8695625
14685,15109,15.299652445452011,0.869625
14083,13049,15.299919891837817,0.8696875
10667,10876,15.300193905042534,0.86975
15870,15934,15.300983140506332,0.8698125
13858,13890,15.301270929741804,0.869875
13512,13861,15.30139869814775,0.8699375
13055,13048,15.301830996311537,0.87
13346,13602,15.30262394405463,0.8700625
15936,13398,15.304296265833955,0.870125
10593,10873,15.306021372151008,0.8701875
13402,13497,15.307446221846703,0.87025
15657,15940,15.30795209349776,0.8703125
13145,13388,15.3094131399871,0.870375
13358,13029,15.310863821187013,0.8704375
13295,13387,15.310911060659464,0.8705
13421,13644,15.311978996882772,0.8705625
10533,10957,15.314106453182148,0.870625
10934,10901,15.314655704800998,0.8706875
13566,13606,15.31474404729488,0.87075
11962,12265,15.316994067375845,0.8708125
14591,14968,15.317132001096297,0.870875
13026,13067,15.317951530487335,0.8709375
14927,15104,15.318071700115297,0.871
14807,15110,15.319298076773293,0.8710625
15078,14967,15.320775034790358,0.871125
13523,13585,15.32111726518383,0.8711875
15150,10888,15.321382937084763,0.87125
14670,14966,15.322709956579502,0.8713125
13418,13564,15.32513227318259,0.871375
13679,13609,15.32670381640014,0.8714375
13542,13490,15.326705462337486,0.8715
12408,12591,15.327746156287276,0.8715625
13585,13608,15.32778932400879,0.871625
14060,13864,15.328083917137747,0.8716875
12586,12264,15.328482672075324,0.87175
10567,10875,15.329185497460912,0.8718125
15835,15935,15.33191952476227,0.871875
13887,13859,15.33237618671933,0.8719375
13814,13872,15.332546843495493,0.872
13399,13580,15.333098556511004,0.8720625
11534,10890,15.333176601116747,0.872125
15593,15936,15.333408512945425,0.8721875
14932,15105,15.334327946752182,0.87225
10622,10892,15.33463991742633,0.8723125
13854,13904,15.33621333838255,0.872375
13644,13589,15.337429575457236,0.8724375
15798,15943,15.337537395526851,0.8725
12062,12261,15.33811358394405,0.8725625
14951,14965,15.33899805312808,0.872625
13600,13891,15.339310048178277,0.8726875
15024,14973,15.341009823653621,0.87275
13473,13867,15.34190578402081,0.8728125
13846,13645,15.343521934390765,0.872875
14937,14824,15.34441573158847,0.8729375
10810,10874,15.345906798798296,0.873
15765,15941,15.346067150161161,0.8730625
13259,13613,15.34861720907088,0.873125
13684,13970,15.350908078162774,0.8731875
15811,15944,15.353967464253174,0.87325
10658,10878,15.354283698103245,0.8733125
13621,13908,15.355218030247215,0.873375
15434,15107,15.355642019283778,0.8734375
13743,13972,15.357816887363697,0.8735
14707,14969,15.358761689412177,0.8735625
12640,13042,15.36217082318035,0.873625
13404,13574,15.362343212284713,0.8736875
11970,12252,15.36300209996375,0.87375
12148,12262,15.363013158900685,0.8738125
12733,13028,15.363475826484091,0.873875
13081,13101,15.3637659458891,0.8739375
13796,14004,15.364264870276202,0.874
12881,13044,15.364411212150117,0.8740625
15297,15108,15.364991471444682,0.874125
14175,10952,15.36551097826009,0.8741875
12826,13026,15.366288420943874,0.87425
15520,10953,15.367361996248064,0.8743125
12465,12590,15.367424882742853,0.874375
14512,14817,15.368470546433855,0.8744375
10619,10886,15.371387468645935,0.8745
14465,14813,15.372167001438356,0.8745625
14990,15106,15.372563090184258,0.874625
14738,14810,15.373648366593898,0.8746875
13296,13677,15.375382347706818,0.87475
13687,13865,15.375500260804301,0.8748125
14801,14814,15.37693415339345,0.874875
13991,13956,15.37794889132715,0.8749375
13884,13579,15.37922550594135,0.875
15961,13567,15.379789670899527,0.8750625
13647,13900,15.380163064774933,0.875125
13394,13622,15.38063629306248,0.8751875
12268,12259,15.38082386015435,0.87525
10638,10887,15.380879858461185,0.8753125
12084,12260,15.3810464461626,0.875375
15958,14006,15.382063626527042,0.8754375
10631,10960,15.383897900821239,0.8755
12875,13027,15.383967027470817,0.8755625
13507,13682,15.384569369995006,0.875625
13139,13113,15.385048117563883,0.8756875
15353,14963,15.385132962313492,0.87575
13579,13901,15.385283396599561,0.8758125
13815,13976,15.388313176907332,0.875875
14796,14961,15.389236475695725,0.8759375
13588,13588,15.390129061795733,0.876
14750,14964,15.390592296146224,0.8760625
13528,13566,15.393316277269832,0.876125
13757,13977,15.393502574975628,0.8761875
13428,13610,15.393663575422579,0.87625
13374,13565,15.393888321043278,0.8763125
15038,14962,15.394518593574048,0.876375
12612,13046,15.394714393742333,0.8764375
13869,13966,15.39478371539417,0.8765
13532,13097,15.394941252999843,0.8765625
15803,15946,15.396015610998347,0.876625
13166,13573,15.396268618992053,0.8766875
15713,15939,15.397697882541252,0.87675
15967,13866,15.398743314070316,0.8768125
13516,13583,15.399196477035503,0.876875
13280,13025,15.39988909768067,0.8769375
13391,13647,15.4007299258094,0.877
12824,13114,15.402884182925845,0.8770625
12178,12256,15.402992583323112,0.877125
13467,13678,15.40744137101683,0.8771875
14513,14798,15.409633043547501,0.87725
13844,13967,15.40967010402619,0.8773125
13705,13876,15.410099078971143,0.877375
11055,10882,15.412442032267563,0.8774375
12766,13050,15.414496994484125,0.8775
15575,15938,15.416558937395394,0.8775625
13305,13584,15.416734268281289,0.877625
12887,13064,15.421053551434397,0.8776875
10717,10885,15.421426824624405,0.87775
14483,14811,15.4214588997595,0.8778125
14579,14714,15.42235405298652,0.877875
13411,13577,15.422991923334166,0.8779375
12942,13098,15.423146549817602,0.878
12342,12249,15.42423085906762,0.8780625
13506,13576,15.424233512754427,0.878125
13758,14005,15.425183528828256,0.8781875
13168,13492,15.42698602579776,0.87825
12929,13036,15.428360561904128,0.8783125
14639,14821,15.430858003820276,0.878375
12024,12239,15.430878497377762,0.8784375
14558,14822,15.432267985418548,0.8785
15585,15945,15.432405802018138,0.8785625
13195,13116,15.43369424943694,0.878625
13795,14002,15.434477156538378,0.8786875
12884,13031,15.435578364983257,0.87875
12610,12592,15.435756156540265,0.8788125
10843,10883,15.438345815726507,0.878875
13500,13611,15.440407118531311,0.8789375
13118,13045,15.440845980284394,0.879
14939,14826,15.441143972580221,0.8790625
13661,13965,15.441738662790613,0.879125
13440,13493,15.441748373978044,0.8791875
14438,14721,15.441910648801468,0.87925
12859,13062,15.444254285212537,0.8793125
13593,13846,15.444798575687855,0.879375
14105,13905,15.445588086342468,0.8794375
14741,14812,15.44599893134182,0.8795
14947,15112,15.447299759489397,0.8795625
15948,13119,15.447546387830016,0.879625
13492,13575,15.45055737150551,0.8796875
10805,10902,15.451084507009,0.87975
12296,12250,15.451866402246651,0.8798125
13409,13646,15.452145610894604,0.879875
12550,13030,15.453038743232128,0.8799375
13615,13047,15.453468883060395,0.88
13680,14003,15.45363572532824,0.8800625
13800,13957,15.45374308561668,0.880125
10721,10879,15.454566013469275,0.8801875
10712,10903,15.454603588966847,0.88025
12844,13061,15.455049022542426,0.8803125
10647,10961,15.456663864164511,0.880375
12914,13096,15.460216985921534,0.8804375
14766,14722,15.4615096841585,0.8805
12724,13038,15.462407710616844,0.8805625
13484,13648,15.462459034974017,0.880625
12812,13039,15.464197566886696,0.8806875
10580,10880,15.46423153105252,0.88075
12592,13041,15.467156612138524,0.8808125
10754,10889,15.469017860942813,0.880875
14543,14716,15.469501126639216,0.8809375
15913,13894,15.469543088283672,0.881
13894,13892,15.469904371977918,0.8810625
13724,13958,15.469905983343551,0.881125
14491,14797,15.472141916254031,0.8811875
12895,13032,15.473152271623121,0.88125
12175,12251,15.474225440489363,0.8813125
14789,14726,15.474801847282151,0.881375
13324,13572,15.476715192494567,0.8814375
12890,13115,15.4778738339337,0.8815
13009,13120,15.479327277038237,0.8815625
13583,13959,15.479586151768444,0.881625
11912,12237,15.4800018452745,0.8816875
14985,15111,15.480567398711628,0.88175
14809,14970,15.481869936522116,0.8818125
10594,10951,15.482704087516595,0.881875
12748,13068,15.482784526419891,0.8819375
15886,13621,15.484202562559858,0.882
13726,13960,15.485623691411547,0.8820625
14821,15113,15.48594522540543,0.882125
12432,12247,15.486413639186594,0.8821875
14975,14959,15.488018976446028,0.88225
13362,13568,15.489187390432562,0.8823125
13760,13569,15.491318127596287,0.882375
14627,14818,15.492155604605841,0.8824375
13287,13618,15.493103832091037,0.8825
14743,14971,15.494791976074794,0.8825625
13708,13968,15.503102118095285,0.882625
13614,13578,15.50359777352378,0.8826875
12107,12238,15.505212728219476,0.88275
13759,13964,15.505492902965898,0.8828125
12734,13035,15.507311546845358,0.882875
12276,12263,15.508459815179776,0.8829375
13897,13571,15.512327182524587,0.883
14392,13614,15.512716137735424,0.8830625
14433,14819,15.514726463167335,0.883125
15458,14960,15.516606766948144,0.8831875
15307,14923,15.519136334244422,0.88325
14722,14972,15.519217184573336,0.8833125
15105,14820,15.519311075349606,0.883375
12961,13065,15.520033301859712,0.8834375
14655,14799,15.522195228574446,0.8835
12995,13117,15.522945455950321,0.8835625
13810,13899,15.523482100349383,0.883625
14607,14796,15.526825960994302,0.8836875
12016,12255,15.527904178881045,0.88375
14485,14795,15.530754696670101,0.8838125
10611,10954,15.531690891469225,0.883875
13225,13683,15.531946329991115,0.8839375
13035,13063,15.532840544216697,0.884
14479,14806,15.533988757387533,0.8840625
12927,13040,15.535234080836517,0.884125
14490,14719,15.535377824203806,0.8841875
12864,13037,15.53553986506472,0.88425
12912,13093,15.537066741331955,0.8843125
15676,15948,15.537396066607926,0.884375
14745,14924,15.538368436835299,0.8844375
15990,14807,15.539037136159095,0.8845
12339,12253,15.54118004795555,0.8845625
15658,15947,15.547246216656958,0.884625
13505,13679,15.54862325223985,0.8846875
13762,13844,15.548763557852453,0.88475
13068,13494,15.549540389069989,0.8848125
14663,14825,15.551545412625728,0.884875
13426,13684,15.551674023934766,0.8849375
11026,10991,15.554087045844653,0.885
13452,13681,15.555553672324777,0.8850625
13706,13895,15.555793970325794,0.885125
14829,14958,15.556776981722805,0.8851875
15011,14955,15.557462267572191,0.88525
13676,13999,15.559116269435663,0.8853125
13338,13570,15.561945669877787,0.885375
13926,13961,15.562865491514913,0.8854375
13325,13612,15.563430143301957,0.8855
13673,14001,15.563639662571632,0.8855625
14286,14718,15.564172947529414,0.885625
12214,12240,15.565185951466901,0.8856875
14580,14727,15.566628153139163,0.88575
15477,13963,15.567339544263405,0.8858125
13224,13495,15.568513171021777,0.885875
14662,14816,15.568948353559108,0.8859375
10751,11007,15.571411312050714,0.886
10673,10949,15.57171792095778,0.8860625
13927,13978,15.571863492739794,0.886125
13511,13702,15.571865834937853,0.8861875
14638,14808,15.573150933767238,0.88625
14684,14764,15.580391898873813,0.8863125
12779,13094,15.580977251271179,0.886375
14629,14925,15.581820330777191,0.8864375
14858,14805,15.581968484486424,0.8865
14984,14957,15.582348919146625,0.8865625
11972,12248,15.582760631202746,0.886625
12756,13034,15.585334336061806,0.8866875
12029,12254,15.58634907381338,0.88675
14735,14827,15.590398184874857,0.8868125
11294,10881,15.590660839340444,0.886875
14505,14728,15.59100138863414,0.8869375
14633,14922,15.59278329808808,0.887
14481,14715,15.593454714265818,0.8870625
13363,10950,15.593603690408372,0.887125
14748,14800,15.593928084067784,0.8871875
10586,10992,15.594654419799554,0.88725
15815,15949,15.597365559663785,0.8873125
12727,13051,15.59855314407605,0.887375
13698,13962,15.599650516121528,0.8874375
13619,13680,15.601067319267713,0.8875
11966,12244,15.604264194739926,0.8875625
13651,13619,15.60695142195459,0.887625
14568,14823,15.607070772564384,0.8876875
12683,13059,15.608090637482746,0.88775
13685,13969,15.608667885905106,0.8878125
14654,14730,15.610272382256653,0.887875
13642,13981,15.611457813148036,0.8879375
10659,10990,15.613533052853427,0.888
15402,13979,15.613688421589586,0.8880625
10604,10904,15.613751926539635,0.888125
13677,14000,15.61699464037929,0.8881875
14338,14724,15.617253502450922,0.88825
13818,13893,15.619358443198053,0.8883125
14761,14953,15.619916717025035,0.888375
14514,14725,15.621010809775271,0.8884375
12978,13058,15.621992625010535,0.8885
14444,14809,15.622777126442315,0.8885625
10731,11006,15.623012490666724,0.888625
13527,13897,15.625441942097723,0.8886875
14759,14927,15.626276274619158,0.88875
11942,12246,15.626394595665033,0.8888125
14362,14723,15.628804351202234,0.888875
13496,13845,15.629932386895916,0.8889375
15741,15950,15.631921451812332,0.889
10691,10905,15.632532779737176,0.8890625
14602,14758,15.634287332024087,0.889125
14555,14794,15.635856547084359,0.8891875
13908,13994,15.638900165161203,0.88925
11035,11039,15.641052523578082,0.8893125
14475,14815,15.641262885449805,0.889375
14541,14828,15.642771907061388,0.8894375
12072,12241,15.643152228335111,0.8895
15861,14918,15.643287306262437,0.8895625
14519,14804,15.643852659294907,0.889625
13087,13083,15.647640594739187,0.8896875
13229,13620,15.64846578529432,0.88975
13618,13898,15.6501162535385,0.8898125
10760,10906,15.65227619262464,0.889875
10738,11038,15.657207403253551,0.8899375
14703,14926,15.657252172336257,0.89
10936,10907,15.659284300271793,0.8900625
12777,13057,15.661597224952402,0.890125
15859,15951,15.662371330985252,0.8901875
13529,13685,15.662998059770189,0.89025
14624,14735,15.663754515229812,0.8903125
14626,14717,15.664294762566215,0.890375
14656,14829,15.665870100631992,0.8904375
10719,10909,15.66588053938699,0.8905
13048,13095,15.666402953542956,0.8905625
14303,13056,15.666496425070818,0.890625
13424,13839,15.666829633316183,0.8906875
10713,10962,15.670910460389905,0.89075
14585,14921,15.672084796998433,0.8908125
10899,10964,15.672400333169662,0.890875
14467,14729,15.67443747604716,0.8909375
14875,14956,15.674535492185441,0.891
12839,13118,15.675246030381004,0.8910625
13725,13996,15.68008286567374,0.891125
14000,13896,15.680589527290294,0.8911875
14015,13841,15.68204207349504,0.89125
12230,12245,15.68617690547012,0.8913125
15869,11040,15.686297066860334,0.891375
14658,14766,15.686495524402744,0.8914375
12052,12236,15.686789411215614,0.8915
14474,14765,15.68778304862758,0.8915625
13013,13060,15.688715270099237,0.891625
13598,13842,15.688802355650978,0.8916875
14870,14734,15.6892476279329,0.89175
12112,12230,15.690396226422763,0.8918125
14632,14756,15.691125710361348,0.891875
12065,12192,15.693216895765545,0.8919375
12793,13033,15.693461518603954,0.892
10833,10913,15.693900423484592,0.8920625
12840,13082,15.694292918664814,0.892125
14988,14928,15.695514939668783,0.8921875
14521,14736,15.698838481602706,0.89225
14502,14732,15.699601084141932,0.8923125
13482,13706,15.700265224466193,0.892375
12721,13084,15.700513570407566,0.8924375
14508,14720,15.700689180624522,0.8925
14408,14803,15.702015196367256,0.8925625
10676,10908,15.70352200526031,0.892625
10839,11046,15.704027562181182,0.8926875
10581,11045,15.705186452536964,0.89275
14497,14755,15.710859957695448,0.8928125
13513,13704,15.711029248306204,0.892875
10757,11042,15.711095763399953,0.8929375
15955,13986,15.711333988653223,0.893
11945,12229,15.711411230755402,0.8930625
13441,13689,15.712623587813141,0.893125
14841,14737,15.714620671463308,0.8931875
10675,11052,15.715024794842066,0.89325
14837,14802,15.715737385896773,0.8933125
12700,13069,15.723542888435531,0.893375
14544,14757,15.724076811374061,0.8934375
12012,12189,15.724569382328582,0.8935
14718,14767,15.725119051550564,0.8935625
12924,13055,15.725597913140291,0.893625
15897,12204,15.728674606363029,0.8936875
13938,13991,15.729021955888129,0.89375
12285,12191,15.730944504004128,0.8938125
13873,13985,15.733276108127257,0.893875
14671,14801,15.733859442236508,0.8939375
13454,13705,15.734772079168351,0.894
14777,14954,15.734824081224815,0.8940625
14767,14936,15.735314758910363,0.894125
10690,10993,15.736372175739689,0.8941875
13888,13992,15.736813920638042,0.89425
13728,13708,15.738637280130433,0.8943125
14679,14768,15.738692346827065,0.894375
13769,13838,15.740921067560521,0.8944375
13907,13686,15.740941923042783,0.8945
10872,10948,15.741216948993497,0.8945625
11412,11044,15.741488049557574,0.894625
14421,14754,15.745959787028596,0.8946875
13429,13615,15.748109483658254,0.89475
14712,14937,15.748166571169577,0.8948125
12876,13070,15.749963684562772,0.894875
13442,13690,15.750502188643395,0.8949375
10571,10989,15.75308979664942,0.895
13355,13616,15.75401710909182,0.8950625
14572,14830,15.754719962953004,0.895125
13537,13703,15.75646151030378,0.8951875
13863,13997,15.757097415684484,0.89525
13731,13998,15.76005973307042,0.8953125
15393,14769,15.76205870809872,0.895375
14669,14917,15.762144281940891,0.8954375
13472,13687,15.762527764351262,0.8955
10758,11051,15.763313566086481,0.8955625
14819,14760,15.763447183581093,0.895625
12354,12207,15.764867549622977,0.8956875
14451,14761,15.765139241712404,0.89575
12902,13092,15.767658335024407,0.8958125
10917,11037,15.770938771967622,0.895875
10859,11041,15.771524346494061,0.8959375
13260,13617,15.771890915143786,0.896
14584,14832,15.772526861979486,0.8960625
14672,14929,15.773357703472811,0.896125
12002,12243,15.774360739909525,0.8961875
10938,11043,15.774852003425622,0.89625
15971,14763,15.775195635519594,0.8963125
13427,13688,15.77534090464269,0.896375
10801,10965,15.775520223864987,0.8964375
14619,14831,15.776550172876796,0.8965
10733,11008,15.778148880745675,0.8965625
13917,13988,15.779151250677614,0.896625
13663,13980,15.780292060526335,0.8966875
14071,13987,15.780777508845631,0.89675
12823,13052,15.782380325538952,0.8968125
14944,14731,15.783288121112491,0.896875
11994,12188,15.78349761567415,0.8969375
13783,13995,15.783653693567203,0.897
13793,13707,15.784447673244358,0.8970625
12020,12225,15.78488037488205,0.897125
12728,13054,15.786014494178517,0.8971875
10674,10966,15.78667567683965,0.89725
13578,13843,15.787390525083765,0.8973125
14998,14770,15.787411442951452,0.897375
13875,13982,15.790545321367745,0.8974375
13431,13053,15.7910840213558,0.8975
14635,14762,15.791848783911064,0.8975625
10748,11005,15.792802860773236,0.897625
15359,14945,15.7931320222865,0.8976875
14784,14952,15.794417548328056,0.89775
12786,13081,15.795041823806514,0.8978125
12962,13085,15.798548488557799,0.897875
11995,12235,15.799239904446267,0.8979375
12130,12242,15.801108273141608,0.898
13485,13691,15.803703443539007,0.8980625
13549,13840,15.80413674206784,0.898125
10942,10912,15.804637824227257,0.8981875
10689,11028,15.807179413921176,0.89825
14552,14946,15.808086798612294,0.8983125
10990,11000,15.80822977982325,0.898375
10698,10911,15.808936538287071,0.8984375
15031,14759,15.809821534779985,0.8985
12087,12231,15.81084773233647,0.8985625
11814,12178,15.812619024612104,0.898625
11087,11003,15.813583442706431,0.8986875
14016,13984,15.814198100480326,0.89875
14628,14833,15.8143646037488,0.8988125
14696,14738,15.814415002267879,0.898875
14603,14919,15.814580316708543,0.8989375
14636,14920,15.817374012280652,0.899
14938,12185,15.818099194554861,0.8990625
13401,13714,15.820597750212528,0.899125
10866,11048,15.822063474515062,0.8991875
10686,11036,15.82230563654116,0.89925
14324,14752,15.824082618931243,0.8993125
14768,14949,15.824488369431037,0.899375
12073,12232,15.82513428813968,0.8994375
12753,13091,15.826056055267145,0.8995
12272,12205,15.827426320398217,0.8995625
12997,13086,15.82887775597169,0.899625
12172,12234,15.829844997914279,0.8996875
13870,13993,15.830866405158076,0.89975
13430,13701,15.832165008502898,0.8998125
14961,14950,15.83265270715674,0.899875
13716,13830,15.836653724147936,0.8999375
10884,11033,15.839394042305003,0.9
13560,13983,15.839615275020378,0.9000625
14598,14772,15.842306358774294,0.900125
12076,12206,15.843222816977004,0.9001875
11808,12190,15.844165375037392,0.90025
12140,12186,15.846780742180954,0.9003125
15552,15952,15.849963419499318,0.900375
12135,12170,15.850329788996987,0.9004375
10900,10914,15.851312476369912,0.9005
14569,14934,15.851480077413498,0.9005625
12770,13088,15.852423565400386,0.900625
12850,13087,15.85490628738512,0.9006875
10854,10963,15.858208132465279,0.90075
15995,14774,15.858760519430007,0.9008125
10967,11032,15.860836947569396,0.900875
11537,11034,15.86255620652014,0.9009375
12364,12179,15.863102412461103,0.901
12056,12226,15.863653584054191,0.9010625
13636,13836,15.865784354101834,0.901125
14529,14771,15.86711154449199,0.9011875
12150,12195,15.86852748079832,0.90125
10945,11047,15.869440633675367,0.9013125
14407,14778,15.870528207504549,0.901375
15224,14773,15.872088756574158,0.9014375
11042,11004,15.873859036461226,0.9015
13683,13837,15.874977579911047,0.9015625
10771,11029,15.875261551198719,0.901625
10905,11054,15.876400814164526,0.9016875
13337,13711,15.87867749162865,0.90175
14563,14733,15.879705240181465,0.9018125
13502,13712,15.881667809449937,0.901875
13388,13715,15.88201772009802,0.9019375
14386,14743,15.88278017347875,0.902
12534,11030,15.882792784441563,0.9020625
14478,14777,15.883828607565192,0.902125
11944,12183,15.885490316481764,0.9021875
11740,12182,15.886170156335993,0.90225
12054,12181,15.886484628001426,0.9023125
11116,10998,15.886603323296413,0.902375
14823,14740,15.886697788557058,0.9024375
10766,10997,15.887404869187776,0.9025
13563,13710,15.888173441616573,0.9025625
11739,12152,15.88903489114341,0.902625
12096,12209,15.889860010370967,0.9026875
13799,13713,15.890563559400789,0.90275
10821,11031,15.89386685218551,0.9028125
14930,14739,15.894621948008762,0.902875
14493,14748,15.894962070266047,0.9029375
13657,13832,15.895798514498438,0.903
14571,14746,15.897197145593964,0.9030625
10948,11009,15.897400666044405,0.903125
10469,10910,15.898096817424857,0.9031875
11917,12193,15.898505804944762,0.90325
12794,13072,15.899905422023949,0.9033125
12907,13071,15.90103294564392,0.903375
12092,12208,15.90491746165253,0.9034375
15142,14916,15.906898903961519,0.9035
10655,10999,15.90848254550815,0.9035625
10787,11026,15.910868481785428,0.903625
14452,14793,15.91130218957278,0.9036875
14564,14775,15.91430415988907,0.90375
10832,10995,15.915216632400643,0.9038125
10857,11053,15.915749700282277,0.903875
13667,13709,15.916286286430477,0.9039375
12913,13073,15.916383309009007,0.904
15934,13696,15.916534732121136,0.9040625
10803,11001,15.917313955081227,0.904125
13555,13835,15.918636783152806,0.9041875
14700,14938,15.91916984361842,0.90425
14561,14781,15.919696307177901,0.9043125
10960,11027,15.91980086708304,0.904375
10864,10983,15.919821211347198,0.9044375
10656,10915,15.920078612212365,0.9045
14688,14749,15.922894370204858,0.9045625
14525,14780,15.924815975329238,0.904625
14694,14782,15.924894741453954,0.9046875
12307,12219,15.925839642878145,0.90475
11981,12196,15.926858211112176,0.9048125
14536,14932,15.92819285275391,0.904875
14567,14747,15.929385947260698,0.9049375
14871,14947,15.930546179074554,0.905
13076,12210,15.932278399907318,0.9050625
12100,12220,15.932778147910994,0.905125
14551,14753,15.933107900873438,0.9051875
13445,13698,15.933412789816884,0.90525
11929,12212,15.935390022933007,0.9053125
14693,14912,15.935423565854762,0.905375
10768,10994,15.935613998870622,0.9054375
11086,10967,15.936877426849605,0.9055
10704,10947,15.937374354589565,0.9055625
10666,10919,15.938303456562608,0.905625
11003,10968,15.939791604606626,0.9056875
15594,15953,15.941923439562515,0.90575
14590,14942,15.942409467450034,0.9058125
11969,12184,15.942618166222246,0.905875
10654,10988,15.943413104512501,0.9059375
15696,14935,15.944566333466355,0.906
14614,14931,15.944795888152157,0.9060625
11889,12213,15.946225177166525,0.906125
14660,14944,15.9464217946404,0.9061875
12444,12146,15.947137738110087,0.90625
14574,14943,15.947230715906699,0.9063125
15005,14951,15.949131749307526,0.906375
12091,12180,15.951160594737303,0.9064375
10890,10984,15.951407364407487,0.9065
12752,13079,15.952025045502978,0.9065625
13419,13697,15.952105894620672,0.906625
12935,13077,15.953463653554763,0.9066875
11985,12154,15.95367456369172,0.90675
10641,11002,15.95395696595483,0.9068125
14524,14776,15.954208567342903,0.906875
13630,13833,15.954226350620274,0.9069375
13773,13831,15.954512299781527,0.907
12108,12169,15.955168396372528,0.9070625
10964,10942,15.958110871643157,0.907125
14790,14779,15.958310008838453,0.9071875
14630,14933,15.960354945169911,0.90725
10880,10996,15.96232512107963,0.9073125
13469,13829,15.96251017825739,0.907375
15795,11024,15.962646713984213,0.9074375
12022,12223,15.964459006159586,0.9075
11976,12227,15.964640873114377,0.9075625
12152,12222,15.966520179302051,0.907625
11882,12221,15.968653806720795,0.9076875
11002,11049,15.970575960416454,0.90775
10848,11035,15.97220563186147,0.9078125
10973,11019,15.973615880510124,0.907875
14496,14741,15.974230486435317,0.9079375
13751,10979,15.974381453477463,0.908
11978,12203,15.97725332704681,0.9080625
13591,13692,15.978685499241465,0.908125
12061,12218,15.979709747538436,0.9081875
14473,14750,15.97979546968486,0.90825
11984,12198,15.981675663093483,0.9083125
13696,13990,15.982240677419668,0.908375
11983,12173,15.982729957939455,0.9084375
12119,12145,15.983116817953714,0.9085
14472,14745,15.983561369053632,0.9085625
14746,14930,15.983717473601928,0.908625
12075,12153,15.984158944835826,0.9086875
14459,14742,15.985529186955091,0.90875
11965,12194,15.986802888352031,0.9088125
10858,10969,15.987128245134045,0.908875
10727,10943,15.987576881023415,0.9089375
13727,13834,15.988928055151746,0.909
13999,13989,15.991261421470654,0.9090625
13375,13716,15.992705119306265,0.909125
13495,13695,15.994141894136874,0.9091875
12275,12172,15.995784898018655,0.90925
14546,14792,15.996442357904925,0.9093125
13514,13718,15.997907523570575,0.909375
13155,13078,15.99791950846543,0.9094375
12101,12228,15.998500129481272,0.9095
15533,15956,15.998556191472971,0.9095625
12248,12211,16.003789946305005,0.909625
13544,13717,16.003920527417904,0.9096875
14487,14835,16.004591958778292,0.90975
13852,13828,16.007844143329294,0.9098125
12059,12202,16.010200389222973,0.909875
12011,12147,16.01198813990618,0.9099375
13071,13075,16.013632556291668,0.91
14804,14839,16.013793258833857,0.9100625
15577,15957,16.014771809798276,0.910125
11021,10982,16.014892440687845,0.9101875
12415,12187,16.015770639537777,0.91025
12828,13074,16.018504616222117,0.9103125
14593,14744,16.020407774976093,0.910375
10903,10986,16.021298976348135,0.9104375
14758,14834,16.023782669519278,0.9105
10802,11023,16.025181120079196,0.9105625
13741,11025,16.026725611264737,0.910625
12048,12148,16.02712393811862,0.9106875
14719,14836,16.03231563515419,0.91075
14739,14941,16.035486039780608,0.9108125
11903,12174,16.036449877282166,0.910875
14589,14846,16.03653463700448,0.9109375
15669,15954,16.03716039111623,0.911
10795,11050,16.037399554943022,0.9110625
11910,12224,16.039438395966044,0.911125
12045,12171,16.03972309708911,0.9111875
13717,13700,16.042496065616433,0.91125
11928,12233,16.043038382158556,0.9113125
14965,14915,16.044354165416735,0.911375
14755,14787,16.044818062798413,0.9114375
14566,14913,16.045018219263966,0.9115
10635,10944,16.0450249060425,0.9115625
13018,13090,16.046066012616848,0.911625
10920,10987,16.04617219388774,0.9116875
11873,12216,16.051090592948185,0.91175
13062,12197,16.051166607789128,0.9118125
14577,14785,16.051610905849202,0.911875
10756,10980,16.05180153980109,0.9119375
10862,10981,16.052323037019733,0.912
14726,14888,16.054051120319855,0.9120625
14995,14784,16.054153778850377,0.912125
12848,13089,16.056016944958856,0.9121875
12994,13080,16.056581355758453,0.91225
14548,14751,16.058190916943204,0.9123125
12308,12177,16.0586575207426,0.912375
11975,12214,16.05871133594428,0.9124375
10651,10917,16.05899154254007,0.9125
12121,12176,16.060342227282717,0.9125625
14721,14940,16.061850521614133,0.912625
11993,12175,16.06343444373897,0.9126875
10747,10921,16.065433526247944,0.91275
14522,14783,16.066500595076604,0.9128125
13307,13699,16.067064262065742,0.912875
13567,13719,16.06720041359813,0.9129375
14896,14889,16.068643787031306,0.913
15986,14786,16.069252516274446,0.9130625
10812,10920,16.07041173094467,0.913125
14621,14939,16.07105774017009,0.9131875
15783,15955,16.07602965621095,0.91325
11007,11055,16.076230942140455,0.9133125
15659,15961,16.077216970672907,0.913375
10951,11022,16.077236768853254,0.9134375
11967,12199,16.079907310365797,0.9135
11930,12215,16.080529244769878,0.9135625
10851,10973,16.082165108962272,0.913625
14733,14853,16.083400864509258,0.9136875
14783,14948,16.084287840594243,0.91375
15867,15960,16.086114998262474,0.9138125
10897,10938,16.087040031021616,0.913875
15951,13827,16.08961740520249,0.9139375
14668,14841,16.0908375537324,0.914
14730,14852,16.09379585108104,0.9140625
14706,14914,16.09699893647894,0.914125
10744,10972,16.097570608371598,0.9141875
10816,11014,16.097698869863734,0.91425
12842,11013,16.09774160345455,0.9143125
13752,13826,16.099597577697295,0.914375
10918,10922,16.10241335619503,0.9144375
10708,11057,16.105889311827923,0.9145
10944,11017,16.106868890124815,0.9145625
13943,11018,16.106931374613623,0.914625
10784,11011,16.10806887549279,0.9146875
10916,11010,16.10872304326608,0.91475
10786,10916,16.109196352406343,0.9148125
13453,13694,16.109341111699223,0.914875
14612,14845,16.110717159919886,0.9149375
11938,12166,16.111951564958417,0.915
12804,13076,16.11213773592999,0.9150625
14646,14840,16.11273999770333,0.915125
10813,10985,16.115803239452816,0.9151875
12015,12217,16.11701753425541,0.91525
14702,14842,16.11786924152966,0.9153125
10528,10937,16.119719584563654,0.915375
10618,10946,16.12097421213798,0.9154375
12115,12151,16.121874282703857,0.9155
14898,14847,16.122776647179307,0.9155625
15968,14883,16.123467165941292,0.915625
11888,12135,16.12525354699369,0.9156875
14731,14909,16.126889718723078,0.91575
14742,14788,16.127109410395406,0.9158125
10556,11020,16.127145325471474,0.915875
14987,14848,16.132944764180593,0.9159375
14894,14849,16.134477290519726,0.916
13310,13693,16.135653972906084,0.9160625
15252,14851,16.13674833824166,0.916125
13604,13720,16.137051498895744,0.9161875
12229,12150,16.13785931913526,0.91625
10869,11021,16.138545502606576,0.9163125
14531,14890,16.14105021405021,0.916375
14545,14790,16.143132472435582,0.9164375
14606,14791,16.144602459139605,0.9165
14674,14838,16.14490772161662,0.9165625
14372,14789,16.14737766870644,0.916625
14659,14837,16.14786317537687,0.9166875
12017,12165,16.148014092769472,0.91675
14868,14910,16.151328236723884,0.9168125
11857,12142,16.152458128075978,0.916875
11058,10918,16.15384290297493,0.9169375
10773,11061,16.157147718919077,0.917
12014,12164,16.158457930491068,0.9170625
14711,14882,16.16064914347976,0.917125
10836,10945,16.163809425025192,0.9171875
11947,12134,16.166256708860374,0.91725
11715,12149,16.167139944583596,0.9173125
15727,15974,16.167712977222664,0.917375
10730,10970,16.1682008283683,0.9174375
10617,10971,16.169978066445992,0.9175
14744,14891,16.173833398381703,0.9175625
12009,12168,16.177856672744383,0.917625
10914,11062,16.179825989973097,0.9176875
15982,14911,16.181103131438704,0.91775
14850,14854,16.182519005004906,0.9178125
10699,11012,16.184363797869537,0.917875
14895,14855,16.18990858515008,0.9179375
10716,10936,16.191657013013582,0.918
14791,14887,16.19409542605149,0.9180625
14808,14886,16.195531370518438,0.918125
10585,10976,16.196182032493198,0.9181875
11833,12137,16.202485096514465,0.91825
14680,14850,16.20591875815353,0.9183125
11954,12200,16.207015124278996,0.918375
10782,11058,16.214443777478436,0.9184375
11887,12155,16.215074141578725,0.9185
14526,14868,16.215126450108983,0.9185625
10829,10978,16.215393372256358,0.918625
11773,12136,16.217636069014134,0.9186875
15820,15962,16.225402611835307,0.91875
10706,11015,16.226796999450016,0.9188125
15976,15971,16.22728128118797,0.918875
10840,11056,16.227884460712403,0.9189375
12104,12201,16.228300191637118,0.919
11896,12141,16.22871385521603,0.9190625
10527,10941,16.23003218682561,0.919125
15692,15959,16.23072946202683,0.9191875
10552,10939,16.231166548098145,0.91925
11837,12144,16.231192879354467,0.9193125
15664,15958,16.231906188673292,0.919375
11100,11136,16.233566975699205,0.9194375
10846,10940,16.2341729458833,0.9195
11043,11069,16.234729583295575,0.9195625
14851,14861,16.2348538228689,0.919625
11098,11059,16.24247807391066,0.9196875
12177,12143,16.244459195825357,0.91975
10728,11068,16.245670114008362,0.9198125
14494,14844,16.246660843475638,0.919875
10792,10924,16.2478811539429,0.9199375
10692,11016,16.25057535922133,0.92
10919,10974,16.25313406294822,0.9200625
10976,10975,16.255725113208655,0.920125
14833,14873,16.255837974917313,0.9201875
13554,13763,16.256817930038324,0.92025
15686,15972,16.25822394098418,0.9203125
12198,12167,16.259486773489925,0.920375
14816,14892,16.261312155718088,0.9204375
12836,12158,16.262631346939315,0.9205
11927,12130,16.265160211732336,0.9205625
14749,14874,16.267653329417954,0.920625
10623,10923,16.269306437954356,0.9206875
10739,11060,16.271968297556896,0.92075
14710,14867,16.276672906857584,0.9208125
15819,15975,16.283252132567895,0.920875
14776,14897,16.28545295128106,0.9209375
14594,14843,16.2889821614001,0.921
14909,14862,16.289309096814577,0.9210625
10886,11063,16.291063505379952,0.921125
14620,14900,16.291091106964586,0.9211875
14705,14869,16.298037223820984,0.92125
10643,11064,16.298058865213306,0.9213125
14765,14898,16.30014930559628,0.921375
14708,14884,16.300151566967315,0.9214375
10955,11135,16.30836114924159,0.9215
12513,12132,16.30883714051447,0.9215625
10715,10977,16.31083036966197,0.921625
14687,14866,16.31096423303393,0.9216875
11922,12139,16.311374829007946,0.92175
14736,14878,16.316806441129984,0.9218125
14565,14875,16.319300966231594,0.921875
14506,14885,16.32070514000884,0.9219375
14692,14899,16.323172139590042,0.922
14649,14893,16.325411510997128,0.9220625
11860,12131,16.329038822791063,0.922125
15887,12133,16.330114598017644,0.9221875
14641,14870,16.331322031181344,0.92225
14631,14894,16.333259928785537,0.9223125
15817,15963,16.33468828035143,0.922375
13432,13745,16.33527124122088,0.9224375
14723,14901,16.336214154687923,0.9225
15601,15970,16.339286858662717,0.9225625
11902,12140,16.341873179604136,0.922625
10793,11065,16.342587241961382,0.9226875
11040,11138,16.347996361209653,0.92275
14842,14863,16.349793747610875,0.9228125
10827,10935,16.35505068807629,0.922875
14509,14856,16.35522752911629,0.9229375
15662,15995,16.35568036381278,0.923
14752,14908,16.356379799264232,0.9230625
14588,14905,16.356390489968817,0.923125
13653,13824,16.35708491364221,0.9231875
10823,11137,16.361846013758395,0.92325
13670,13825,16.3635340370422,0.9233125
15225,14857,16.363824909523828,0.923375
13561,13746,16.366245857476542,0.9234375
15615,15964,16.36666997770635,0.9235
15854,15997,16.371235070354942,0.9235625
14100,13721,16.37261961019817,0.923625
14676,14879,16.37339974087854,0.9236875
10652,11067,16.373506573776922,0.92375
12289,12160,16.37488486637426,0.9238125
10926,11118,16.37572265461995,0.923875
15794,15996,16.377369802329667,0.9239375
10724,11117,16.377465600422056,0.924
10940,10925,16.37894332398423,0.9240625
15970,15978,16.381948462615583,0.924125
14453,14902,16.38240991657949,0.9241875
14698,14880,16.383382210071886,0.92425
11798,12138,16.384422615851236,0.9243125
14677,14895,16.384886034535157,0.924375
10837,11116,16.389002263172415,0.9244375
14992,14904,16.389424894934336,0.9245
14664,14860,16.391277604826882,0.9245625
11099,11066,16.39160765876136,0.924625
14874,14907,16.395365782151657,0.9246875
10830,11070,16.40331971971068,0.92475
14695,14881,16.404420699488583,0.9248125
15579,15981,16.404675453893333,0.924875
10927,11139,16.405981871148924,0.9249375
11901,12163,16.40974486766595,0.925
15800,15973,16.410181184244266,0.9250625
15693,15966,16.412076113538888,0.925125
15253,14872,16.412251888253195,0.9251875
11885,12156,16.41314832870603,0.92525
14960,14871,16.414314803602565,0.9253125
14691,14876,16.41511051632142,0.925375
11039,11283,16.417889289471077,0.9254375
15566,15977,16.419532761178516,0.9255
11102,11123,16.419965741458782,0.9255625
13444,13722,16.420245746930732,0.925625
15802,15976,16.421190431236255,0.9256875
12671,12157,16.422597753845366,0.92575
14364,10931,16.425129126332877,0.9258125
10879,10930,16.42950384848905,0.925875
12028,12161,16.431721751769373,0.9259375
10811,10929,16.433564679021174,0.926
14642,14906,16.438562931918796,0.9260625
11756,12159,16.445367326622318,0.926125
14861,14859,16.445511137210588,0.9261875
11011,11285,16.44771139455429,0.92625
13385,13747,16.450475834153394,0.9263125
14675,14877,16.45134986455264,0.926375
14559,14896,16.451987318827832,0.9264375
13729,13730,16.45275559394463,0.9265
14498,14865,16.45527161866812,0.9265625
12013,12127,16.45604091753944,0.926625
10921,11124,16.460463500515743,0.9266875
10974,11073,16.462431518002404,0.92675
13572,13765,16.463480012281934,0.9268125
15939,13728,16.464460187775103,0.926875
13688,13759,16.468313386574664,0.9269375
11765,12162,16.473008590992777,0.927
11409,11284,16.474024398698702,0.9270625
13031,10927,16.475306134342418,0.927125
11189,10928,16.4759874995907,0.9271875
15864,15979,16.477123099476785,0.92725
13476,13744,16.486084032058898,0.9273125
13589,13766,16.487633472253492,0.927375
15650,15998,16.49144615453406,0.9274375
10657,10933,16.4924372002763,0.9275
15546,15999,16.493404364599428,0.9275625
14647,14903,16.494946866403552,0.927625
13640,13761,16.49670187375841,0.9276875
11307,11125,16.500815946884813,0.92775
15583,15968,16.508114223479424,0.9278125
13587,13768,16.509156967132867,0.927875
11153,11282,16.51023660585838,0.9279375
11022,11071,16.51046765916567,0.928
13766,13758,16.511774322118526,0.9280625
12004,12129,16.512439895843954,0.928125
10769,11134,16.51308904591383,0.9281875
15824,15967,16.51315020197808,0.92825
15020,13767,16.516494774649118,0.9283125
15665,15969,16.516891045119564,0.928375
14681,14864,16.518395361515786,0.9284375
15589,15965,16.522215191711894,0.9285
10988,11131,16.52297009034669,0.9285625
13672,13762,16.524150828367965,0.928625
11750,12124,16.52478885106143,0.9286875
15866,15982,16.524987182036284,0.92875
13776,13757,16.527536411656683,0.9288125
10685,10926,16.53007480976885,0.928875
13535,13760,16.530376496031067,0.9289375
15683,15980,16.532867679533183,0.929
13468,13725,16.533215282408037,0.9290625
15749,15993,16.537049237799238,0.929125
10924,11115,16.537337441422324,0.9291875
13736,13729,16.540688397460144,0.92925
13553,13732,16.541842563374985,0.9293125
13503,13764,16.543320683872935,0.929375
10819,11074,16.5472409856161,0.9294375
15805,15994,16.5508170866633,0.9295
13635,13750,16.553016521157588,0.9295625
10755,10932,16.555503722454205,0.929625
10807,11075,16.558422045040288,0.9296875
13790,13731,16.5625528392643,0.92975
10991,11140,16.5625850392355,0.9298125
13415,13724,16.565282350816233,0.929875
11159,11119,16.570092248404535,0.9299375
10954,11120,16.570651874034866,0.93
11012,11133,16.57075364316438,0.9300625
14859,14858,16.571556225638915,0.930125
13486,13823,16.57212328774426,0.9301875
13668,13751,16.574299122013826,0.93025
11023,11121,16.583296273361157,0.9303125
10856,11144,16.58425651120433,0.930375
11937,12128,16.587515530826067,0.9304375
11530,11286,16.588160191567113,0.9305
15580,15992,16.588866611949697,0.9305625
10700,11122,16.59264896923105,0.930625
14033,13723,16.593439905805326,0.9306875
10761,11130,16.59355045482903,0.93075
11123,11072,16.594123588444745,0.9308125
15989,15991,16.595902925524115,0.930875
15787,15984,16.604236825590988,0.9309375
10842,11113,16.605259015947468,0.931
13586,13749,16.606263983603867,0.9310625
11028,11132,16.60687362838121,0.931125
15925,13812,16.608385524411005,0.9311875
13947,13727,16.612796835163635,0.93125
10972,11128,16.61622675231547,0.9313125
13671,13733,16.617004079150774,0.931375
10876,11269,16.6200139702662,0.9314375
13461,13748,16.62062926635872,0.9315
11078,11126,16.621341946236043,0.9315625
12120,12120,16.621643189582983,0.931625
13664,13752,16.6225574209393,0.9316875
15720,15985,16.62364751364771,0.93175
13569,13822,16.626916159328403,0.9318125
10977,11112,16.628591567454805,0.931875
10904,10934,16.632228457630163,0.9319375
12241,12123,16.633571827266223,0.932
11718,12090,16.636337302672246,0.9320625
11767,12121,16.638491155630845,0.932125
10875,11127,16.640828936152275,0.9321875
10971,11110,16.640884201895688,0.93225
11004,11129,16.644016297189637,0.9323125
11918,12091,16.645350324718947,0.932375
14014,13819,16.646653568763895,0.9324375
13985,13805,16.64964593688478,0.9325
13675,13801,16.65302906006491,0.9325625
13656,13726,16.653758030777226,0.932625
15826,12088,16.654064475930454,0.9326875
11268,11287,16.654158499857203,0.93275
13660,13818,16.659673811555876,0.9328125
11075,11076,16.660413451258364,0.932875
13666,13807,16.66356669099264,0.9329375
13329,13772,16.66398940304589,0.933
15598,15983,16.664182976460097,0.9330625
14464,13771,16.66709026390663,0.933125
13932,13737,16.667300059139507,0.9331875
13669,13769,16.668392580943873,0.93325
10853,11114,16.67221034093859,0.9333125
12312,12093,16.6776662774098,0.933375
13575,13754,16.67943818105573,0.9334375
10939,11111,16.68189351404817,0.9335
14063,13809,16.685196233341685,0.9335625
15931,13736,16.68543541116128,0.933625
13517,13770,16.68716189899874,0.9336875
13645,13743,16.694787043195902,0.93375
11101,11109,16.69579406473963,0.9338125
13764,13803,16.696954030467168,0.933875
11237,11141,16.697118478360153,0.9339375
11208,11288,16.699479420610032,0.934
13481,13753,16.700309332729603,0.9340625
13721,13756,16.701313167530998,0.934125
15940,13804,16.706059361416692,0.9341875
11872,12089,16.710701399368645,0.93425
11951,12092,16.71338965439918,0.9343125
12896,11080,16.714632244403674,0.934375
13581,13820,16.714755257702564,0.9344375
13504,13806,16.714791120974724,0.9345
13545,13795,16.71556886734993,0.9345625
11083,11143,16.720699731325794,0.934625
13438,13740,16.721123470653765,0.9346875
11952,12125,16.727792515788906,0.93475
10870,11081,16.731624883458153,0.9348125
15052,11281,16.73250928862376,0.934875
12047,12119,16.734268488077078,0.9349375
14265,13790,16.73565260462442,0.935
10995,11146,16.738004347570723,0.9350625
11847,12126,16.73814181955754,0.935125
11667,12087,16.73848631902092,0.9351875
14390,13738,16.740795900902413,0.93525
13392,13735,16.742896203734972,0.9353125
11065,11270,16.744843752004044,0.935375
11215,11145,16.746011446150078,0.9354375
13610,13739,16.75277062955979,0.9355
11950,12086,16.754697661457158,0.9355625
10968,11077,16.755678395503537,0.935625
13703,13797,16.755709804557227,0.9356875
13690,13802,16.758364959677692,0.93575
13719,13796,16.762417508617773,0.9358125
11041,11142,16.763481364587278,0.935875
13722,13810,16.765413116535683,0.9359375
13515,13798,16.767775390090264,0.936
11854,11271,16.767934636939117,0.9360625
15849,13811,16.77039376446328,0.936125
13498,13788,16.770838509961095,0.9361875
13976,13734,16.773833048483084,0.93625
13518,13808,16.775848135886008,0.9363125
11013,11289,16.777936012853615,0.936375
13577,13793,16.77801146689103,0.9364375
13557,13794,16.780338680524892,0.9365
11024,11277,16.781570879094033,0.9365625
13489,13792,16.781835365852658,0.936625
10946,11079,16.784453720221336,0.9366875
13649,13813,16.786026734065672,0.93675
11163,11108,16.78951451710782,0.9368125
15873,15988,16.789629626106034,0.936875
13597,13791,16.797273627433242,0.9369375
12090,12122,16.799006378771992,0.937
13689,13789,16.811210105307737,0.9370625
15829,15986,16.813445509005533,0.937125
11864,12094,16.81579512719054,0.9371875
13611,13773,16.817180028640905,0.93725
11290,11106,16.817274601204645,0.9373125
11008,11083,16.818000614732682,0.937375
11104,11290,16.820692792677164,0.9374375
13559,13821,16.82584180300296,0.9375
13367,13755,16.830230869675006,0.9375625
11151,11147,16.832151960876217,0.937625
11278,11278,16.832170862180874,0.9376875
11118,11078,16.843604465651197,0.93775
13620,13774,16.844090937926467,0.9378125
11146,11274,16.84709633073294,0.937875
11582,11301,16.84724467181536,0.9379375
13533,13817,16.85093073494386,0.938
15774,15990,16.85142349680541,0.9380625
11269,11291,16.865996335247928,0.938125
15862,15987,16.86893903827854,0.9381875
10931,11292,16.87201454204569,0.93825
11327,11293,16.872047767607228,0.9383125
11842,12085,16.87270489982052,0.938375
11199,11267,16.87686676897374,0.9384375
11046,11273,16.88431042561251,0.9385
11373,11272,16.88459126562998,0.9385625
15813,15989,16.89211619948378,0.938625
11760,12118,16.896175723786882,0.9386875
11155,11300,16.899689529409443,0.93875
11295,11259,16.906064194549117,0.9388125
10906,11082,16.90661106923244,0.938875
13546,13814,16.909877914601793,0.9389375
10962,11107,16.910453417016242,0.939
10930,11268,16.920013970266155,0.9390625
13458,13799,16.9224924446346,0.939125
10999,11294,16.924061071775895,0.9391875
11089,11280,16.92524652101679,0.93925
13639,13787,16.92920849499137,0.9393125
13682,13741,16.933491680243606,0.939375
13867,13800,16.93743078207126,0.9394375
15591,11295,16.938118646801968,0.9395
13765,13742,16.946536985481544,0.9395625
11384,11279,16.94675497161461,0.939625
11496,11084,16.94803841940302,0.9396875
13970,13815,16.951620661527613,0.93975
10978,11276,16.956386098948315,0.9398125
10928,11151,16.95858000428734,0.939875
13860,13816,16.959333481329168,0.9399375
10735,11153,16.96437336451868,0.94
10669,11148,16.97177122427229,0.9400625
11030,11275,16.974284073477975,0.940125
12137,12084,16.976492416335304,0.9401875
11753,12062,16.977562842760335,0.94025
10997,11262,16.97999067405908,0.9403125
11849,12095,16.98456432700914,0.940375
13923,13775,16.98770362052369,0.9404375
11066,11299,16.992026207228264,0.9405
11204,11302,16.992377318967783,0.9405625
13742,13777,16.996615249245224,0.940625
11110,11298,16.998633511259186,0.9406875
12431,12117,16.998948653959815,0.94075
13609,13776,16.99912493924421,0.9408125
11231,11152,17.00225672979127,0.940875
11092,11260,17.006406641062085,0.9409375
11367,11314,17.009978792321363,0.941
10963,11150,17.01205043689197,0.9410625
10820,11085,17.026660394949886,0.941125
10923,11098,17.030459054252333,0.9411875
10789,11149,17.045994484303947,0.94125
10709,11092,17.046238597225965,0.9413125
13395,13781,17.050081632032743,0.941375
15962,13784,17.050089680478322,0.9414375
10683,11097,17.057424944591503,0.9415
11050,11296,17.06255939815287,0.9415625
10958,11105,17.06388539392742,0.941625
10847,11104,17.069909351263277,0.9416875
11337,11154,17.07581897807904,0.94175
10892,11258,17.07910391081191,0.9418125
11056,11303,17.080390705844366,0.941875
11862,12069,17.082725325012007,0.9419375
11675,11261,17.088405855231713,0.942
10808,11096,17.089582578480304,0.9420625
13455,12101,17.093923315847633,0.942125
11956,12116,17.107991207393752,0.9421875
10734,11087,17.109843518556318,0.94225
12086,12098,17.111425521713045,0.9423125
10752,11091,17.11196036671231,0.942375
11797,12099,17.113239936175887,0.9424375
11017,11297,17.115684462864238,0.9425
10969,11308,17.116264394966493,0.9425625
12010,12082,17.122899971180914,0.942625
10887,11304,17.126093860917763,0.9426875
11674,12026,17.1317181175109,0.94275
11154,11307,17.13726574290854,0.9428125
11819,12083,17.137646405856458,0.942875
11267,11266,17.13819309851715,0.9429375
10994,11264,17.14011981029944,0.943
13538,13783,17.140266678371063,0.9430625
11770,12063,17.146682066961375,0.943125
11049,11313,17.1492344286728,0.9431875
12027,12071,17.151854980504822,0.94325
10911,11095,17.152134332370224,0.9433125
11207,11263,17.15544731943237,0.943375
11296,11315,17.156634840055176,0.9434375
11188,11265,17.160259364593003,0.9435
11961,12100,17.160705358080122,0.9435625
13477,13785,17.161891157257514,0.943625
11054,11320,17.164117196343796,0.9436875
11825,12096,17.164306403959017,0.94375
11822,12064,17.16990362165302,0.9438125
13564,13782,17.169904866656907,0.943875
11643,12066,17.171138425654135,0.9439375
13755,13780,17.17324540027721,0.944
11652,12081,17.17541048178714,0.9440625
11260,11309,17.176137922641374,0.944125
11754,12070,17.18378665061209,0.9441875
11772,12036,17.184839980928018,0.94425
10943,11157,17.18598183836525,0.9443125
11924,12027,17.187862462038083,0.944375
13713,13779,17.191474853889304,0.9444375
11111,11099,17.199641223485287,0.9445
11916,12076,17.20068263193275,0.9445625
13574,13786,17.20094542888728,0.944625
11694,12080,17.203269497563042,0.9446875
11793,11317,17.203420513871833,0.94475
11726,12035,17.20426237530296,0.9448125
11341,11310,17.20632108894165,0.944875
10794,11088,17.207295031702415,0.9449375
10979,11319,17.207815150776014,0.945
12068,12032,17.208150068742043,0.9450625
10796,11159,17.20821781884274,0.945125
11018,11305,17.20853440114547,0.9451875
10970,11086,17.21050731010746,0.94525
11925,12031,17.21217191813389,0.9453125
11778,12097,17.217019267490514,0.945375
13761,13778,17.218586445228766,0.9454375
10860,11103,17.219550769332727,0.9455
10984,11158,17.223221544045828,0.9455625
11909,12068,17.224100340659106,0.945625
10965,11306,17.228342379718015,0.9456875
12510,12102,17.23572798643204,0.94575
11871,12065,17.239807251705543,0.9458125
10764,11102,17.240489809894598,0.945875
11517,11093,17.242055026823436,0.9459375
11846,12072,17.248911738252673,0.946
10908,11175,17.250377788066316,0.9460625
11881,12079,17.251145299400378,0.946125
11705,12061,17.253616660784928,0.9461875
11166,11256,17.262852652660285,0.94625
11247,11326,17.26522289182776,0.9463125
11108,11155,17.271282338165065,0.946375
11671,12033,17.271371313780946,0.9464375
10895,11171,17.272716057588696,0.9465
11647,12067,17.273024211355732,0.9465625
11088,11094,17.27627544172151,0.946625
12043,12073,17.278992531571475,0.9466875
11080,11163,17.279455967225886,0.94675
12206,12025,17.280925566356927,0.9468125
11202,11170,17.289652686823956,0.946875
11886,12074,17.29458535053618,0.9469375
11037,11172,17.296183820543774,0.947
10922,11312,17.299885070106484,0.9470625
11762,12034,17.305468167559866,0.947125
11125,11316,17.30615267977987,0.9471875
11386,11164,17.3089083289708,0.94725
12132,11323,17.31736661141099,0.9473125
11143,11325,17.318050301408903,0.947375
11738,12037,17.318270434918304,0.9474375
11838,11176,17.319350893532373,0.9475
11700,12038,17.321895968656236,0.9475625
11596,12024,17.323092595614753,0.947625
11232,11311,17.324308240165692,0.9476875
11879,12028,17.326438873806637,0.94775
11898,12041,17.327174951319876,0.9478125
11168,11321,17.32818266507661,0.947875
11068,11329,17.328293517109387,0.9479375
11783,12043,17.332675718873816,0.948
10993,11253,17.333804680284857,0.9480625
11112,11252,17.33381016926114,0.948125
11999,12050,17.336058315577247,0.9481875
10855,11166,17.336311123035102,0.94825
11034,11257,17.337411352525805,0.9483125
11661,12022,17.33847985363127,0.948375
11884,12078,17.3385543000893,0.9484375
11796,12042,17.339752124297092,0.9485
12156,12060,17.340694130966085,0.9485625
11900,12047,17.344274450339526,0.948625
10817,11100,17.344773582524112,0.9486875
11818,12046,17.344954124181186,0.94875
10949,11254,17.34596440325322,0.9488125
11113,11255,17.347320078714574,0.948875
11931,12077,17.34959886945171,0.9489375
11779,12051,17.34982048121651,0.949
12166,12048,17.35169345107738,0.9490625
11179,11322,17.352363795935617,0.949125
10834,11089,17.35371016665954,0.9491875
12083,12075,17.355665739145707,0.94925
11878,12115,17.359185210834085,0.9493125
10788,11090,17.360916100878967,0.949375
10894,11161,17.361832890541564,0.9494375
11059,11162,17.36270626820169,0.9495
11178,11167,17.363994529337106,0.9495625
11487,11318,17.36671103937624,0.949625
11880,12045,17.36751541677927,0.9496875
11180,11327,17.37133427120989,0.94975
11690,12023,17.37176175427976,0.9498125
11032,11160,17.38163107123114,0.949875
10814,11156,17.38658640934068,0.9499375
11005,11242,17.390767198483445,0.95
11723,12049,17.39150636725276,0.9500625
10882,11178,17.394688033217562,0.950125
11677,12029,17.3998678456569,0.9501875
10937,11177,17.400573253232096,0.95025
11117,11241,17.40191750946383,0.9503125
14926,12021,17.406619459441572,0.950375
11824,12040,17.420637976959142,0.9504375
11759,12053,17.42435545307694,0.9505
11033,11165,17.426888095976892,0.9505625
12036,12052,17.42726725839202,0.950625
11060,11243,17.427554384507175,0.9506875
11859,12107,17.433911484588407,0.95075
12000,12054,17.4342691709262,0.9508125
11766,12012,17.436538594153262,0.950875
11105,11250,17.43688089944976,0.9509375
11820,12013,17.436995685961392,0.951
15146,12011,17.437112089191487,0.9510625
11150,11324,17.43758046515927,0.951125
11095,11173,17.43902591790743,0.9511875
10867,11169,17.452173541779757,0.95125
10957,11238,17.454811836450745,0.9513125
11875,12044,17.457027354282673,0.951375
11468,11328,17.460122053370014,0.9514375
11067,11240,17.46671410368208,0.9515
11131,11330,17.469535542137237,0.9515625
11186,11249,17.471262088193498,0.951625
12174,12030,17.476381269084413,0.9516875
11897,12039,17.476651600506784,0.95175
11216,11179,17.47711712506407,0.9518125
11171,11174,17.480060556941453,0.951875
11109,11251,17.481027452726494,0.9519375
11813,12103,17.481935431202828,0.952
11735,12020,17.49660295488229,0.9520625
11691,12106,17.499212821401443,0.952125
10941,11222,17.499313435706426,0.9521875
11786,12112,17.499650473514066,0.95225
11311,11245,17.500900058021216,0.9523125
11933,12104,17.51166708586993,0.952375
11029,11244,17.514169157814877,0.9524375
11653,12114,17.51823311628368,0.9525
11036,11101,17.520927993564555,0.9525625
11266,11225,17.525885171605296,0.952625
10929,11239,17.527050763944544,0.9526875
10891,11197,17.52968529737609,0.95275
11960,12017,17.531963175326155,0.9528125
12379,12113,17.533063168271383,0.952875
11940,12010,17.533517066123068,0.9529375
11287,11187,17.534199862662717,0.953
11749,12059,17.536302658297018,0.9530625
11668,11331,17.537208148563877,0.953125
11061,11247,17.538790775199004,0.9531875
11763,12056,17.540758935500207,0.95325
11971,12105,17.54123516294453,0.9533125
11977,12108,17.54266743683411,0.953375
11680,12055,17.54962178558776,0.9534375
11241,11233,17.55292636216973,0.9535
10909,11168,17.55353537666406,0.9535625
10947,11198,17.55535705402076,0.953625
11714,11224,17.565591871384868,0.9536875
10983,11232,17.567135324303536,0.95375
10981,11246,17.571610187145097,0.9538125
11091,11223,17.577404348694472,0.953875
10987,11189,17.580061315798275,0.9539375
10844,11180,17.59317941069571,0.954
10835,11191,17.593558955575645,0.9540625
11699,12015,17.600196711867056,0.954125
11729,12014,17.60562608372902,0.9541875
12211,12111,17.60794369035648,0.95425
10881,11201,17.611812232328703,0.9543125
10824,11234,17.61436164829479,0.954375
10873,11213,17.61708892331535,0.9544375
10825,11188,17.62020044765677,0.9545
11811,12016,17.622986731056017,0.9545625
11183,11237,17.624118325218205,0.954625
14523,11221,17.624904651993575,0.9546875
11064,11181,17.62856942938629,0.95475
11138,11248,17.628726606819555,0.9548125
11357,11336,17.63135899636427,0.954875
11192,11332,17.63211016298419,0.9549375
11727,12057,17.633799466310847,0.955
11853,12019,17.636445001119682,0.9550625
12129,12110,17.63878394870062,0.955125
12001,12058,17.643429660066886,0.9551875
12067,12009,17.66518450247395,0.95525
11077,11235,17.665268164044164,0.9553125
11020,11343,17.667646889866546,0.955375
10783,11204,17.667783476319983,0.9554375
10912,11199,17.66872080423923,0.9555
11044,11212,17.671092452600533,0.9555625
10883,11190,17.678276244690096,0.955625
11182,11220,17.67839642523586,0.9556875
10797,11227,17.68050521747068,0.95575
11906,12109,17.683970706916625,0.9558125
11868,11231,17.684720379677856,0.955875
11240,11229,17.68781792092568,0.9559375
11069,11344,17.69706697476613,0.956
11346,11236,17.70025306292291,0.9560625
10913,11215,17.70164744464728,0.956125
10985,11333,17.70198428406684,0.9561875
11227,11216,17.703277362582185,0.95625
10828,11203,17.70410530887375,0.9563125
10996,11185,17.70744658778858,0.956375
10849,11194,17.70792170169352,0.9564375
10902,11226,17.708025247952037,0.9565
10935,11218,17.709811181146733,0.9565625
13984,11339,17.713917000588708,0.956625
10961,11202,17.71486353276896,0.9566875
11258,11230,17.71881031823682,0.95675
10901,11195,17.720118352923464,0.9568125
11057,11342,17.721607239849618,0.956875
11421,11193,17.72535392710938,0.9569375
11679,12018,17.73042548563194,0.957
10725,11214,17.73144485687976,0.9570625
11185,11217,17.734510953456038,0.957125
11203,11205,17.738914488606724,0.9571875
12400,11192,17.74175960836783,0.95725
11299,11340,17.744266705777363,0.9573125
11096,11200,17.74569932350073,0.957375
11184,11338,17.762575897778788,0.9574375
11124,11186,17.771228625259937,0.9575
11084,11341,17.77416009442618,0.9575625
11062,11196,17.793372295945346,0.957625
10831,11182,17.80871134418635,0.9576875
11051,11347,17.80884404974404,0.95775
11016,11184,17.81150481247164,0.9578125
11693,12007,17.81821881362248,0.957875
11806,12005,17.82459580413274,0.9579375
11076,11219,17.825231112937672,0.958
11169,11345,17.82987900709486,0.9580625
10896,11183,17.83756310570834,0.958125
11114,11337,17.840712042137284,0.9581875
10850,11206,17.843484359446393,0.95825
11959,12002,17.848341834916482,0.9583125
11053,11228,17.86585087857202,0.958375
11883,12006,17.866341038681412,0.9584375
11120,11334,17.872559744811724,0.9585
11190,11346,17.881452898196585,0.9585625
11841,12001,17.898387310327053,0.958625
11228,11335,17.90146175953896,0.9586875
13364,11211,17.902884340749097,0.95875
11832,12004,17.91015508915143,0.9588125
11964,12003,17.91178335374798,0.958875
11867,12000,17.91199634591908,0.9589375
11782,11995,17.92844638202928,0.959
10852,11208,17.933058212922106,0.9590625
11980,12008,17.94685445000073,0.959125
11129,11207,17.950656663147583,0.9591875
11031,11348,17.983155253283257,0.95925
11921,11994,17.98464807752225,0.9593125
11827,11998,18.03810896858613,0.959375
11792,11997,18.056083360384264,0.9594375
11139,11386,18.07080221521619,0.9595
12142,11999,18.073832474710798,0.9595625
10826,11209,18.083745376791967,0.959625
11381,11385,18.08836250169952,0.9596875
11009,11210,18.092205504176036,0.95975
11133,11398,18.125774728691795,0.9598125
11996,11977,18.137075394726253,0.959875
11654,11996,18.143957723534413,0.9599375
11848,11974,18.148304886197366,0.96
11353,11349,18.15507679387838,0.9600625
11052,11350,18.158713754411792,0.960125
11452,11387,18.17957284716931,0.9601875
11893,11978,18.185618273551427,0.96025
11300,11355,18.1933405698976,0.9603125
15728,11975,18.196003660281576,0.960375
12025,11976,18.197204045468425,0.9604375
11621,11403,18.198407220297895,0.9605
11575,11963,18.198420536757112,0.9605625
11310,11384,18.2026919553075,0.960625
11160,11399,18.20627160604954,0.9606875
11720,11992,18.213250683378646,0.96075
11777,11984,18.21914344416018,0.9608125
11385,11388,18.223794624103903,0.960875
12019,11993,18.230565993117352,0.9609375
11261,11351,18.233560319503567,0.961
11634,11991,18.23504262627216,0.9610625
11831,11989,18.239556093053125,0.961125
11212,11389,18.23975653524235,0.9611875
11148,11390,18.258033451967776,0.96125
11673,11983,18.267974574402388,0.9613125
11338,11408,18.269734778064276,0.961375
11713,11968,18.27382710020879,0.9614375
12301,11981,18.276056850713985,0.9615
11079,11391,18.277489834991457,0.9615625
11852,11990,18.278264310011764,0.961625
11840,11966,18.27890440906822,0.9616875
11245,11352,18.28394615442926,0.96175
11745,11979,18.285990384552406,0.9618125
11374,11400,18.28741692809558,0.961875
11949,11982,18.287803696995752,0.9619375
14275,11962,18.307119577136973,0.962
11835,11964,18.30720773372832,0.9620625
11685,11967,18.310711227328284,0.962125
11802,11986,18.31960731539266,0.9621875
11939,11988,18.32109035230019,0.96225
11147,11357,18.325836169314243,0.9623125
11234,11407,18.330627523734165,0.962375
11477,11405,18.330901868289175,0.9624375
11174,11402,18.33289781192093,0.9625
11173,11401,18.337057595514352,0.9625625
11447,11353,18.357174461150862,0.962625
11812,11987,18.35721001736283,0.9626875
11437,11383,18.358015591292087,0.96275
11460,11358,18.359160613602853,0.9628125
11249,11409,18.36123702955888,0.962875
11655,11985,18.362318382221247,0.9629375
15825,11970,18.363138972863226,0.963
11315,11356,18.366257385795507,0.9630625
11836,11971,18.366436648947456,0.963125
11152,11404,18.36880470720098,0.9631875
11424,11382,18.373278167019862,0.96325
12081,11969,18.377718244219523,0.9633125
11801,11973,18.380925729069986,0.963375
11681,11980,18.385607109801867,0.9634375
11614,11397,18.395515980543223,0.9635
11250,11411,18.39674532880167,0.9635625
10989,11354,18.4054625431163,0.963625
11172,11406,18.408984077399055,0.9636875
11167,11359,18.411255017397934,0.96375
11656,11361,18.412452423572176,0.9638125
11025,11392,18.412548719234564,0.963875
11259,11410,18.416226856481217,0.9639375
15877,11414,18.426834113940686,0.964
11761,11396,18.4335616518797,0.9640625
11789,11965,18.43575799477844,0.964125
11209,11362,18.441797521044464,0.9641875
11191,11393,18.444099658894174,0.96425
11200,11364,18.452585790435023,0.9643125
11001,11371,18.45958056357358,0.964375
11635,11394,18.467117327172673,0.9644375
11070,11395,18.470314514250276,0.9645
11787,11923,18.471386082198023,0.9645625
12182,11961,18.47710657826019,0.964625
11014,11372,18.48371760957116,0.9646875
11725,11972,18.512967467258022,0.96475
11870,11927,18.515466368023,0.9648125
11908,11957,18.52059934751901,0.964875
11221,11360,18.525734562095067,0.9649375
11187,11365,18.530721139255547,0.965
12039,11956,18.54877606619766,0.9650625
11453,11417,18.5534256141882,0.965125
11606,11960,18.55905393789226,0.9651875
11218,11381,18.561846162622487,0.96525
11791,11953,18.565854598706437,0.9653125
11038,11366,18.57603368779496,0.965375
11103,11367,18.577187447035158,0.9654375
11876,11944,18.58508609695855,0.9655
11206,11416,18.588727280917738,0.9655625
10980,11369,18.58952248865785,0.965625
12584,11925,18.591151227889895,0.9656875
11520,11928,18.601041794869843,0.96575
11717,11954,18.6015287719988,0.9658125
15863,11413,18.60443791217085,0.965875
11097,11363,18.621057829897154,0.9659375
11242,11418,18.622512306715862,0.966
11256,11412,18.622793100132412,0.9660625
11992,11958,18.629392900848188,0.966125
12436,11924,18.629820181261493,0.9661875
11858,11926,18.6338221845956,0.96625
11633,11952,18.635895244439553,0.9663125
11205,11415,18.64057066726059,0.966375
11711,11920,18.641975036984604,0.9664375
11196,11419,18.642745536150414,0.9665
11698,11930,18.645036539826606,0.9665625
12164,11959,18.650470123823652,0.966625
11672,11942,18.662642120647206,0.9666875
11639,11929,18.662947766344587,0.96675
11127,11373,18.669459250754244,0.9668125
11746,11950,18.670914007077272,0.966875
11899,11941,18.678649056660788,0.9669375
10966,11377,18.68939799673467,0.967
11941,11921,18.69506757570116,0.9670625
11126,11370,18.697083485603798,0.967125
11325,11499,18.699936607897826,0.9671875
11279,11374,18.70028867858514,0.96725
11642,11951,18.702246852339613,0.9673125
11638,11922,18.727726627022548,0.967375
11285,11375,18.73328216809159,0.9674375
11354,11378,18.74037586621739,0.9675
11288,11379,18.745439456909025,0.9675625
11594,11931,18.746838834968003,0.967625
11794,11948,18.756270169614254,0.9676875
11309,11497,18.757033761430648,0.96775
11107,11368,18.76010935162185,0.9678125
11689,11945,18.761217596504366,0.967875
11800,11918,18.76520458856612,0.9679375
11588,11946,18.7733661350062,0.968
11626,11420,18.7754024434455,0.9680625
12066,11932,18.77556237830754,0.968125
11343,11425,18.77890546245976,0.9681875
11991,11919,18.78204741008426,0.96825
11128,11464,18.788843848363513,0.9683125
11748,11947,18.791750780358825,0.968375
11333,11424,18.79498634188394,0.9684375
11877,11955,18.797290200474436,0.9685
11321,11376,18.802419134458887,0.9685625
11469,11380,18.805689514355663,0.968625
11834,11943,18.810242433655958,0.9686875
15830,11914,18.822184960119102,0.96875
11201,11463,18.826221061847946,0.9688125
15473,11422,18.827721335219394,0.968875
11676,11949,18.833747994633768,0.9689375
11914,11934,18.853580795786,0.969
11355,11498,18.855701718328646,0.9690625
11670,11916,18.85635866571147,0.969125
11605,11913,18.863159236348338,0.9691875
11915,11940,18.8667857786279,0.96925
11140,11426,18.867677613159685,0.9693125
11334,11423,18.87086911436927,0.969375
11826,11421,18.882426390326145,0.9694375
11562,11910,18.88798807260423,0.9695
11364,11500,18.89036895961908,0.9695625
11414,11514,18.891947046277437,0.969625
11545,11495,18.89552406341477,0.9696875
11613,11933,18.90360034132641,0.96975
15926,11938,18.923304269756272,0.9698125
11757,11912,18.940022631810734,0.969875
11219,11515,18.949781304731005,0.9699375
11308,11469,18.953264853482096,0.97
11130,11460,18.954268119805647,0.9700625
11788,11917,18.95958071546511,0.970125
11222,11465,18.965235178912053,0.9701875
11769,11911,18.96596457577948,0.97025
11493,11937,18.98196636976013,0.9703125
11121,11427,18.987585736464553,0.970375
11262,11493,18.99262627665621,0.9704375
11659,11494,18.995488111131408,0.9705
11306,11496,18.99832871450758,0.9705625
14190,11524,19.003792719734292,0.970625
11156,11462,19.005463280222784,0.9706875
11252,11467,19.00764239142177,0.97075
11425,11466,19.009013825572765,0.9708125
11569,11915,19.0166114286003,0.970875
11217,11523,19.0187170161405,0.9709375
11817,11935,19.018841985088102,0.971
11362,11461,19.0205216009399,0.9710625
11135,11492,19.029179244824945,0.971125
11574,11936,19.032672928866987,0.9711875
11466,11517,19.03809132995366,0.97125
11444,11513,19.050078845146345,0.9713125
11119,11501,19.052271095208198,0.971375
11282,11502,19.05280898540923,0.9714375
11592,11536,19.054437174606846,0.9715
11478,11541,19.057274382821788,0.9715625
11320,11540,19.062920619070155,0.971625
11463,11522,19.070629072221664,0.9716875
11229,11521,19.07899905550812,0.97175
11291,11511,19.079912834639117,0.9718125
11177,11520,19.09704165678636,0.971875
11660,11939,19.097694618709284,0.9719375
11529,11525,19.099278724277156,0.972
11162,11451,19.10346562337827,0.9720625
11213,11529,19.107145833103232,0.972125
11085,11516,19.11274603825518,0.9721875
11239,11470,19.117120678057518,0.97225
11439,11526,19.118211676990313,0.9723125
11010,11428,19.11973858690203,0.972375
11433,11527,19.1223593456225,0.9724375
11363,11472,19.131707999148603,0.9725
11607,11519,19.131968598660706,0.9725625
11106,11459,19.134103311319222,0.972625
11474,11475,19.140819103937247,0.9726875
11223,11531,19.150995900492717,0.97275
11979,11909,19.15159451452041,0.9728125
11314,11503,19.157306283720118,0.972875
11335,11512,19.157737320339493,0.9729375
11377,11530,19.159853295819858,0.973
13407,11506,19.165541086683334,0.9730625
11391,11518,19.17540633862859,0.973125
11081,11468,19.17800807779122,0.9731875
11270,11471,19.186707594646123,0.97325
11071,11447,19.19560410632471,0.9733125
11137,11538,19.200243512288353,0.973375
11497,11473,19.205070348691834,0.9734375
11305,11452,19.21091933705793,0.9735
11165,11446,19.211597987079585,0.9735625
11358,11445,19.21411545563683,0.973625
11591,11505,19.216201886562885,0.9736875
11145,11453,19.217671328460256,0.97375
11251,11454,19.22764326304582,0.9738125
11289,11504,19.229870909810415,0.973875
11356,11509,19.237211105087,0.9739375
11540,11528,19.238670186701256,0.974
11465,11542,19.24055605462854,0.9740625
11604,11908,19.24482127940564,0.974125
11419,11474,19.249365002304557,0.9741875
11415,11539,19.264425594221393,0.97425
11332,11443,19.266311999393565,0.9743125
11331,11508,19.267834490647147,0.974375
11194,11455,19.26819193489041,0.9744375
11271,11439,19.272719124396872,0.9745
11491,11537,19.27679162168033,0.9745625
11283,11532,19.280833264033163,0.974625
11277,11442,19.28754682029421,0.9746875
11359,11477,19.28895897060943,0.97475
11144,11436,19.289614384899778,0.9748125
11732,11507,19.290155571998184,0.974875
11702,11444,19.297233798312845,0.9749375
11563,11510,19.300426917390723,0.975
11399,11535,19.303399673660124,0.9750625
11505,11549,19.30661406647596,0.975125
11115,11449,19.308019007111625,0.9751875
11318,11429,19.3113616702924,0.97525
11302,11491,19.317657687870906,0.9753125
11560,11544,19.331760758063865,0.975375
11348,11478,19.33448443382872,0.9754375
11324,11476,19.335734884327167,0.9755
11573,11907,19.338412335808698,0.9755625
11161,11448,19.339717184472875,0.975625
11255,11545,19.344008594865045,0.9756875
12037,11441,19.344605430074807,0.97575
11494,11534,19.34642218397653,0.9758125
11443,11450,19.35091106840241,0.975875
12190,11903,19.355073711742534,0.9759375
11236,11543,19.355704760780554,0.976
11303,11546,19.358473318903407,0.9760625
11509,11438,19.375090590535592,0.976125
11387,11437,19.38964223860171,0.9761875
11651,11904,19.39079727245189,0.97625
11248,11458,19.401000606797197,0.9763125
11072,11434,19.401522881117216,0.976375
11176,11457,19.406517202197165,0.9764375
11134,11456,19.419504207608043,0.9765
11164,11433,19.43072617715461,0.9765625
11514,11533,19.437053039066086,0.976625
11731,11430,19.447375713435804,0.9766875
11246,11431,19.453786732350636,0.97675
11413,11432,19.45643895057765,0.9768125
11264,11479,19.461421583066794,0.976875
11254,11440,19.46281957828228,0.9769375
14720,11765,19.472003069836774,0.977
11776,11906,19.4730811526847,0.9770625
11554,11435,19.4754378660391,0.977125
11974,11905,19.477657833182093,0.9771875
11790,11550,19.47848418666672,0.97725
11682,11902,19.498699639509596,0.9773125
11603,11896,19.5058809379359,0.977375
11641,11481,19.510299473720806,0.9774375
11405,11480,19.51561837795157,0.9775
11369,11548,19.539244941863444,0.9775625
11344,11615,19.54043218875381,0.977625
11438,11483,19.54112947315707,0.9776875
11349,11547,19.548183836102453,0.97775
11275,11488,19.55381009034204,0.9778125
11220,11553,19.559155140067105,0.977875
11380,11489,19.56374693396765,0.9779375
11157,11552,19.56881711661549,0.978
11637,11901,19.572450087337756,0.9780625
11368,11484,19.57594557502989,0.978125
11507,11482,19.577170478243033,0.9781875
11170,11490,19.577513849640127,0.97825
11297,11555,19.585496230255103,0.9783125
11608,11766,19.591335236041004,0.978375
15276,11621,19.600677496456456,0.9784375
11516,11556,19.604387968383662,0.9785
11316,11614,19.60723489799193,0.9785625
11284,11554,19.610656285189634,0.978625
11623,11894,19.626002310160175,0.9786875
11622,11893,19.626611210253486,0.97875
11274,11616,19.6295843033688,0.9788125
11459,11620,19.63932360044123,0.978875
11400,11551,19.64169535500332,0.9789375
11630,11895,19.646655036400944,0.979
14625,11808,19.660871330614782,0.9790625
11618,11764,19.6620751543162,0.979125
11734,11892,19.677678230781112,0.9791875
11708,11897,19.699454473054402,0.97925
11843,11486,19.705400817759028,0.9793125
11552,11807,19.709489512105165,0.979375
11578,11487,19.71122680629901,0.9794375
11515,11809,19.71421124878293,0.9795
11785,11810,19.72254337124582,0.9795625
12078,11613,19.72281297651898,0.979625
11304,11617,19.74129307158023,0.9796875
11662,11626,19.742928835629982,0.97975
11865,11780,19.750725048008462,0.9798125
11629,11891,19.755835836672077,0.979875
11427,11619,19.758325191277663,0.9799375
11866,11900,19.76527179200434,0.98
11328,11485,19.76729629779561,0.9800625
11340,11623,19.769195070654177,0.980125
12369,11899,19.777608435464344,0.9801875
11376,11627,19.786376318204475,0.98025
11821,11898,19.787786405636098,0.9803125
11370,11622,19.79088612672649,0.980375
12265,11625,19.790990206819288,0.9804375
11807,11889,19.79502871824957,0.9805
11743,11768,19.797324874913556,0.9805625
11599,11628,19.800718494919693,0.980625
11640,11781,19.801954363636924,0.9806875
11233,11557,19.804395282669475,0.98075
11361,11624,19.822985159560858,0.9808125
11531,11767,19.826663804242116,0.980875
12071,11775,19.829649997287788,0.9809375
11286,11576,19.843812672683043,0.981
11435,11784,19.845149100862955,0.9810625
11610,11805,19.84879803491549,0.981125
11728,11800,19.852554608097535,0.9811875
11388,11558,19.852832717690944,0.98125
11528,11785,19.853238732351656,0.9813125
11280,11618,19.853548355426028,0.981375
11561,11774,19.85686189385183,0.9814375
11736,11811,19.863028408469745,0.9815
11657,11777,19.86369046978507,0.9815625
11488,11769,19.864120628076535,0.981625
12911,11629,19.864554710301945,0.9816875
11719,11772,19.86669944907362,0.98175
11450,11630,19.872002084107407,0.9818125
14699,11559,19.87720895215125,0.981875
11455,11782,19.880186030439972,0.9819375
11257,11612,19.883426046601016,0.982
12159,11801,19.888305937838595,0.9820625
11298,11575,19.898891948764913,0.982125
11512,11761,19.899867339365073,0.9821875
11486,11786,19.902658068562005,0.98225
11544,11779,19.909232406308547,0.9823125
11609,11770,19.912957016772907,0.982375
11696,11806,19.91836309069572,0.9824375
11758,11890,19.918845554080917,0.9825
11585,11763,19.920185838011776,0.9825625
11489,11771,19.920502241935083,0.982625
11224,11574,19.92486777689146,0.9826875
14249,11787,19.927370603066265,0.98275
12146,11773,19.933097547698026,0.9828125
11495,11804,19.938237899365276,0.982875
11467,11560,19.941756650511252,0.9829375
11430,11799,19.949180616287094,0.983
11411,11756,19.951400829789236,0.9830625
11850,11611,19.956089017369095,0.983125
11470,11762,19.956827999163806,0.9831875
11536,11564,19.958636347209904,0.98325
14795,11657,19.963132865215584,0.9833125
11210,11578,19.965079975220533,0.983375
11624,11632,19.965442891603743,0.9834375
11235,11563,19.969589222933337,0.9835
11957,11812,19.970522837028057,0.9835625
11265,11561,19.97094077447082,0.983625
11390,11776,19.97099424845692,0.9836875
11932,11778,19.97523434547361,0.98375
11312,11582,19.986273426320622,0.9838125
11317,11789,19.990426792549897,0.983875
11687,11796,19.992752177768125,0.9839375
12280,11577,19.99391444832372,0.984
11329,11656,19.994183020239234,0.9840625
11593,11803,19.996353490441834,0.984125
11441,11814,20.001007029078664,0.9841875
13845,11739,20.01001965130058,0.98425
15842,11755,20.010056885396125,0.9843125
11771,11815,20.01038299902939,0.984375
11365,11609,20.015199308127876,0.9844375
11538,11759,20.01661915800969,0.9845
11503,11738,20.01794005196939,0.9845625
11581,11788,20.018293051933142,0.984625
11243,11562,20.025901711298502,0.9846875
11481,11581,20.029290474571553,0.98475
11863,11757,20.040951427549544,0.9848125
11649,11795,20.04234885415508,0.984875
11716,11802,20.043607521607782,0.9849375
11524,11798,20.045340049463903,0.985
11845,11888,20.046230672289994,0.9850625
11432,11716,20.054574305013375,0.985125
11890,11816,20.05497801009892,0.9851875
11527,11659,20.057255376491412,0.98525
11535,11717,20.061042684332506,0.9853125
11628,11797,20.064252964768457,0.985375
11214,11573,20.06516216445425,0.9854375
11565,11633,20.066426564690573,0.9855
11533,11648,20.073650796426136,0.9855625
11502,11631,20.077766490202976,0.985625
11602,11674,20.08052435805621,0.9856875
11688,11760,20.083223020302967,0.98575
11559,11658,20.083405341511707,0.9858125
11416,11635,20.08368799779305,0.985875
11583,11714,20.085870990968715,0.9859375
11366,11660,20.09365165078293,0.986
11456,11813,20.096139585463106,0.9860625
11410,11715,20.097743939648353,0.986125
11136,11580,20.097898154008362,0.9861875
11619,11783,20.099795506677083,0.98625
11580,11754,20.10131352218127,0.9863125
11521,11636,20.107990135495584,0.986375
11636,11817,20.108972229350456,0.9864375
11475,11579,20.11017856369699,0.9865
11768,11634,20.110761001099718,0.9865625
11473,11664,20.113860658151907,0.986625
11428,11758,20.123279488936305,0.9866875
11396,11566,20.12927437132589,0.98675
15421,11741,20.135075447396275,0.9868125
11579,11565,20.135566558813707,0.986875
11617,11753,20.137083032240298,0.9869375
11550,11793,20.137758794813863,0.987
11584,11752,20.141844559957917,0.9870625
11601,11673,20.143145589963524,0.987125
11612,11670,20.148201949520853,0.9871875
11492,11646,20.15649604878763,0.98725
11378,11661,20.156547854878227,0.9873125
11511,11610,20.156655269177918,0.987375
11703,11790,20.165374683057735,0.9874375
11586,11662,20.167782291068306,0.9875
11276,11638,20.169733325229572,0.9875625
11632,11791,20.171468058665823,0.987625
11631,11742,20.174939763186103,0.9876875
11943,11671,20.176776531091264,0.98775
11644,11647,20.18391746347629,0.9878125
11829,11713,20.18604350523242,0.987875
11498,11675,20.1879447621518,0.9879375
11828,11676,20.188357540068864,0.988
11403,11608,20.18864014186738,0.9880625
11230,11583,20.19232136038886,0.988125
11742,11736,20.19443924954885,0.9881875
11823,11792,20.19616861703753,0.98825
11336,11740,20.198951923096956,0.9883125
11784,11821,20.20163658857905,0.988375
11576,11568,20.203852363656324,0.9884375
11448,11712,20.20431213379311,0.9885
11479,11567,20.20478633463631,0.9885625
11382,11695,20.20532062331381,0.988625
11253,11640,20.210925683001506,0.9886875
11810,11709,20.218947786111585,0.98875
11429,11794,20.22106382963466,0.9888125
11600,11653,20.221270563675716,0.988875
11650,11751,20.22390116883821,0.9889375
11431,11642,20.2247185991464,0.989
11451,11672,20.22723931364999,0.9890625
11383,11737,20.229200522334395,0.989125
11919,11637,20.231452064954965,0.9891875
11567,11711,20.232477421437125,0.98925
11281,11639,20.23388181450855,0.9893125
11193,11572,20.238376315657433,0.989375
13102,11694,20.238614225396987,0.9894375
11646,11745,20.241329310415722,0.9895
11894,11744,20.24324488757111,0.9895625
11547,11718,20.24332549921519,0.989625
11351,11655,20.243507809146195,0.9896875
11272,11571,20.245491821363885,0.98975
11558,11570,20.245674963611236,0.9898125
11815,11654,20.249152049739905,0.989875
11389,11743,20.255821053541013,0.9899375
11301,11705,20.261030213133836,0.99
11658,11728,20.26146317488042,0.9900625
11665,11749,20.26379767522917,0.990125
11480,11710,20.26518451046104,0.9901875
13824,11693,20.267424127835284,0.99025
11454,11649,20.270535084143603,0.9903125
11398,11818,20.27129126617092,0.990375
11360,11584,20.27203458324675,0.9904375
11263,11569,20.276871571912125,0.9905
11851,11887,20.277696379194595,0.9905625
11326,11669,20.284156401666223,0.990625
11568,11747,20.287687411072056,0.9906875
11423,11707,20.28826504192284,0.99075
11292,11643,20.29395572135536,0.9908125
11686,11726,20.29413991002093,0.990875
11598,11606,20.29911132450661,0.9909375
11895,11886,20.302588125120792,0.991
11571,11820,20.30297121291187,0.9910625
11323,11607,20.30371355449597,0.991125
11589,11663,20.304676699532365,0.9911875
11404,11668,20.30783981106606,0.99125
11462,11735,20.309655385134874,0.9913125
12057,11641,20.310740906090587,0.991375
11611,11822,20.31332845636439,0.9914375
11476,11652,20.31802232391692,0.9915
11556,11727,20.3213173477061,0.9915625
11551,11708,20.322038554074425,0.991625
11555,11650,20.32429878881885,0.9916875
11678,11585,20.324820449223353,0.99175
11352,11665,20.325746921989776,0.9918125
12122,11645,20.330591482058026,0.991875
11371,11666,20.332879836342727,0.9919375
11434,11605,20.336137310179083,0.992
11669,11750,20.336702264934956,0.9920625
11522,11651,20.36027645645754,0.992125
11935,11746,20.367509389635188,0.9921875
11855,11677,20.372280790557397,0.99225
11706,11734,20.37948317239534,0.9923125
11874,11720,20.38344567378249,0.992375
12038,11884,20.383507607525416,0.9924375
11510,11834,20.384392728162993,0.9925
15808,11667,20.385233082847662,0.9925625
11645,11678,20.387640019572473,0.992625
11401,11586,20.391341606879678,0.9926875
11541,11696,20.391384965462294,0.99275
11504,11862,20.39173755763477,0.9928125
11620,11837,20.393113898617457,0.992875
11490,11819,20.402049184785255,0.9929375
11379,11724,20.403342424992616,0.993
11869,11719,20.404802745534198,0.9930625
11501,11704,20.410057376917393,0.993125
11730,11721,20.416410009606125,0.9931875
12197,11706,20.417438659009804,0.99325
11566,11679,20.421235947869036,0.9933125
11816,11725,20.43674656404073,0.993375
15880,11589,20.44220789609949,0.9934375
11744,11722,20.442962379143864,0.9935
11543,11729,20.444443398235535,0.9935625
11525,11684,20.446453855854315,0.993625
11526,11748,20.450097882362797,0.9936875
11684,11863,20.451918510142832,0.99375
11747,11833,20.455105620081213,0.9938125
11572,11832,20.45731367665303,0.993875
11625,11836,20.461635003193123,0.9939375
11856,11823,20.468413856988263,0.994
11697,11885,20.468723708885136,0.9940625
11707,11838,20.46892879028269,0.994125
11313,11686,20.46942531530749,0.9941875
11350,11588,20.473115846577684,0.99425
11422,11733,20.48021658875814,0.9943125
11339,11699,20.482213628509044,0.994375
15677,11698,20.482941832921597,0.9944375
11752,11844,20.489012185080583,0.9945
11518,11702,20.490206535950847,0.9945625
11440,11644,20.492204349133544,0.994625
11461,11587,20.49415063588185,0.9946875
11408,11826,20.50205628972344,0.99475
11557,11839,20.502164087859455,0.9948125
15914,11831,20.504344555523403,0.994875
11799,11874,20.505882698892265,0.9949375
11709,11683,20.506988019062874,0.995
11920,11840,20.508158586607124,0.9950625
11442,11824,20.508686538196116,0.995125
11417,11680,20.512701248976555,0.9951875
11407,11723,20.515975601644186,0.99525
11733,11703,20.51900290421122,0.9953125
11990,11835,20.52009590860098,0.995375
11375,11593,20.53191528727666,0.9954375
15760,11692,20.53375226148023,0.9955
11523,11697,20.535082489615206,0.9955625
11755,11830,20.53654184908214,0.995625
11905,11860,20.53976049694279,0.9956875
11395,11700,20.540810733949,0.99575
11483,11825,20.54312484936554,0.9958125
11508,11865,20.543922530077452,0.995875
11445,11592,20.546744917476417,0.9959375
11513,11871,20.548465710375694,0.996
11741,11691,20.54869962355042,0.9960625
11500,11690,20.549596565404272,0.996125
11418,11841,20.549912470195068,0.9961875
11737,11872,20.55272177140182,0.99625
11553,11681,20.55365646664336,0.9963125
11721,11861,20.553667048742682,0.996375
11564,11689,20.568908780705215,0.9964375
11342,11682,20.5694448713964,0.9965
11926,11873,20.57044796956461,0.9965625
11506,11602,20.57573183961881,0.996625
12573,11875,20.58065258779925,0.9966875
11471,11591,20.582001360269032,0.99675
11683,11827,20.586693931218633,0.9968125
11546,11688,20.588367864567772,0.996875
11273,11595,20.58846928433104,0.9969375
11577,11685,20.593008589740748,0.997
11532,11869,20.59374250407268,0.9970625
11392,11864,20.59498101361737,0.997125
11844,11829,20.59659433553088,0.9971875
11597,11604,20.600172462939327,0.99725
11485,11687,20.603343667865147,0.9973125
11775,11882,20.60468114744549,0.997375
11482,11594,20.61228464417559,0.9974375
11627,11730,20.61460280973597,0.9975
11458,11603,20.618401654517584,0.9975625
11710,11867,20.621763812559493,0.997625
11195,11601,20.623844803231577,0.9976875
12163,11842,20.6239610991654,0.99775
11420,11876,20.629713788305025,0.9978125
11464,11731,20.630973338439617,0.997875
11704,11828,20.635041784391433,0.9979375
11795,11590,20.637227634868395,0.998
11542,11883,20.64059615519841,0.9980625
11774,11843,20.64145195022752,0.998125
11666,11868,20.643454974396946,0.9981875
11345,11599,20.646129444064627,0.99825
11805,11870,20.654460776978112,0.9983125
11499,11701,20.66278653220047,0.998375
11663,11877,20.666626426196217,0.9984375
11712,11845,20.671438638233667,0.9985
11722,11866,20.684783589644212,0.9985625
11590,11881,20.689761100803025,0.998625
11406,11598,20.693474199927095,0.9986875
11397,11600,20.703838657333336,0.99875
12274,11732,20.72855870074818,0.9988125
11701,11878,20.79847399124037,0.998875
11936,11880,20.803325479087107,0.9989375
11664,11879,20.803627677553777,0.999
11426,11597,20.80935041686712,0.9990625
11968,11859,20.824350902726792,0.999125
11616,11847,20.826350104739277,0.9991875
11973,11596,20.831431423667482,0.99925
11615,11846,20.853952303050164,0.9993125
11587,11856,20.859587078040704,0.999375
11830,11851,20.871230956359796,0.9994375
11839,11848,20.88532728135806,0.9995
11457,11858,20.9063542419874,0.9995625
11911,11857,20.909215207754187,0.999625
11804,11854,20.913590390096033,0.9996875
11595,11855,20.95635873310721,0.99975
11446,11849,20.984650332810816,0.9998125
11780,11852,20.990867779485598,0.999875
11436,11850,21.045598470139794,0.9999375
11402,11853,21.109589203763335,1.0
